0,1,2,3,4,5,6,7,8,9,10,11,12,13,14,15,16,17,18,19,20,21,22,23
0.04756798713483004,0.25783472531019996,7.81050884077617e-07,4.237642286257848e-06,2.2673816029830716e-06,0.020099782477635122,0.127669685864467,5.78966957281531e-07,0.026227800872145178,0.1550956396514875,2.6495749571364016e-06,0.09169498563774993,0.002812362710525311,5.221144026202514e-07,1.3859660807243814e-06,1.057294074212277e-06,0.14440472329198437,2.9431428404338513e-06,1.8744526946039258e-05,5.928759653110065e-07,1.085573482215571e-06,4.944008364147892e-06,4.08046713812429e-06,0.12654643646299402
0.05006804463376042,0.26118750045916833,8.026339114037478e-07,2.3075363413318077e-06,2.4454505520548453e-06,0.021433322977152055,0.12682067644599415,4.937720500066438e-07,0.025554641261431848,0.15527957689564045,2.0988747730646115e-06,0.0916027982548404,0.00346835002007649,4.570625208402431e-07,1.5975404832862073e-06,1.0399669863732536e-06,0.13833636450776915,2.38746866629692e-06,3.7271089937440344e-05,5.262110560251955e-07,9.3004087412089e-07,6.989353785936424e-06,5.414036535212892e-06,0.12618396350569333
0.051770456248620304,0.26354827326493335,7.361077958629062e-07,4.416185431115002e-06,2.3729271572122105e-06,0.022423802777526668,0.12620366544180017,5.395046301701296e-07,0.02473225682905455,0.15554575849265187,2.6207776044721747e-06,0.09141652928780748,0.004007386114916621,4.952236937138701e-07,1.4014749398637768e-06,9.333080821563967e-07,0.13411499473171784,2.879705041632086e-06,2.171208008736312e-05,5.64827731716334e-07,1.006209964473514e-06,4.784414579345492e-06,4.797237462387834e-06,0.1261876168267698
0.052603784738821324,0.26469145728832244,3.7147902988019896e-06,1.967514462445948e-05,1.2144706656573698e-05,0.02282888201131148,0.12580599453836122,2.6544372115502795e-06,0.02461255194226478,0.15582108177898576,1.331747747127802e-05,0.09107898749964287,0.004041614640337958,2.4436997079236893e-06,7.002192374590621e-06,4.630746909161683e-06,0.13183374241534757,1.3963637831958655e-05,8.450426179592029e-05,2.785495799099122e-06,5.024715808239957e-06,1.9602639963111936e-05,2.3832833658250642e-05,0.126466606366508
0.053699216062172435,0.26663842762778706,6.015114494883447e-07,4.097870681724254e-06,2.0223298467169763e-06,0.023315908897369283,0.12529175826558406,5.169994865155413e-07,0.02532869206547145,0.1561005455435728,2.3500149116826314e-06,0.09010562647338989,0.003366624767145593,4.851196442603336e-07,1.3641808413069307e-06,7.661836566933286e-07,0.12833750308514189,2.7245606146284385e-06,1.3080039945351667e-06,5.566047952590199e-07,8.818905394252318e-07,4.945850123274754e-06,4.706367568714422e-06,0.12778836972406435
0.0574210404969598,0.270335353417767,7.783657783255611e-07,3.4211157863945035e-06,2.5579706506746964e-06,0.0247545859272907,0.12188563392362224,5.530526160588383e-07,0.026618240724321323,0.1563585298660073,2.730181510197095e-06,0.08761903986620839,0.004560278268965407,5.169695443854068e-07,1.5838519229228452e-06,9.82471435904637e-07,0.12238602414051951,2.773661279885937e-06,1.9829904644477373e-05,5.823001016532409e-07,1.0089993650782706e-06,5.140765886567644e-06,3.028310290858296e-06,0.12801578544752493
0.06046947077984522,0.273673036659296,6.754097548065052e-07,4.042192343760221e-06,2.4374309923549584e-06,0.026240402474781502,0.11961559377222429,4.521170534638405e-07,0.02676505047556211,0.15654501984693975,3.097944964099354e-06,0.08538322207906378,0.00580716301407309,4.2313653847039435e-07,1.5083675820897865e-06,8.670547179135743e-07,0.11676594490735205,3.277104939013894e-06,1.9459818263684794e-05,4.7460178510090147e-07,8.233387351364008e-07,4.912232826717162e-06,5.063103296197416e-06,0.12868758213706957
0.0639420310791564,0.27903779650475125,3.7110044470140127e-06,1.1970103345632598e-05,1.3327426194683674e-05,0.02864682619964359,0.11916928150218671,2.3546452313498896e-06,0.026853020744118737,0.15572213581624847,1.3424133507277076e-05,0.08491454170824311,0.00692179130312206,2.2376641683818944e-06,7.620876416021743e-06,4.906663080833811e-06,0.10690232011425466,1.2139993774908695e-05,9.333417212603482e-05,2.4615741533403624e-06,4.281635888539468e-06,2.1469942592759786e-05,2.164407971476335e-05,0.12767537111363528
0.06659393081747621,0.28330819242633204,7.446150042413885e-07,2.6074521781343106e-06,2.931507058828508e-06,0.030718269688939048,0.11894906027195996,5.143643965608029e-07,0.027336491293560746,0.15482787308786794,2.4028672444271016e-06,0.08455981813221781,0.007045714336400937,4.862781977144654e-07,1.5982890111836288e-06,1.0151253652742077e-06,0.09910268180048941,2.352084251098125e-06,2.0000486583246363e-05,5.41473696721017e-07,8.772942527433027e-07,5.070324767137317e-06,4.133831814645222e-06,0.1275126921509227
0.06856113673988425,0.28655498826670167,6.77010335551213e-07,2.4151669485465515e-06,3.1120169418606697e-06,0.032016765158184794,0.11832890203679365,4.968269449619943e-07,0.02868892356652081,0.15425821472605664,2.7528796388435055e-06,0.08301893141171812,0.0065857148922084585,4.810316542719391e-07,1.676412860166654e-06,1.0155674706164393e-06,0.09325977609953169,2.4490419740385347e-06,2.3390670048382018e-05,5.186270268156034e-07,8.58923372577142e-07,4.835410069039506e-06,3.955867881994446e-06,0.12867801164922887
0.07058763881232978,0.2895434769599552,7.537829080716322e-07,2.20721650145669e-06,3.1911903373214465e-06,0.03313300677017825,0.1170987099293309,5.033773920812318e-07,0.030430246727458022,0.15379395846172855,2.901750031436535e-06,0.08105970293144651,0.006287228206884258,4.776728060251813e-07,1.7232569368991714e-06,1.0715237827498047e-06,0.08827065046227638,2.447646849535455e-06,2.3065849629529468e-05,5.255162034013021e-07,8.778759040773725e-07,5.035767622391071e-06,3.5146520665502233e-06,0.12974708365944052
0.07350488388206602,0.293549651737646,7.319547150313706e-07,2.188166637910371e-06,3.328349523611766e-06,0.03500529088603361,0.11557150890223018,4.93038907205522e-07,0.031789017116380415,0.15311742107697962,2.831428861471197e-06,0.07953817761247685,0.005402206661207458,4.814228112372173e-07,1.7889578120438261e-06,1.0295585226311236e-06,0.08134219552394523,2.377557550144546e-06,3.023008488194773e-05,5.157485784347866e-07,8.531554324897348e-07,4.585872119276501e-06,3.985785313525421e-06,0.1311242255193677
0.07642425512983257,0.29727183268758245,3.722605758477873e-06,1.0160528916989018e-05,1.757278096396877e-05,0.03686956872373054,0.11384620397258809,2.4231153211258315e-06,0.033513512116162145,0.15231202974408908,1.506815427423736e-05,0.07825639820022551,0.004499410421892255,2.3708206972092276e-06,9.480898128310083e-06,5.1747654200540165e-06,0.07481181950609912,1.1727731551583479e-05,0.00014971276684401836,2.53657978948324e-06,4.198780443796615e-06,2.372089842422246e-05,2.6612950275607354e-05,0.13191048612098907
0.07784990255634833,0.2993059262102471,6.665290397147291e-07,2.168870225195752e-06,4.163837456059968e-06,0.037632339304976684,0.11294901453812244,4.6476813015046295e-07,0.034317919445715675,0.15225596641658254,2.5741182478442024e-06,0.07761646257447267,0.004030192645012073,4.6645820034125014e-07,1.911233942386433e-06,8.833207701251702e-07,0.07142245260831448,2.0959162771403735e-06,4.334475667215426e-05,4.873675069999702e-07,7.83241087174554e-07,5.075332056024655e-06,4.261430096113978e-06,0.13255047652050053
0.07990244321897377,0.30176448121481136,7.148172542689715e-07,1.9269247226496995e-06,3.910822146640213e-06,0.03855483027672275,0.11164658141545472,4.510824770883853e-07,0.03482249548682779,0.15233895497406094,3.0097653672116153e-06,0.07704457657072196,0.004145055178697886,4.540668523387854e-07,2.044299228665774e-06,9.613541535147352e-07,0.06705779675902163,2.189884872526596e-06,3.050200991219651e-05,4.804485744001057e-07,7.937858362721225e-07,4.44532197433488e-06,4.059695330640323e-06,0.1326668406260005
0.08151909059437658,0.30396523730353303,3.641479924939948e-06,9.463153954452022e-06,1.799276894440637e-05,0.03928216379845235,0.11102660322973316,2.377180367780024e-06,0.035152486865064954,0.1522399881226472,1.569866381203135e-05,0.07652101542642326,0.004673990206243883,2.352935368103363e-06,1.0001418042075514e-05,5.295591649924281e-06,0.06298852443087462,1.0838511702888863e-05,0.00017550386747191987,2.4842500030225367e-06,4.104006209515822e-06,2.267221900022611e-05,1.872356891384149e-05,0.1323297504072873
0.08271668758434453,0.3054336238698811,7.550797942126968e-07,1.8776688578321993e-06,3.851168938570897e-06,0.03976150768871359,0.11054126870001953,4.878873827842963e-07,0.0351748434820852,0.15213714812865767,3.2998736976200477e-06,0.07617809115776891,0.0055256053821537395,4.854006152538818e-07,2.12304012576647e-06,1.0630687231255442e-06,0.060570062212998994,2.1991919036082836e-06,3.5257255083472565e-05,5.10153891575371e-07,8.336588515236238e-07,4.70092571267583e-06,3.812211062930824e-06,0.13189990520871891
0.08515989913099803,0.3087751708344278,7.095666599802993e-07,1.6558319327454372e-06,3.8605499373671e-06,0.0409042758574237,0.11027302086161055,4.5402357739959726e-07,0.034838652659211565,0.15229502022043953,3.902124884144873e-06,0.07617254265042905,0.006736918516628238,4.5308857375158896e-07,2.1310649365242013e-06,1.0179810517388654e-06,0.05371952813004687,2.0526485124988366e-06,4.2935432921343984e-05,4.790600584378176e-07,7.814270525463523e-07,4.594427538575418e-06,4.690632775695147e-06,0.13105525327837197
0.08684527286039118,0.31115016863897177,9.064996318488881e-07,1.5574256655581792e-06,5.356511049535241e-06,0.04173734762487834,0.11046197954951859,5.256468857121823e-07,0.03416598903286258,0.15251523390341723,1.4841918921746513e-06,0.0764951780203035,0.007411400057840021,5.284304336167892e-07,2.913551355046159e-06,9.421410473530736e-07,0.048416352545916766,2.182318906341756e-06,3.0772878501778596e-05,5.532293732148176e-07,8.461750162877502e-07,5.445019324061338e-06,2.7932087563002166e-06,0.13074427053806126
0.09164898519515485,0.31547185980785936,8.022240806882087e-07,1.3090549055766995e-06,4.085663332044982e-06,0.04337329229743797,0.10911753374052974,4.781907278542796e-07,0.03363542706040969,0.15240758246437422,2.9612301098805958e-06,0.07717893250691304,0.009469381920953182,4.778548981052687e-07,2.436899236376759e-06,1.078735788408693e-06,0.03882319788813155,1.693981146491147e-06,4.966078229725422e-05,4.98086518928716e-07,8.419556975564732e-07,4.213917230385324e-06,3.8931907521487735e-06,0.1287993753515147
0.09628642273884445,0.3197049513560076,7.361338734034417e-07,1.3356864056567782e-06,4.081823414713366e-06,0.04494222702939447,0.10777623752580875,4.272929817680382e-07,0.03319481469340224,0.15245810058206036,2.8093207696392886e-06,0.07747776441532483,0.01113578167452606,4.31122595463484e-07,2.7393463230386524e-06,6.550462091977184e-07,0.029399379449695073,1.8915532292825167e-06,2.9217636974633387e-05,4.6693780168332307e-07,7.508092736747642e-07,4.072714370354354e-06,3.322054294496317e-06,0.12757138305639035
0.09889242939491179,0.32007322196338106,4.2372754241495825e-06,6.296604104719275e-06,2.1102511339239738e-05,0.04550498315783033,0.10680886133530779,2.33843941235954e-06,0.0305800143944532,0.1526134361178122,1.4853038404865268e-05,0.07807451964600803,0.013268463100623929,2.3512430058210473e-06,1.5757901982111812e-05,5.431057164909008e-06,0.02686597850584822,9.423554513049596e-06,0.00023015369896242478,2.4705064861825686e-06,4.203468229395832e-06,2.167914953427081e-05,2.22093530052506e-05,0.12695558458225464
0.10008018622861099,0.31903639210763,9.308371964778026e-07,1.1905146802298153e-06,4.095288032707343e-06,0.0454486749840498,0.1058302584289717,4.879594124358235e-07,0.028758255066015707,0.15271114354985466,2.8834729243570973e-06,0.0782791982153758,0.014929161824406912,4.891077369271527e-07,3.2638477031618484e-06,1.1308355873484355e-06,0.028064462892493258,1.6963130285874364e-06,6.3606811670183e-05,5.126452051389772e-07,8.326362688653729e-07,2.214853879058296e-06,4.400894814943294e-06,0.12677453068445074
0.10114308682318901,0.3186629420832121,4.703927407835094e-06,5.548872563671218e-06,2.341535437896725e-05,0.0454835802198025,0.10480989856467388,2.3106898566162557e-06,0.027963205772194296,0.15272629387252282,1.4450931312948181e-05,0.0780542280102392,0.016097039413041987,2.3025801560294172e-06,1.7647681701986116e-05,5.802713152769543e-06,0.028144010284103703,8.649716057031052e-06,0.0002860320177826185,2.422711042078815e-06,4.189399284381331e-06,2.0411170177967948e-05,2.233466346636085e-05,0.12649549252867942
0.10257008705895891,0.3185769893129572,4.509486763860509e-06,5.519058386489949e-06,2.1118185020509845e-05,0.045481283501293976,0.10344677659172584,2.3568026490370274e-06,0.02730235640029074,0.15270473221030478,1.4523427210661064e-05,0.07727278620477128,0.0182175025692397,2.3750557739592702e-06,1.8358047384274106e-05,5.4637104352479026e-06,0.02809371065833641,8.746439974531208e-06,0.0003311887466486235,2.4771837886365404e-06,4.175192330871878e-06,2.263453305140952e-05,2.3408578430597406e-05,0.12586692104427247
0.10400045140558055,0.31937700881377956,8.386000523952513e-07,9.92472678940114e-07,4.008071504410225e-06,0.04559268219917525,0.10282731572041937,4.2418297178046924e-07,0.02640954822351399,0.15275752563372294,2.7527664172722645e-06,0.07669196222343495,0.020315032690877782,4.273614511238299e-07,3.718134729743751e-06,1.0161067214704953e-06,0.026554941876800183,1.5742513875958143e-06,7.831147684718086e-05,4.448649226695758e-07,7.552800084401632e-07,3.5105615053808386e-06,4.445736228360053e-06,0.12537031134529059
0.10482651501569305,0.3199596090838307,1.377682391984723e-07,2.1748372439903023e-07,8.177519496865963e-07,0.04570000887816587,0.10241462322968142,8.266872121862854e-08,0.026022233858134413,0.15271970935517884,6.972036708673732e-07,0.07604526774875596,0.021607757591626277,8.331323929257614e-08,7.364069228825715e-07,2.185021178857319e-07,0.02555660000316695,3.580743823280502e-07,2.2820146313897963e-05,9.321223380232071e-08,1.5766048052592693e-07,8.905216520454557e-07,7.031394283563837e-07,0.12511966138268998
0.10554911548694819,0.3202285971797307,8.77328455853094e-07,1.0654650740487183e-06,3.980662982051633e-06,0.045779311465192804,0.10231739616052195,4.489733812585704e-07,0.025341388982476874,0.15251124240540762,2.8796019292664766e-06,0.0755808273511544,0.023013947428151098,4.584563005452182e-07,4.126696658781192e-06,1.148072752888779e-06,0.02464305421903152,1.7159487170026279e-06,0.00015817507986359177,4.7130602537694473e-07,8.024349776425779e-07,3.850344246161583e-06,2.767340239284506e-06,0.12485235160978086
0.10609936981956085,0.3201861803984832,9.315058436642818e-07,1.0332986729094288e-06,4.336411125638747e-06,0.045785896607084944,0.10231360802696979,4.6881662394940637e-07,0.024715081170659545,0.15224594307907774,2.564907551371854e-06,0.07542070271045634,0.024073285717806384,4.7493344605073016e-07,4.619507742580933e-06,1.1363816556588174e-06,0.024275041646114413,1.6530608110035206e-06,0.00012204031993121145,4.90615726553522e-07,8.26182223738968e-07,3.856007045334549e-06,4.791126362670418e-06,0.12473566774902461
0.1071271131411933,0.319968377850543,8.829551846636392e-07,1.0327225192042581e-06,3.744484590068156e-06,0.045784723103932556,0.10338743947687533,4.40348081537963e-07,0.022737515541687587,0.15141428247530994,2.793480181523819e-06,0.07581582188285466,0.026308054301387544,4.4859477091437303e-07,5.065510011886357e-06,1.0283559817323104e-06,0.022931196250558953,1.6597605242192936e-06,0.00029414415043966586,4.6637934706546467e-07,7.712564041808432e-07,3.322713703743145e-06,3.165328967481654e-06,0.12420650993499023
0.10783764483406777,0.3203393301042011,9.889019681926633e-07,1.0210446950818605e-06,5.219535040239318e-06,0.04591057208785081,0.10479097714994853,4.6867666097955844e-07,0.021385065046153978,0.15058993841092402,2.9516854603749923e-06,0.07604190680572805,0.028065051442137542,4.730185055963215e-07,5.560646330247776e-06,1.1307542052327698e-06,0.020845161234834406,1.6497121264751141e-06,0.0002912605219756489,4.895223339540126e-07,8.26623236781714e-07,3.7536155172384912e-06,4.904230846663006e-06,0.12387365439525098
0.1079187546542933,0.31908488212883646,4.4598759566433045e-06,4.682468091034191e-06,1.9432909455600187e-05,0.04607918331292784,0.10513571404285153,2.136960508963735e-06,0.02053557333188887,0.14969070794313105,1.2951731057115745e-05,0.07660524747455402,0.028044702338094182,2.157615580241155e-06,2.638076261455657e-05,5.1495981700986655e-06,0.021675177908333662,7.53635475657981e-06,0.0012085951673864652,2.231008057857916e-06,3.7594805722575315e-06,1.7270485475215054e-05,2.0607098971071716e-05,0.12389270534843258
0.10823042645060711,0.31863501191903176,8.90574501483656e-07,8.939896735852277e-07,3.6748321818178998e-06,0.04637324304354631,0.10626987289162518,4.1149789905454405e-07,0.019431279882391114,0.14872918065881424,2.565202603602487e-06,0.07798470249288758,0.02835272472296875,4.148818945806882e-07,5.480337681878445e-06,9.989152176551172e-07,0.021498578486934476,1.4014830703822876e-06,0.0007850410791403334,4.276085836395058e-07,7.234410264934771e-07,3.2099990704002883e-06,3.396682698199677e-06,0.12368544892596153
0.1083423714394688,0.3164758649736298,9.757710629629726e-07,9.059792481698796e-07,3.9632330074437085e-06,0.0464626372533822,0.10567071130844448,4.241672886364617e-07,0.018676040911340168,0.14782083213971287,2.546242070164093e-06,0.07847809190858002,0.02804148922379646,4.259937937096802e-07,5.479387163548563e-06,9.899697600618934e-07,0.024190895073644785,1.4041216675386452e-06,0.0019841138094383224,4.4308426839822295e-07,7.488312749777023e-07,3.160493739591397e-06,5.624279502972947e-06,0.12382986040471411
0.10816734041236879,0.31428606438825896,9.83079541881786e-07,9.254864913241778e-07,3.863858894440943e-06,0.046510360981154616,0.1046238500102761,4.3929697828294523e-07,0.018483990195197916,0.1471543863049783,2.7202026150452753e-06,0.07890504782961899,0.027223929985244172,4.4240014461524374e-07,4.828629761961189e-06,1.0732766383974208e-06,0.027620713912663346,1.4667537953992154e-06,0.003050758498133787,4.566473303878699e-07,7.802259606231307e-07,3.1130817840446995e-06,4.374026269371555e-06,0.12394809051587921
0.10813605694166006,0.312910169331674,9.783405808620924e-07,9.191379356065893e-07,3.789150579177185e-06,0.04654614528569986,0.1040109905603051,4.360607959898013e-07,0.018259591932183676,0.14667845839711557,2.6824198134381995e-06,0.07923282007628438,0.026898249983062665,4.393826329309634e-07,5.526295480723005e-06,1.0671426553530723e-06,0.02976317911238904,1.4462073979135456e-06,0.0035729656311416554,4.5325485627754543e-07,7.75736576419275e-07,3.335567077500221e-06,3.816046166538637e-06,0.12396570800593523
0.10775171926081178,0.30825481506465396,9.661548238056286e-07,9.095912089631256e-07,4.479022642572703e-06,0.046456823209755124,0.1017702707692377,4.1432794476608723e-07,0.017802086903437805,0.14536000490152196,2.4143707114734197e-06,0.07844849070315374,0.025833870992189964,4.0812812198200956e-07,4.9357239496687905e-06,1.2885344750233729e-06,0.036488424409891765,1.26356258140164e-06,0.007054131124889526,4.0790433960286015e-07,7.231021170811668e-07,3.989947367646766e-06,3.7776914013223688e-06,0.12475338459876843
0.10683292425654681,0.30256782230601253,9.372691299850132e-07,8.422076540055199e-07,3.5281777705770183e-06,0.045632641581168254,0.09956141911818293,4.092540973517027e-07,0.01709798603956917,0.14398705459678454,2.518328079729086e-06,0.07748879950971546,0.02682396227783223,4.1513417307069674e-07,5.95975175231035e-06,9.895958494438869e-07,0.04640832140663842,1.3177267351391948e-06,0.009122832408900305,4.2782670262410583e-07,7.405126967374863e-07,3.1974645670907373e-06,3.864088048085613e-06,0.1244510891613662
0.10607893257451415,0.2981870137490985,5.16370520554541e-06,4.530493957381441e-06,2.005954435232369e-05,0.04492828529725101,0.09754827363400916,2.23676693386857e-06,0.016535584187451848,0.14325670440969576,1.458988935926278e-05,0.07658780275738503,0.0275227590541784,2.281281322113353e-06,2.8964861234447984e-05,5.582132330136428e-06,0.05422732425757378,6.862696617726709e-06,0.010889299090978903,2.328075965624993e-06,4.031589670834389e-06,1.7259256353778393e-05,8.85648265905469e-06,0.12411527421190137
0.1063004560533476,0.2991521922535514,8.655831202435756e-07,8.927749503952657e-07,2.1555370822865767e-06,0.04497711899139716,0.09789561538859033,3.889381103284526e-07,0.016546144129777472,0.14351703470289937,2.5929768113464338e-06,0.07659895021174251,0.02777952183755208,3.823170545801194e-07,4.613152544912176e-06,1.0300474475695798e-06,0.05261339405764369,1.3760040951758552e-06,0.010533289284478291,4.0152280851343673e-07,6.708664038095971e-07,2.5011457277749056e-06,3.634704679130764e-06,0.12406477751816544
0.10637264943200961,0.29991314656010276,8.584073501938286e-07,9.125162459101275e-07,3.3170971870955216e-06,0.045019360880708195,0.09804683274380654,4.066178870304895e-07,0.01657216729820375,0.143824084002207,2.6161173852016545e-06,0.07659071890815754,0.027919461051014966,4.156064389969175e-07,5.040053025687064e-06,8.898318309987521e-07,0.05150682165778106,1.458087375779195e-06,0.010385031630872354,4.215222411838478e-07,7.025455767416817e-07,2.8425209353045843e-06,3.59710326322019e-06,0.12382624780844097
0.10641790747346222,0.29877357628818846,8.670981004274135e-07,8.916430189474061e-07,3.6226560459988346e-06,0.04516577186023036,0.09658748886394922,4.1842216762625713e-07,0.016158179265581437,0.1438372496668971,2.4224552122935353e-06,0.0763130635242085,0.027801673704370807,4.255934565454334e-07,5.2143941936285484e-06,9.477362088245655e-07,0.05389594060733689,1.2476221553356073e-06,0.011670096748665138,4.3460377284900157e-07,7.308662162077977e-07,3.4896754435771727e-06,3.966159347890659e-06,0.12335437307176982
0.10667677114090734,0.2975518211048922,4.703135178177973e-06,4.451565626593802e-06,1.7542790690028533e-05,0.04539337783069792,0.09465175322130523,2.0999706716947028e-06,0.016755967185082238,0.1435065629187368,1.3315203206908859e-05,0.07572139849493577,0.02724657741587983,2.120180523947376e-06,2.4731299676115236e-05,5.122249507494999e-06,0.05612356994337121,6.972745943193411e-06,0.013402969307605895,2.1824628174376543e-06,3.7795089971574942e-06,1.7241959107014393e-05,1.983391572798839e-05,0.12284513444891186
0.10666515992245451,0.29587977150663125,7.808246435778278e-07,9.22625179795786e-07,2.821326269273721e-06,0.045688467074886774,0.09308636699995551,3.269179956148317e-07,0.01652326279215875,0.1429723265341061,1.9337428972906317e-06,0.07585859615756982,0.02694820390813547,3.369159675642624e-07,2.3984802412422193e-07,8.080086387832541e-07,0.059421727202362294,1.3882202451386288e-06,0.014758399392991778,3.4523081119752327e-07,5.796686162340281e-07,3.249961790299886e-06,2.8180672892462625e-06,0.12218116715033918
0.10662119382558248,0.29462941903729245,8.643470010941946e-07,9.274964776273928e-07,3.3012163379641722e-06,0.045787875217668354,0.09206927985639594,4.091291974199291e-07,0.01622413394295578,0.14268755758245996,2.4719956654016817e-06,0.07602069643813834,0.026849931294190443,4.145991584089891e-07,4.68466618052774e-06,1.0861748535184867e-06,0.06182043415125837,1.3795441002874052e-06,0.015534812021241998,4.2493482514189635e-07,7.306663968222939e-07,3.0277925017734705e-06,3.4743888142927935e-06,0.12173146968130658
0.1063846841259838,0.29257315216297825,4.6412742305220965e-06,4.44759113326409e-06,1.683401021330766e-05,0.046203402320895495,0.09113000007880424,2.0574000025008427e-06,0.01444660258691035,0.14216833434314763,1.1047257988171947e-05,0.07649868383638589,0.026906829377103786,2.0929215002291846e-06,2.0820181522129302e-05,4.916403212600129e-06,0.0649229517988497,6.855226092987549e-06,0.01750945957640493,2.154201725092217e-06,3.6511080383022317e-06,1.834920036018735e-05,1.969220840363792e-05,0.1211383408081128
0.10613490241220706,0.29055717710594,8.823935713904634e-07,9.354986029830327e-07,3.220914714657565e-06,0.046740678770869085,0.09004167268956725,3.8903896955792833e-07,0.012760488958798132,0.14162034394172984,2.262292455671777e-06,0.07697281158803862,0.026706419187069657,3.9047700923168997e-07,5.415378380110878e-06,1.2587023625380817e-06,0.0679576225903021,1.594855881204876e-06,0.01991861281181435,3.9249673560339034e-07,6.911753283904292e-07,4.0523466138739454e-06,4.629869299146787e-06,0.12056315450373936
0.1059082218414023,0.2885094618503654,1.0310290664655767e-06,8.573872666571122e-07,3.2198969443462173e-06,0.04737858851829217,0.08888970658955768,4.2095234269472895e-07,0.0109194513331861,0.14102954798355924,1.8069576624609053e-06,0.07756378251851585,0.026585827396221718,4.3545948386990367e-07,3.3559984327967674e-06,1.2316558102354186e-06,0.07102617831781098,1.1720343760898007e-06,0.022446384273007946,4.383639548245424e-07,7.664022107400435e-07,6.05409398001601e-06,5.782320740432262e-06,0.11971627682580878
0.10560224619614261,0.2867415537827167,7.197341472541916e-07,9.058873797227383e-07,3.654365184937257e-06,0.04795834572300996,0.08831390978787784,3.606108020483689e-07,0.009252899466825823,0.14038255439993672,2.2839144271474208e-06,0.0783303622844971,0.02628678090508837,4.012169902315486e-07,3.71155829740014e-06,1.2016250253467066e-06,0.07344568934049628,1.4446078205102566e-06,0.024431664038608504,3.8761133996634183e-07,6.642136919227759e-07,4.156248840938124e-06,3.735586465824135e-06,0.11923036689440056
0.10518103175251577,0.28492824944593975,1.0195987818209796e-06,7.051651886269872e-07,3.7272848596551322e-06,0.0484634203432752,0.08759068402542788,4.252888037285393e-07,0.0073222786067891,0.13993081572331684,2.6181283032998618e-06,0.07870972052768757,0.026402698429907282,4.393397046497641e-07,3.690465518891004e-06,1.2970271418628673e-06,0.07638560405047216,1.4677374081793782e-06,0.026244190781839066,4.53720547023556e-07,7.836707403312895e-07,4.420246797670241e-06,3.945899517322388e-06,0.11881631273951636
0.10476426080971883,0.2832142011889872,9.67672565387217e-07,8.938933066877627e-07,3.499529698537744e-06,0.04898218049040665,0.08710118030238725,4.181770489241557e-07,0.005673788952252686,0.1392905358958297,2.450155619413381e-06,0.07903368068017978,0.0263399525809503,4.246007457694249e-07,3.6099634003434566e-06,1.1585347576690802e-06,0.07896736415327961,1.3765769972647255e-06,0.027995979676667847,4.1608692652261386e-07,7.75525005298329e-07,4.151338262956928e-06,2.5186532057021786e-06,0.1186142145617998
0.10416710160668811,0.28116458076996503,1.018046398572723e-06,9.067994547717768e-07,3.2131111969664177e-06,0.04961882613449539,0.08699993051997731,4.270737716957402e-07,0.002731096703901928,0.13864577173092493,2.4641163570340264e-06,0.0794216731528624,0.02661963746919379,4.4098306378730263e-07,4.361651674216013e-06,1.2295457199659312e-06,0.08169554978367059,1.4100984602842348e-06,0.030334224630839055,4.432594465000946e-07,7.84524473010744e-07,4.4064063515573245e-06,3.786438507955426e-06,0.11857671544260467
0.10407045171890035,0.2799057225115335,1.047963647231439e-06,9.084603263737585e-07,3.682245207572593e-06,0.050146547143804496,0.08617187760473646,4.3624533118437997e-07,0.0012997333470144807,0.1382472652451492,2.583366308803547e-06,0.07980436086162845,0.02665153684934338,4.521132851178681e-07,4.440014210242935e-06,1.3020143263231779e-06,0.08363840491290186,1.460111435208763e-06,0.03208022727925003,4.540382171982117e-07,8.071637171240074e-07,4.4599228434706295e-06,2.426705477783417e-06,0.11795941216179193
0.10403620840711202,0.279082583029325,9.464418012578141e-07,8.622492248754982e-07,3.5716277528482375e-06,0.05036674109247285,0.08533408080436157,4.107196992185615e-07,0.0005277294145203829,0.1381473505506017,2.73013504854459e-06,0.07998643785844312,0.026877594622303116,4.2693863551167064e-07,5.26550027519243e-06,1.3404477815545661e-06,0.08538990265361229,1.426041895995606e-06,0.03289451186952987,4.2366271149951445e-07,7.740876430225813e-07,4.280003328498451e-06,3.241448521294986e-06,0.11733116039339872
0.10400715981107836,0.278190727539469,1.051199387591959e-06,9.20289852560822e-07,3.548487026901979e-06,0.050641304515666244,0.08506501270849331,4.3351762887041996e-07,0.00010888458177008795,0.13752149160506333,2.6193215822223985e-06,0.08063426721684225,0.02676001914130533,4.499576589672311e-07,5.067620943967798e-06,1.3421409081589798e-06,0.08701105218856159,1.4442020709429632e-06,0.03307187548148319,4.5022369799160875e-07,8.001701293971257e-07,4.844736445575945e-06,4.120656913998239e-06,0.11696111268602012
0.10409836644323917,0.2766997297736363,1.0328190455375206e-06,1.0700124252235345e-06,3.15433579070521e-06,0.05078562735948986,0.08320429040301047,4.4270137142956186e-07,4.255168788899716e-05,0.13717351348392204,3.3621242656994076e-06,0.08059415278681857,0.027021435793976697,4.3796053229058213e-07,5.8767647660423725e-06,2.217763584258185e-06,0.09051484728685501,2.1868781175849282e-06,0.03407099023485871,4.2640503056225993e-07,9.962111681420944e-07,5.984370466785439e-06,2.7054763465781984e-06,0.11576460092331743
0.1041664330674727,0.27549511696534706,5.1330196556846e-06,4.436755573254941e-06,1.7161056481915638e-05,0.050815353721077365,0.08205008616726796,2.121555303493344e-06,0.00017397335721012843,0.13668443890139384,1.2692664832332222e-05,0.08104363606543416,0.027295612726267196,2.210491676231089e-06,2.46056351463117e-05,6.764411250985646e-06,0.0934132610568292,7.036545343156827e-06,0.03406415566122864,2.210751972092722e-06,3.934461954501906e-06,2.493333083826113e-05,1.9316006746653545e-05,0.11466537562369689
0.10424039507316872,0.27479288184856665,4.78278578954032e-06,4.1585994040589444e-06,1.571703336325835e-05,0.051171144941298145,0.08043471538555912,2.007945396816978e-06,0.00012662523849475192,0.13647843221037956,1.1731811783308169e-05,0.08097933927456662,0.02750490782326007,2.114979328626184e-06,2.05741071949211e-05,6.320567832265166e-06,0.0956237491120644,6.559043726373139e-06,0.035249587078352615,2.103127695488085e-06,3.6219882930999524e-06,2.2928193744154927e-05,1.8682653663902572e-05,0.11327691917707364
0.10457558638273888,0.2738350975242149,4.916007785889926e-06,4.316298417156295e-06,1.6835543092467327e-05,0.0517425489341055,0.07682325596706015,2.0361125672518502e-06,0.00010360729701969703,0.1366290558091432,1.2257834981739107e-05,0.0800451696839671,0.028225285393719997,2.120141656342744e-06,2.410984366445088e-05,6.488314314534403e-06,0.09901697624599258,6.882655321884688e-06,0.03837723716425955,2.11856052726252e-06,3.7758909267451087e-06,2.068215482752665e-05,1.847384463064229e-05,0.11050116639505905
0.10556169984928762,0.27322693563997896,7.797152550878221e-07,8.277143040211042e-07,4.384449376405494e-06,0.053129625936143676,0.07201250037234326,3.113619926637726e-07,4.196390256747852e-05,0.1365242507511557,2.8554432576072145e-06,0.0789940105512915,0.028607966456099913,3.476943556164007e-07,7.5624582959586e-06,1.1546232804962015e-06,0.10169559412442847,1.4757593434100992e-06,0.04337732936192499,3.219198567954137e-07,6.055109619775281e-07,6.542569522619915e-06,3.204338967921594e-06,0.1067977494960078
0.10625333470494493,0.2728458956122946,4.974860379096602e-06,4.469605514478886e-06,1.5749798122206218e-05,0.05457055573463964,0.06753278690494854,2.0341693057708558e-06,8.84107286272737e-05,0.13633462456230294,1.256924971336244e-05,0.07828174825947887,0.029181166806690993,2.1051472757571636e-06,2.211096837803213e-05,6.841438658100559e-06,0.10441346301373296,6.975829804592456e-06,0.047897494717407195,2.1055763368107705e-06,3.9163557440144655e-06,2.3523279101032577e-05,1.9847093235918374e-05,0.10247329558337036
0.1068618115320872,0.2725928754841604,9.007169623685426e-07,8.756882389815175e-07,3.122233593409468e-06,0.05641621986867732,0.06272322371871683,3.9606726778949004e-07,2.5695814850336986e-05,0.13619666775697822,2.404810190589127e-06,0.07739389770324825,0.029297875445560152,4.407316935128738e-07,6.2451573387811355e-06,1.469331695382162e-06,0.10689984184557204,1.3826326371041395e-06,0.053557595151648145,4.3107866763211115e-07,7.27766996811416e-07,6.516009499080151e-06,4.165571052969886e-06,0.09800521788266685
0.10818587893626873,0.27307113172946434,9.417445878352786e-07,9.249779342035968e-07,3.6797144124302308e-06,0.059228006482622185,0.05616115285678576,3.6277927414090455e-07,1.760336930391283e-05,0.1360266457845821,2.70250818734396e-06,0.07591641363607796,0.02944917454221262,3.8365288373323365e-07,5.5910957239677305e-06,1.5851988473660703e-06,0.10825647095224777,1.353302741904382e-06,0.06179853791855722,3.7596828574693226e-07,7.806770478568311e-07,5.871317401895067e-06,4.090124311559092e-06,0.09186034073024171
0.10872223888009105,0.27276315380275085,1.0365568814022205e-06,1.0283109670939944e-06,3.1985491319819907e-06,0.060523666053065146,0.05167927796886198,4.4927870153107336e-07,2.4251149503123662e-05,0.1362157263061086,2.482939764928434e-06,0.07476057330288043,0.030044654729587474,4.6843967295295167e-07,8.518335998681332e-06,1.610197650578576e-06,0.1111378060452647,1.512437150645882e-06,0.0659203233169441,4.6367469556687337e-07,8.884807876662472e-07,5.9902709014117676e-06,3.780049583498929e-06,0.0881769009230547
0.10969791181322558,0.2730353893349611,1.0654254494025212e-06,1.161429824102276e-06,3.8408229618397725e-06,0.06267967002646761,0.04546395737358926,4.608888235819266e-07,3.7613214866221116e-05,0.1364221338026019,2.9281613231746757e-06,0.07287234767612805,0.030862072452590265,4.836359426236906e-07,7.271640943184603e-06,1.7348509294487878e-06,0.11331208585337266,1.7167162388987037e-06,0.073043498456757,4.7048296072225865e-07,9.349652786152449e-07,6.513022195738635e-06,2.324639473264839e-06,0.08254241331309575
0.11139007920084194,0.2734888049718723,9.670801550144721e-07,9.90825351225025e-07,3.209370023178278e-06,0.0657976037304601,0.03738314990420515,3.9675717974457166e-07,4.103070506431646e-05,0.13611768802331808,2.953224490300378e-06,0.07061092764104374,0.031909060254036156,4.1326933605990436e-07,8.430970192654367e-06,1.8212556472837177e-06,0.1157668860766255,1.537996902050602e-06,0.08245131227504952,4.0232260447162227e-07,8.619643383686421e-07,6.68291038156862e-06,3.6943449458257786e-06,0.07501109492593833
0.11240021334821881,0.27240354853714877,4.907776162740854e-06,6.025544400048299e-06,2.029062841725543e-05,0.0672833931219661,0.0300103104649064,2.1069093946180445e-06,0.000278676810618246,0.13659058319507647,1.4223994522880875e-05,0.06738294704856772,0.03316552455703433,2.222082381535752e-06,6.41670286802974e-05,9.196960082567947e-06,0.12021852904912478,8.647555835186118e-06,0.09008509584208277,2.13807111901964e-06,4.517525388378244e-06,3.676808602341657e-05,1.6721660009397543e-05,0.06998924420283438
0.11295085341224233,0.27210800864387696,1.354038572084465e-06,1.5040512535286595e-06,6.218703675211074e-06,0.06829081926788767,0.024948544225750234,5.525256454177498e-07,0.0002311503598424797,0.13702689213577085,4.0948500519994215e-06,0.06611933084999254,0.034228248389869695,5.820548452126185e-07,2.7689424802192407e-05,1.9532898395063276e-06,0.1239162300766906,2.197788120598122e-06,0.09466285191637323,5.699151527694293e-07,1.2544820274218425e-06,7.5274174747802865e-06,7.668836455195904e-06,0.06545390334378749
0.11345670918287724,0.2715512946162136,9.562877247201766e-07,1.3040797158271947e-06,4.123559015045941e-06,0.06896130249541836,0.01963458643693177,4.28489007483367e-07,0.0015467598474314596,0.13743173998173355,2.973594333528559e-06,0.06427399757794075,0.03453823786021093,4.5073867446487633e-07,3.314551411185012e-05,2.1698260720980962e-06,0.1277913654959262,1.8971422243325128e-06,0.09909274659803605,4.2795863799382943e-07,9.451438729168424e-07,1.248054378773799e-05,4.619014800316654e-06,0.06165533801548573
0.11352582768035892,0.27148978933959894,1.3603313440194169e-06,1.7723689698741824e-06,5.503300552323496e-06,0.06972372199796796,0.01519973393500642,5.934624322716903e-07,0.0036602992346052576,0.13761076875847547,4.608885742026278e-06,0.062461525447786104,0.03378901489290713,6.287860505723419e-07,0.00027554181790842797,3.0396646152762606e-06,0.12993671057677647,2.6288842393305576e-06,0.10435724695506124,5.907015414554263e-07,1.3658633514052522e-06,1.3150377866617829e-05,4.961363886101921e-06,0.05792961537295656
0.11282758057123853,0.27079824448706163,1.0448596797885459e-06,1.4039247470906485e-06,5.101279953500922e-06,0.07183969935962567,0.009461094251920125,4.651714082191243e-07,0.004484692130341795,0.1380931373690975,3.599057296074648e-06,0.0596750687031673,0.03241042297896616,4.934424038451407e-07,0.005954962658378143,2.1523134958250656e-06,0.13074620974647594,1.969294429474755e-06,0.10634661218145562,4.731305066085284e-07,1.0698635892925667e-06,8.087092256964294e-06,4.82217028120282e-06,0.057331593962223704
0.11250920421567574,0.2702655096125926,5.092560201732856e-06,7.27494548032519e-06,2.3743889180224604e-05,0.07343366135235897,0.0026295300739485705,2.284517136767469e-06,0.005666654134105689,0.1391562255541052,1.8863992698956046e-05,0.05641647184749406,0.032087570260992314,2.431363232404113e-06,0.011503126675284603,1.0763942052015092e-05,0.132742415197964,1.014801619019331e-05,0.10784748157290312,2.3228377700944277e-06,5.428852370212219e-06,5.7262277076263044e-05,2.7518903596957965e-05,0.055569013405589
0.11034269662195942,0.2699200742413006,1.1022299734842174e-06,1.6809422187002914e-06,4.1995041459738485e-06,0.07457021143896735,5.571890292364049e-05,4.749633357871658e-07,0.005170148958659218,0.14015102468281693,3.4848144248144483e-06,0.05504483500271836,0.03200925443863741,4.969064848535507e-07,0.01786308885894405,2.0873360977176443e-06,0.13452413768714075,2.311386954004818e-06,0.10466853985184374,4.7611714631701476e-07,1.2363915974390486e-06,1.269421131814027e-05,5.563426686712321e-06,0.05564446108370446
0.10896088818711629,0.26938813405601175,1.1833561494958751e-06,1.860390444686387e-06,4.438651009201856e-06,0.07421909301691258,1.0917352851934304e-05,5.597061811107116e-07,0.003873034107357015,0.1410741520423025,4.4086632770718685e-06,0.054641606053993735,0.032030912538619886,5.987543805947135e-07,0.019849476660935197,2.504317605953431e-06,0.1366555613796107,2.3864194220160255e-06,0.10303703352447009,5.724926867682819e-07,1.3452917675978333e-06,1.3562634658308273e-05,4.3752334362267005e-06,0.05622139516879917
0.10817597545601572,0.2690747236265777,5.141824352613364e-06,9.18552820837862e-06,2.0835440387538417e-05,0.07372039786172425,0.00015759980052101966,2.430578685548054e-06,0.002750161224455588,0.14189860142630484,2.3220914224092895e-05,0.05474960816863672,0.03174610289796994,2.6216968843894056e-06,0.02141700564650931,1.167422133296032e-05,0.13801100599152727,1.0592613596692593e-05,0.10132778301952383,2.4870983918751867e-06,6.179989751863258e-06,0.00012154558842480266,2.0918119733165387e-05,0.05673420126625987
0.10716568570659366,0.26703090374637545,1.0578125445127002e-06,1.7958832032361276e-06,4.633391491601924e-06,0.07319909886360973,1.1924629064753098e-05,5.080674229338705e-07,0.0014363442658035324,0.1412835706430117,4.153921649756014e-06,0.05410550032996078,0.03282900693178109,5.420073326926547e-07,0.0234897250762997,2.371758396395066e-06,0.14086672750051724,2.115665600177658e-06,0.1031347195817946,5.266462740723042e-07,1.2848771371627374e-06,5.473824619746827e-05,5.033475218124766e-06,0.055368030972719535
0.10680699975695615,0.2650572519554717,5.313228610431173e-06,7.774138206031028e-06,1.820357986626049e-05,0.07273728962503873,8.023721430149884e-05,2.6148607501570677e-06,0.0010863463562112048,0.14056548619726827,1.871045554816189e-05,0.05341364590768294,0.03239601099935879,2.7223192850281297e-06,0.02529983964775578,1.054147467225395e-05,0.1416940473228766,8.531128141173913e-06,0.10471160245328794,2.6644396825117227e-06,6.607067162687608e-06,0.0010837959545006645,1.9378457926876424e-05,0.05496438545945844
0.10596877986661561,0.26196634656822443,1.0700991876140555e-06,1.6697262902465795e-06,2.3208360601059696e-06,0.07231862370503173,6.788335207726011e-06,5.156268601960283e-07,1.54745560500937e-05,0.1400796329786474,4.263658689363685e-06,0.052134674863650664,0.031348786689091225,5.544652242627311e-07,0.030601101664704762,2.0811967601782007e-06,0.14201185451236117,2.244399720051655e-06,0.10344900898956554,5.45809615415867e-07,1.3760206058678104e-06,0.003098105717510254,4.468084650633465e-06,0.056979711629690226
