0,1,2,3,4,5,6,7,8,9,10,11,12,13,14,15,16,17,18,19,20,21,22,23
0.02842871952769763,0.007693340896519355,0.00045104845908634534,2.1826841243288335e-05,0.3587834842416587,0.01830088066774527,0.00010973229438025024,8.141843022914227e-05,0.00022904165906363852,0.0684756741361004,3.347708123249756e-05,0.04690589827363322,0.15130380842489763,0.00015250660406853164,0.05229332381444299,0.04896135777532618,0.0002631528787127488,0.03415184063936333,0.07819185360781652,0.0002982549039312705,0.008024047179180902,0.04692287941539726,8.453449939002013e-05,0.04983789774888278
0.028772683602827778,0.007200864143918171,0.00046740876358378344,2.1685075657017584e-05,0.358265936996372,0.01833410807330359,0.00010845829537672842,7.987899526708112e-05,0.00023269145744257548,0.06744409542610465,3.30366063935403e-05,0.047088412351408135,0.15175959911284154,0.0001533849148938025,0.05235590599782097,0.048953416705956446,0.00024396948530009627,0.03490227480676902,0.07912954874857675,0.0002922143765059586,0.007963782205252328,0.04656343958665412,7.744512839172412e-05,0.049555759143382144
0.028262491215658547,0.007336831831641725,0.0005175252910358195,2.2839507616587964e-05,0.35815925922812436,0.018306316078302604,0.0001229708667730177,8.580731873407257e-05,0.00025085163310270233,0.06759554270905643,3.5074878503538514e-05,0.04718412791964485,0.15186062560698452,0.0001597905356446701,0.05224076735614998,0.04879262113747124,0.00025887455685895915,0.03481604845037179,0.07912361560281052,0.00030933724685001365,0.0077181313988654455,0.04650655403798403,8.23437917471433e-05,0.05025165180006749
0.028631460834871468,0.0076083424120235305,0.0004346614745966436,2.135682528353053e-05,0.3595040829532543,0.019097653419030174,0.00010224122024313842,7.93748187068161e-05,0.0005415714613824867,0.0669241845707185,3.2130482671692686e-05,0.045624126308732915,0.15128035102469567,0.0001321128869046544,0.05206958390933189,0.0494598839615426,0.00024312994031841707,0.03301270451484017,0.08212404094041335,0.0003157379115821693,0.00813719642076875,0.04525252720802465,8.799877863808251e-05,0.0492835457214241
0.02827278310146035,0.007513034080610517,0.00040779097522584745,2.108785108780323e-05,0.35970854279955844,0.018985581179682152,0.00010572586602486648,7.99285758093359e-05,0.0005341646924438491,0.06695407311934587,3.23950189693142e-05,0.04574688351977507,0.15139384719957624,0.00012521258618556578,0.05213538561395814,0.049631352085604076,0.00023901254811391768,0.03317073697870481,0.08163840854998489,0.000305238349637785,0.008072097635876792,0.04523594928947879,8.471889217698398e-05,0.04960604949070847
0.030202976154112757,0.006947074695514077,0.00046868222548422076,2.1295966625265096e-05,0.35927296844215123,0.017982239887949204,9.61630817916041e-05,8.001384040594927e-05,0.00042606556135193173,0.06602834425158542,3.119421131716387e-05,0.04737450150444143,0.1510013219218806,0.00015147824362288662,0.05290193628912655,0.04803262508917337,0.00025490766415842185,0.033934269718967305,0.08099667366722883,0.0002728998172948776,0.007798104977030152,0.04496733293112927,8.394423944659967e-05,0.0506729856182109
0.03062021072664094,0.006104214676918634,0.0005271789774437943,2.935841932371991e-05,0.3587700932374424,0.017787914398419157,0.00014818742451192343,0.0001191205651812713,0.0005218874890481258,0.06736586607902456,4.4576223125704004e-05,0.04686651638902546,0.15083721217169976,0.0002131963011680111,0.053016725205691805,0.04808475654108905,0.00035029267406991017,0.03341258052192709,0.08100975498541482,0.00036854235719109443,0.007653195597910456,0.04486841887145046,0.00011495425680013108,0.05116524590948254
0.03023468369704225,0.006027699815085401,0.00038548131348715135,2.1607470801206636e-05,0.3585268444667388,0.018281598777359388,9.58361654594193e-05,8.088879937148832e-05,0.00046658697243152084,0.0677050895199289,3.1912321460046044e-05,0.04726179100312497,0.15086778772872542,0.00015676465042825937,0.053026145266757106,0.04780997012854084,0.0002473449288640152,0.03392566462849538,0.08088439031807582,0.00025809458794257315,0.008123006956663148,0.044726960110891965,8.393424188355342e-05,0.050769916130441524
0.030286272065658412,0.005915786611879297,0.0003606795423679568,2.171292868329184e-05,0.35844997578798604,0.018257366609522298,9.739676934090058e-05,8.163848736335019e-05,0.0004706196204912679,0.06798666689516619,3.222828615272232e-05,0.04716467262190875,0.1510050913320233,0.00014669091862929448,0.05311728654796498,0.0479004181135343,0.00022054583641246332,0.03400609115786921,0.08087482456871863,0.00024622781507490667,0.008176266221532665,0.044481651018529085,8.472824630748196e-05,0.050615161996883096
0.029660014216022167,0.006076665300792451,0.00030736332537770677,2.5277874516324342e-05,0.36003602659863093,0.016424349255234335,0.00012046631011403301,0.00010420081461104744,0.0003873275839662159,0.06894819950651755,3.8156121378071655e-05,0.04801834435087446,0.14772683850507548,0.00021181432442867428,0.05367184633622108,0.04853489865517659,0.00027866643863655455,0.03681464285503522,0.08037083262775478,0.00030085394770428637,0.00831420678097494,0.0431056318384867,9.411151147283467e-05,0.050429264920997696
0.029747219305581576,0.006043909825417847,0.00030898398179848,2.5640706309429548e-05,0.35980244226250935,0.016639547977464926,0.0001232669800205814,0.0001048219257212559,0.0003868432169077097,0.06898523960233308,3.8336723968171335e-05,0.0478692216708799,0.14764881385057985,0.00021811393993553495,0.05365366099946814,0.04851119350443021,0.0002810981561276068,0.03688548429114794,0.08044884269199078,0.0002984030797369026,0.00824944213021468,0.04308959943008858,9.53786674029648e-05,0.0505444950799648
0.029146335935961627,0.005528367811037539,0.0010799328661789988,0.0001153995382715693,0.3602963835671683,0.016484033062269657,0.0005158651081836552,0.0004214233445258493,0.001322007449541831,0.06746266726402429,0.00015834950518549062,0.047107493106952406,0.14772172200999523,0.0006489042750799359,0.05338757452819932,0.04842620082954285,0.0010946497122070967,0.03613883705227606,0.07922878199140557,0.0009592147471828072,0.009094219124443305,0.0426009065221835,0.00042316561037945513,0.050637565037803714
0.028966729129707307,0.005555130992365449,0.0010690503800836653,0.00011473138845665065,0.3603599602341788,0.01648279487586446,0.0005032500326110546,0.0004172851397915744,0.0013279447996727616,0.06741112518358136,0.0001573860990536773,0.047119920910617646,0.14764274265398747,0.0006485067803122221,0.05342124669973955,0.048338395670826345,0.0010830822040503237,0.03646191378342725,0.0791991823368455,0.0009528079351734811,0.009076822313485958,0.04261907340373514,0.0004188450676347727,0.050652071984797715
0.029631243174364406,0.0053960126332891385,0.00025993355791000883,2.195702338221128e-05,0.35998730372345605,0.0166893594867585,0.00010223297729120396,8.617478823432423e-05,0.00037775116319064395,0.06921705889045077,3.090277624350831e-05,0.046995708283588775,0.1477255511308735,0.00018031810446776571,0.053964942265793875,0.0485372573464604,0.00023581559056426655,0.037164140355870505,0.07993862941967195,0.00021139559517990516,0.009400919472215755,0.042854789290750164,8.826875077388096e-05,0.05090233419921842
0.029602369975380773,0.005404736763395902,0.00026350806494880764,2.1955884207584574e-05,0.359989538727958,0.016796072896597937,9.576038127406746e-05,8.468737051954611e-05,0.000437504979204185,0.06904895974402792,3.106423771437405e-05,0.04649320067793219,0.14735788596585414,0.00018390220695482492,0.05422317417347372,0.048622905742851386,0.00023664837974179565,0.03738166579940529,0.07964998764091269,0.000206262693029397,0.009695853753512167,0.042731530925084915,8.467801620967403e-05,0.051356144999808555
0.03001820140470897,0.004345458905446598,0.00029309004518555666,2.1916134212039108e-05,0.3576748820956883,0.016105879962315536,0.00010082020889773445,9.071936659811787e-05,0.0015392966657845693,0.06946131983861516,2.8122505992801315e-05,0.04570766090109709,0.14849702130937598,0.0002063789693941562,0.054898495506541134,0.049112749718768195,0.0003669971958604806,0.0377536711127161,0.08059333885937534,0.00024691913136879243,0.008526651728341014,0.044081660668198394,9.34625030632263e-05,0.05023528526245805
0.03085701938053201,0.003677554256827729,0.0004870231115170859,2.2231966611710718e-05,0.35722113522164906,0.015940078015408452,0.00010237212465674234,9.43892885907735e-05,0.0017823110019996435,0.0692027054795545,2.809572034505447e-05,0.04616509692534721,0.14868203755707768,0.00023462666899856533,0.0547226605453327,0.04821238671462795,0.0003896109853364656,0.037894525029877356,0.0808746920509135,0.00027356810663056784,0.00854082756360454,0.044038254410075625,9.994433971653895e-05,0.050456853534770106
0.03192498357512751,0.005678123368131427,0.0006460401872175751,2.2611178947236055e-05,0.36184574797582647,0.01605550647216103,0.00010364144933270676,9.352728963798977e-05,0.005468235858077197,0.04785846749116808,3.174871207869518e-05,0.04797374189645314,0.15004523026846697,0.0006542965315140612,0.05546682460877897,0.04768136546087867,0.0005754332407287303,0.0407986974888834,0.08030311469165206,0.0005408927806388724,0.009835964942005618,0.0445727278659095,8.76560593382819e-05,0.051735420607045654
0.029986606042154997,0.007969388689377837,0.0031200817320264857,0.0001201314699637126,0.3649211857563624,0.015976772813348777,0.0004705154149077398,0.0004397170109652967,0.008290730962178536,0.02848166541786026,0.00015977078877685462,0.05024993161359791,0.15040579425417194,0.0014645783164756428,0.05544036780654803,0.04734843633333751,0.0031263575725184517,0.04318513828598037,0.08024360262579523,0.001909918875752309,0.008937849058763842,0.04650959840754804,0.0005052655337177963,0.05073659521787007
0.03205172292730661,0.009378826208688807,0.0007903431856543199,2.3177722981454057e-05,0.36378796576054034,0.01737852295396065,9.812081753492766e-05,9.018180489603629e-05,0.007869579507152138,0.029703086387895334,3.2001190969267866e-05,0.050084126152334714,0.15112381736165156,0.0004900957119723796,0.0550073763710473,0.04676091693969982,0.0014062051305073677,0.04564044223657326,0.08082050443723264,0.0006744216552143161,0.008892016976538146,0.04683383533700508,0.00010032304200362022,0.05096239018063997
0.03162248031647452,0.008888146882516603,0.001019000546882503,3.483817676360825e-05,0.36335452004119484,0.01716150572629711,0.00016643979894299666,0.00014882026115331184,0.008026648966541063,0.029750871440834003,4.8570909361585345e-05,0.04958586045486766,0.15116215502659036,0.0005525058810930989,0.055788784608725245,0.04716167120241605,0.001691530902079381,0.04522599614909106,0.08082089321153339,0.0008543128474765723,0.00864393543401107,0.04695566819375586,0.00016174502597963576,0.05117309799541762
0.03370040389884185,0.0063599517112384405,0.0020059387218047224,0.00012373164898882034,0.365848028970634,0.01781558317195817,0.0005069526607416675,0.00047524629494323923,0.00897202004779194,0.026316006109458882,0.0001369591910664967,0.04859139989127553,0.14858453770792657,0.0014361128979872829,0.051649701641746086,0.04599560484618847,0.005266982884069983,0.04201412094266841,0.08423733869917562,0.0022934462660279794,0.009489510305666117,0.04714747905439849,0.00043951135629453973,0.050593431079106396
0.03439006981566224,0.006810635594246045,0.0006488362204713817,2.4140059114021803e-05,0.3658128147538616,0.01837049352478012,0.00010868808239915322,0.00010094678392430292,0.009102060469170352,0.02682892542909311,2.7316648617296175e-05,0.0489178436051189,0.14882902430267217,0.0006447261721503571,0.05207737607524171,0.046263250192481564,0.004247565941205943,0.04325271376783237,0.08492893555928407,0.0009156589074382791,0.009618220091645884,0.04722417559188278,9.186758656359311e-05,0.050763714825148125
0.03023530242131805,0.009372349318861864,0.00036449639526171687,2.6050195639032938e-05,0.35782365493340784,0.018235474481692767,0.00012179401850017097,9.114339592171552e-05,0.010621321727268889,0.02683985121294243,3.007360818749643e-05,0.05205196872382451,0.14233274510607352,0.0008077111295506016,0.0520559505817597,0.04729040924901504,0.007722906232804263,0.0467527321652365,0.08611446128081336,0.004460051199311741,0.011690178931712447,0.04204435689955178,0.00022896466430122765,0.05268605212704316
0.029892953345508972,0.009377694260645716,0.0003580651989077235,2.4958307457955607e-05,0.35741457638389873,0.01790513729180459,0.00011782458588118623,8.76137368577017e-05,0.010968188561873149,0.026896001511062227,2.8869065087162315e-05,0.05176895977452223,0.14202268106584362,0.0006707791834131572,0.052935774110649744,0.047871436416559394,0.00767529692498946,0.04683879377794722,0.08627032602908542,0.0042587187497033436,0.011338548177370704,0.04226917234959562,0.00023074763084341522,0.05277688356048029
0.029789631851023273,0.009530658517853514,0.00022777554101120715,2.4965083993662505e-05,0.3560008973717382,0.01598966102963205,0.00012278253505475074,0.0001023983695068574,0.012200365718041024,0.02590682450629911,2.802083074514241e-05,0.052860757040183635,0.14244935241168924,0.0006068869034034468,0.05228145466408953,0.048208488562371886,0.008377474190662522,0.04517199126197122,0.08844630368818078,0.005379057189637628,0.011320712500615686,0.04204296033882864,0.00021820382925205427,0.052712376064215
0.029687239758601835,0.009413096702338372,0.00022961354183445972,2.5287067998129876e-05,0.3560828526805403,0.015887039302558418,0.0001263449279857903,0.00010651175506586236,0.011973902661217943,0.02612131207099118,2.8000875500561676e-05,0.052174507552668524,0.14283756009354096,0.0005574706063574538,0.05219866751325869,0.0479779376957604,0.008397539446706102,0.04536250333622136,0.08869406277122267,0.005587438661796732,0.01152806922410925,0.04206435760028533,0.00020967029194924908,0.05272901386149047
0.03613842555024946,0.0034431089261090773,0.00037492737549219154,2.577993781608651e-05,0.35313167426795644,0.015049895321928285,0.00011066561479116531,0.00010987864946766092,0.011335783018656046,0.025550449097233835,3.0496525798647668e-05,0.04867711592086603,0.14638520803294477,0.0004689481864114262,0.05439528618249189,0.046439804430856,0.012298177548906518,0.049037238434638586,0.08674117160051016,0.006956385111032025,0.010291925127191731,0.04174984282755625,0.00014404655755869672,0.05111376575353697
0.036160571087532976,0.0035405711863264197,0.00039181768971162855,2.6236387864239737e-05,0.3527540264389382,0.015075772971513312,0.00011175528378257137,0.00011105368224763044,0.01115429783753653,0.025607011848830814,3.102448637007256e-05,0.04856163685729216,0.14637729404312094,0.0005084788227796421,0.05462354371220388,0.04672803862679491,0.012485965527635319,0.04913191151804076,0.08659437930768785,0.0066616047483644076,0.010389210861919893,0.04166948770172654,0.00014883669240422695,0.05115547267936826
0.033579455757229454,0.00767787392555259,0.000918414355502286,3.082998669849468e-05,0.3484680238451604,0.01838140095591898,0.00014739440283504925,0.00013649568988657542,0.007906203072994078,0.02205306935537037,3.870357358278614e-05,0.04893911164139449,0.1468028718389396,0.00030006091107580616,0.05764371956174712,0.04901532531547816,0.011598655040838526,0.055003174410558624,0.0850402284267628,0.008923812068592222,0.010461413881373581,0.03812404038923741,0.0002492171078222389,0.04856050448544874
0.03382900663935284,0.008245328871792355,0.0006116214042692374,2.2869350093148747e-05,0.3485934535553396,0.01877799952413008,0.0001093810650660473,0.00010089641609248705,0.00771243341037272,0.02199090685045077,2.8854823358189583e-05,0.049102218690228475,0.1468543145086979,0.00023774366822382486,0.056666741584617576,0.04856494345038115,0.01270268683758213,0.05420058501599648,0.08475414800409121,0.009468278960773109,0.010718630932277682,0.037473545053337526,0.0001811356890772314,0.04905227569440077
0.03451485411483854,0.008272739132705965,0.0006213465566341672,2.3230289842506173e-05,0.3467775031921193,0.019150173342673205,0.00011800580666617035,0.00010471726375695583,0.007527242060401527,0.022500953171158647,2.9854854591950136e-05,0.05003618755792811,0.1458137860775197,0.00017451153541686964,0.055772461771865275,0.04847933350283266,0.012969199320694149,0.05363059174768912,0.08646827776960553,0.008941544513461765,0.010985037281776175,0.03778452673775945,0.00018653507008949342,0.04911738732797282
0.03331451861433917,0.008693185511638866,0.0005893254144505631,2.28040361262116e-05,0.34804299643466025,0.018908780148708657,0.00011977423101281366,0.00010547187781153216,0.007968170696939416,0.02246823634793898,2.9685698612347223e-05,0.048624454694096,0.14599363945526386,0.00014318723891209852,0.05559933473071893,0.04853972732592542,0.012312822747413025,0.054121112423408085,0.08711934326464252,0.00895496415202381,0.011386391073666471,0.03780116944825682,0.0001991595245242226,0.04894174490890996
0.0319218219519785,0.010785925989689712,0.0005763089798284998,2.4358932245249007e-05,0.3467788431150147,0.02016357645020793,0.00011374820789295599,0.00010854442302820351,0.006282654511086338,0.023667370377939454,3.066022089156322e-05,0.049509125886703496,0.14547675639791097,0.00011996047439097374,0.055268596090395146,0.047912223292598505,0.01542442157717024,0.0515368102703756,0.08682810738831273,0.008085719880068763,0.012014826207310801,0.03731731100744026,0.00018675321939922695,0.04986557514812005
0.03175387140957339,0.010906636456994164,0.0008318079628210915,3.109081276607905e-05,0.3468987268263959,0.02012583958655183,0.0001561304425107477,0.00015174663675005686,0.006280871196717435,0.02359451059365796,4.1779944838888465e-05,0.04947553231779684,0.14556322253789225,0.0001730251684031883,0.05533967633837953,0.04760171054490184,0.015473932534204024,0.05186693762022348,0.08663248139944127,0.007955146751447288,0.011934051898505008,0.03717582649602467,0.0002778282486635474,0.04975761627453974
0.030839852448349095,0.011404713078463618,0.00040358694065552347,2.3535258054452536e-05,0.3453853885163651,0.02024601515368233,9.764993406628709e-05,0.00010806579822245046,0.0056022161464413245,0.02388426671807402,3.077293706194608e-05,0.04889810360989598,0.14785020447567812,0.00014070288761037245,0.05530646656604175,0.04774770918248418,0.014374452210858871,0.050471355120430855,0.08906876040272471,0.007212078557709283,0.01273858926960244,0.038312646954885614,0.0001385727853210892,0.049714295047320396
0.029676455960910866,0.01252884840591662,0.0006478488118712227,2.7827966785363537e-05,0.34627198171035745,0.020168995775534083,0.0001233309471551701,0.0001457321412200422,0.005589946975304367,0.0235679161125709,3.9177855472843044e-05,0.04890147403706857,0.14728235192106337,0.00018984807045353545,0.0557278551330807,0.04786343810524422,0.014640128873010973,0.0500991671660842,0.08885143078503561,0.007215668404233359,0.0124776672269104,0.03927316091808458,0.00019690722896420232,0.048492839467667255
0.033856248295815454,0.010782914736208904,0.0005405601034872149,2.526529883367821e-05,0.3474387611086823,0.019044590706932995,0.00010526120136216737,0.00011947556518155564,0.006458029435833592,0.02347730216486065,3.4974252704377126e-05,0.04999460233850763,0.1465501552449117,0.0001558141415663712,0.05503712661180514,0.04675391041193372,0.012481057125940286,0.051770325835113915,0.08848267949552165,0.005284389143382384,0.01388086029034381,0.03747434351768759,0.0001537447884000955,0.05009760818498289
0.03351340159463218,0.011588830629368645,0.00048509372839617283,2.5367940850274818e-05,0.3473131328883945,0.019132517461235645,0.00010732876551004712,0.00012106105763273764,0.00649395360631227,0.02333063153275813,3.525153447802372e-05,0.05001673836981999,0.14640327663785332,0.0001654949862474108,0.05481523195526775,0.04662639506069934,0.012473365176102072,0.051752737138353586,0.08849133449187778,0.005247254358326233,0.013982255640228062,0.03752669757301533,0.00015560975233621489,0.05019703812030422
0.039723635681222634,0.006356762427108823,0.000659394253047757,2.671218465034981e-05,0.345240105074455,0.018095320793318572,0.00010729258036084645,0.00011500349632174902,0.004653110480590557,0.026970987818887075,3.128222683613918e-05,0.05025292902986016,0.14756293607835702,0.00011123982152041334,0.0521988345170246,0.04427505007885831,0.013121751769716845,0.057631445275416845,0.09153668799414955,0.0028815684192725014,0.010344771839277206,0.03592382337240925,0.00010732546549944862,0.05207202932183855
0.03936521706966513,0.0068429012261388596,0.0007108594664566383,2.727903308143258e-05,0.34533535012525385,0.01761824790243536,0.00010911691317130198,0.00011068268699775462,0.004783925776203746,0.02660886484703307,3.1876380974716094e-05,0.04982455775855271,0.14788332316777972,0.00011230395339977503,0.05255617899400547,0.04367282535283173,0.013329740633486575,0.058459309584276795,0.09170380604183308,0.002688220938111282,0.010364776824314635,0.03560107206135767,0.00010561832618230051,0.052153944936456524
0.03990732185881633,0.0074918155809549376,0.0005933143707938894,2.661583946536467e-05,0.34646167794733623,0.017335256025300384,0.00010562818767049137,0.0001156172430768038,0.004503557231479425,0.026591843519143014,2.9945262370269572e-05,0.0497569641713151,0.14838538530318351,9.835617976667879e-05,0.051300970937418526,0.04410344357525538,0.012905744889376049,0.05699604208645902,0.09282166484974855,0.0020445709477157647,0.0108238189326968,0.03527650288356046,0.00010746743974966525,0.052216474737347175
0.041724610008270734,0.0069436344761345855,0.0005551902166170752,2.671381144887908e-05,0.3454327223736714,0.017243183471023365,0.00010725788525807325,0.00011427486965716845,0.005325956550086005,0.026850923341583358,3.0079337326317457e-05,0.049323814935841176,0.1479367533930138,0.00010608762776820557,0.05105057261433288,0.045477931952262296,0.013720709251900496,0.056783680095714544,0.09324491940276287,0.0017312806787465988,0.010441767717093877,0.033881754590136356,0.00011908596420315192,0.05182709543514875
0.04214689338070076,0.006986760006131731,0.0004308270702255726,2.640738024155069e-05,0.3459891927467482,0.016936788612671564,0.00011307014150483217,0.00012447443674545964,0.004755192903565655,0.025704276595972932,2.9849162792168873e-05,0.04929105003956578,0.14768391726495156,0.00010789203441645016,0.05078923993752448,0.04583722309224128,0.01378994120783716,0.055949618190460716,0.09546383722801385,0.0014351989014334823,0.010503490666278563,0.03384907870858203,0.0001250109545636199,0.0519307693368304
0.0415145763403226,0.007787169627035393,0.0003868483446265708,2.7806486612919594e-05,0.345682566040744,0.017324793373394116,0.0001149427581713305,0.0001278180022809864,0.004502655078210827,0.025818102753506454,3.14051316178587e-05,0.049101068233241396,0.14751529747952039,0.00010984609520191874,0.0512156403780037,0.04615166196737406,0.013426651383281904,0.055582547092145815,0.09610515403348642,0.0013647099812159516,0.010534464102485328,0.03357322779830509,0.00013140764016774756,0.051869639879047115
0.041491348043169056,0.007557465848119131,0.00034262404472159956,2.5955716820838674e-05,0.34548326960583875,0.017355559445089805,0.00010335035233695298,0.00011617876649239103,0.00441932467447412,0.025997641674850785,2.948139061441798e-05,0.04932185441558306,0.14800570690169423,0.00010046033923513657,0.05108140986990396,0.04596227820006638,0.013327676083818024,0.05581193277880934,0.09643643959568883,0.00128842228387511,0.01041868824094445,0.03319694354584682,0.00011705985022416896,0.052008928331800104
0.04243129933749023,0.007233784164621989,0.0003581285596415113,2.6091353240449584e-05,0.34561816492306385,0.017347458289599896,0.00010565362549688622,0.00012335638297616822,0.004085190107694738,0.025944611921346214,2.978896185218848e-05,0.049228382019543306,0.14795329143191913,0.00010453415234318093,0.05071137200091765,0.04539193866129465,0.014172366297194669,0.05585199874840583,0.09599797298035713,0.0013889308061555325,0.010189401409715193,0.03390408616599645,0.00011751916615458598,0.05168467853298508
0.04197672357235835,0.009101823929616448,0.0014663176059116875,0.00014473441180454477,0.35014512728853575,0.016330158842723534,0.000646623556482578,0.0007627878764879813,0.005355463707810348,0.022427971869428368,0.0001686287992425809,0.04998917613016639,0.1444672709212231,0.0003506660320389208,0.0502313748269094,0.045427848393215786,0.004837216407313961,0.05956260674389286,0.10017671831371816,0.0029271397395108645,0.008475483569873436,0.03591827198134599,0.0005065724683547966,0.04860329301203381
0.041449434303956555,0.009258804290666873,0.0014579402563368463,0.00014303367310501556,0.35015512411068467,0.016477798357744208,0.0006387894727603242,0.0007623258156672059,0.005285011308406655,0.02237920645704463,0.00016649962102627873,0.0500075730903173,0.14449639670848208,0.00035173831495160195,0.05021821428532959,0.045514650001066984,0.0047564620186780135,0.059611761857755234,0.10015282501482324,0.0030387966827050434,0.008619798444457788,0.0362478280298038,0.0004992128365033272,0.04831077504772588
0.03814777895736178,0.0108168381800999,0.001780936877903423,3.770949771653753e-05,0.3473148445629862,0.014690971297126336,0.00017898927390832222,0.00019143196158557412,0.006473555852339417,0.02838249677009082,4.012880767604653e-05,0.043769823309658604,0.1433094608536195,0.00010431530666438558,0.05326389332676579,0.043997998223310186,0.006314091284634438,0.05190824360650813,0.11214232873033897,0.007078549746567645,0.00917450972484699,0.03713851355132296,0.00013475347109461806,0.043607836825873304
0.0379653437077321,0.011333534250143157,0.001541226121473034,2.735921888926797e-05,0.34669126565272257,0.014406189407468606,0.0001326840797500647,0.00013148736082994433,0.005879677437706086,0.029245698534213906,2.8015069036276094e-05,0.04365992614106239,0.14378935307927204,7.052447345166892e-05,0.052950096728219466,0.045343897247036996,0.0059402838244901925,0.05207590001500002,0.11256691743376686,0.006791633877322213,0.008669974981563867,0.03753011388583029,8.873607024697742e-05,0.04314016140277192
0.037530998520444434,0.01239643453879971,0.0016317732654312987,2.7025784038033193e-05,0.34644703524092135,0.014703573593399015,0.0001321916242143247,0.00013266446870074169,0.005317161878019375,0.029143736492668982,2.8183257613544918e-05,0.04302428734315262,0.14402614996426935,6.814965386556345e-05,0.05330281568828168,0.04557114691016043,0.006132215771920228,0.052158542432289644,0.11158711039666755,0.0067568581422035555,0.0084013713710918,0.038411621553790166,8.235215204515606e-05,0.042986599956009064
0.0371748568671319,0.011797270006202438,0.0026533390792467556,2.9862367504523422e-05,0.3483949452334217,0.013856201269157199,0.00014158431962110773,0.00015177118743535273,0.005226685959155652,0.029010876987564594,3.0469560626802305e-05,0.042490000905767926,0.14425329021280936,7.51599528600977e-05,0.05386270503499352,0.04504702047973101,0.006827968094137529,0.052375332536264085,0.11018086681868154,0.0076712552781756215,0.008133368653393161,0.038066978085892995,8.77195984949861e-05,0.04246047151173099
0.04198843294748538,0.009299480861690055,0.0037762383275904343,2.9214040294111077e-05,0.34476711409644173,0.0167549414673251,0.0001265471886985921,0.00015580069699783647,0.005861719024704854,0.02886267625990185,2.81022371473267e-05,0.04317327205935288,0.14349489249205383,8.40210552342185e-05,0.05350327202044468,0.04549370793797173,0.011332985501366915,0.04703964472856061,0.10919400711326302,0.004463778293723388,0.00964736513604765,0.03915006127190204,9.257281180392147e-05,0.04168015242999846
0.042196961558837155,0.008551090837046927,0.004038665512783673,2.7796025765109562e-05,0.34465283364331073,0.016634277922357773,0.00011944808149628409,0.0001501860994254113,0.006202278140844138,0.028876344998996727,2.6497895767777635e-05,0.04417206370656381,0.1436068644968497,7.687388111820114e-05,0.053355081381719176,0.04572129256357865,0.011080594880873608,0.04672576043611329,0.10909397481322015,0.004474894844380439,0.009675860608120496,0.038669497461849583,8.608087725282366e-05,0.041784779331723323
0.04524740707450019,0.00960651142999919,0.0011708023378247136,2.7820997272583576e-05,0.3439836064852648,0.016732948566186803,0.0001187763896223476,0.00015224989306596346,0.005646806866740144,0.02944018331139241,2.775920090414547e-05,0.04800511028700951,0.14204145295159232,8.613538793411391e-05,0.05320865631215027,0.0434491838487659,0.010359507123527243,0.04825677939857765,0.10837691835976136,0.0027646227550778505,0.010206135381468074,0.03870202388090174,0.00010957470359318131,0.04227902705687094
0.04494354754279984,0.009932184514064274,0.0011443805496739758,2.8140470746856946e-05,0.3442977717151456,0.01681632515323765,0.00012006988496670067,0.00015472969974822433,0.005533859523007223,0.02919943327511033,2.7848234598902765e-05,0.047934622169574524,0.14192332428041332,8.680158686113595e-05,0.053259774896213204,0.04361188020295949,0.010230890909093777,0.04813822144869142,0.10844076688412556,0.0029627427344252385,0.009979362184186267,0.03899178166429591,0.00011083478551517602,0.04213070569054526
0.04439816974549806,0.011777091975011743,0.0009024897112548079,2.6901619354139626e-05,0.3451834238508513,0.017115624974335233,0.0001187608354314222,0.00014607596362534351,0.005721798692257378,0.029300653006310184,2.7124783364109752e-05,0.047655551026817636,0.14087388593848266,8.887357693524655e-05,0.052794072477700744,0.0435840341162577,0.010348643467303123,0.048384486645436105,0.10876648761251669,0.0020904705478448312,0.010330607126469353,0.03847673636848133,0.0001121387389207598,0.04177589719952989
0.045238570346377356,0.01108781762411592,0.0007568503622718283,2.6727130526318466e-05,0.3452084022358037,0.01609619676603525,0.00012391097896471186,0.00016036749404368312,0.0053407447294685365,0.029160875243433308,2.766625575654763e-05,0.047446997827286695,0.14119571135167447,7.680056043378961e-05,0.052997429051238165,0.043589997550166154,0.012784684832134257,0.04772483418684374,0.10823824367193127,0.001942170477138338,0.010789756786924773,0.038119886011440896,0.00010756866056546829,0.04175778986542505
0.044599332852072765,0.010453343537892117,0.000833788126526035,2.6535090800228816e-05,0.34372816001238216,0.01629206221467558,0.00011944436684114735,0.00015328998339240042,0.005387209645187007,0.029158917026838784,2.6750537201375465e-05,0.046546769029834865,0.14056711754262832,0.00010965741542386565,0.0529087037831922,0.04370846813254446,0.013184692210996718,0.051384308645834216,0.10806260615174451,0.0014148467572733503,0.010473049350678214,0.03926705205201725,0.00010922633608132782,0.04148466919792637
0.04462075879307696,0.010409721855586317,0.0008335696213928629,2.8027751661890944e-05,0.3437316927534538,0.01629361022282096,0.00012697195664722438,0.00016354270208288936,0.005255101158943682,0.02906156457877613,2.8276594857054634e-05,0.046516306771483815,0.1405613548685808,0.00011826210289673323,0.052945992056283676,0.0436596132685181,0.01323325627487406,0.05206454626706839,0.10760303193568733,0.0014414926983655687,0.010558027115894522,0.03922475981606437,0.00011469712463544264,0.04140582171034654
0.04184097999946172,0.010511067802302923,0.002199269406542501,2.7361998931925084e-05,0.34363663184133103,0.01756082626561854,0.00011821929037399648,0.00013749313026276795,0.0051845234344206305,0.029816117922133747,2.628221625689206e-05,0.04601050572349217,0.13901318495912934,0.0001601064829099999,0.052614885927143945,0.04320216529475878,0.012313110577117203,0.05710413446152147,0.10447493440679162,0.0025961593238861833,0.009676994165496548,0.040302483584376624,0.00010513619334811315,0.04136742559239156
0.04350481188878414,0.008910042795421859,0.0019161701950177069,2.8871881742438546e-05,0.34372010945972314,0.016927081818695285,0.00012014826335178191,0.00013180927861323417,0.005015003260517827,0.03005751250236325,2.5919915211625642e-05,0.04532753308418507,0.1389269082491957,0.00014370253571050135,0.05262449972118343,0.04288343153589315,0.01665482599876742,0.057651441389098064,0.10316676862093097,0.002432342028836629,0.010149726129744196,0.03907059957286136,0.00010338270985197137,0.04050735716429885
0.054666347373175814,0.0028734453213504272,0.0019372435822920075,3.6985073119663494e-05,0.3438244971376107,0.020260526098381318,9.222559447188455e-05,0.000107124997196961,0.005858991758817972,0.03106095386803578,2.2790408494784125e-05,0.04125975370089837,0.13447277168431362,0.00021004919424092285,0.04946354578826013,0.04257071668310121,0.011866985051048818,0.06504049826277446,0.1073013377883569,0.00763427662136984,0.007764464172924232,0.035715313025224675,9.857491722108607e-05,0.035860581897318375
0.055562415688700996,0.0026138668516385646,0.0024763077366551185,3.9836536055313e-05,0.33391557398037264,0.02038385956277556,0.00010304048340187594,0.00010941127602364788,0.004836753381097742,0.031406055447597794,2.2589513962356425e-05,0.04297692414073586,0.13578060498253106,0.00014281656943201167,0.049219495676033204,0.043156442117978366,0.017270496860468568,0.06357624147944599,0.10970218832391614,0.005342122945752369,0.007028967137297936,0.03625338727277985,9.13302045431467e-05,0.037989271830803896
0.055970943441594354,0.0017089382123354321,0.0028209345561276966,4.180161963489697e-05,0.3373319841964503,0.0198858903896598,0.00011219894967841391,0.00011749178699223854,0.005303462187952236,0.03236373524089028,2.4563401281674778e-05,0.044795200332689286,0.13557460212813746,0.0001431535962034031,0.05008794296077855,0.04335440018457897,0.016725448476083597,0.0629488974077332,0.10342403929125595,0.004529139469011513,0.007341154752205242,0.036436341723499126,9.976897970681663e-05,0.03885796671551939
0.05645218581308194,0.0013143406011848508,0.00433247996214507,4.152184858838861e-05,0.34028392627068643,0.02027045605181098,0.000108162978484892,0.00011186819812064907,0.005836207743675167,0.03207314287244846,2.44479057796805e-05,0.044215743523200964,0.13437951155691782,0.00014691891632498917,0.05051684512888704,0.043152209741326934,0.019189693970153177,0.06071968624031822,0.09917333402250733,0.005274120444298509,0.007209894203150478,0.03624752474448321,0.00010204624028380737,0.03882373102214103
0.05859971733410035,0.0007982591159021307,0.005043295580968022,4.008559052836719e-05,0.33210019006789165,0.018312062654062555,9.357497420651126e-05,0.00011047678829182418,0.006269431412639758,0.030408665590773685,2.5075629564415228e-05,0.04123450203001956,0.13614501527591819,0.00011927916634174357,0.05181287675340437,0.0448005254918055,0.022947968551870906,0.06575508476382076,0.10575292982532952,0.0030341967404066707,0.005389700508539378,0.03460527292151313,8.96653347119113e-05,0.036512147897394945
0.05810783201235652,0.0009763970829744368,0.005726536171357741,4.5631928824926345e-05,0.33215119807084503,0.018136061679657103,0.00011701183814802271,0.00014240284590115804,0.0062087374097867624,0.030512505421877445,2.7616494167737453e-05,0.041198585280666646,0.136250913582305,0.00014624033772941085,0.05174273245867397,0.04466619694487561,0.022926599592587395,0.06557018998230793,0.10578029009862795,0.0029979966094282025,0.005399168361372382,0.034534330228063584,0.00010970300057113974,0.036525122566894
0.058291281686112514,0.0007479482546817294,0.005168772280721638,4.3396147995803576e-05,0.33150350815941837,0.01790071685530342,9.881927998735228e-05,0.00011969622583921406,0.006810972778139508,0.02934380609408977,2.6563367897116034e-05,0.04090706074217478,0.13762262793827737,0.00011875662295052194,0.05281880120902354,0.04517940273396407,0.023546773961399852,0.06581964751745174,0.10578237446259126,0.001769076970821323,0.005694373099915002,0.034740735705810245,9.369281794543641e-05,0.03585119508748868
0.0581543978454902,0.0008057049395355803,0.005618371317166784,4.1883052444777544e-05,0.33150151240590564,0.018073955238932907,9.319138267037015e-05,0.00011250772708144984,0.006832516058998718,0.030064926974609232,2.5962414884493266e-05,0.04075782012219918,0.1376125254473041,0.00012022914950904096,0.05308437028381402,0.04489682839896598,0.023540142846464968,0.06552774410131874,0.1052681448902304,0.0016612858568077844,0.005708366084777753,0.0348406424546455,9.0657168902433e-05,0.03556631383733989
0.05496682272339681,0.0025170424144645063,0.007143671735632336,3.7264033214304504e-05,0.33277443829783193,0.01642798655824075,8.60941335614182e-05,0.00010645302022548487,0.006831363390736164,0.029656209056980475,2.323078600874435e-05,0.039731827446420155,0.1393411087953323,9.468407378349662e-05,0.05278378000058795,0.04487102308775545,0.025128263798484252,0.06549527660056542,0.10490062679656162,0.0009939809165915865,0.004738577048504126,0.036241836262339344,8.639604337579145e-05,0.035022042979401535
0.05438177933717373,0.003562741020211932,0.007349903388924105,3.835375825850126e-05,0.33412944808630884,0.01671529830271105,8.345949326589288e-05,0.00010549103198848847,0.006470549372002657,0.029654829908020916,2.3555518488151936e-05,0.04029576018694795,0.13768289007155274,9.78208413809204e-05,0.05240786752782101,0.043726799860704414,0.025295410618974046,0.0660884505973017,0.10503703296306856,0.0006936128572443927,0.003957485226013422,0.03658114553477176,8.586756315182913e-05,0.03553444693371211
0.05183166840914878,0.009391711119115645,0.010161296668032902,0.00019122197867139833,0.33341792695090927,0.018323612627481927,0.0004083675573292945,0.0004390099004272906,0.00502288624115607,0.02516228124635931,0.0001153831234336734,0.038628858257458126,0.13625156214990686,0.00039892405053414695,0.05440762812750109,0.04823192201417626,0.0231881553095411,0.06321872910521452,0.1018964043898271,0.003502537204567835,0.004838120015569819,0.03542277754816195,0.0005306127996518011,0.035018403205823674
0.05359389840720752,0.007892218537378606,0.010448924710284373,3.722292958874419e-05,0.33283245935577477,0.01833057539187062,8.416396424205588e-05,9.047376666239054e-05,0.0064513572672601,0.024981274715043095,2.224423500688506e-05,0.03916932080014169,0.1359497508266038,8.024705660504069e-05,0.055202686362089436,0.04861018400891137,0.02417675108210799,0.06238887893650279,0.1020296225512096,0.0023720249664493783,0.004170501670910409,0.03596402912730234,0.00011320196811185236,0.03500798736273935
0.05365034190325542,0.0077897155685939246,0.010912351957457152,4.233366003233229e-05,0.33321875300300624,0.018518189168281074,9.172864030240618e-05,0.00010108208621483088,0.006694948643243083,0.024662900232758484,2.4336906137833833e-05,0.03899296174362126,0.1354311722000684,9.664185189388731e-05,0.05523166123316861,0.0483582450869805,0.0243151520388261,0.061692309827737414,0.10233491431186102,0.002559579780490222,0.004014036387029293,0.03608877981331569,0.0001357565731860367,0.035042107382538434
0.05381287439551314,0.008291636656557253,0.01113989225719059,3.575409736543353e-05,0.33338728864488376,0.018618795898950786,8.222354677427515e-05,8.722644194341685e-05,0.006605898831396154,0.024620707906529947,2.1573354857279366e-05,0.03892935726062007,0.13567036419674675,8.046303728795914e-05,0.054780516689817545,0.04839398162119011,0.02443788026064046,0.061593604336448546,0.10231125126998349,0.0016815270296947806,0.0044264936113815045,0.035841294216900146,0.00010588856642483552,0.035043505870902034
0.053470131600961694,0.01087941753319485,0.009888642363495076,3.568760421928336e-05,0.33395719636042975,0.01819405942949206,8.281212846732348e-05,8.70351640224389e-05,0.0062734108323002965,0.024631649786972083,2.1708133918691823e-05,0.03798774745783248,0.13636852893656246,8.032515728040998e-05,0.05386584832822694,0.04822159319102097,0.02497512349313883,0.06260379263556225,0.10146258307452466,0.0009918328279611309,0.004927928411502209,0.03584136100017168,0.0001117035867986759,0.035039880961934354
0.05540787948997773,0.010201498920440803,0.00963225908363671,3.554389432993039e-05,0.33349032624906355,0.018152043325182825,7.968794049491746e-05,8.508431457435535e-05,0.006592141892924216,0.02467637188505007,2.1400830103254965e-05,0.03793765281129218,0.13625195513327898,7.867813993180781e-05,0.05473769526266115,0.04783945459348204,0.024402038376348602,0.06240966318453864,0.10126186093208488,0.0009809001324848502,0.00500816024639866,0.03538133551969959,9.740208170955396e-05,0.03523896576031075
