0,1,2,3,4,5,6,7,8,9,10,11,12,13,14,15,16,17
0.0510425498721942,0.0002575356039562893,0.00012084201307322679,0.3298851411339526,0.006030899401811001,0.06816934082969311,0.0001102378944520234,0.03803195937981301,5.434892671294648e-05,0.26260562971816487,4.0230929569201594e-05,0.05986294369570392,0.00037390350247151045,0.04199791627081185,0.02121756793139844,0.015465503774001,0.00013467581378088446,0.10459877330843989
0.051651473915469134,0.0009273734622925253,0.0003931804648626427,0.3259645342681767,0.007068383821880199,0.06670957440074332,0.0004133813748826493,0.038923851138676545,0.00020469334585124422,0.26459541910556983,0.00017010130635930238,0.05500144296644253,0.0010472390911370998,0.044363869162387624,0.021567620553345376,0.016530600179104484,0.0005823936882645194,0.1038848677545544
0.05154255592951826,0.0009584921139047046,0.00040293631769485096,0.32595857432087455,0.0070760369935395,0.06661914443065084,0.0004315545054998521,0.038935093616749565,0.0002041514886518879,0.2645529166440628,0.00016867242353611943,0.05493827205568662,0.0010518413961075326,0.04449335699102162,0.021743215960238885,0.01647580010319476,0.000583947368988446,0.10386343734007886
0.05167843135221875,0.0009691962782633676,0.00041027133170429297,0.32512645733649,0.007551882481648504,0.06635235912255737,0.0004320822359697225,0.03923238420527834,0.00020162164908970505,0.26596118616453107,0.00017062880821557637,0.05392890248286133,0.0011001359782449387,0.042397195897567255,0.02234517281002388,0.017191754687838023,0.0006618275515263121,0.1042885096259722
0.051684364431031714,0.0008562429125533934,0.00043007316944304467,0.3253263791163341,0.007692761567161192,0.06633965012867209,0.00045366150421229556,0.03940937953361128,0.00021420945703625095,0.26605364829783473,0.000180932218677733,0.05401284749043015,0.0011689018462731672,0.04131705486374733,0.022148120163418474,0.017045475906800923,0.0006918712604018,0.10497442613236045
0.05206444487266832,0.0007916781797369639,0.0004229292195929265,0.32491551359685533,0.008318215548032137,0.06544231361463071,0.00047351851149134134,0.03955510322736975,0.00021444318899465823,0.26610543326032254,0.0001888475459761942,0.05327186594326473,0.0011690330882813574,0.042037870753787496,0.022222901080738964,0.017040603516089235,0.0006682055736900421,0.10509707927847736
0.05203864610944826,0.0007871240710519444,0.0004281175820573297,0.3247702907224816,0.008584546899623565,0.06539896874367926,0.0004714085793369341,0.03956896921156009,0.00021391401388218628,0.26607632682489485,0.0001889609085838101,0.05318532646712134,0.0011635628364288538,0.04210985478244124,0.022198844594885844,0.01705657693851517,0.0006720648326148021,0.10508649588139282
0.052119540520992526,0.00019602648260715186,8.744958485514936e-05,0.32403310449373396,0.00846873367128105,0.06675193264631193,9.272146025440774e-05,0.039936077224462546,4.264811477095816e-05,0.26673661445433045,3.594853651882339e-05,0.05414614769415761,0.0002501010951577894,0.04172101621378806,0.022929123689522768,0.01719622874565602,0.00018195247928727337,0.10507463289230752
0.05270223827231925,0.00018890764475114303,8.572956302749197e-05,0.32364565199696904,0.00852589222739937,0.06664680789068925,9.456471344115999e-05,0.03940982520684593,4.231325926831665e-05,0.26664493877475254,3.6149832352613275e-05,0.05498159209322148,0.0002421768849029316,0.041992933762198925,0.022474725081959013,0.017218033618165984,0.00017678820693556167,0.10489073097079069
0.05425027017096147,0.0007917718857668042,0.0004394536712044488,0.32591882047679166,0.008573502258469846,0.0668917562090424,0.00045619410594761715,0.0368425447498124,0.00022802241719386483,0.2652768703606598,0.00018774602598980783,0.05233461027019972,0.0012194916486175328,0.04079051187538445,0.02340582766886671,0.018792709849204555,0.0007042046934774973,0.10289569166240935
0.05431155162986611,0.00022996715013934668,0.00012381895021839544,0.32605025719905756,0.007462644474831273,0.06748157074406899,0.00012338405883658717,0.03690512756598601,6.110440196964271e-05,0.2658672516160798,4.6721430015246964e-05,0.052798617828629164,0.00039583703119859797,0.04182060018603511,0.024331746992561683,0.018880822281462498,0.0002218602065323599,0.10288711625250611
0.04981067679131016,0.0008834236760442291,0.00049904417472631,0.3287321754676829,0.010354921755856974,0.06574975371777855,0.0005411677353719918,0.03817593471868062,0.00023271194073703303,0.2691357315399771,0.00020762783229945334,0.052621779557619396,0.0008901680106989056,0.0375044963608398,0.02320086213671977,0.018347315605918343,0.0005491928939123874,0.10256301608382606
0.05019591245970179,0.00023120435006105644,0.0001229972039023593,0.328546779100449,0.00913212105109832,0.0665271337415716,0.00012711983835191445,0.03886466897377248,5.421722357731797e-05,0.26933209161058586,4.6143179623206956e-05,0.05335201755062347,0.00022930177815224,0.03784313225820857,0.023693753243591527,0.018316543405837393,0.0001443437745067519,0.10324051925638514
0.04810851121155965,0.00028543285094802956,0.0001298934080128452,0.33043961504539027,0.007281030200598293,0.06671898565668208,0.00012946038063913991,0.03980395444281215,5.9169644002305424e-05,0.2720011838254959,4.96359970174695e-05,0.05160748757835851,0.0002497847867910314,0.03644425471903302,0.025498810273622177,0.017291599270717103,0.00018000368324999118,0.1037211870250943
0.048653452833347315,0.00023448020678381096,9.975705521228512e-05,0.33066286689673846,0.007668076074364181,0.06637768201816936,9.724862236667179e-05,0.039856338943767645,4.5683383767430516e-05,0.27184614504442045,3.911064998079855e-05,0.049165334323354466,0.00018405826155037103,0.036957725866906856,0.025801771550821487,0.018045172420149483,0.00013716140148755298,0.10412793444681036
0.04787663153574442,0.00025677980370458536,0.00010216450077827614,0.3330390418022928,0.007041314300954509,0.06707902551213996,0.00010795874701330688,0.0381696170295998,4.9695544870053594e-05,0.27022596000911075,3.975286875380196e-05,0.04646720415133088,0.00021299284296074153,0.03871235642875725,0.02845799162801759,0.01780254952918616,0.00012522991196619722,0.10423373385282458
0.0478782575578641,0.00024399130682653427,0.00010128987096913396,0.3330132579838319,0.006945873940234683,0.06723561149349343,0.00010416819860978611,0.03831205817626247,4.9165073740649716e-05,0.27036544721541295,3.9486039080466844e-05,0.04662608262448205,0.0002124268453358977,0.038423901047682896,0.02840185408649807,0.01788541053229185,0.00011668684120301885,0.10404503116617801
0.04614772492503824,0.0003052644771869778,0.00011002842366696273,0.3338534945210163,0.005598818700158025,0.06776803960241183,9.968916083601505e-05,0.036917600942470215,6.075916312499714e-05,0.2706767664911807,4.263488309350508e-05,0.04766506656109767,0.0002847789547005464,0.03748298937552419,0.029865731460839068,0.01883787301698023,0.00010613851755803424,0.10417660082311647
0.04591003647928869,0.000993290664717608,0.0003961932097023393,0.3341576443446914,0.007178085680056158,0.06646606257603473,0.0003902509628851549,0.03643474851002896,0.00022952104079805008,0.2697609635936986,0.00017847479681294085,0.0475318711171935,0.0008586364618568783,0.036742841080327535,0.029523000944261635,0.018887413377750868,0.0003854291701824224,0.1039755359897121
0.04591444250254524,0.0009320321261733427,0.00036155398130522314,0.33532678967077256,0.008201988952702034,0.06678966325078434,0.0003914568553971468,0.03602138292187319,0.00030105191655080323,0.2683637730006101,0.0001826001913657135,0.0458984108396872,0.0009204251702395983,0.036450585939994236,0.02952296382869575,0.019515090140342455,0.00037891045594551175,0.10452687825501554
0.04586946896256248,0.0009498407690377984,0.00037341068068592827,0.3351061214589299,0.008434725154121261,0.06642422963157585,0.00038684751390292814,0.03603093826057987,0.0002990203549125951,0.2677899532317492,0.00018256871459155922,0.04589814509157551,0.0009279678092063034,0.03630639991124209,0.02947255399096216,0.019609635917493592,0.00039021134485180673,0.1055479612020193
0.046396029536435145,0.0010285716026741047,0.00037904468037572894,0.3362069983598296,0.00790391921359869,0.0667504738346648,0.00038810460736668934,0.03649323471893222,0.00029264364592024083,0.2668311536442501,0.00017846360774710052,0.045599770367582886,0.0008953833145126877,0.036023036850662674,0.02901549770216377,0.019389676106831642,0.0004089574490326563,0.1058190407574194
0.04631283088735426,0.00030468779484158,0.00011707607623486757,0.33738540495862324,0.007090591011056832,0.06686130511382825,9.772656826735951e-05,0.03693399696244669,8.267082473407009e-05,0.2693269334643685,4.25873131995587e-05,0.043272361138340244,0.00027156195663158235,0.0372088180013623,0.030292486367010613,0.0188533153843926,0.00010890245351837143,0.10543674372377367
0.04684280242087085,5.0247791553612026e-05,1.96856181065868e-05,0.3379010825638518,0.00683535798984298,0.06684636507100614,1.7688439620905865e-05,0.036924962740614437,1.2879888050338754e-05,0.2701000156634758,7.400827322057281e-06,0.04273437634866733,5.011368803085295e-05,0.037192856795866654,0.030546395505641307,0.018489327189361242,1.8840918291414984e-05,0.10540960053980565
0.046769776277301424,0.00027800899898733605,0.00011572078471796041,0.33798626611459043,0.007625572142168939,0.06612450405403221,0.0001043231381979543,0.036835258598014085,7.49396710755855e-05,0.2697136243907865,4.2866182312297684e-05,0.042733316764949,0.0002749255543200281,0.036901216196841696,0.030330190013378118,0.018578513238696685,0.00010878239540765424,0.1054021954842129
0.047577552922272726,0.0003269407144779825,0.00010146523284293096,0.3377440398366657,0.007602081031048119,0.06688330782170948,8.670511599979968e-05,0.03651367924993671,6.544377718231695e-05,0.2705367514326262,3.627363240536068e-05,0.04297542581827135,0.0002201360524683262,0.03621303991289299,0.029320562000817414,0.018597216745502694,7.624494745131903e-05,0.10512313375543024
0.04747877697883738,0.00041742973193512154,0.0001415081842812178,0.33784084863880026,0.00781430728082765,0.066518018560624,0.00011189745274084461,0.03615065474919023,8.881973946777806e-05,0.2704863907870153,4.616629181148871e-05,0.043459133882482626,0.0003220212138419523,0.03629800533309184,0.029222552010003823,0.01840595590227474,0.0001027947257367739,0.10509471853703703
0.04738596556168668,0.0018382651447504776,0.0004762045313087624,0.34214153234962624,0.010983801305588577,0.06831140432108074,0.0005328095020898809,0.03578872217860318,0.0003295529681015736,0.26740223054715273,0.00017947844012799672,0.039468992598184524,0.0011059952070992065,0.03647672784511803,0.026364267165062242,0.017511288033486942,0.00033631720045294535,0.1033664451004794
0.047936178887311116,0.00019355185851040646,2.4928197733636718e-05,0.3417518549052882,0.009287225485118993,0.06987973354121449,2.810503839871036e-05,0.03663855676242379,1.8475967114354605e-05,0.26772462046989054,8.108784883188402e-06,0.03928807654405291,7.149995661789258e-05,0.037413684548625356,0.028392173133629704,0.01691536007965702,1.7196704403279788e-05,0.10441066913509732
0.045986850443793255,0.0022132522455936467,0.0005178690890403809,0.3430094022310926,0.013227902527426868,0.06992473190562574,0.0006302997426368611,0.034149190987466604,0.00030901430762118865,0.25943210128215255,0.00017308370611647783,0.042905567952633825,0.0012079725423912201,0.039855673049875855,0.02518033839595805,0.01822202488987892,0.0004830370604471536,0.10257168764024857
0.04635471611104448,0.0011668259654860692,0.00011875055205298776,0.34312068595713224,0.01260432518499334,0.07029737137908074,0.0001374627628758244,0.034755980034200024,6.595584271654825e-05,0.26012629559820516,3.3892509374345675e-05,0.043282095437137416,0.0003022880040848849,0.04085993946724347,0.02626228226529136,0.018012985052216945,0.00010539228435113607,0.10239275559251317
0.046265691375551435,0.001358351989356802,0.00011349691677421126,0.3432312689019961,0.01327094112146021,0.07065813014081918,0.00012860910917638214,0.03491116754210858,7.10199615534339e-05,0.26046488005641466,3.397607700508095e-05,0.043227541693484625,0.00030019939214897965,0.04091232792397274,0.025380428192665328,0.01740917378859233,0.00011464709090496081,0.10214814872601491
0.04596351281566629,0.00252421560766433,0.000520010820313905,0.3425297574980426,0.013668118150108974,0.0709428162445247,0.0006523355991154657,0.03416147258843094,0.0003366191050883313,0.2594665855952412,0.00017099068584078685,0.043927946178922365,0.0011817976080051957,0.03981792834603985,0.02399549434249768,0.01765104384203059,0.0005370533993649364,0.10195230157310174
0.04825204102397217,0.0005906834414881641,9.943218510622914e-05,0.34292296779972614,0.009705119606641655,0.07803744819899174,0.00012932078617640367,0.03481831298609315,5.4546050789716646e-05,0.2555474398732289,3.206556628171143e-05,0.04220036783808349,0.0003446409875067373,0.04279520836776246,0.026920597329849694,0.017648495385859962,9.630579347022828e-05,0.09980500677897487
0.048151469992460706,0.0005872914262601439,0.00010282226680967063,0.34229643574540264,0.010343120667146129,0.07788482299489663,0.00013288669846203571,0.03488727638675394,5.544529204136744e-05,0.25587029453781673,3.318848684850748e-05,0.04218123036266433,0.00033655114394941823,0.042788655647835,0.026765509694472195,0.018075363450029323,0.00010138782591952671,0.09940624738023517
0.04531961284068332,0.00033555526090993273,7.926616525989213e-05,0.34268566575723164,0.007635997410122597,0.07951494265447917,0.00011919652326916929,0.03582429334596655,4.696312642288235e-05,0.2548355725560321,3.13991994872568e-05,0.0398534259536401,0.00042758698039910406,0.041432915035880376,0.028711209090240684,0.02050024670518985,6.87013857912099e-05,0.10257745000899422
0.04505146368975762,0.0012322733531919129,0.00037884944565971687,0.3424640270108916,0.008533314530275065,0.07875774167982091,0.0005659688498058678,0.035328057936561574,0.00023249127247767915,0.25429491203830706,0.00016157038062440733,0.039589022336089866,0.0016152588296803178,0.04032664546707577,0.02782951594689251,0.020844912608640437,0.0003377158991938757,0.10245625872505387
0.042303097265728715,0.0003446086361300576,7.292730872858924e-05,0.34930821767494924,0.0071990110947933806,0.07530536489246202,0.00010338773308398179,0.031549775025746116,5.161263917884333e-05,0.26130305646020163,4.113036293664382e-05,0.04031387541367777,0.0012999929422311633,0.03711318439438003,0.02632242311826811,0.023452029941303625,6.598158946289515e-05,0.10385032350673713
0.04195520378671211,0.0011406049747936112,0.00035209798569934046,0.350368771334955,0.009108281034119306,0.07382739415198805,0.00044123304229487173,0.030983254151668714,0.00023976394905597185,0.260488768778828,0.00019878001480638354,0.0403453288215396,0.003266906988595856,0.03531470609321709,0.02518453900249416,0.023142537785307414,0.00031118207934303227,0.10333064602458163
0.04238581468264708,0.00043291942831663046,0.00010522335468364516,0.34979169457885023,0.006649726083524318,0.07557704312765554,0.00014677270339726457,0.03176450930131921,7.568740239469234e-05,0.2621779531192227,6.027310199630795e-05,0.04083945177902019,0.0016719839516270965,0.03576355729994501,0.02577193364989738,0.023190167370959962,9.371433423273641e-05,0.10350157473029821
0.04233910814011651,0.00030892847161498684,7.372660119783683e-05,0.34948793627238695,0.0065704168691901295,0.07468704530645431,0.00010026810018995977,0.0319666481131199,5.117786881028874e-05,0.2620722339884476,4.181165674527461e-05,0.04026395288929756,0.002093956099356962,0.03609457138012678,0.02618711159431851,0.02331826840554076,6.572946782350122e-05,0.10427710877526213
0.04018840215640662,0.0009459202739814107,0.0003226657397643289,0.3507387564961104,0.010152362250406156,0.07577732829800239,0.00046695560773349104,0.0325468344548029,0.0002498181933250971,0.2581261120220335,0.00020210473000521317,0.04195206461780317,0.004064246713725744,0.0317000827455774,0.025337971951300806,0.022354039565023034,0.00030703345603023605,0.10456730072796803
0.042067678924611274,0.0006373889481005097,0.0002801383474018328,0.36180248850414887,0.011973497764799085,0.04275473852245976,0.0003696167578379806,0.03228452062802479,0.0002617122512557702,0.26577854946591933,0.00019276006075722674,0.04313764439062939,0.007880049342016356,0.032680964095819595,0.027112354093664175,0.026311120624200025,0.0003239946675365632,0.10415078261081728
0.04394615857257676,0.0011587514370023208,0.0003472704473672785,0.3602254415318534,0.0026538335902519866,0.021288380646007517,0.0006825751404636296,0.03612029254965279,0.00014055608118830653,0.2688020145286025,0.00023907641879535268,0.046706339523769895,0.006322076410543614,0.04474384533779829,0.02868039398648605,0.02569361981297811,0.00039475082439471783,0.11185462316026747
0.043634968887919984,0.0012407347911343744,0.0003431753082728069,0.3602425047885861,0.002909693395857647,0.021093326959498115,0.0006730968774079757,0.036080121032386316,0.00013597072679714462,0.2688654504700217,0.00022857719816109012,0.04718171321561204,0.005569868392343081,0.04520667700102801,0.028792646005302118,0.026094580774104766,0.00037522749925864295,0.11133166667630794
0.04519466245190631,0.00059000120185235,6.292669278104203e-05,0.3745876392510423,0.007628925295204404,0.007500573970693229,0.00026633737090809813,0.03699305893013955,2.688764974052602e-05,0.26345054263319356,4.3276935266559935e-05,0.04177636490025591,0.011172243603296304,0.04243425562307357,0.027164880977853804,0.028646026917541936,6.337261146642987e-05,0.11239802298378075
0.044267167822803155,0.001741667576870588,0.0003467538643446563,0.3757260359193714,0.00894188783200276,0.005787513398220163,0.0014253611484745844,0.036490644484866476,0.00014862702981051004,0.26471739317449233,0.00025249706772604696,0.04237565391680552,0.010724312003586407,0.041513256826481444,0.026710706890228995,0.028457010468035764,0.0003825379413495705,0.10999097263452927
0.04535143078368682,0.0008555606619213965,7.652322774309577e-05,0.3764452906643464,0.010490629795023913,0.0013327326583928794,0.000514829945721035,0.037445743773231135,2.949742979956871e-05,0.27014895232535796,4.668764701694741e-05,0.04108886833509739,0.009529701368810312,0.04383069499391061,0.02707198237384108,0.02821782945197432,8.842989469392756e-05,0.10743461466944741
0.04554480484907483,0.0008373396884765064,7.606454737317631e-05,0.3763995385914845,0.010515865222776557,0.0013202670598851962,0.0004997937771611292,0.03747982101953196,2.937971764879704e-05,0.2703010083927527,4.640485046723739e-05,0.040982409528583744,0.00977800246044198,0.04343900459337626,0.027000604900397025,0.028305165636729107,8.728127236249254e-05,0.10735724389148041
0.04534601024959169,0.0016049090559018245,0.000341044729481221,0.3798824772678075,0.007992827442081666,0.0032704866340677844,0.0014050241322306858,0.03655966425982953,0.00014879791359185605,0.2686420227274616,0.0002282239840524886,0.039176943711748444,0.011971340005329071,0.04241228910206447,0.0257427785617753,0.026910339526534006,0.00040365451585610087,0.10796116618059462
0.04563415030702003,0.0005425559858238452,6.809376498892372e-05,0.38086130567841525,0.009104698696129735,0.0012275484917736539,0.00034546718481759365,0.03760317208255531,2.934755792026051e-05,0.2689904164726909,4.413192026022105e-05,0.03952488424526774,0.010896756299558425,0.043281864200211,0.0268766147394864,0.027107823656639947,8.543659996756081e-05,0.10777573211647322
0.04737319072212423,0.0005067120440779528,6.761610341418968e-05,0.37824838420648343,0.01000177709995342,0.004615383909625485,0.00037721309920404303,0.038569043205898136,3.0036795950255462e-05,0.27253654099859276,4.264363128531027e-05,0.03939043335767655,0.010569437154802649,0.04048199375069232,0.024879780124425502,0.02646861523335645,8.308536433207473e-05,0.10575811319810252
0.04686932182552995,0.00154830794266625,0.00034905783548247157,0.37720892428705227,0.010140975317288503,0.005439229215697503,0.001337530868228017,0.0377730934765113,0.00016367114048571196,0.27258409146907714,0.0002281993067250491,0.03938470707252329,0.010591210450796744,0.03990749565428278,0.024062590130639626,0.026284784677273194,0.00043434862951824145,0.10569246070022256
0.05334489544557692,0.0023856630306647378,7.028288441522427e-05,0.38163174454993787,0.008705321529668977,0.0019085245934001606,0.0007360381754158745,0.04831673592677907,3.026923236599894e-05,0.25905592237021796,5.033532297238009e-05,0.039672863281810744,0.007492500788279003,0.04222985433880186,0.019339768584725685,0.026205948260573785,0.0001265211508511772,0.10869681053354269
0.053381067910297085,0.00419436980728226,0.00026037429778940746,0.38389534580390233,0.010063877815378937,0.00242955438195712,0.0017741496282615073,0.04835889366032267,0.00014607920951323128,0.2515137131588057,0.000231622323286968,0.03913957056847208,0.006422068038821313,0.04433674312266288,0.017141938694376538,0.027783935510131207,0.00045848704518469837,0.10846820902355396
0.05486906419917876,0.004870948045094082,0.00027636068901638124,0.38665513739299945,0.009629494260093477,0.0020468585483284715,0.0014299307627767893,0.048025673267857394,0.0001572575931084455,0.2518545311670417,0.0002405344234560728,0.03891769616761265,0.0029198678093778335,0.04294628693327911,0.019289737818024854,0.026654885283413716,0.0005020693508639603,0.1087136662884768
0.055523736946089905,0.005110852984126134,0.0002566935106829037,0.38925139553394944,0.010021836245199194,0.001953378418028912,0.0013980833758196957,0.04794957822166634,0.00015697111699189225,0.2456372816576388,0.0002474444862944136,0.038468013024044456,0.005844169060403412,0.04239952869957887,0.019316285464039823,0.02595778068896913,0.0005094925818723184,0.10999747798460402
0.05490230382465627,0.005459255728602367,4.9219562311892136e-05,0.39084966751315325,0.010891125842993262,0.0004586695940037807,0.0004902889381187692,0.04957469617648611,3.000926349493199e-05,0.2457711436769042,5.089276258440855e-05,0.03973468719249313,0.0028268972972568876,0.04389614799939251,0.018733059538497156,0.025539009781149483,0.00011725979098903716,0.11062566551691741
0.05475217397120101,0.005644320278168868,5.369480760457622e-05,0.3907848492033411,0.01081995224263443,0.00046674467856748774,0.0005007101794586578,0.049389837497429236,3.249403396555274e-05,0.24590852943829322,5.460554367149321e-05,0.03992114316426588,0.002700631803444611,0.04360764363021594,0.018752525072370987,0.025553833636792873,0.00012844988617050356,0.11092786093241243
0.0547883979972023,0.006054583733608903,4.961797918654072e-05,0.3916357717163346,0.009463536111047943,0.0003376822745459747,0.0004642590469368093,0.049116692513024286,3.0006369222767764e-05,0.2461632239287503,4.820308182261989e-05,0.04173495844893062,0.0018295096026849412,0.04171081856262701,0.019576983918706544,0.025968989791000957,0.00011105200341532735,0.11091571292095154
0.05497707755035677,0.005967087579300089,5.114363858826081e-05,0.3915517081530782,0.009723661010443604,0.0003326154617752486,0.0005015659877334586,0.049484028215838964,3.291116144199239e-05,0.246277820869519,5.246387541670678e-05,0.04196342364313249,0.0015482297845507559,0.04131304312829052,0.019501953268789857,0.025844482633825532,0.00013483941207386853,0.11074194462585432
0.05511954859289039,0.005475915745687334,4.8440121110141817e-05,0.3905308290144617,0.008921841650068318,0.00035874339202453227,0.0006126157364200341,0.0499861399121451,3.161339571891623e-05,0.2466888169010835,5.241776057934256e-05,0.041470930289717635,0.0017676144129075413,0.04019589109661272,0.021196955003697164,0.026087538217491806,0.00014948641984205907,0.1113046623375308
0.05562427044947034,0.005220159276871294,4.7320287828640494e-05,0.39048198267822076,0.008804622022799715,0.0003479340805825254,0.0005979627332695793,0.05021626904929541,3.1624448144599095e-05,0.2466101485358572,5.3138816422731075e-05,0.041549108518002795,0.001896481979921662,0.040055371691846774,0.021019365684672425,0.026146467239784938,0.00014436761731867535,0.11115340488969
0.056359990543040465,0.0026329373659851763,4.4962570400990297e-05,0.3893764619645905,0.007230795252085214,0.0005346132451097546,0.0006114234644626871,0.050906249681707885,3.327979225404861e-05,0.2479818375902041,6.567066802531237e-05,0.04292110476955964,0.001431178364116855,0.041717896409137895,0.020566001356661496,0.02408277262240918,0.00018723656982272245,0.11331558777042598
0.05650385891274872,0.0033493108525610377,0.00020464004820996368,0.3887081618721872,0.006982759864026623,0.0017362646895583383,0.0018235247086837434,0.050067551708266954,0.00015491964617218886,0.24702964720115378,0.00030493345284962966,0.04285699375547082,0.0032133658610202973,0.040509719245117606,0.01912398419743893,0.023871626507515228,0.0007445217476335611,0.11281421572938663
0.05663809700628276,0.002899654252107904,4.8108076087134424e-05,0.38870451712975357,0.008759710198102517,0.0006893493225998527,0.001090618000751568,0.05108487778861945,3.571747675189983e-05,0.2458450571810047,7.083959087196102e-05,0.04146363040751657,0.0018821426521291775,0.042870228661477466,0.021664422928456255,0.024123121249819114,0.00019997280071937598,0.11192993527694865
0.05759699498730013,0.002704523635798023,4.53119871777714e-05,0.38879560456649004,0.008696563066024982,0.0006216350069487984,0.0012073515633028878,0.051025764922233006,3.381887152661229e-05,0.24687456047485812,6.377962133289213e-05,0.04087497317107835,0.0011505897760903004,0.04312270207024592,0.022024118323873215,0.023551954160231325,0.000213842329634292,0.11139591146585322
0.056196315669472266,0.002217273162799814,4.553314816487862e-05,0.39145612476930647,0.0059746800167758875,0.00053557198964145,0.003485751668156349,0.04791789119451325,4.568762817132174e-05,0.24829049352011606,7.072357320846243e-05,0.04301521406325637,0.00106530034018754,0.04389429675590604,0.02046971937352853,0.02499197536632706,0.00025757682601573056,0.11006987093445389
0.056191865204255925,0.0022141904838504276,3.864506121163932e-05,0.3914611288043131,0.005903274022027952,0.000508846273261437,0.0035749680958336145,0.047909445826418706,3.902158147040697e-05,0.24838983703209427,6.023990069342874e-05,0.04327051279415072,0.0009870381748891255,0.043790273550264276,0.020421916673789467,0.02500337411540993,0.00021811363274806475,0.11001730877331656
0.05546157574766891,0.0034817023037350433,0.00018166183529716058,0.39039877725452726,0.003550340054715428,0.0019841593893591284,0.0039026450266774868,0.04675754174475043,0.00016406447508862575,0.251302641157429,0.00028058182925719694,0.04376240649706639,0.002406073379366186,0.040410322042973866,0.02052266793892134,0.023831131556356584,0.0007863734286533142,0.11081533433815675
0.05585870205720058,0.002693670899026252,3.977794495840276e-05,0.39195264073417,0.0030422907954579144,0.0009281494535432996,0.003332706482558503,0.04776677262177438,3.692689621579189e-05,0.2503781266387289,6.245952358288592e-05,0.045373177575517155,0.0008981629727475817,0.04116277302607683,0.020871636203055897,0.02404041095844112,0.00021522542979785872,0.11134638978714603
0.05720844363647839,0.0035232843770451085,3.474757898021188e-05,0.39186022941209603,0.006130447621176508,0.0007665389892791497,0.003550851773111584,0.04566195380982465,3.8076080722395334e-05,0.25271236942279046,5.441044822770643e-05,0.04264313437364283,0.0006639237651896322,0.0399577265017976,0.021403191133236552,0.023819266113610092,0.0001704337502781628,0.10980097121251288
0.05688981438964218,0.004295512294048785,0.0001914135660306552,0.39119226995289075,0.006235856665959305,0.002096094082940522,0.0042612522426190005,0.04507745532105661,0.0002024499913618998,0.2521185244475691,0.000293982137664354,0.04196453931882905,0.002211189458551816,0.0384496294676527,0.020502057407476754,0.023722439533452936,0.000740677182371434,0.10955484253988217
0.057365411893864175,0.00497411061856703,5.687088893197199e-05,0.3947475345559742,0.004807215875939767,0.0010866585161143619,0.001709438476445272,0.04657842994648656,5.4267219954906055e-05,0.2473799267591535,9.236188381774637e-05,0.042034567873718905,0.0006577482623491998,0.042254892055030975,0.022424810620227456,0.022950380123911856,0.0002857021858365113,0.11053967224368635
0.05688874807681723,0.004722664103951297,3.472796879099489e-05,0.3943234370033505,0.004560558765855924,0.0010652548402907023,0.0019552187129192947,0.04564488620941528,3.4727361911529115e-05,0.2471663891491176,6.122301413434848e-05,0.04200189135403508,0.000459591336629199,0.04500113600953499,0.022138179633024346,0.023163321707213504,0.0001770185060682649,0.11060102624696976
0.05716422244032327,0.00439685266641908,0.00017206840440847472,0.3940876511621461,0.003603007139679013,0.0018498134978793175,0.003761185521675166,0.04689815047664568,0.0001670778513772165,0.24661617943225234,0.00042067925992078675,0.04298674820079481,0.0015169688738846082,0.04271869213537324,0.019947234426275717,0.022586947034351518,0.0008281617945932127,0.1102783596820009
0.057629605495686416,0.0033905241354511965,3.334559745474632e-05,0.3948777330564252,0.002805648864430785,0.0006747673652544462,0.0029382786349393657,0.047828683755347906,3.2611030760698815e-05,0.24740711113784777,8.643751609391337e-05,0.04374525420050711,0.0003677517500431771,0.043652165599600036,0.02043960686512007,0.02330187566745031,0.00019823626077698862,0.11059036306681334
0.056218259672599566,0.0030085908856114264,6.382467207844284e-05,0.3954006302472191,0.0018882157404137402,0.0006339025378993734,0.002213363674148875,0.048459997212207284,6.885610032902634e-05,0.24679752175790018,0.00025049181695268864,0.04319771931782201,0.0006428939340614647,0.04161076487660279,0.02156445674665424,0.025752379620483608,0.0004129613726696987,0.11181516981433527
0.05656494314480249,0.00311022213307991,6.287631436292633e-05,0.39540799274938854,0.0017346419031068414,0.0006086596717417164,0.0021315794310111705,0.048701591975509655,6.905429523513978e-05,0.24686344656709117,0.00024524319300154186,0.043274376967976196,0.0006478132891350524,0.041391841490562145,0.02121649704774885,0.025770763544916996,0.000414745263798961,0.1117837110175245
0.05584673508548336,0.0032961420161565455,2.9558700066229363e-05,0.39485288902484283,0.0008546317720998215,0.00045070658066829523,0.0022149561564793908,0.05000426364703643,3.314675931813447e-05,0.246251113753357,0.00016977382300917705,0.04206472900414307,0.0003746282798420218,0.0432214650973074,0.020498354120634967,0.02655932678198139,0.0003002350562661005,0.11297734434132518
0.0558545878069513,0.003333930620971245,2.9685006850137097e-05,0.3948685196007076,0.0008113234569571266,0.0004451408682930307,0.002498123828443661,0.050058993087882336,3.348865317463341e-05,0.24586574310467393,0.00018149097146741722,0.04153600682982665,0.0003891294579063363,0.04292167717326242,0.020345064927144125,0.026766744059587018,0.00032959447105717715,0.11373075607482366
0.05570003168137894,0.0037809509392196738,3.065966205131769e-05,0.3951806732163267,0.0008388115215791805,0.0004563639619378193,0.002760016418290299,0.04988082749759632,3.4382412532537316e-05,0.24541201042526734,0.00019336912960982332,0.04158457182557721,0.00037432970024002006,0.04280858981815396,0.020479974814942167,0.026659841717116047,0.00027486937694877315,0.11354972588124457
0.05545362365302684,0.0037977022613382007,3.0222079657222323e-05,0.39525603565168144,0.0013090768084389884,0.0005304834400667779,0.0026165697524739534,0.049847134811625136,3.419867436098798e-05,0.24510423456667735,0.00017910845707640627,0.04150663621920877,0.0003278378515605936,0.042907596571179145,0.020677145697663327,0.026643263522285847,0.0002887255584370818,0.11349040442323596
0.05604752595307561,0.0033713387668603658,3.0796681882288347e-05,0.3945930378820799,0.001318198246266379,0.0006311711413303368,0.003199014717968666,0.04960255243928068,3.5447457353085635e-05,0.24492984518295066,0.00017486742623967023,0.04114428095718532,0.0003430939731671657,0.043936576074687296,0.02010227917509726,0.026591380064138546,0.000315605707832111,0.11363298815255479
0.059072633568524574,0.00352159001444654,5.125421261753105e-05,0.3870939285846941,0.0015366578623058256,0.000933136401986972,0.0023562765927544133,0.05046847428103321,5.873594862001446e-05,0.2541452382557631,0.00044575409269157764,0.042934295632005744,0.0007999620959409253,0.035007375760731894,0.0201144639402353,0.02766314185315289,0.0004380940429576872,0.1133589868595434
0.06282486227300552,0.0020427006028143186,8.464052412096726e-06,0.37118827481472955,0.0008914793087951069,0.00034649738363886343,0.003702876969456582,0.05123269379147927,1.1412662428193725e-05,0.25522791598936323,0.0001241257537884909,0.04770822736207875,0.001923830416581967,0.03810022173740107,0.02091865856947776,0.028037152329145883,3.681424289784912e-05,0.11567379174050547
0.06265437410971318,0.003971416199977796,0.00014224419266254334,0.371869802187809,0.0026546423602199633,0.0017618632299744405,0.0031639317432443736,0.049910982607372534,0.0001792145655510621,0.2549612116208989,0.0009396891584211145,0.0474012673954683,0.0033458017058532177,0.03551313695408116,0.01950287430810629,0.02801205504521171,0.0005004154891983025,0.11351507712623608
0.06312992694709735,0.003449037464089497,0.00013425220023844506,0.37795308914497777,0.00337284563506488,0.0015319258021410714,0.002172176971140349,0.05071015643679802,0.0001710022854036477,0.24717405334217035,0.0008220868701493728,0.048777277787647226,0.002752319655026611,0.034235940727135226,0.020105680009935737,0.028504674307711836,0.0005486148674103544,0.11445493954586597
0.06262787308951365,0.003561278982869973,0.0001334290080547487,0.37993143689876685,0.0028666073633391727,0.0014664876552086582,0.002347932803510592,0.04966487561737764,0.00017515356666713904,0.245939526690397,0.0007743527691672827,0.04874148231172725,0.0024038807576019206,0.03413174520805959,0.01992286594761593,0.030141106471998892,0.0005848372283269195,0.11458512762979947
0.0621885444730599,0.005514209821646646,0.0006070098908968873,0.3784880761956976,0.004886731231358391,0.003424992251342994,0.004593969001996962,0.04587426193794703,0.0007417893390966012,0.2419418142278269,0.002207692660085854,0.047150853730951826,0.004953874721454757,0.03196229742821017,0.020266904136385676,0.029332375154501385,0.0019391866911702622,0.11392541710637014
0.06290309510457673,0.0021886344845451085,2.8122578971121096e-05,0.38182881284677544,0.001134111020865431,0.0004651366866314962,0.0012679314901247354,0.049313942375135505,3.829243714323463e-05,0.24525587019088743,0.0001867507000595721,0.04991896826383069,0.0006865043010140818,0.03606702962679783,0.023818528816444702,0.030154201817052327,0.00013091007886543632,0.11461315718027913
0.06193832980254554,0.003127885953109043,0.00014213422406858257,0.3790538009264343,0.0021648558710969912,0.0013415481133769553,0.0021722146142292517,0.0475987055410587,0.0001840252611124659,0.24471189371208998,0.0008012022273607795,0.04847564120953594,0.0019743113215642994,0.03596979686001713,0.024481106692433606,0.030558760503363154,0.0004916133336908904,0.1148121738329123
0.06171393774034997,0.003236011542298452,0.00013781014328967546,0.37873668711148917,0.002142039956736246,0.001275496697363803,0.001966771159165933,0.04776576891355141,0.00018168580769462153,0.24431361161966558,0.0007781481044940452,0.04877567147404658,0.0018707401724571443,0.03603755955601882,0.02422972852421014,0.030896448735883493,0.0004836534195046911,0.11545822932178014
0.060777892727111815,0.005550154307111896,0.000618818849657193,0.3758606042517877,0.004678711888195869,0.0030671697724057667,0.004491377217332135,0.04548373173747949,0.000698799022862472,0.24192037980979994,0.00227789990266039,0.04844357298274444,0.004318560727888958,0.03368175649237742,0.02148549916647531,0.030665131378542012,0.0016692357578150122,0.11431070400775219
0.06176176402886788,0.0027700740495891613,0.00012795972581883467,0.3778498084557041,0.0021612890905561948,0.001065865052676946,0.0020065779109443437,0.04815859668422722,0.0001527223612121384,0.2442166289473493,0.0007224155876854046,0.050322853773330456,0.0015485440380896894,0.037124919457644706,0.023879765800802283,0.031048439471500374,0.0004134320585764601,0.1146683435054242
0.06037877437746262,0.0016520173960043283,2.5389644112911825e-05,0.38184390378958283,0.0005390432168133569,0.0003201244890066729,0.00036526552875730506,0.04908704275483949,3.0114455900589365e-05,0.24537795609977792,0.00017378485941574803,0.05158796547518774,0.0003301878362404778,0.035826183339676354,0.02697907723966278,0.032109375952494044,8.239681026241885e-05,0.11329139673480243
0.06050105574486962,0.0017213228601212754,2.53380775581961e-05,0.38309020388576276,0.0005040780479580038,0.0003276719745358364,0.00032906644418427756,0.049200650006294776,3.0520659173388195e-05,0.24523831105630334,0.00017245737492938183,0.05171871757040739,0.000338327090801462,0.0345483377928134,0.027361945047075033,0.03218971812311057,8.271933022651995e-05,0.11261955891387479
0.06059089093596073,0.003578077688761101,0.0001237503711220579,0.3811733977537718,0.0015137944999279475,0.0010094861229144312,0.0009075128024379848,0.04703342688340846,0.00014247509267005846,0.24497142333887317,0.0006448226192492068,0.0499683552375652,0.001288017923199443,0.036220510808505954,0.025906707840751653,0.03105046512176161,0.00036949526537969805,0.11350738969373952
0.06064369978937134,0.003573988831264402,0.00012336321134871566,0.3812068118366924,0.0015175391575626722,0.0010006327639202467,0.0008967167173201229,0.04705348131297762,0.0001422827599245401,0.24489914306390834,0.0006462582275564967,0.04987210303609368,0.0012952118880815938,0.03633566685332885,0.025891565537438325,0.031139069240357323,0.0003736399339408989,0.11338882583891237
0.060265833502438436,0.0026219322719135867,2.370066325853182e-05,0.38246669077599066,0.0004198253375985079,0.00030613243692065675,0.00022829727359363595,0.047452587411417654,2.7896428999999396e-05,0.24590551521170578,0.00013087439518770768,0.049627510597399595,0.00028023575194876274,0.03900092361715602,0.02749082261194886,0.030525605569459047,8.867558731295193e-05,0.11313694055574973
0.06068188532881506,0.0028849117508607464,2.3777927863926784e-05,0.38257074533122276,0.00043246887016161776,0.0003130084008279682,0.0002445580034880712,0.04778592053845156,2.845894054636306e-05,0.2461613515604509,0.00013592922976760953,0.04999858813950985,0.0002904786744640727,0.03897763367328088,0.02652347125910059,0.03021736800885284,8.896838807081704e-05,0.11264047597426446
0.0597964191977043,0.0034279383032571166,2.374354354566161e-05,0.3817334442731777,0.0004359471354929557,0.000325471177304594,0.0002625598644054603,0.04818745552830584,2.8705980694692684e-05,0.24671908226224537,0.00017936544236882957,0.04962237557870485,0.000317843696874665,0.03983324973289539,0.026294988967210022,0.030351319158015786,8.892514206492451e-05,0.11237116501572227
0.05991661804811779,0.0035147528985863354,2.374098163235356e-05,0.3816311822454829,0.0004120023674195806,0.00031790931114727224,0.000261285661427131,0.048158197683867886,2.8640013173819644e-05,0.24685077140311867,0.00018303911487077467,0.04947598687181882,0.0003150919020143048,0.03983854930235531,0.026150358267543056,0.030703083938020664,8.846249347269238e-05,0.11213032749590711
0.05930950315128864,0.002879992523640659,2.3871207934196844e-05,0.3814922890662251,0.00041415928892783325,0.00031258293933944054,0.0002598903973524406,0.049118908714676696,2.8295659482863734e-05,0.24877171875105075,0.00018084359672425565,0.0492024269976136,0.0002969932799659182,0.03880530514601734,0.027429411958198372,0.029733714530333858,9.39027148067727e-05,0.11164619007642107
0.05906474782086964,0.003107403567573065,2.3841582034507058e-05,0.38181500574715754,0.0004238141254304697,0.0003816282193956263,0.00023693756798337824,0.048894281320429764,2.82291935209642e-05,0.24880983803615814,0.00017458249368662256,0.04927415440315702,0.00028048091512122836,0.03792589423789963,0.028294796247191965,0.02989403504611028,8.889521227675268e-05,0.11128143426400343
