0,1,2,3,4,5,6,7,8,9,10,11,12,13,14,15,16,17
0.09021210105292629,0.3347268760430909,0.0070322969418816494,0.142907375009548,0.061003313519624444,0.041492664036526045,0.008266100657973988,0.04729924851198477,0.03259554264980049,6.203214191691616e-05,0.07607195339633632,0.012588798307807316,8.041683999015446e-05,0.00836015079276509,8.23769255718487e-05,0.07434510370107408,0.019311898081077958,0.04356175139010369
0.09187982462513172,0.32395423579866817,0.0010280738745546707,0.14464571203814547,0.05648412062363722,0.034788886441926584,0.00804230499887453,0.03564440952126802,0.03375010662884952,5.225476239766563e-05,0.08386631594949417,0.01736874028101754,7.542211667843124e-05,0.0211323415530125,7.272066063976035e-05,0.08042904251242322,0.02425023035612816,0.042535257257152494
0.09386254880603502,0.3225485769813935,0.0007556965022790826,0.14371441263291806,0.05787777159358164,0.03451295044460756,0.007747403795824111,0.03308689161910061,0.03377014600499977,4.913944007481565e-05,0.08457200723083548,0.015716862285354696,7.005060078502283e-05,0.024151830082455986,7.063976337063828e-05,0.07911186828336882,0.02293332118307334,0.045447882749945344
0.09324869242320631,0.3215312935416428,0.0007218446601279303,0.13542317007885923,0.05937218832491376,0.03408040512959657,0.004336693394116335,0.02920479598417141,0.033268985789847806,7.191056604501496e-05,0.08197248425694395,0.016417800791966548,7.571871012283068e-05,0.0312957610108498,9.426486226962208e-05,0.08179289732609571,0.027635970037782752,0.049455123111440714
0.09273065511749565,0.32142253795245745,0.0006948120970582922,0.13528650147181512,0.059117655967022856,0.033958405524272796,0.004448477385917308,0.029163246054352887,0.033332035163332656,6.344433510676091e-05,0.08237774215673997,0.01649648809034179,6.758210961772018e-05,0.03129070332159427,8.238310750284438e-05,0.08196559652280026,0.02794970847532963,0.049552025147240386
0.09040464217481275,0.3133907625635301,0.0006273113682416913,0.13578444485602217,0.05496964374484048,0.03744947089469035,0.007932033885848214,0.03326084544481318,0.03379441335859032,5.7133403689149745e-05,0.08239261926379751,0.01738024443788789,7.345066328502514e-05,0.030431298809539906,6.998641257087337e-05,0.08608687367300415,0.029106263414887385,0.04678856162995766
0.09020086211209329,0.3129711501545969,0.0008193854757519955,0.13550712198469195,0.056288290625189884,0.03789318461038979,0.007271485233463945,0.032547434878085486,0.033526599517987726,5.998162776569657e-05,0.08211339349423837,0.017186346381868695,7.845007786004576e-05,0.031025014783636007,7.336916600587407e-05,0.08619328955690674,0.029027017931482373,0.047217622387985214
0.08692837273773871,0.3148236722811427,0.0012207831960539595,0.1335514565672906,0.05644153573476261,0.039060631669628074,0.007509697407578511,0.03158402823012529,0.03373006311803968,9.13582801029255e-05,0.08465945114189465,0.016224572363364796,0.00011494385164867679,0.028286992461439637,9.76467299217232e-05,0.08583063637971017,0.031272468533433205,0.04857168931612398
0.08709206273771024,0.3153818726167369,0.0014867447645654387,0.13390365954308395,0.05584109524454734,0.03881295125891577,0.00751168866049429,0.03084379830303987,0.03441600409011557,5.9602191978394597e-05,0.08460730926210322,0.016235996355357517,7.59723908224998e-05,0.028746997726072532,6.491963842332578e-05,0.08535704763603515,0.030841719688709513,0.048720557891290595
0.08176741548410732,0.30730143076958977,0.0004846142451691171,0.15145676231976582,0.05476280283137019,0.03645107330570287,0.008892160811047725,0.03848785758143289,0.029944255599646984,5.79269990691641e-05,0.08020781556336143,0.015316542312886178,8.459391510460615e-05,0.02787303896716741,0.00010887972761046091,0.08463979275785144,0.03385665998891186,0.04830637682020473
0.07956405471027211,0.30103632615678455,0.00037250234371792856,0.16328223383475962,0.05488961899098494,0.033330897437920955,0.009636826682217377,0.03828993013413832,0.029708436711904648,5.665693581739079e-05,0.07568650289637088,0.016861093645623902,0.00011673524062419491,0.028174696641403287,0.0001099016667610122,0.08451096544149382,0.03529802485279762,0.0490745956764077
0.07850498334556137,0.2983903554997439,0.0007970392474788344,0.1644356117741765,0.06676777478160031,0.03328883868679712,0.00650709894914029,0.03723800615827478,0.029201433904116635,4.7763336659268575e-05,0.07556952008745302,0.0159866328947112,7.684060793318478e-05,0.026807734673402916,8.043479876276559e-05,0.08301109188460087,0.035073938027310056,0.048214901342274
0.0785707652840096,0.296990101988806,0.0005841050771041013,0.16935876599133462,0.06203653116077075,0.03376174817521197,0.0062870135160048935,0.035724506284977364,0.02951172066390163,4.680393860473397e-05,0.07628024080386411,0.015281394385896449,8.372799770014301e-05,0.02767619483636693,8.164017623581092e-05,0.08306409385227694,0.0355478785457449,0.049112767321196675
0.07867646857807784,0.2916986117718858,0.001347637243302374,0.1709509412559126,0.06867082106498046,0.0360792694176202,0.004151148305287297,0.03688288147587678,0.02610719694532012,6.167877454002022e-05,0.07529067724691883,0.016444061623522743,9.663862589427939e-05,0.028410562450127134,8.940995320089355e-05,0.08120608921754777,0.03606727359791099,0.04776863245207399
0.07857216590080063,0.29196413737963106,0.0013974752995011192,0.17030390593335062,0.06975547119139906,0.036333059539198076,0.004774202334030451,0.03690733035282491,0.026415405909885132,6.503978253077802e-05,0.07524207799093306,0.016308335739334195,9.928565906043463e-05,0.02854275226384856,9.158503910875845e-05,0.08102053488046959,0.03520050409002108,0.04700673071407264
0.07778116577602076,0.29159828388253894,0.0022192488524442654,0.17019270280383894,0.07451975628112667,0.03441700996598909,0.003958025041283276,0.03646441721124462,0.02746497484531967,4.926130432439832e-05,0.0759780109254461,0.016538222226377117,7.06034502597828e-05,0.03023659582273286,6.385989105454035e-05,0.07849262992251241,0.03266215227783377,0.04729307951964793
0.0779966110056685,0.2907107439704305,0.00265709446562255,0.1697048059685567,0.07506391563947411,0.035985772638779376,0.004221417367840307,0.03700509482616312,0.026644791773817563,6.12117292532691e-05,0.07769134181335537,0.015548775549388674,9.567573020894918e-05,0.029636173129265073,7.205869435754075e-05,0.07732104664924806,0.03323514524816657,0.046348323800403615
0.07864841774494707,0.2920392433840444,0.0022793910780458237,0.16858225463317522,0.07533680101388834,0.03554782809351725,0.004484441379962522,0.038355232325653854,0.02605391232194797,6.188527692728589e-05,0.07969497546596842,0.014548338288025214,8.646752117091285e-05,0.028611992251957933,7.526950378586094e-05,0.07896559692356458,0.03101344401271644,0.04561450878070089
0.07845702551447808,0.291868395049471,0.0021266153433711966,0.16858459785117696,0.07524343890051775,0.035660943162254176,0.00485796629692068,0.03816065694943227,0.02598826536624192,6.29780991822054e-05,0.08012164786351413,0.01445127601015699,8.318422644367235e-05,0.028822822558894488,7.590436349559545e-05,0.07906663113205828,0.031007855240761,0.045359796071629516
0.07701336133516402,0.29270156867833397,0.0041664358159364786,0.1680772121896231,0.0725265066468547,0.036639380301348744,0.006875166687557173,0.043204076397112996,0.0257516967258929,0.00023703984037751086,0.07774029683121486,0.012315070795835978,0.00037429267223572463,0.024995424933259378,0.0002929072825078644,0.07754252224757675,0.03543920831505848,0.04410783230410938
0.07692490139103052,0.2927109797944725,0.004588202420140487,0.1679076736259085,0.07249144528699812,0.03686877718333529,0.00663121390490261,0.043275316557252995,0.025794223009854608,0.00023531191722598574,0.0776265995791843,0.01226796471157784,0.00036336871757435907,0.02493241233857645,0.00029187415438810133,0.07779224470456786,0.03546021384868986,0.043837276854319575
0.07776949864178545,0.29358707022079517,0.002197623396085642,0.17115502238727695,0.06982556531257975,0.038794923706947364,0.0034787300772218576,0.04343776026129233,0.025255996266927722,6.014087183835841e-05,0.07941760875553003,0.012644370508733592,7.573698545873569e-05,0.025936147990505008,7.724545588375407e-05,0.07641549533014852,0.03597747247709735,0.04389359135389245
0.07599085125300106,0.2934375171538049,0.002053118058919476,0.1702624528611834,0.07217446062119326,0.04092143698073223,0.0031599608027921867,0.042633197051397946,0.025368102527288095,6.498154247427578e-05,0.07902068233354433,0.01191204734221419,7.871650943176249e-05,0.026568462992669607,8.076866020869048e-05,0.07597831077715589,0.035703983069360214,0.0445909494626286
0.07935013533598426,0.2931874008826579,0.0006498352713136831,0.16677255979546846,0.0723827986521213,0.04104066256909865,0.0016467719226743267,0.0432168233915512,0.028663384833245674,5.197784311108765e-05,0.07627801146206499,0.009939184899970874,7.6433568375714e-05,0.028523492072374024,4.678769208972774e-05,0.07471591989684773,0.03761972997774938,0.04583808993329467
0.08053359614165062,0.29307872515526345,0.0006533991793199666,0.16770314314013926,0.07290226889130808,0.04112072160632488,0.0019257121757032475,0.04236754136761044,0.02889673382868175,5.3346790214313805e-05,0.0762774526118581,0.009811453694453878,7.73120592326517e-05,0.02944983736797978,4.78309766764771e-05,0.07441642382183201,0.03453674490270494,0.04614775628904813
0.07795069088687993,0.29402273940180795,0.0007276102391995471,0.1632842518970226,0.07492502977899025,0.04251398168874173,0.0021472371690514683,0.050065482993703544,0.028747812042093025,5.3600121616085036e-05,0.07619419624638946,0.009321680271273426,8.6129329153451e-05,0.025547332473505827,5.692765869906335e-05,0.07292500514892121,0.036307429778634416,0.04512286287431685
0.0773458211329046,0.2932080851533874,0.0005943332988164353,0.16489913319865063,0.07533289976716637,0.042600453956841096,0.002119057843269503,0.05002785543432435,0.028623238077998263,5.4721896580243025e-05,0.07670575721349497,0.009235344251156274,9.024958047802949e-05,0.025526972497621137,5.7561493742265565e-05,0.07152594184880728,0.03721088961519146,0.044841683739569704
0.07321181967174563,0.29291179857624694,0.0006100242368991564,0.1622874208041216,0.07473345103851331,0.04345426479298377,0.0018265304163922543,0.044521742681668225,0.031209597676207526,5.9168220796123816e-05,0.08135873930603513,0.00901940079415618,8.531119383985524e-05,0.02649904301986702,4.411490703342056e-05,0.07469606178286725,0.03820037844683966,0.04527113243378927
0.07339780500799852,0.29306180282009975,0.0007736108642377131,0.16213350597685566,0.07467998229058777,0.04316712667970469,0.0016961762980923602,0.0444843032883332,0.031189500432769877,9.409190022355802e-05,0.0812803251908509,0.00906136057276957,0.00013255636481400852,0.026548953517759273,6.876858065260921e-05,0.07461974993267052,0.03823833699768215,0.04537204328389785
0.07355462680558517,0.2881768226246639,0.000861359033388817,0.1685319051930565,0.07896134546537725,0.04491464337135029,0.0009769998733003382,0.047980008258432454,0.029300172871668112,5.5457975246257335e-05,0.07647264493470095,0.008818427987721398,7.563470988206074e-05,0.02561812885050031,4.769550992353629e-05,0.0743942042637064,0.035673156195159206,0.0455867660763372
0.07332421199475148,0.2878361640224083,0.0009298164483487689,0.1688846562829441,0.0801372580382014,0.0446720943532156,0.001025612984393485,0.047999392570621205,0.02994111796543763,5.2314138518531756e-05,0.07486059001529631,0.008656548035854628,7.666779434548571e-05,0.025776386475838048,4.783931377303117e-05,0.07484317977412479,0.035242928860773466,0.045693220931153786
0.0682403820341159,0.29019525557070475,0.0028834617634697505,0.1673323780393641,0.0840931076163969,0.045762085054718085,0.002952675056201329,0.05213638012758346,0.03047956595873344,0.0002758432116416746,0.07390364835131641,0.009368464916399631,0.00033714127589335645,0.024702213968184294,0.00024621372134414843,0.06704895921518714,0.03449502896800203,0.04554719515074361
0.06868949790122689,0.2895102055462478,0.002102465100361455,0.1673237692894535,0.084656139960053,0.04557135519871151,0.001825912726896148,0.052310206457855696,0.03016729318559126,5.693451174928454e-05,0.07594797535704308,0.009640794970573114,6.649262409213753e-05,0.02500514083639291,5.1059591164530746e-05,0.06691588224468517,0.03511607442529026,0.04504280007259549
0.06907357378951914,0.29035900350297184,0.0011702326522898842,0.16830891369367412,0.08504994168446574,0.045080489650100426,0.0018889863012793474,0.05243493548225926,0.02968991889100437,5.0268556086799696e-05,0.07583625743988244,0.009800275916205746,6.709164733667864e-05,0.02572071544276084,5.0024298765860746e-05,0.06605663512920477,0.034575365689827414,0.044787370232365266
0.0683515209908124,0.2903996769239446,0.001289180879902129,0.1680690082304084,0.08472084095959913,0.04507647588726076,0.001836569872439707,0.05304194243778184,0.029478423561153273,5.0628665108946004e-05,0.07625508316153494,0.009823988763193101,6.705062000949626e-05,0.02555717657972362,4.920538547488589e-05,0.06586753390081941,0.03519868409786464,0.04486700908298198
0.0699714526519347,0.2904976237967199,0.0011467296147329436,0.16898720205214585,0.08419082141575883,0.044827462698838104,0.0015472959140860913,0.052382621448574966,0.029555577907127723,5.311336134235302e-05,0.07493001804321824,0.009868171294840678,6.805648817857841e-05,0.026142118751390837,4.972488508207595e-05,0.06521671801986721,0.03459585091618475,0.04596944073998532
0.06936461254262617,0.2902945376202476,0.0015393781955474245,0.16918572308679594,0.08422660825023834,0.0449832157419144,0.0016071378127738838,0.05239738689629486,0.029445406495589556,5.339141454877387e-05,0.07477294118880028,0.010024283592322178,6.758318065753653e-05,0.02615116302109068,4.936403268532343e-05,0.0653314249484005,0.03492253077720581,0.04558331120226086
0.06777862578227119,0.2898230056679385,0.002618870622819418,0.1688559887286013,0.08513356352725529,0.04356450602634434,0.0023078849960881174,0.05509082809472325,0.029546884684817268,6.13949475065184e-05,0.07349315914797404,0.009877789126254996,7.974454195890997e-05,0.024291177632178123,5.700988485053761e-05,0.06713471218756803,0.034528327205299886,0.04575652719555038
0.0671470130444868,0.29002211647932474,0.0032667450535349943,0.16897827244086622,0.08546136626758852,0.04334038153087237,0.0037309932165964653,0.05362614036673683,0.029413862349876373,0.0002689792930326062,0.07260384758455306,0.009834623673436455,0.0003490972121805486,0.024575760160889717,0.00024747820604081216,0.0669770893161753,0.033953825745451215,0.046202408058357076
0.06750030696042772,0.2895016681792862,0.003213831463503708,0.16894261984048742,0.08704659941329865,0.043072881871522944,0.0023161469510362695,0.05412971808367823,0.029502273887703094,6.47390602043956e-05,0.07317075806006015,0.00968517739062894,9.105197222637386e-05,0.02488314536049119,6.222079438868696e-05,0.06691701319288139,0.03385193981143827,0.04604790770673615
0.06734007293466142,0.29445768355117763,0.0038841756227398373,0.16654947443070206,0.08415950578484689,0.043264202277453395,0.0030611186430360027,0.053440427761128964,0.02951077945324176,6.704457759628789e-05,0.07374262280848175,0.009483039753120585,8.987670780853801e-05,0.02482799801447772,6.559896627460607e-05,0.06707407514369036,0.032944058182501484,0.0460382453870608
0.06397260036417816,0.3070130894479294,0.002970989548339486,0.16849825052910794,0.07689353085343867,0.04317318612269944,0.0036424626827851548,0.05471646169669977,0.029009608337738864,6.922342618197857e-05,0.07457562992314876,0.01201348850061924,6.186121395046361e-05,0.024013710788044422,6.681366130823244e-05,0.0639574302668373,0.030578181720447902,0.04477348091654608
0.062306461910484556,0.30912493922328194,0.004956362348917321,0.16689438566610104,0.07729033631629417,0.04295287381014704,0.0038965376712131695,0.05315971637148391,0.028957786496205583,7.084520698117722e-05,0.07497537164675226,0.011944187988707113,6.882942244471494e-05,0.02427531975300054,7.228920326780236e-05,0.0629771142406814,0.0308202964067423,0.045256346317293014
0.06113792610415436,0.3032052945510103,0.005479757348959888,0.17464936986513405,0.08362444868476736,0.043162123378897015,0.004749032878822419,0.05137293810975978,0.029110721325214868,8.156931906470786e-05,0.07452795483129328,0.010677896807278958,7.56342952010462e-05,0.025338931138501067,8.400922572406706e-05,0.06085952787222711,0.02744940566528455,0.04441345859870522
0.061805280419832874,0.30272560598338544,0.005440968052730566,0.17475018456680205,0.08504350723582589,0.042996664659758745,0.004682466240125669,0.051056226487062845,0.029328063605625614,8.956115735204267e-05,0.0738070906794281,0.010430961826068168,8.448246633254401e-05,0.025644861647189966,8.938859962977618e-05,0.06054088025835221,0.026677304962032283,0.044806501152465136
0.06251955030703923,0.3019174329642669,0.0047336605520815235,0.16944966675420758,0.08516956525832726,0.04221714426591891,0.00395907629116141,0.05622210522978381,0.028355873697108736,8.347381731896501e-05,0.07830891942239665,0.01112905798083376,7.515609772727324e-05,0.024044910677350356,8.078423170106283e-05,0.05995822358971371,0.026218465541845606,0.04555693332121734
0.06354296401220311,0.2999352387311207,0.004601849185242607,0.17467918331189725,0.08710210059903649,0.04139067400174115,0.004008057232536342,0.05662465128991452,0.028464771209839874,8.956434044326325e-05,0.07365079495482055,0.010988311085880768,7.325180085741537e-05,0.024434439476278498,8.546792530312515e-05,0.05754517802459602,0.026526127251807533,0.0462573755664811
0.06549707803606095,0.304912834899825,0.0047785365240045705,0.1749567222205851,0.08757357262112865,0.03879463239456382,0.005100902324005424,0.05672763618612328,0.02937362528689904,0.0004005106401486878,0.06764649498482933,0.012093894770163049,0.00032839100744809925,0.025215354692927575,0.00039482423029770305,0.057452756812101345,0.02317293023925437,0.04557930212963405
0.06787382219613944,0.3054459895387377,0.004093705972185561,0.17589794032207445,0.08898426725655255,0.039154596921606395,0.004429644085743246,0.05671366088950267,0.025794794489825808,0.00010265489049549962,0.06768200747095847,0.013033717982845817,6.86140447974217e-05,0.025926126483028444,0.00010049394467547549,0.05735603791000259,0.02230746579505976,0.04503445980576856
0.06515781990652196,0.3044831649392708,0.005643944434714502,0.177375986561319,0.0937159090733274,0.03965105801241735,0.003809109112655792,0.05393142827456642,0.02514958804911938,0.00043562124968381976,0.07031662689155738,0.011973663040983212,0.00034530462373934164,0.027104983167641174,0.0006149630730592166,0.05320358177617304,0.021911932701649074,0.04517531511160111
0.06573612017015147,0.30436469103938113,0.00559037448616172,0.17760379801097986,0.09390219470097236,0.040041718530677346,0.0030776073166869575,0.05545191299622215,0.025268323862458135,0.0001008986798517547,0.07204196495240328,0.012084711971073837,7.176817089528971e-05,0.02636658026837403,0.00013404615886286066,0.05352120779225995,0.02102265371245534,0.04361942718013247
0.06552850363406915,0.3038115993350732,0.0062755664453787285,0.1761515490988005,0.09592270140378209,0.04062108057176791,0.0023896981016284665,0.058372675725204486,0.026233453936301998,0.00010910270270833526,0.0712181087294535,0.010761759113187252,7.343583630657631e-05,0.02270005458990039,0.00010560050571300529,0.05087610099708303,0.023076844131125134,0.04577216514251548
0.06542746276004364,0.3025744926702849,0.0072175303026311725,0.17612465849054595,0.09613836749460686,0.04062752838233851,0.0019134399500543773,0.059073559229729095,0.026102641771136276,0.0001732472221293844,0.07211365501952986,0.010239337940594753,0.00010953787508369186,0.022233366463058544,0.0001601736705528443,0.05114041322500122,0.021919794342981924,0.046710793189696835
0.06567551100348303,0.3018573713081942,0.006446600426552763,0.17717754331021193,0.09581783381458676,0.04011511190378227,0.002914068459190943,0.05863945282055678,0.026126572865614744,0.0005039990681658062,0.0728674817423489,0.009911315970646272,0.0003720770810892757,0.02221024408144876,0.00048548658260612305,0.051481486289251484,0.020388154607846612,0.047009688664423434
0.06680183088670393,0.31695489681320627,0.008906445499606534,0.15964949854114283,0.07234628019293747,0.040714084919259486,0.0036716473283932194,0.06069142297117244,0.028652874860293207,0.0007396406203981567,0.08318368867857942,0.010612477543146044,0.00039241718183463203,0.02240594177102666,0.0005888760797318195,0.04973319279010938,0.0268244663014717,0.047130317020986925
0.06815605951280558,0.31983818889509363,0.009594780638843553,0.157261482315013,0.07607724310026814,0.042606940645662186,0.004217083366844503,0.06436604153983615,0.028634070871138985,0.0007277669695396364,0.07934330406388558,0.008672309473354104,0.00038651586615310994,0.019718100993996228,0.0005768535312266957,0.04717395105153016,0.02433385928900189,0.048315447875806695
0.0695164406177238,0.318250791708946,0.008803574978869423,0.15725998196065896,0.07897409430589708,0.04285249575166656,0.002887611751706099,0.06414039349373096,0.028289181550970266,0.000183111629984751,0.07957799918391088,0.008134934351144534,8.480835192922166e-05,0.02008424348245113,0.00014414282557351942,0.0473347986270896,0.02476635572799677,0.048715039699750176
0.07071853639746337,0.2822171688033686,0.01503055488706664,0.16397172183014347,0.08882976894072768,0.04071311991741283,0.0005596997204502844,0.07017154680783425,0.03071068442413455,0.00011228583810859855,0.08341276393990167,0.006447283356224444,8.68468045546939e-05,0.023127995654939726,7.599140057189224e-05,0.053264239980536886,0.02050249474412215,0.05004729655243402
0.07061082686276358,0.28189298863707,0.01502663751948677,0.16408594312825428,0.08881162651188508,0.040256408113894755,0.0005627245114632463,0.07041134753112348,0.030700993477055787,0.00011266528584852648,0.0832627536018965,0.006605854892420968,8.803050668001939e-05,0.02304232253553083,7.784868704551979e-05,0.05345094790862558,0.020865280586668172,0.05013479970228672
0.07043368049612045,0.2815541714932466,0.015499617047232628,0.1637170929857554,0.08780340856127128,0.039440110482723986,0.0006842234790103573,0.07157170534663723,0.030509147097643845,0.00010859084007145862,0.08359741611366044,0.00621906340845103,9.309905663078385e-05,0.02209035401427041,7.813762080680729e-05,0.05456525424327265,0.021433274124855486,0.050601653588338465
0.07132198203397198,0.2814661075076162,0.0158327402762266,0.16406590819858655,0.08823267159550782,0.03869978518549094,0.0006799290743893884,0.07087022541387715,0.030563894418475953,0.0001101323111323417,0.08404785204291497,0.0061159665305945375,9.47554366916419e-05,0.022836127839049675,7.784207825649217e-05,0.053526080108830934,0.02119538758948247,0.05026261235890438
0.0700668140768359,0.2781326265666688,0.01560034605658376,0.16762500825341514,0.09135454931394253,0.03569247212492524,0.0004672052927116897,0.0685621801906937,0.0297608723164583,0.00020167083618799025,0.087059751492874,0.006964777359298724,9.617900692157021e-05,0.025573875502185227,0.0001106374173423579,0.05320170193870031,0.016689404234882084,0.05283992801937267
0.07027525551338627,0.27733464758598825,0.01575070722462424,0.16743501274483621,0.09134352436835079,0.03625156083883951,0.0005091923963424316,0.06828204458583577,0.029605703567710934,0.00028521045355906063,0.08617579543568925,0.006406877415032876,9.317070483716262e-05,0.025787020186840464,0.00011157884476062004,0.05433174951935195,0.016949673593721057,0.05307127502029329
0.07178310343392796,0.27391539129804726,0.010249076235615185,0.1741938581133923,0.08562269014602794,0.037417228751074644,0.0012432368663655166,0.07302173101677907,0.029896658506457664,0.0003154101389207021,0.0877275574042188,0.00541200516362976,0.00011315216585226129,0.02337350049654953,0.00020098630539074232,0.05358419070668482,0.017684687143614167,0.05424553610745106
0.07177782912273964,0.2739808918667909,0.0102696000052226,0.17411964989279413,0.08548320688706224,0.03750454509498228,0.0013091085512617418,0.07281499919104485,0.02995436980292508,0.0003132120009585993,0.08776471730735795,0.005422159919087498,0.00010874997299284264,0.023450636662564833,0.00019505004582082093,0.05371643975343937,0.01766426417243299,0.05415056975052157
0.07352026778082442,0.2732571884205129,0.00954584087712821,0.17567783351803168,0.08481703528267637,0.03660964157052883,0.0008847414142181326,0.07357721049060516,0.029332179403346564,0.0003268257539699942,0.08810055537002212,0.006041334902184568,0.00010682455208080187,0.02303862088215973,0.00019244352373992332,0.055197308841717176,0.016319019817439794,0.053455127598813636
0.07351171776576414,0.27325083567897,0.009525144422306876,0.17568380321938237,0.08475765483226946,0.03663217331540165,0.0008838221249309094,0.0735711401801513,0.029330768609075665,0.00032919784695874986,0.0880692571864988,0.005965708908292331,0.00010273043044902529,0.023056836892626005,0.00018736358979119826,0.0552626249952919,0.016401653677319734,0.05347756632451993
0.07183227998483553,0.27269771827048944,0.00998360155029903,0.17629894390841325,0.0836962113174762,0.035407309473156415,0.000760168123498935,0.0745467847326255,0.02869675612990575,0.00024312133285424442,0.08950136923377203,0.007252882246063381,0.00010107841368289245,0.022323259832199873,0.00016033778015123334,0.05490315441248556,0.015950915141510917,0.055644108116579834
0.0721179098931501,0.2728029452825892,0.009785425372065872,0.17585766558495958,0.08385981431588685,0.0349597184871376,0.0007100610581088291,0.07491797693537988,0.028460193051239785,0.0002403496849248535,0.09004120139744204,0.008883437930831566,9.741537933981604e-05,0.02183325211466014,0.00012497733513311166,0.055067534562551465,0.014748258809298065,0.055491862805299275
0.06919404388114254,0.27264774914665046,0.010312891907363068,0.1753637073814297,0.08337328750056322,0.03407137493847406,0.001716354583961009,0.0726091936763193,0.028511052109223053,0.0009484457585073951,0.08849775630165614,0.00950540478604061,0.00046575516346832285,0.02237480097500488,0.0005841794221208468,0.05565333359274156,0.017897434360251104,0.05627323451508258
0.07005216644055376,0.272504319109292,0.010429529291962888,0.1755244241536346,0.08408737603318771,0.03439297971607856,0.0004948188923063711,0.07321567729393015,0.02858000614558748,0.00026355117484035644,0.08906898351908728,0.00940136319834329,9.20157980811149e-05,0.0220220831807258,0.00012708815638848444,0.055589668071465634,0.01811009197336961,0.0560438578511634
0.06837070670019708,0.27205932419916046,0.010295298770849106,0.17412672790433842,0.08242298580843835,0.033647745357724926,0.0013072593309260004,0.07524646321075922,0.029931967958615663,0.0009275143964451323,0.09020217740517883,0.009583347779488062,0.0004184795893769028,0.019965717447815258,0.0008162801217596032,0.0561557641115877,0.018664709110192457,0.055857530797146886
0.06866440044310487,0.27166548276630187,0.010652334950015803,0.1741634659774169,0.081408369098152,0.03395005905481614,0.0014707946938298663,0.07598680263359786,0.029702379860107903,0.00093387532535761,0.08996045944019809,0.009518899078241713,0.00043002951309339276,0.019851404708070054,0.0007683408290616028,0.05660964471159737,0.018456445238911903,0.05580681167812523
0.07004505736108049,0.2740307905301802,0.010667345948973204,0.17521047227313766,0.0842281586714587,0.03265954916928188,0.0005047888132054513,0.07684471428244001,0.029147724557193742,0.0007007246426843795,0.09200965736160811,0.009013274111384575,0.0001508095417150951,0.018924392919067817,0.0004059948517713518,0.05554722908737168,0.014129482105215335,0.055779833772225666
0.06986228609504924,0.27427437876737165,0.010267928908883756,0.1753109826090468,0.08479620927129494,0.03315500069041615,0.0003310106635149537,0.07564019281587249,0.029260808742636618,0.0006275645823051846,0.09188718956096141,0.009078300074391664,8.322273396909542e-05,0.019438653145389045,0.00023501941168685333,0.05515570724039513,0.01492995404528245,0.05566559064153163
0.07009671223224918,0.2741286014932413,0.009662642893332768,0.17603954047459908,0.08503797028214466,0.032374396609964204,0.0015480758603569943,0.07244461127837364,0.02888619169721658,0.0014568684254911179,0.09161820077786746,0.00951716636180636,0.00048735377288430917,0.020991868662513118,0.0009443048556056097,0.05496127829322175,0.01348312678020143,0.056321089248930555
0.07181763836871974,0.27374269035306426,0.008941453807212443,0.17598508540285063,0.08543693996940606,0.03264150410949581,0.0004617796941983681,0.07175267129827281,0.028749157076974622,0.000608446746037293,0.09194716519269343,0.009573333828263062,0.00011312606641044186,0.021822814828137044,0.00023625489149078284,0.05487395595243076,0.015280122264816917,0.05601586014952565
0.07247954283920613,0.2753995364721019,0.011666110961940373,0.17429563371999576,0.08723269080382035,0.03036731538548254,0.00046660292962156575,0.07010698596633055,0.029568458137313514,0.0004594020459072212,0.09388824587211786,0.008703477460820572,0.00011490865893157484,0.020413301094668095,0.0003384200936260941,0.05621494573453715,0.01203680431757484,0.05624761750600395
0.07264261125529851,0.27530023118538466,0.011795009366390835,0.17433362652814743,0.08747650200020704,0.03002202466744565,0.0006966704135748685,0.06986656916523162,0.029584294242994913,0.0006643142757985086,0.09361385610228905,0.008690623182764205,0.00019945102411772042,0.020468593191807653,0.000519894629293452,0.05571367206445616,0.012024040764005156,0.05638801594079927
0.07352463878986822,0.27531737895620184,0.011196858167460438,0.17507550799815277,0.0874888795327514,0.029848983524755096,0.00046442903459339475,0.06978622326909145,0.028938771454340827,0.00044047001242844043,0.09426668862271013,0.008770669433066081,0.00012103624345032146,0.02015789482981808,0.0002057110077243503,0.05577170056546484,0.012860396548920431,0.0557637620091982
0.07276581797478815,0.2753473997208839,0.01150230465667128,0.17459098984903804,0.08692486970621072,0.030877108389469967,0.0004595548811794599,0.06895410410280238,0.02873054664378191,0.00042452293565821853,0.0944587501124466,0.008910615984116247,0.00013365169900793575,0.020996374676174778,0.00018657316279076843,0.05643309306319067,0.012853339532071776,0.055450382909717245
0.07420731869669456,0.27643637893273165,0.010814375452505473,0.17622977598865383,0.0863769065694494,0.028339014863876955,0.0005201838000268047,0.06910750548481175,0.028841361268167505,0.00043133583186436784,0.09520978940488874,0.009222473045285883,0.00010437053135807186,0.022765555565020346,0.00025883680515424967,0.055075126547776694,0.012643650267332943,0.053416040944402415
0.07382199568144707,0.27619144930601225,0.0106186965425342,0.17659783933582046,0.08588076647831723,0.02873741859636793,0.0005046219474452612,0.068556188115295,0.028891225144364905,0.00043929970852837034,0.09504635207673506,0.009204053102959363,0.00011690963943283532,0.02314231751495532,0.00025686316546944394,0.05518392532858403,0.012935260227080317,0.05387481808865107
0.07362531658843696,0.2762501920638866,0.010702748587571498,0.17670979913431353,0.08582429134409653,0.028762672092102214,0.0007701903070632213,0.06859386441676364,0.028815607353606824,0.0006016873820530918,0.09506259703801921,0.009134441028981815,0.00020120904094290208,0.023037145041757405,0.0004210646349307378,0.05506098982687381,0.012559992191457292,0.053866191927142884
0.0736165451301807,0.2764156830649525,0.0115636486554163,0.1758693527068468,0.08456883401905456,0.02830299680819823,0.001757925287077085,0.07004566094649571,0.02893577133366367,0.001369772593567534,0.09410204923635876,0.009317226989554103,0.0006121656776511562,0.02076886703910125,0.0010289913437080077,0.05508039479330117,0.01311225679906891,0.05353185757580357
0.0727089296016737,0.269857289361741,0.013604997525511411,0.17223771978802474,0.08649354207415813,0.02815529145796615,0.0004086125331854691,0.07382893203813555,0.0300550439205565,0.0003270995746375352,0.09529842922535639,0.010309912389050557,0.00011594409361947335,0.018568626953653678,0.00033574358332106853,0.06031708074056158,0.014693055896462161,0.052683749242379264
0.07319805254918593,0.2696636923215715,0.01325208529702623,0.17230151601048482,0.0862083960909307,0.028131046285532757,0.0006396192525514792,0.07346433816203995,0.029810907410200062,0.0005148142829647615,0.09453790530993625,0.010552219863560383,0.00019981932984586157,0.018803457975491215,0.0005353506742845267,0.06091494127878457,0.014830715600605837,0.05244112230500613
0.0699352340437488,0.269225316418861,0.014563025473433733,0.17396922167207643,0.09263537679990158,0.02978851269044327,0.00015472118064499893,0.07242178958395806,0.029305024385948356,0.00030707312113966936,0.0930636679595688,0.009797698048781932,8.886084840544552e-05,0.016725527620017413,0.0002220306565216089,0.05983585831782596,0.01618572828055927,0.05177533289816517
0.07004902774111332,0.26727123999816615,0.014324680558695787,0.17495740819458666,0.09308405769637647,0.02996242717192951,0.00014986206632772162,0.07211142794425184,0.029507604804882383,0.00030104752914234185,0.09298318718865964,0.009443099868853704,8.842056260087998e-05,0.017317989545116107,0.00021486281533733982,0.05968133012442153,0.016512853605227997,0.052039472584312595
0.06836756929445391,0.2636309608237821,0.012232817572943722,0.17824272549061046,0.0935549522292177,0.029033734309504605,0.00012496230569758508,0.07523264496014362,0.03086409848119603,0.0001763720466308867,0.09363455217093425,0.009558195334261086,0.00010018268709267735,0.015028087901934922,0.0002119498105204276,0.05894592263134753,0.020476837329346582,0.05058343462038464
0.06755428918327089,0.2634286035129802,0.012447558301530978,0.17834056144415042,0.09361079877839017,0.029041110295455985,0.000197747882463687,0.07530144007265979,0.03125101494901162,0.00029894594914393674,0.09336661157434123,0.00957018174713379,0.0001558249741540447,0.015114590167591788,0.0003304495518624111,0.05892296884359158,0.020662903709291323,0.050404399062975946
0.06745337754752793,0.26362285527917745,0.012576045455404083,0.17822133990180528,0.0936054097056956,0.028821815945369825,0.00013433236487008933,0.07494889370027923,0.03154007671473243,0.0002255069635513491,0.0935387261361604,0.009638301277882825,0.00010425609181872236,0.01531017710532112,0.00025744990971967343,0.05884772519059477,0.020731162238303718,0.05042254847178288
0.06878312939180344,0.2649109518979756,0.012398696454080625,0.17745177778583074,0.09365921347426583,0.028935516864106267,0.0001283153804451341,0.07512929897080975,0.0313839528140439,0.00021594698003814657,0.09259690931562259,0.009796241006065702,0.00010391848902968479,0.014826442476738049,0.0002700475051282804,0.0584441161661662,0.0205661037219791,0.05039942130586585
0.0710997333567368,0.26683391958216374,0.011139309526404111,0.17746348905936235,0.09135800007062815,0.024490119032447764,0.0001245314193844145,0.07702493468298462,0.031160551421221254,0.00013430630693415886,0.09478409910401239,0.012866106117167595,8.971374020159121e-05,0.014685892027894422,0.00029831948387941447,0.05878547468622598,0.019482334086118113,0.04817916629623311
0.07185302377201094,0.26694782887650625,0.010768805732078755,0.1778310841845352,0.09097707352373126,0.023951803579670413,0.00012054006315170867,0.07715630293826256,0.030862165528787254,0.0001328936696994956,0.09518490200160619,0.012809442905367141,9.105432205371543e-05,0.01447929832743361,0.00027731282057555644,0.05863015901491728,0.019506894611329324,0.04841941412828415
0.07262213954923973,0.26635795526385836,0.010686054414453318,0.17768609859358403,0.09169247808160927,0.02509789797480037,0.00013164400953708053,0.07641513759144133,0.031383066300372436,0.0001234889325387163,0.09409465879410132,0.012804101021097641,9.940479050386399e-05,0.014554722478578395,0.000290889449987262,0.058224366351722553,0.019877419170049784,0.04785847723252445
0.0721847801511454,0.26628147348965403,0.010706763697316041,0.17759177889014338,0.0906515976783531,0.024866776492993906,0.0006915731471052898,0.07628723608679415,0.03139623809189924,0.0005889366841257163,0.09408161830249681,0.012721475901337318,0.0005209506073162841,0.014569460030257117,0.0010732665394001877,0.05832994775123833,0.019713732295274494,0.04774239416314899
0.07211354413694124,0.267065047625726,0.009557996006265418,0.17898092885272948,0.09240691921590581,0.026290005218633682,0.00017149602777972065,0.07751106515554897,0.032167365322124886,0.0002008690290400917,0.09396929505033169,0.01230074277619408,0.00012726748246812613,0.013217443832881443,0.00047456370938583805,0.05840477216463268,0.01922753043963213,0.045813147953778756
0.07270155821480717,0.26712967561767237,0.009729686712052512,0.1790061530590107,0.09256910743497757,0.026300108761907522,0.00012432591067598436,0.07773191735349831,0.03160952837082342,0.00014152004632816715,0.09392568519183088,0.012114641651194785,8.890894356897698e-05,0.013107049841400776,0.0003595398919675999,0.05831494294041775,0.0192706701563618,0.04577497990151188
0.06649464678248372,0.2613934517382802,0.0090970682332742,0.18017114486473365,0.0945047117689306,0.027802032264078992,0.00010727827120245063,0.07697415563639975,0.03332747820550592,0.00011572520957646405,0.09607790898699028,0.011890077422019784,7.961742293963251e-05,0.011085744905803302,0.00030707629292836525,0.05791721785711802,0.02417777085350829,0.04847689328422965
0.06644459213332715,0.26143137427643676,0.009065784661276702,0.180201904991492,0.09442724195208274,0.027803238596557894,0.00013782193380678496,0.07699239849881948,0.033358922504053215,0.00016310923430456735,0.0960470128271735,0.011851592359974152,0.00010514199479040594,0.011049319842399362,0.0004034869656114023,0.05796398663343891,0.02405467087580392,0.048498399718650866
0.06568641753770797,0.26157990009827453,0.008452948342174978,0.17869100815908914,0.09548308448046855,0.027861620682153938,0.00014058888472658412,0.07672276538455927,0.033640008184915575,0.00014483545637381076,0.09660964002459237,0.012270359535569016,0.00010333004863461196,0.011262651144444706,0.00030366717797850344,0.057820683895863395,0.024925308852143318,0.04830118211032059
0.06540040936358768,0.2614589252097804,0.00825677364042076,0.17863205791209597,0.095479849100676,0.0269568869256064,0.00011057166516557965,0.07653470727150012,0.033798362818113326,0.00011009631128778549,0.09687842405772916,0.012684869208144994,8.211682817701511e-05,0.011426931173599242,0.00023540411095900927,0.05798090728678324,0.025301443417558585,0.04867126369881399
0.0633416470101137,0.26213050350818873,0.007210319138698137,0.17807675077939614,0.09138147530538979,0.027278357373300418,0.00011065993270217457,0.07940552331817942,0.03448661972677388,0.00012482167725073854,0.10150952670346529,0.01328915986533007,8.434329354112568e-05,0.011585626586861297,0.00022565522074486814,0.057651304565099384,0.024922122675443963,0.04718558331952087
0.06235496971726491,0.26222463501927423,0.006608911490019017,0.17824158823642472,0.09118228840223223,0.02745459984179059,0.00011410807412304616,0.0794032830828943,0.03466398413948402,0.0001253501154337016,0.10190095089976105,0.013312822345649192,8.87250595096661e-05,0.011499350407708523,0.00023628832535615047,0.05762734059891402,0.025636850106769138,0.047323954137391655
0.061123286040757153,0.2622743076244302,0.006957313450933921,0.18009600000928805,0.09264990569228597,0.02706888378647429,0.0001274392336266674,0.0791881701335251,0.03517582030661192,0.00011452475285029884,0.1011965167611795,0.013931828575243645,9.028155316675803e-05,0.008221725261003185,0.0005069904317259578,0.0578731746760735,0.025057929392763446,0.0483459023180604
0.06135622046253987,0.26116881767478933,0.007260075085456975,0.17955422181394975,0.0945015732595419,0.026960892718205082,0.00012580551315556428,0.08010313224206599,0.035285909206952654,0.00011443906594023406,0.09991210870818062,0.01364865579391062,9.332844696189954e-05,0.007549732130077159,0.0006015919978179887,0.058473215111851225,0.02475783878729678,0.048532441981302896
