0,1,2,3,4,5,6,7,8,9,10,11,12,13,14,15,16,17
0.05555555555555555,0.05555555555555555,0.05555555555555555,0.05555555555555555,0.05555555555555555,0.05555555555555555,0.05555555555555555,0.05555555555555555,0.05555555555555555,0.05555555555555555,0.05555555555555555,0.05555555555555555,0.05555555555555555,0.05555555555555555,0.05555555555555555,0.05555555555555555,0.05555555555555555,0.05555555555555555
0.055665290064661956,0.05600586276035799,0.054262568770877345,0.056663866571047064,0.05678067238527671,0.0555408309029452,0.054891386503365606,0.05619787788374343,0.054236484799974505,0.05610314712154098,0.05354555781264649,0.05676867229946335,0.055263915352113155,0.05653736211628714,0.05464042990600134,0.055758295263881694,0.05608822516106603,0.05504955432474998
0.055374699032434416,0.05548561062118217,0.054344588549544035,0.056749506451930394,0.05686648600089946,0.055624769440770494,0.05473824314860402,0.0562827964819406,0.05276294455013232,0.05521658296223013,0.05476492190482623,0.05704917287607163,0.05524204083910301,0.05619097498841432,0.05472300909017347,0.05947727937351663,0.054389715438166654,0.054716658250060016
0.05553151374909701,0.055326450354440254,0.052999620746801,0.057173654500857415,0.05733290394252629,0.05606744511909122,0.05461464384322479,0.05779936342240726,0.052057606563082955,0.0563768582948831,0.05437650198027055,0.05788280884743341,0.05550340230250388,0.05625415852216302,0.05430412826067731,0.05568623668900106,0.05391273060295032,0.05679997225858902
0.05559244708949471,0.055724537353280354,0.05417591535839473,0.05709221024812258,0.05716895908439702,0.05605406239540403,0.05446175821521217,0.05869571433579994,0.05256240982412,0.05592540183977363,0.05386783722675052,0.057800499424254505,0.05548405768396013,0.056074277510535696,0.0542435690795378,0.05530770843905158,0.053241703595031165,0.056526931296879586
0.055970389617357015,0.056361338292731274,0.05420504135870806,0.0567895067517432,0.056498900394364254,0.056117427388054066,0.054597404825134116,0.05580831339302687,0.055451692712427336,0.05496916619452168,0.0544285638958301,0.0578374631990334,0.05558401231103346,0.05632059923331419,0.055171749566596366,0.05561169872575957,0.05355302604974602,0.0547237060906189
0.055800527885977606,0.05627350839913779,0.053961391011812736,0.05646008269599807,0.05613361443085628,0.05598304286498063,0.054698188921561954,0.05564008501015414,0.057904658653328965,0.05488700629761209,0.0545728581230026,0.05728471773441556,0.05568661680224749,0.056933902278586905,0.05492376155198405,0.05547223364389782,0.05418627054875782,0.053197533145687426
0.055035230567752474,0.05674094019396085,0.052659522054406036,0.05603544154471141,0.05541654989578284,0.055522549015648064,0.054984534664928836,0.05594470082363819,0.05880388807678531,0.054721327273265466,0.05489965133159714,0.0572279711440275,0.055460096727738266,0.05666639672412088,0.05528006344867145,0.057099416901997095,0.055261122355150065,0.05224059725581806
0.05491851533064155,0.05663735281657049,0.052816579982505794,0.05585944728643929,0.05502499170476213,0.055440701782575354,0.0550109086701738,0.05604787711963916,0.05946381058136414,0.05460650272796781,0.05423448297673892,0.05712349897481276,0.05535884811991139,0.05661676285291856,0.05517913854781454,0.05677554138011726,0.05693960335227147,0.051945435792775475
0.05520710240102399,0.05677823830583287,0.05307888984530682,0.056263776218536656,0.05565067339082811,0.055576056138539415,0.05571616827399556,0.05713682137265201,0.057231634237079686,0.0545170163165493,0.05369378733857535,0.05674764323705413,0.05537093738731025,0.05744275836886114,0.054642403732604414,0.057498755651232185,0.05564760454148324,0.05179973324253487
0.0556246960897021,0.05698799284035912,0.05447508729259837,0.05578652689628598,0.0549325105616391,0.05495039690488399,0.056273497946769196,0.0570952662063774,0.06104500916306895,0.05404988466776233,0.05333995538139355,0.05680218602384881,0.05538530021005636,0.05718027825118587,0.05496208798289031,0.056261079555116104,0.0545001755628663,0.050348068463196026
0.056174514985210186,0.05742038101576127,0.05530840779710533,0.05623880523769187,0.05539045218040099,0.05505753787428221,0.056945514640656524,0.05493120883421765,0.05371701201036305,0.05438297447104898,0.05583768114276995,0.05702991139160862,0.05519821371014614,0.05840455972848004,0.056851585597370344,0.05515962192759613,0.05329343220450941,0.052658185250781336
0.05594366070932295,0.05733335444956528,0.05522457484406987,0.055712810859094825,0.05544436575694989,0.05540221799658758,0.05673286486928759,0.055079917465655576,0.05459167622160681,0.05440467948844509,0.056256943323213064,0.05684680409784077,0.05516693334558505,0.058298173257548255,0.05687543627693703,0.05316588909375251,0.05454298482642738,0.05297671311811035
0.05603395983897562,0.05617627036176654,0.05337976652252997,0.05671570438761973,0.05728474946190336,0.05764941640770401,0.0557583441600692,0.05429899373512555,0.05237430478717047,0.054485455843510514,0.05667350894511275,0.057184357192509916,0.05520744094083758,0.058113772881849005,0.05656364175901748,0.054669604381574526,0.05432838693050642,0.05310232146221741
0.05532659534979222,0.0560252889522594,0.0533682456403992,0.05635869371313112,0.05729912359084766,0.05847402021683068,0.05569045381273861,0.05433887080021639,0.052316694840552305,0.054480636759388544,0.056744918890925894,0.05722635917992658,0.0553532626479475,0.05812051084092687,0.056384075501037044,0.055136333858340936,0.05481393302054844,0.05254198238419067
0.05527354286541584,0.05496277541579972,0.05306752368336083,0.057493010635549506,0.05788513005757369,0.05869830150800865,0.05631227916819382,0.054334715482469674,0.05102163692525471,0.055126373744724,0.05640267119263604,0.05770296325218927,0.05523392590777163,0.05856969214288754,0.05605964462684023,0.05524780737789228,0.055159738833925304,0.05144826717950733
0.0550920675516987,0.05522463523541239,0.05317692677266833,0.05733795687215856,0.05775658035613584,0.058929359454207624,0.05652156839943108,0.054638612412769134,0.050692742081890126,0.05469500443151162,0.0561912568101126,0.0575473446057797,0.05539933398074571,0.05857274087591488,0.055853429419844274,0.05520496991772127,0.055458213453791885,0.05170725736820645
0.05483701400339207,0.054248342213933556,0.05302454970313882,0.05737213868707373,0.05822108638379452,0.05934039531600793,0.05616764326700175,0.05500547066629906,0.048842494899412454,0.053781878203058714,0.055936527394528486,0.057565520852524095,0.05620565013390784,0.0583875202654129,0.055493432966073744,0.055734865975788764,0.05615721170160067,0.053678257367051015
0.054815927921753986,0.05425916745852113,0.053035124346597094,0.05741265530160259,0.0581236082422337,0.06010304401474217,0.05621457209163135,0.05515142942762401,0.049183283831638794,0.05396916476294726,0.05587569151208711,0.05757700697097764,0.056044163675901065,0.058434556532617116,0.055504508842759995,0.056060943045518674,0.05572615360156684,0.05250899841927953
0.05461184515663158,0.05358624419652037,0.05223952187456961,0.05677591969505015,0.058186260966061255,0.060588965955258076,0.05580661901192928,0.05463505091613924,0.04871065622489934,0.053854930183204475,0.05556467122897743,0.05684165469388607,0.05613321901023695,0.05905344739668953,0.0563221427197373,0.05596365228247474,0.05683173265975175,0.05429346582798283
0.05472423270149015,0.05353509626756342,0.05169700817022867,0.056850601342964484,0.05781031219443203,0.06052071247012269,0.05570821945041386,0.054362857280341674,0.0484825823906641,0.053686244548923415,0.05576016812141826,0.05731650935615031,0.055947896148182935,0.058736565087511364,0.056659084943366154,0.05786390875265279,0.05673151869475379,0.05360648207881984
0.05528885463511378,0.05481459988862652,0.052398272615966406,0.05742959853001654,0.05843624372692662,0.06057936815607843,0.05601367356967944,0.054167721286355545,0.0472577140378877,0.053504088223371944,0.055572254146743216,0.056388838204841425,0.05647745824073774,0.05819819941409085,0.05676976383136245,0.0554962122411111,0.05833791974080971,0.05286921951028053
0.05503775008877113,0.0548355408519638,0.05256803619867073,0.056361780797059405,0.058594902453187575,0.0620651282289868,0.05560663380842167,0.054039995283107656,0.04812672908178982,0.05333331935875658,0.05568130710913571,0.05641036901962296,0.05641290779897718,0.058114318508486404,0.05651945718605801,0.05562236642401756,0.05836020162197129,0.052309256181015826
0.0549817568717285,0.052102278819698714,0.052215973976817535,0.05771555960484873,0.05993671813370613,0.06134262358370287,0.055309493685708554,0.05315984558629204,0.046681191470808896,0.0548953851262843,0.05634958369723381,0.056826999697110435,0.0565967618675376,0.05875319814097925,0.05640168548323812,0.055256914029680484,0.05909169869981827,0.05238233152480568
0.05507648112890063,0.053053711762095605,0.052283868192168084,0.05759070065657909,0.05987107066496593,0.061245260271817245,0.05491310596280196,0.05324898233358213,0.046881179148370186,0.05457774350351958,0.057128455782009493,0.05708117083970633,0.056996581993113395,0.058697992215408355,0.05620074622710479,0.055221828364480224,0.05815942421888139,0.05177169673449554
0.055161157253812966,0.05212083302059717,0.05199829661022093,0.057398652024426844,0.05913924308387788,0.06031085508317936,0.05468302507080947,0.05369768174401394,0.049528122870215574,0.054021764786653735,0.05866016085635204,0.0575134178905714,0.056345877455609754,0.05819009556988203,0.057099426613896644,0.054550248709846996,0.05890236583835556,0.0506787755176776
0.05542896720569993,0.05221298154984568,0.052543891633059524,0.057253858509979355,0.05846608589004753,0.06051529075068163,0.054696557920345786,0.0535755907889945,0.0496498785288917,0.053813573699842236,0.059552875602892255,0.05743524416096714,0.05636569579604397,0.057444202511264954,0.05747366159162775,0.054384856267263554,0.05827889817662441,0.05090788941592794
0.05634055624320436,0.05255942758903383,0.053176628694938756,0.057365293361319285,0.058747331488752025,0.05994579273450325,0.05425574392617958,0.05351674971790113,0.04737444192449395,0.054049718226505665,0.06012635095459887,0.05670845049142517,0.05619150606571683,0.05790653039629502,0.05717597928429591,0.05430682839463914,0.0593141070458608,0.05093856346033648
0.056081648941034526,0.05283844804706226,0.05368770522777053,0.05692935504934028,0.05861807245231262,0.059880653696353474,0.054556531652916726,0.053614226916878734,0.049733542624559986,0.05374868808353506,0.061926961568513975,0.0561287963537139,0.05385659468362198,0.05762809344392247,0.05751510117527243,0.05421269853611595,0.05876610781711971,0.05027677372995524
0.05558036421187016,0.053119132603132675,0.05273780064073359,0.056149453499024414,0.0585982965300579,0.05951552456930272,0.05531351314383354,0.054075923794185264,0.04374217771586088,0.05376763825597117,0.0655459134785687,0.05614510574247723,0.052949342364541845,0.05786878932874913,0.05823441359820162,0.05442751830669738,0.061560739582220775,0.050668352634570986
0.05557846429993057,0.05311010353931708,0.052674754156090756,0.0559652048170607,0.058803028571553,0.05958014682067077,0.055498844061534366,0.05405206825960426,0.043115023585957535,0.05336244737466641,0.06559334354297922,0.05607799293687063,0.053005279442509864,0.05737185758428068,0.05849372484637199,0.05446822486702345,0.06148715892586742,0.05176233236771142
0.05555852246236655,0.0522662462669598,0.05338370400113266,0.056185255088160364,0.06002692996852144,0.060587384909362406,0.055403810740744706,0.053475190125305466,0.04255450709343898,0.054311624347225924,0.06562418906401798,0.05562650466699708,0.05247191443614236,0.057954081585584225,0.05794927019047674,0.054836013120038864,0.06049778845879105,0.051287063474733434
0.05498283612979416,0.05179248570334419,0.053010139572886104,0.05614061740483046,0.059478611971833205,0.06060494864538861,0.05551119458887515,0.055549102430276394,0.04228462538893196,0.0521109442176836,0.06541136515170728,0.05564997518856828,0.05238565977632328,0.05760918394761151,0.05787290365863278,0.054763741870466565,0.06265577908917172,0.05218588526367475
0.05428178653141138,0.05257455995162436,0.053532638180409445,0.055803115414937814,0.05933041556262028,0.059965491175268816,0.056198856516233436,0.055571264275069664,0.042581744488149526,0.05185100312933852,0.0654351403349318,0.055756146815279586,0.05192788109587529,0.057179418660527365,0.057397484462309224,0.05499654952580321,0.06389824730876097,0.05171825657144932
0.053660081068480026,0.051544045861416685,0.05332194759288955,0.05567031305021181,0.05954219484266185,0.06003175626154291,0.05591824417182315,0.055751122892836326,0.042634113475135134,0.0519212330585335,0.06539165593480183,0.05570295734173377,0.05205388338098004,0.05718826947851357,0.05738725907077249,0.05503948558907934,0.06528968345755533,0.0519517534710327
0.0533143019568263,0.05148588382539621,0.052508601599832665,0.05616491567749854,0.06032527418085813,0.059610370215998375,0.055511729495331584,0.05621980646902251,0.042395953695588726,0.052351766359250596,0.06544735745570002,0.05660393259724831,0.052092629275561395,0.056632644611710206,0.05688426125910374,0.055246274388053934,0.06476226213346785,0.05244203480355099
0.05318570000800153,0.05076936768724798,0.05264577465082975,0.056500569252133044,0.06057816038745302,0.05968293103033732,0.05528897843065128,0.05608823040920316,0.04300106390817574,0.05263211812745239,0.06507565521403283,0.056678512495606424,0.0523450189408265,0.05643977559995934,0.056697396866180465,0.05560569117106615,0.06458831247877087,0.05219674334207221
0.053258938874306154,0.05196997952050733,0.04975961627797484,0.05704386254069539,0.06102816030905905,0.059840647975325026,0.05504930490605352,0.057939508420757714,0.04183768148080143,0.053817529277118456,0.06585008608976356,0.05618609124947798,0.05274441813572145,0.05694223668221043,0.05417595353380075,0.05545143086229409,0.06474114972024542,0.0523634041438874
0.05320273020244818,0.05216219123905732,0.049912579885452835,0.05704760090434027,0.06102849621955317,0.05978265458632873,0.05501476410671125,0.05794548583581178,0.041761232336033405,0.05349748511763951,0.06624395514114248,0.05625399129184975,0.05262351172706785,0.0567207464849429,0.05414128482220079,0.05543237844628082,0.06459273918950925,0.052636172463629706
0.0531779660662646,0.05133589369861186,0.0506660494149206,0.05733090906221486,0.061053593925062405,0.0591393837586074,0.05560712487914847,0.057303312975702146,0.04360270406546701,0.05306372919570437,0.06711697301553994,0.05611761712946223,0.051988829494778656,0.056991733789237824,0.05500791191601295,0.055040190693250904,0.06343031359700987,0.05202576332300392
0.053606735612232566,0.051651379854923095,0.050667566870691114,0.05714434423000581,0.061009456410780843,0.05906961123234239,0.05574210407492241,0.057415167458256464,0.04401580687363665,0.052790443774445396,0.06691027640465076,0.056051409482429676,0.0520658302569581,0.05723209459092048,0.05525468312496579,0.054546593319520026,0.062471412032798955,0.052355084395519495
0.05333868780358064,0.05239561784336062,0.0509405758623354,0.05688194788864024,0.06098316882008212,0.05903458879293329,0.05578010033804776,0.057147912306829904,0.045867075890698966,0.0524010982886961,0.06758628009811671,0.056315372356653313,0.05184486148698397,0.05681414097229285,0.053908383725349646,0.055065081350037424,0.061456663503020925,0.052238442672340166
0.05366162164703232,0.0529841274310485,0.051184950076163555,0.05693930767742129,0.06113599820447907,0.05884235199411513,0.054855582771267876,0.05720803033840151,0.04583248406200517,0.05236248937185736,0.06795479901794689,0.056517880883047954,0.051968869707616897,0.05704796423260351,0.05426593904398904,0.05497726014776601,0.06049443980885326,0.051765903584384675
0.05333828843287074,0.052866870850611695,0.04991551786175814,0.05659077329349713,0.06084003200738049,0.058647495617578885,0.05914796236446911,0.056894454388968736,0.048664734691491206,0.05253849638868965,0.06719609586646648,0.055746255294018957,0.05174360123493991,0.0568206063524597,0.05401756132397097,0.05462562304058177,0.05859195314278106,0.05181367784746529
0.05337286317736417,0.0537428314241155,0.050048016681459716,0.056427366452627525,0.06061328814088953,0.05840252584087777,0.059079927022860766,0.05672456610697953,0.04888905797964087,0.052422454769819334,0.06725969097655785,0.05551339645109723,0.05178213299678542,0.056618796853370616,0.053551480744914705,0.05471309573532477,0.05962487189315552,0.051213636752159376
0.05356585986460296,0.05335579677038461,0.050340739432924234,0.05594459830924287,0.061145439316011164,0.057361783563860354,0.05995981171613513,0.05691135254019598,0.046716681263393435,0.052075484559476574,0.06763121091737244,0.05614380921516434,0.051813137565614155,0.05658086123660563,0.05320181510083493,0.05530359821901925,0.0605232808828242,0.051424739526337734
0.052780075434063725,0.05247447267121218,0.050261108984576044,0.055833671493874665,0.06127215591824752,0.057384161980463054,0.059876940631015806,0.056784880894202514,0.04893709695084925,0.052076259152553775,0.06768600416088356,0.056225708617603,0.05176162983289287,0.05662950158182899,0.0530963321074745,0.055193938377060665,0.06040328502158147,0.05132277618961652
0.05168065559544252,0.05486780166505893,0.05069613363045127,0.056130221488598205,0.06045842226028364,0.0574908480567487,0.05958536003633907,0.05611858897696123,0.04887692578871143,0.05266114266085138,0.06797663365456759,0.05572351308546705,0.051864387145943755,0.056825341084751145,0.052297754070848655,0.05662860138952041,0.058647874841318545,0.05146979456813657
0.051647281698573216,0.05475706795179186,0.05066474533703775,0.056035209662883945,0.06057335977889682,0.057207087586606385,0.059615983684055796,0.05603519651228616,0.0491525189947789,0.052574197307426046,0.06858474942155199,0.055793983530668396,0.05207525662559432,0.056806995035621026,0.052645492713407224,0.05650299845852914,0.0580875057600498,0.05124036994024125
0.051673271567047784,0.055217409316492064,0.050012947509148045,0.05547944095564053,0.05977371670329679,0.056091148881820145,0.05815698818777361,0.05553065118878739,0.05312954901048883,0.052856919922853615,0.06827201154738309,0.055579007644304866,0.05193318119384546,0.05701557713226848,0.05287467327635037,0.055349378960721035,0.06022593188057439,0.05082819512120352
0.05143813876913072,0.05469511356839898,0.05026601267845137,0.05541642681474485,0.05950172904724937,0.05587450728556948,0.05798171415124588,0.055345622992253145,0.05321981961654744,0.052424635844016125,0.06827381022489537,0.055613751918770174,0.05161211340915782,0.05675612783076483,0.0523285609569428,0.05688845315489669,0.06172823391027914,0.05063522782668573
0.05112046201100785,0.05449633225778868,0.05039326683399648,0.05608782503150313,0.05889219667498929,0.056498926536275244,0.0571293987159267,0.05657016338198567,0.048784924657231825,0.05324074987515277,0.0692476016566933,0.05655437923127322,0.052162080221230256,0.057226747838689716,0.052185479086318785,0.05518398676215264,0.06310301032698126,0.051122468900803124
0.05104627771484929,0.05462073017398238,0.05059851333138387,0.05593561091980514,0.058732388310351186,0.05673486529409334,0.0567948044857205,0.056348679429408986,0.0496055740116221,0.053096268861068996,0.06915547344847531,0.05717885318751361,0.0521908021635994,0.05707145734984996,0.05206579385218109,0.054716724362522104,0.06293178201028062,0.05117540109329206
0.05118766484375604,0.05345443396002466,0.049884710791346355,0.05677408601437351,0.059856230502979585,0.056279060262746726,0.05636425375591794,0.057351447611166534,0.04716404814730509,0.05400212441301048,0.07042100186101459,0.05607808604734064,0.0522324864114764,0.05720679739150977,0.052294928285570606,0.055189398860619354,0.06252121555268068,0.05173802528716098
0.05166326376020052,0.053945383194876795,0.05015153428602517,0.05642898969794661,0.05972646518932075,0.05616426986313014,0.05638456362025173,0.05727303502337268,0.04724265540077156,0.05372874413412037,0.06975188583661816,0.057013298365666355,0.052222573533232924,0.057003557530486935,0.05255032560764802,0.055264015485966815,0.061785331849974326,0.05170010762039008
0.052097268263366525,0.05284373651426182,0.05120839267434492,0.056136697590683876,0.05948219374868746,0.05537363619207416,0.05548293556061056,0.05754558551314168,0.050694402624170805,0.054236848447849026,0.07065169377371334,0.055826462091319494,0.05188879392515623,0.057482981946419806,0.05223544636933173,0.05495205391299259,0.06122516311310373,0.0506357077387724
0.05176489046000801,0.05250736833583004,0.05102656335975994,0.0561252382763323,0.05937619760533101,0.055767142655442165,0.05541779294613538,0.05722974039400115,0.050430407801048516,0.0542792774484369,0.07152933898739201,0.057052903695267866,0.051842580037193796,0.05711575325641167,0.05196159281893286,0.05573361788093884,0.060924004205331464,0.04991558983620604
0.05142589358937663,0.05196484090115314,0.052862495860439555,0.056939231869752034,0.06080967088569551,0.05631305722590555,0.054757861679416577,0.05777203173805763,0.05032439297364867,0.0547075567332115,0.0698386846043983,0.05504785202974659,0.05173785771991742,0.05757308341447382,0.05237546514701938,0.05497276194213631,0.061578078902235996,0.04899918278341539
0.051520672846118866,0.05094033521211307,0.051885569275964806,0.05730721402509953,0.061136598337261185,0.056754051911765406,0.05396451454115085,0.05802280169115841,0.048785017064160247,0.05452485419388298,0.07076512036016248,0.055652717796601484,0.05198034518203042,0.05748633649794599,0.05182967285998242,0.055894062770004645,0.06252718543687202,0.049022929997725215
0.051848257615748586,0.051464270185504826,0.050535689979581876,0.05832122867877939,0.06256692290183538,0.05708071384450448,0.05314475930976651,0.057006276485758026,0.047960007449020896,0.05644185369027177,0.06814011217260918,0.05594948577263825,0.05182800839004396,0.05779795581989983,0.05283926088512148,0.05562659177751672,0.06247768681948388,0.04897091822191502
0.0516895132367734,0.05118445159036524,0.04974979241457238,0.05864598574118508,0.06303877486177219,0.057485198819900434,0.05269543749043453,0.05696698217971578,0.048045532773010206,0.05638687838699471,0.06696537363904607,0.0573405616210478,0.05216568230973223,0.05822533695250951,0.05260286768290711,0.05597786982192337,0.061738999012991694,0.04909476146511832
0.052393280746453594,0.05154008475655808,0.049081879572931884,0.05888286247372783,0.06259695817679066,0.05768834055063553,0.05343187810334735,0.057346983679218706,0.04701103549925377,0.057521840469698944,0.06700535127012062,0.05700282651885304,0.05185007699276325,0.05771228317793385,0.052384170390424964,0.05639948549641597,0.06096604224042105,0.04918461988445086
0.05263661083916526,0.05172851766121056,0.04930436527185204,0.0590041786136513,0.06244380175802528,0.0575244973310053,0.053819307604131644,0.05671322353894417,0.0466862431559781,0.057779699010184614,0.06708219872106376,0.05814742791607482,0.052003207922345994,0.05796140684644623,0.052646047636724765,0.05683209697180969,0.05890578019096274,0.04878138901042379
0.05179112378104388,0.051982390581267746,0.049517545440792954,0.05882758389625362,0.06402355587698444,0.05853081885194921,0.05317842893209834,0.056954678369791886,0.04792050192495373,0.05802375875176127,0.06695014328566663,0.057846820647410854,0.05151536603477385,0.057691303574474086,0.05172146000475235,0.056324902403864306,0.05895007276695074,0.04824954487521002
0.0516774903562483,0.051966337284837336,0.04925460530984166,0.05898180830107608,0.06378772048362702,0.05850427695715713,0.05334585601593954,0.05690618258614187,0.04755550504075466,0.05786847514580623,0.0675919420244428,0.05877005970821037,0.05147351712317556,0.05781100535266238,0.05164829378993807,0.0561077156091576,0.05974541328854099,0.04700379562244237
0.05186912318030304,0.05106466232410063,0.04744476397791867,0.06022102856184476,0.06519653983184306,0.059703857620028424,0.05326411811117766,0.05604076847193442,0.04649608230869946,0.05797860143695735,0.06682162684838935,0.05861277574583152,0.05157434161574474,0.0580899761553777,0.05084897355195063,0.05667201486283229,0.06019008251554224,0.04791066287952415
0.052170495987169836,0.052131924851688306,0.04831001574332178,0.05974258214993062,0.064791347360218,0.059613989097018906,0.0539247745428351,0.05608876393350398,0.04737107938069567,0.057566967001440934,0.0667257431689405,0.05884316600117728,0.05166485392213329,0.05837977517790212,0.05112049522958492,0.056248843515015495,0.05876951735507734,0.04653566558234605
0.05159771294283978,0.051097492288248086,0.04683005986550033,0.06009028726900362,0.06566593271551079,0.060736291645736545,0.0541820675691814,0.05653921613476021,0.0471582233681245,0.05793081140789547,0.06728899451652971,0.05787978773989661,0.051725714781733365,0.05838855324953037,0.05084219444892959,0.05669447620214474,0.05842690262152447,0.04692528123291059
0.05184991906988598,0.0511903619263164,0.047172866289666555,0.059754014015010445,0.06537095688352598,0.0606757978191583,0.053221390440648136,0.05631028977202092,0.0479699347401726,0.05772763034053244,0.06821445934970434,0.05816012686445603,0.051606399025008055,0.05815213678812978,0.0506131367100736,0.05601678156453362,0.05887385445853619,0.047119943942620604
0.05152805170054412,0.050593379272929374,0.04775779592962862,0.0611482712529724,0.06550296044806417,0.0612491387518222,0.05357676370033718,0.05582799637726866,0.04624521164616013,0.05760153179832601,0.06630548726242233,0.058071830079417575,0.05091676846887536,0.05783952734453761,0.050660219708172,0.056318268723634976,0.060807069211267405,0.0480497283236198
0.05179568481300842,0.05058715324995949,0.047869124264529765,0.06109866980028742,0.06518638552831585,0.06107502589350212,0.05357156743352056,0.05586961816860382,0.044075599803727085,0.05783903374081243,0.06631868761898009,0.058024718291316175,0.051202060764531564,0.057925817002666656,0.05068920636108792,0.05632897291753405,0.06311268963545268,0.047429984712163926
0.05196701031342897,0.05016940492749075,0.046629195278041116,0.06135601765326517,0.0664230266443896,0.060572826216542495,0.05350163360131893,0.05587860218797763,0.042395231470932944,0.05843600305239853,0.06692533309869013,0.058389251280849326,0.0504795909765126,0.057852841748749724,0.05040798193600625,0.055790197345249634,0.0653269243699006,0.04749892789825565
0.05203102476666901,0.050342481187124054,0.04681196146505021,0.06113707645885079,0.06718879194880374,0.06203193506262793,0.05312836248944647,0.054876521099415605,0.04265726146253678,0.05837637136002346,0.06633717856553975,0.058302397271586995,0.050345736403580185,0.057596411290370846,0.0499175273338762,0.05555071993491287,0.06607241405459732,0.04729582784498776
0.052106362376371416,0.05076272823609854,0.04701225466006118,0.060181189758587605,0.06704371650641962,0.06339607391688211,0.053351667261022494,0.05492191171976943,0.04407914998696668,0.05712220782913767,0.06682777090885646,0.059228632388871216,0.049367830527526975,0.056582587859888026,0.050298267980996715,0.055941709850663913,0.06491198620348981,0.04686395202839016
0.05201994758001359,0.050068097285763356,0.04733853194353374,0.06011234849375975,0.06690347779539936,0.0641553966166944,0.05326319664997788,0.05483082158292969,0.04447440019449585,0.056964802560312514,0.06814635692105848,0.05851339976655263,0.049502048589672186,0.0565642923592029,0.050307592794990134,0.055625102843493444,0.06480433342762114,0.046405852594529035
0.05203582119074031,0.050419515773749764,0.04596434082014575,0.061927693427755066,0.06836056278853427,0.06459942622702504,0.05313848440855282,0.054367171378277096,0.04207571881957043,0.058602265668532785,0.06647149795086549,0.05999353266446007,0.049037261889290674,0.05627799212007965,0.04862763839866692,0.05681534239605453,0.06580621142737653,0.04547952265032281
0.052203556502650655,0.050531956308085754,0.04623301703678766,0.06186044228869958,0.06866296763898523,0.0643551335363839,0.053172680456108554,0.05492916939194433,0.0420601589179208,0.05858598661061111,0.06720384076582822,0.05962610331239235,0.049311909516745515,0.056406426223932625,0.04856346917612391,0.05648011793189249,0.06476294884484585,0.04505011554006143
0.05230181951283909,0.049335604272175114,0.04542234138297268,0.06255627774356047,0.06834116643189272,0.06373859084980803,0.05293269295841236,0.0547851589790599,0.0424918540078516,0.05954071632302144,0.06744033438184632,0.05983756701070122,0.04929731706147268,0.05697220358238674,0.04831220975921323,0.0562122411023447,0.0639586592067615,0.046523245433680215
0.05271100220456364,0.04909148276592402,0.04597009053521018,0.062319794112102075,0.06804501270388984,0.06361082894882014,0.053147798436093054,0.05490373638019732,0.04277224338642139,0.05919887180124081,0.06727184847720111,0.05933730071940471,0.04954138087280084,0.05703593173056503,0.04845551501879689,0.056043047451689545,0.06376614616047507,0.04677796829460432
0.05134091675763961,0.04928519078741324,0.04560659670379141,0.06327236031182781,0.06858894482532565,0.06534020353859103,0.051345221927772716,0.05356248076773864,0.04358102191559663,0.0586592772682355,0.06789840625585053,0.059098319608241696,0.04814017007631169,0.05619631620740663,0.04810994749502007,0.05478059947746626,0.06859966056036154,0.04659436551540952
0.05164150979261645,0.04965317619115634,0.04625743936958671,0.0632796249253967,0.0677715073478768,0.06468053816859062,0.05166851002143592,0.053794412199219786,0.044878076467793696,0.058069919036761605,0.06753694094478077,0.058728379642523455,0.0484885470787575,0.05623864413426257,0.048108219751915635,0.054358100624015845,0.06792894369057295,0.04691751061273668
0.05164661113632524,0.04983027355772188,0.047887956075252175,0.0612381432072126,0.0660279656735812,0.06315125463819048,0.051109385430756715,0.053858522790726615,0.044568869767229666,0.05801934479823664,0.06846214731359225,0.0592310611231034,0.04882871654161373,0.056244372937326974,0.04888375155008962,0.05594400380107681,0.06779974300843537,0.04726787664952863
0.05169874895277961,0.04971581298549116,0.04792403032293688,0.06110542393277149,0.06621979718989862,0.06291879554388237,0.05097810088236041,0.05366025017674708,0.044872228445673595,0.057805756536772675,0.06767931416240608,0.05901302492952126,0.04891855003063923,0.05583000188510835,0.04916655163877325,0.05573808139620106,0.06850833883752537,0.04824719215051142
0.05193269692937584,0.04957554214701438,0.047425102939372916,0.061370047268869285,0.06656749686569079,0.06411968110314485,0.05155265088666668,0.05404069747011352,0.04179695568682321,0.05785247276371408,0.06761198226418604,0.058341271531210784,0.048743409493260025,0.05554905463218697,0.04932168775727326,0.054771048817694463,0.06905629289685788,0.05037190854654507
0.0521861816465536,0.04951325069975935,0.04802223362157368,0.06142210778644571,0.06580506637444379,0.062081215404551686,0.05159638939923312,0.05412997268445662,0.042530256514940475,0.058059327770391154,0.06819073445124038,0.05787311547696102,0.04878476299485305,0.055596177616189534,0.04969028512096734,0.05498653596676471,0.06814822723541741,0.05138415923525727
0.052917574423271975,0.04977097765134442,0.049151806666348316,0.06164572503307502,0.06462132312229302,0.060977419990076304,0.05159619791254399,0.05417791840576679,0.04531660203012855,0.05745613083385052,0.06920197364665542,0.05847013112112625,0.04817519067316176,0.05474662650999487,0.050112828301812865,0.054760791938997695,0.06656476395492304,0.050336017784629344
0.05330193985463474,0.0491452546922081,0.04931444969624803,0.06131705752630132,0.06400493965128694,0.06131170708289033,0.0516801102494006,0.05410376940777714,0.04517848380617324,0.05712660892376036,0.06946274096150971,0.058436519076580165,0.04805772955785216,0.05486577229621026,0.05003778449989081,0.055342974450313796,0.06700508636659362,0.050307071900368615
0.0530620085844204,0.049500199325172196,0.04999551134561279,0.06126064578925893,0.06359329624447481,0.06138246045949142,0.05289687049374073,0.053863426841778285,0.045547661839670135,0.056856829013977594,0.06940529232187934,0.05798816103013235,0.04803569453160346,0.054674020471090046,0.05021996847715051,0.05527839727750613,0.06672510950688565,0.049714446446155254
0.053218515416980326,0.049878218613446226,0.04957684545671175,0.061501157767874765,0.06364030555031923,0.061664478559055304,0.052782816493902894,0.054261168681672224,0.04540907392428747,0.057048862223500016,0.0686932766164679,0.05821582812473608,0.04845760365902173,0.055811026401582725,0.051179637369296684,0.05415685017183517,0.06459469752048148,0.049909637448828134
0.052701271829247484,0.049265259683886314,0.05096916068107418,0.06314523337317356,0.06415191569016085,0.062094101716853534,0.052072970896967684,0.05364101401311526,0.04596860685563947,0.05761753135003138,0.06687311435586211,0.05924532470919538,0.047830111175762184,0.054271013238040046,0.05040535725780976,0.05550893032116756,0.06425815497629306,0.049980927875720164
0.05275467949986588,0.04854857279557089,0.05024173660574958,0.06386944468360832,0.06470686809488195,0.06167019651768216,0.05153327769810236,0.053441926489522035,0.04397301800332943,0.058375678231658595,0.06745452198317264,0.060057580894329575,0.047553086032238845,0.054477960589717496,0.05055483987497389,0.055190029392448395,0.06610415743413357,0.04949242517901448
0.05266440347076155,0.04929679499634348,0.05117864121523397,0.06443919022819572,0.06546556200810029,0.062336958686134585,0.05200723532222955,0.05375189423149804,0.04439999430995144,0.05820518904557321,0.06692607693423264,0.05897701626311381,0.04756776780863144,0.054367596201127945,0.05001182897069305,0.05443509970745329,0.06498428858799897,0.048984462012727194
0.05310821745124821,0.04967028883520278,0.05097027530818795,0.06453021545410782,0.06514535316823528,0.06244589421451822,0.05225410539795218,0.05394451551389614,0.04448171762156998,0.058398580404639376,0.06655146841530353,0.05895597167828776,0.04673963363360017,0.05465519239637298,0.050458858703743635,0.05422807530349761,0.06460341472452807,0.04885822177510835
0.05261081971836916,0.04964017460708828,0.05039066062253098,0.06455802899060833,0.06445546549308462,0.06233693578132413,0.05277793533108784,0.05414389284710013,0.045556525292258475,0.05839868739356465,0.06766515836734482,0.05910781335858009,0.04708272276455436,0.054144350165971945,0.05069189597015052,0.056007947252537556,0.06398176935407855,0.04644921668976566
0.052531530166445586,0.04986583644530195,0.05069897365713142,0.0644607193190392,0.06432917484464762,0.061953867900792506,0.052793651078871975,0.05406230436155252,0.0452059156674718,0.058310673962053645,0.06864694713874285,0.0591219093032941,0.047011762643269325,0.05406274896587273,0.050475930742577786,0.0559235300530895,0.06435855796265619,0.046185965787189504
0.05304065762434014,0.05003504429376607,0.050112294128642834,0.06428111608527977,0.06375628139873864,0.061958342008694746,0.05187761317197946,0.054336926981027454,0.04429478054008981,0.058703408247291526,0.06909136299885782,0.059701817330398,0.04599509119134283,0.053855199478053666,0.05146153776248715,0.054746970685610956,0.06632256341510771,0.046428992658291424
0.05285539936048822,0.049599152349449956,0.05104146904195219,0.06395710805547376,0.06397294336456862,0.061331768679140246,0.05162859963503962,0.054320400663328126,0.04473759336150405,0.05845293397099455,0.0692628483449383,0.059620846095498864,0.046098320772394764,0.054653907076541136,0.05133039747341773,0.05481982172105327,0.06553277654522006,0.04678371348899644
0.05314296929057285,0.04990626875558292,0.05058462783906094,0.06365657092599095,0.06457843312232144,0.061909688076914375,0.052147601124535176,0.05442656452404696,0.044689858060495594,0.05801595381927031,0.06900408392782978,0.059009931541084526,0.04599031003562014,0.054599100454481804,0.05279919741806518,0.05462911537421185,0.06357100764581793,0.04733871806409727
0.05318035023385096,0.049472971768769955,0.05405524616256462,0.06312968540332474,0.06479970846739323,0.06151725880622322,0.05230765132387795,0.055018227680419474,0.04441802612495918,0.05759128711496482,0.06767369326251142,0.05888149993973718,0.045618238061365904,0.05429234769717334,0.05243551152593465,0.05384385398604809,0.06496172481404416,0.04680271762683719
0.05248671965857881,0.04934023834578373,0.06113629599668943,0.06281255057559973,0.062253611524865374,0.0597539573288834,0.05320829236468697,0.05521545685049251,0.044139845184600554,0.056907021312830736,0.06729031659944724,0.058301456819343414,0.04587444508554561,0.05391219813056369,0.05259570832036833,0.05366501842397942,0.06507208529820911,0.0460347821795318
0.05555555555555555,0.05555555555555555,0.05555555555555555,0.05555555555555555,0.05555555555555555,0.05555555555555555,0.05555555555555555,0.05555555555555555,0.05555555555555555,0.05555555555555555,0.05555555555555555,0.05555555555555555,0.05555555555555555,0.05555555555555555,0.05555555555555555,0.05555555555555555,0.05555555555555555,0.05555555555555555
0.05542278497849076,0.0542912987002585,0.05912385208281305,0.05533417213848294,0.0551343115034451,0.055257465878353736,0.05613156929804126,0.054994902575516015,0.0549011674371221,0.05581635370036633,0.05840348689820632,0.05462588555155269,0.055026323076062804,0.054970203538182126,0.05484513277322524,0.0552764484371461,0.05460712021583462,0.05583752121690039
0.055338751007231395,0.054330973008788856,0.05916706315372839,0.05538788218450401,0.055402386622157136,0.05518655559291266,0.0561534970958828,0.055133248774386676,0.05459386008204096,0.05599042869174317,0.058392752313516684,0.05457056883094817,0.055066541846918414,0.0553707841836127,0.0551918460886473,0.05487343245557263,0.054647047163224834,0.05520238090418314
0.05474799192398494,0.053326349220287964,0.05743398194472748,0.0555387592313798,0.05563022873437621,0.05539242798177127,0.05543632132071395,0.055746744820433264,0.05389898397726929,0.05611350502565636,0.05922484063462024,0.05518793612908245,0.054660811571967456,0.05511421879856671,0.05433851240226085,0.05558050097630274,0.055859809016075845,0.05676807629052321
0.05527142681569227,0.053346272301737205,0.05849881936155697,0.055148522894384634,0.05546729976364822,0.05524454300640439,0.055983362437360615,0.05598646909205804,0.053381193431559296,0.05601560501283712,0.05966530024006655,0.05480016185035648,0.0545531217895854,0.05523949848898997,0.054546792822838926,0.05530090597250169,0.055857932190283954,0.0556927725281383
0.05488946843849309,0.05375928025236344,0.05930877354174611,0.054472743807787,0.05486781246566768,0.054971925679204614,0.05631609445315763,0.05563541362725593,0.05528073995265156,0.05534039255212858,0.060638703923691424,0.054172424580583176,0.054781475189563875,0.055081762975332405,0.05422821761470107,0.055119509447536456,0.0551195156096372,0.05601574588849865
0.05743551072748472,0.05379366291108146,0.05910366423878963,0.053843864833618284,0.054496361953631695,0.05444165323339136,0.056618372275855006,0.055613033321071814,0.05656971199474845,0.0546710803293603,0.05918044438951199,0.05356000566793065,0.05464258101118736,0.054626921078086255,0.05602691085812071,0.054005911666304175,0.054880166526347605,0.056490142983478674
0.05755658522145494,0.05495492956863441,0.058580211607029156,0.052910076073856185,0.05321967777655174,0.05462334613098272,0.057279486482450785,0.054997303598723006,0.0573629424325692,0.053257035293442924,0.05935306874235398,0.052743656843622186,0.05557301560487949,0.0553603848184054,0.05538397184579059,0.0535984659401482,0.05489685400937215,0.05834898800973284
0.05758051178508252,0.05615494650703457,0.05889424601469498,0.052898478724241964,0.053337794628149394,0.05472653630969194,0.05742517266364563,0.05513298990675403,0.057560155197474434,0.050381143641245296,0.059563820288318206,0.05239782403312266,0.055758302518083884,0.05548324185374254,0.05591956987890746,0.05344800762305869,0.05617290553703875,0.057164352889713006
