0,1,2,3,4,5,6,7,8,9,10,11,12,13,14,15,16,17,18,19,20,21,22,23
0.05084546234458733,0.00014058005404726022,8.601298764966556e-05,0.0007958333037415535,0.22503801115754593,0.052643962040505025,0.005905612825478951,0.000260045429947999,0.000451780411912044,0.03005549217253861,0.00039682887042706897,0.03843133160705944,0.18252073589265133,0.013227236074051437,0.044758307565182974,0.049028863975730426,0.055668848701516706,0.08249462094414049,0.09724051121448528,0.007758674742787417,0.0010727447881216236,0.02147753086596102,0.0007571326734616753,0.0389438393564692
0.05021155809109873,8.198720452832281e-05,5.071653295679535e-05,0.000659933663565198,0.22492938975107424,0.05010805324235514,0.007480164002042211,0.0001273503089987236,0.00028458775995171234,0.03028291281817771,0.00020555483635508669,0.038470459451784976,0.18206633284389115,0.01281409548453982,0.045120631613173964,0.048687600595593926,0.05863387049980852,0.08140085152668382,0.09823586531185918,0.008035122269337181,0.000836855383570043,0.02242200995334038,0.0006975974960496502,0.03815649935926362
0.04742578225146397,0.00013879749609054703,8.682317233784262e-05,0.0006670482175420587,0.2242365514542338,0.048145184390955754,0.008604911666280243,0.0002331817311806341,0.0004339549654120958,0.03072919281943418,0.00032086510448890525,0.03872908009795086,0.1817658479881709,0.01269316237596591,0.04370638871033166,0.04891633987511483,0.060370585927967214,0.08281938068839234,0.09790774071823843,0.009375517159109737,0.0008472139650316473,0.02379606044576926,0.0009059481027008863,0.037144440675846074
0.04819063809752564,9.890924570431944e-05,6.279828583415404e-05,0.0027630961491797346,0.22568694420094232,0.05145524600543823,0.007137225678702073,0.00015955310623920918,0.0003280677208014149,0.030327757096928153,0.0003258445533706459,0.038692099379434686,0.18221843346164632,0.012414032303105919,0.042678452836200156,0.048792890875045895,0.06041480841338665,0.08145493995673275,0.09709220354021206,0.008681611088447217,0.0009008517382834722,0.022598281775035107,0.0007147350171330348,0.036810579474667135
0.04830360320585242,7.895758296774947e-05,5.036754291750077e-05,0.002558124357806403,0.2256513891565407,0.05151747776317134,0.007091011855241197,0.0001307011466969709,0.00027010222296166035,0.030436389366130915,0.0002760959255772848,0.03884663733952684,0.18233681673685975,0.012442130141075014,0.042637913394483876,0.04876112428631837,0.06022431868896317,0.08155836855864472,0.09714750514915493,0.008677673054979462,0.0008977982350010048,0.022653235248917096,0.0006490989036416553,0.036803160136565594
0.04269949965879392,8.349782054548433e-05,5.924750380398029e-05,0.0029208979190727836,0.2158092847508621,0.049412492988268185,0.00919696898941189,0.00014980558577663952,0.00024659627862984047,0.029017531962101245,0.00015458062140001567,0.030935227991770904,0.17833066691264243,0.012273987700000356,0.04246702358150553,0.045717953851210885,0.07434007456710956,0.08489754653690082,0.09181174114952351,0.019672167968775127,0.0035675650712498224,0.026018794501921315,0.00042519994003795673,0.03979164614868554
0.04318608707473197,8.703077079086714e-05,6.151518086887105e-05,0.002745064448601914,0.21602240618041454,0.0488130455221849,0.009677033380014377,0.00016557710136497046,0.0002680802798333081,0.028879717058388005,0.00017126921546159316,0.03110982989297377,0.17831103973384466,0.012342689983375201,0.041477666261785034,0.04553289461859573,0.07437594662832715,0.085377186200035,0.09187600436240555,0.019677103121858025,0.00360762739505827,0.025805988753860202,0.00044355908018500816,0.03998563775504121
0.04156286313485196,0.00011805127978845584,8.506530258243335e-05,0.0028934781880730997,0.21282896766842202,0.051075400707931144,0.011819850181261549,0.00023978610061074188,0.0003949475654736347,0.028006926008663693,0.00032736488604153216,0.029724169317801606,0.1773991194855955,0.013910750957461785,0.04103645063147742,0.043841647199411846,0.07033471122365323,0.08891829114703823,0.08961198053277976,0.020904657982916228,0.0030078389650806674,0.026963096691729978,0.0016426911869276287,0.0433518936544256
0.041444119675890866,0.0001196093399135197,8.51537527940342e-05,0.003041428931264047,0.21277686423563671,0.05104070203733859,0.011901264286718631,0.0002356637812127495,0.0004197084111148968,0.027943904712098438,0.00038262623234165254,0.02972659567048805,0.17735761388154797,0.013924194070026302,0.04106338648173048,0.04381586873510835,0.07037010500509647,0.08887676023768667,0.08956908653161674,0.020835619614496266,0.003142878238673757,0.026886432078006738,0.0016855596028613675,0.04335485445633672
0.04405020780276841,9.002325871386575e-05,8.20306489872037e-05,0.0007499258291330877,0.1944286950830806,0.03915910778943755,0.018337474601855166,0.0001937441259589356,0.0004691180474465418,0.02657225539126925,0.004055855905514322,0.03247496234049472,0.16675070404339182,0.013849105890149446,0.038824871391986766,0.03997617468449459,0.08111809555615745,0.09751866329001004,0.09255695332684655,0.02549777980797817,0.0002748190127566597,0.02635645145710492,0.007398667339343983,0.049214313375119965
0.043620541085751925,8.701580870778754e-05,8.053113252022432e-05,0.0005454473419394543,0.1937202854387964,0.03870879528368609,0.017948029595601198,0.00019142290744171176,0.0004242380658730608,0.026571313765560236,0.004375016133377428,0.032855934216745396,0.16613145178439123,0.013756830400094554,0.03833533780827836,0.040175865171849824,0.0811193475336841,0.0983118761461095,0.09247702812589013,0.0277197559075574,0.00025774481135604286,0.02635425266104088,0.007500221765466356,0.048731717108280545
0.04328829577097143,9.249777866849696e-05,8.089734868646747e-05,0.0005637169905167742,0.19316640196559598,0.0400686768757014,0.01656261944368464,0.00017767089478190883,0.00047810010303022483,0.026292537165343677,0.003801084065140948,0.03207934201081354,0.16394002315065428,0.013746462352532445,0.03863633434645746,0.04076857035851191,0.08147436403458765,0.09713376716107437,0.09327706174350639,0.02945702081331064,0.0002888930778051159,0.02771387185835065,0.00793482277323971,0.04897696791704002
0.043817575964174175,9.252856570477022e-05,8.04361708242405e-05,0.0005143400830569541,0.19154119123469038,0.03944932744271546,0.01597079577296494,0.00017592154582285786,0.0006259226286570906,0.02640969919935037,0.0036979015964056913,0.03203027152349076,0.1641247907125019,0.014114221524502157,0.03839897285975304,0.04036156388632212,0.08213300170546185,0.0970519084104004,0.09303008314015533,0.030529704291772933,0.0002827646281626341,0.027492116591051958,0.008111501501075993,0.04996345902098195
0.04098817815085695,0.00048121015172518177,0.0003846274910600467,0.0012482842627519447,0.18809272102957067,0.046124916826302306,0.011445426910891607,0.0007895487925664914,0.0021843433906151006,0.028241111248626365,0.005179803076852187,0.03203013466224894,0.1602025401466478,0.013489032588954529,0.03614241837371474,0.041208827324226496,0.08555872749223899,0.09631822197150816,0.09111728516742078,0.031943046994954455,0.0011538114326605361,0.027090276120222655,0.008017962830617752,0.0505675435627647
0.04263325714486807,8.986415502445907e-05,7.524435318142656e-05,0.0004514686776030125,0.18584067299586438,0.04614880877297446,0.011710857714885874,0.00016192777664780794,0.0005896303874435912,0.027865441270152624,0.005660109433581106,0.031663751544593055,0.1593652633896842,0.013591257535223836,0.0351175235988311,0.04106063567129473,0.0882780988238278,0.09977817734372701,0.09093344872649783,0.03256838173175079,0.0002474331902593828,0.02836854425418146,0.006968750973224386,0.05083145053467566
0.04184888442622133,8.428328531239508e-05,0.00016590549895716925,0.004419540302174708,0.18380474124393345,0.05100310576637556,0.001251082207604856,0.0002375339764547243,0.002773658475086349,0.02521531768515776,0.007845324464063955,0.028654272406445875,0.16118157880251896,0.013310209333999576,0.030820014608213476,0.04400682440234868,0.09411919261140614,0.11549640271254494,0.08144877492726868,0.031119368075048077,0.00016089142087868076,0.0331924669272226,0.0009211294786058976,0.04691949696215636
0.040886268285686714,9.528634620393029e-05,0.00021643319735710392,0.003027853682469929,0.18500932147012789,0.052558637109925394,0.0011303607821018188,0.0002453872566205726,0.0016198213954907825,0.026004469300601605,0.00799802381312284,0.029132630629680682,0.1631417511640033,0.012309384266385885,0.03160235639036313,0.04373392315100662,0.09800804529812629,0.11749744396055445,0.07010969624656181,0.033437898887748806,0.0002023751837296128,0.03421919892393751,0.0016019267602321596,0.04621150649796099
0.04023625338093684,9.408036616804893e-05,0.00017685075544557295,0.002857581821881723,0.1841181971758609,0.0540896683798673,0.00107917295784487,0.00021133142015653311,0.0013685071763118982,0.026152018132890864,0.008439827999746831,0.029485980034008097,0.1613830311432417,0.011911948823129069,0.031189014176746545,0.04388175770489113,0.0979274723028164,0.11798930758016127,0.07039209918231996,0.034680709302826185,0.00016222143048638102,0.034672349729336895,0.0013712144543908719,0.04612940456853425
0.04011862713967097,0.0001121974031280624,0.00020969911973440708,0.0028109910497792455,0.18431634059872637,0.053752544457787134,0.0013793258935502917,0.0002967103390342909,0.0013917665945522154,0.026106385433268455,0.008475809050686907,0.02949135506217164,0.1611195733337339,0.01193650454098363,0.031332812745191396,0.04330968209450798,0.09799224241599659,0.11770651458272198,0.07040075920630887,0.034662701542613625,0.00021812491167848868,0.03474815974597875,0.002053824936290452,0.04605734780190443
0.03983718815541975,8.46825501827087e-05,0.00014882066077227815,0.002456639168931626,0.18388373594701865,0.05193370380737603,0.0012807495244256013,0.0002050146731620891,0.0009673392752106816,0.025842125099499562,0.00837499856845566,0.030115653128767732,0.1606516713876614,0.01209875851836465,0.03162849499336326,0.04274335511119307,0.09923465171336633,0.11775709684870553,0.07171014553718934,0.035147459127538284,0.00016524020455409514,0.03552779360082934,0.002062016714738574,0.04614266568327379
0.039870923868727454,0.0001189889949719002,0.00020587301553392395,0.0024334842832607617,0.1833221542417417,0.05175198240083944,0.0013043326540730777,0.0002667568815644326,0.0011045936338735336,0.02544543843325715,0.008575622851292267,0.029832778233057924,0.16052512898626767,0.011887871423657709,0.031005991068236944,0.044461466615723116,0.1001824788123992,0.11820264249156129,0.07174730381895753,0.03432808117619959,0.00023094869581923727,0.03438669505609641,0.002453017197308598,0.046355445165579
0.040118644808101615,8.749213795274452e-05,0.0001730601472431357,0.0021510946168722244,0.18330628322179582,0.05390520074412133,0.0006813085458447065,0.00020235788595294782,0.001385362216530775,0.026595679157366776,0.007233746861354819,0.029502535594319264,0.15932095408168762,0.011845332321114538,0.0316110621563186,0.04375814350550055,0.10142856666968127,0.11915399119287376,0.07239114429274986,0.031844219469275716,0.0002405232251812553,0.03287722114871912,0.0033176779478413763,0.04686839805160027
0.03985543596225834,8.658728198442176e-05,0.00016360337897484994,0.0021101946967899883,0.18329212418774973,0.05392564703928269,0.0006652564453341274,0.00019966564088832352,0.0012796630769865132,0.026511309451784176,0.007239577456805922,0.029323114858270685,0.1590114247174373,0.011717769725710066,0.03183804021512775,0.04320874848104656,0.10096479193420636,0.11875985315735141,0.07430808456925017,0.031792600758444145,0.00022279928480781249,0.03336498645337852,0.0034561918808416114,0.04670252934528141
0.04047207873393609,9.592145760612733e-05,0.0001467866134856099,0.0032813624551948574,0.17138977163662997,0.05547776320411831,0.003683870048807251,0.0004394937709147171,0.0005270522190638868,0.026812692227746536,0.011330361288275914,0.028036176861489303,0.1554169603409455,0.010796275195302223,0.031266204733863996,0.03964162662742612,0.11016965045910858,0.11932618639232731,0.07657018607400663,0.03272352681821933,0.00016776505819384062,0.034990730970153476,0.0034452885405423244,0.0437922682726425
0.041542890761779985,0.00011081935190376023,0.00015100062057487378,0.0041379947912251495,0.1704611832293467,0.05278590616564184,0.00576635252373075,0.0007264011136778934,0.0006119815608278506,0.026941600664020297,0.010864775185080291,0.028070665893373366,0.150011774983268,0.011102581003873416,0.031022783160142568,0.040170273756522136,0.11150127541639325,0.1203022610402877,0.07641273287787138,0.033509712703757785,0.0001632246174598318,0.03585033801615217,0.003652008973722913,0.044129461589366245
0.041503341083867815,0.00011148276262560041,0.0001455784858971628,0.004346449024595424,0.17110932401473467,0.05203478342815406,0.00627974665171154,0.0008288320329092195,0.0006204093221895693,0.0269261906204748,0.010363719464050701,0.02760771509386238,0.150316869033123,0.010961649011896748,0.030515689275754734,0.04039368868024325,0.11174399379520192,0.12010769953887095,0.07669458121213053,0.03393447538700706,0.00016441745951754357,0.0354811221231268,0.0035355884931324772,0.044272654004922266
0.03974839054400348,0.00010352447301429246,0.00015973537256589284,0.00487177790909732,0.16575519764344676,0.044687814546469036,0.012291184670249028,0.0006500219147106295,0.0003981761555174605,0.027351437547788664,0.010517004652618874,0.02829836548737617,0.15034225309382698,0.01090494407818698,0.029443111924539127,0.04120321095549796,0.11893442266241018,0.12070123196765563,0.07537041471614675,0.034885077321923634,0.00015597685491243305,0.03592029700615817,0.003551534590348473,0.043754893911536155
0.03767516390250811,9.288620940716169e-05,0.0001759656137868617,0.0055326193774471715,0.1656314390887073,0.03864838308905489,0.010361861241809402,0.00038258795936183914,0.0003923330491579983,0.027296026554816232,0.010323186118843319,0.030720577730044427,0.1527325026822403,0.011865849314030468,0.02905747636154479,0.040495662647995846,0.12073832866998506,0.12164401178022556,0.07552150636077334,0.03630671714483981,0.00023824466872849427,0.03761093859928339,0.003513178740787859,0.043042553094620524
0.03848290538152738,0.000111815469538046,0.00018065810624403212,0.0055559128528447615,0.16463189406929976,0.03848713348333042,0.010402645041396087,0.0003830279974690392,0.0004067116487918223,0.02741123575913652,0.010380573194624798,0.031322293751630134,0.1522307195519941,0.012491203414679894,0.028356062861802242,0.04103182694827652,0.12655233796864798,0.12064933113831947,0.07146648005646013,0.035347968651241686,0.0002762999714659539,0.03786511304615559,0.003396432415045681,0.04257941722008201
0.03476968641873534,9.394399316292201e-05,0.00014076020708572517,0.005960380550858546,0.1629241671565035,0.03813311583743634,0.008146683404936603,0.00028463735559409374,0.0005709321644937885,0.02899416936389332,0.009798330804586712,0.0318038790600776,0.15389407190437154,0.012597092292275397,0.02756620827876045,0.04371629156582345,0.12662244515740562,0.12249220891307906,0.0703029745799806,0.03646957933325955,0.00027773870314186253,0.04011678926176425,0.0022177283459757146,0.042106185346798025
0.034579736305270274,9.443166736241193e-05,0.00013918992406069424,0.0058850958943587155,0.16281581813094728,0.038187813652172636,0.007918745128481699,0.0002839445402884359,0.0006524875411158113,0.02909183837603996,0.00994226343791762,0.03177284875406958,0.15378977134543712,0.012634057857156213,0.027868902684113947,0.043792442305103506,0.12666080410906597,0.12277324192725285,0.07033129748257569,0.03615925776394463,0.00026036209098503807,0.04028061391632987,0.0021901637455512485,0.041894871420400756
0.03563718765033846,7.767792804723344e-05,0.00012713435290332564,0.006032556994593534,0.1615373420279288,0.03924392727516928,0.009876657942096563,0.00043509429654769007,0.0006817089840539208,0.029103035460600498,0.012923760270338421,0.0338156569913335,0.15261430528873893,0.013114994607998266,0.026624654365366058,0.045445205190575697,0.12559170756944402,0.12065443290891313,0.06880821416036233,0.03380156519697142,0.00028876478509977783,0.039789671054756524,0.001561917479313867,0.04221282721850881
0.035485040943254754,7.199402999727252e-05,0.00012251531004215765,0.006340782819944585,0.1620552582756734,0.03972463938173407,0.009513524700570274,0.000554290330584351,0.0008195006044542219,0.029511837896844837,0.01316176547667934,0.03435770204018276,0.15297307952134162,0.013258899178506136,0.026936036998334894,0.04497398866595545,0.12200591639754653,0.12209453242512246,0.06870327816888568,0.03348546037223102,0.0003067352376838542,0.040172946503824074,0.0015498382765285874,0.041820436444077215
0.035922259825610786,7.655314663531587e-05,0.00013368519143013577,0.006249993685629403,0.16243111263109689,0.04117371219489997,0.009960955262151626,0.0004428966817471081,0.0007208809625274845,0.02956441777863769,0.013637457626275084,0.03232485363761877,0.1536710433839536,0.013169496382955106,0.027318544494965413,0.04511045629285386,0.1223560423903357,0.11980361662643647,0.06894844497494863,0.034179053599983716,0.0003329588695275867,0.03832412361690263,0.001747908800572827,0.04239953194230426
0.040459264105751555,7.158370982505801e-05,0.00013950998691766338,0.006276608750757637,0.16141267912133303,0.04103378353112229,0.009293268556299104,0.0004790018523895237,0.0005673881276263027,0.02925079384483193,0.01322817930313912,0.031821183864003205,0.15267243122142365,0.01323262622516777,0.027163819825666426,0.04492111074048745,0.12184108682097942,0.11926676766781336,0.06880241428921384,0.03610304384249173,0.00032135958834547467,0.03853374928155821,0.0009903153518321123,0.042118030391020266
0.039272577102264464,0.0003314127485500829,0.0006856482469192749,0.004428093007990126,0.1615349312631751,0.038869324743668325,0.013140738248419406,0.0022109795856967347,0.0013837596826970972,0.028799191452446426,0.014536730795227184,0.031649778701045614,0.15460026997723747,0.013274552803693095,0.02847072016171768,0.04307690623347132,0.11865787066033519,0.11468163910270378,0.06973861932200053,0.031190768109056025,0.001156619500042603,0.045396919706047915,0.002581275688298139,0.04033067315729644
0.04111433205692656,6.66302119837205e-05,0.00014178735472237852,0.004138474776975828,0.16151823726492406,0.0402036675068738,0.01257637414071968,0.0010568266789168215,0.00044724337080527505,0.028611869739244022,0.014860449357037285,0.03227231414231265,0.15532616254687445,0.01347530358331213,0.028249139624635905,0.043104216577317715,0.11934581478389626,0.1151243221006446,0.07013158908318293,0.02998225202277278,0.0003971695175484299,0.04582951234772817,0.0015623097078038461,0.04046400150284072
0.042740765590955083,6.901361628576348e-05,0.0001477988374508855,0.0040523883010792185,0.16169538851622864,0.03994337652317817,0.012224196536059424,0.001300524774044962,0.0005283569542460191,0.02847466893847141,0.015507298194975651,0.03298198467680934,0.15452732130597305,0.01394372569303035,0.028057061048534126,0.04312385966185401,0.11878552486143965,0.1157338032598822,0.07014736032327562,0.028680654772816075,0.0005885181173004498,0.04534326247812849,0.00100956961368592,0.04039357740429533
0.042584733146968916,6.919855301443164e-05,0.0001524839074948082,0.003964433340321428,0.16157158066802993,0.03960970425780255,0.012435412737401055,0.0013292202624679628,0.0005328327156851266,0.028543082715780925,0.015726223083398376,0.03312316145038831,0.15451205583834524,0.013898110533191827,0.027660336373416833,0.043115686866815196,0.11915325762415217,0.11598292080514234,0.06999613699870151,0.028697263685146364,0.0005677821749832799,0.04524860704356802,0.001083950063188556,0.04044182515459479
0.04240195710529629,6.866718144663761e-05,0.00015087846954132475,0.0045534106900339735,0.162972371960192,0.04113314644730753,0.010820761532768846,0.0009092318123096528,0.0004639063485493509,0.027812683159306986,0.016868666620449568,0.03275518532279553,0.15510575755731767,0.013433545262509386,0.02778001914184183,0.0437037326527816,0.11927214177961513,0.11521183017995451,0.06943410194152295,0.02806220168681469,0.0006639039037271662,0.044736339975924556,0.0012036025702742994,0.04048195669771858
0.042721495187003286,6.727181989603672e-05,0.0001423727182657281,0.0042871351229804055,0.1619646189715276,0.04037663135364195,0.011279827642159868,0.0012861719075046723,0.00039886141314720864,0.027948970180789973,0.016872135517068367,0.0330193959409451,0.15569372205770363,0.01337754692752155,0.027791358411779186,0.04333051444853869,0.12021101453312652,0.11508521557938406,0.06942238037495323,0.027666857256661473,0.0006973760629891875,0.04498698322544796,0.001005355471181932,0.040366787875782184
0.03981887730617377,8.655375511983112e-05,0.00017525598549130987,0.003305632527790798,0.16241721154730324,0.04234409856434107,0.010153350753612607,0.0007927677552249472,0.001208112042534979,0.02936996764706363,0.017606456601753456,0.029474057040159377,0.15881145832469548,0.011594423942754504,0.0276055603700152,0.04157339563665998,0.11629950463843353,0.11661473184623303,0.07272608350957595,0.02667213270843118,0.0012649918184786282,0.04692067652415563,0.0024824045341005677,0.04068229461989757
0.039316364857878774,6.441213816233191e-05,0.00012710239567054424,0.00331521696697703,0.1621801364305894,0.04166980001747593,0.012082190962903739,0.000548234406472023,0.000853784734002597,0.029521965929457526,0.01752387800883906,0.02801518489941838,0.15895775331063228,0.0108412790572618,0.027676003642436334,0.041219805393802524,0.11697617791717185,0.1161866276615163,0.07338034964412661,0.028433690398005106,0.0010133598333057514,0.04686323206080304,0.0024012639941100563,0.04083218533898191
0.03707981548849357,7.912962332675381e-05,0.00014567494993881396,0.0033502487738079675,0.16323782679308474,0.04721337637608277,0.00825140281902592,0.0007358802288182302,0.0004651256470536644,0.029739838691814832,0.019392526052061883,0.026972740699294725,0.15854078637624028,0.01059509018429723,0.027072587164647274,0.04186925573097374,0.11600754835501498,0.1167819783446984,0.07413853344019602,0.027402172386209803,0.0016469924200234122,0.0490021735153467,0.001704072277472469,0.03857522366207431
0.03615452527387544,6.843103723060923e-05,0.00012629921379477693,0.0036526476261727154,0.16318587133860812,0.04769631860331448,0.008124186343188417,0.000691199212171177,0.0005190974703635123,0.029674287077674437,0.019210223324622477,0.02693610869807179,0.1584528045961335,0.010555099367419721,0.027282407779101746,0.041760874023378254,0.11575714598327973,0.11661090724313265,0.07487320033917634,0.0275796769390743,0.001615374202945564,0.04945153444089273,0.0015402355483221167,0.038481544318063
0.03567551155246947,6.267589849680974e-05,0.00012504065557946624,0.00419056372981698,0.17703035550861168,0.04036721052892854,0.007892519861110479,0.001600647230575634,0.00035019218258878983,0.03026264786154975,0.01925554287053658,0.025684478154968497,0.15177963616385373,0.008739721301900913,0.0262191160322248,0.04111537782883547,0.12912081623163307,0.1139056289122028,0.07345342041322295,0.02809423094979852,0.0008239857408918451,0.046329580619452124,0.000508278604674691,0.03741282116607636
0.03121056376495675,5.9676552774970094e-05,0.00011140868397889091,0.0032770946960034224,0.19749986457329874,0.03821194395105559,0.004310336422398872,0.0011411349360398585,0.0008404212747240349,0.027430030979091555,0.019926267345283345,0.024329096694311676,0.14193746896484064,0.007343076323414925,0.02129409829268874,0.039153965739385885,0.16394750447640852,0.10700129425301326,0.06440905725625701,0.026235554566519482,0.0002884785465662868,0.04289750076423872,0.00040987962548472796,0.036734281317264965
0.031502275608436506,6.907663109284102e-05,0.00013250612761339637,0.003427640565827579,0.19713834699266072,0.03644286980085712,0.005140519003568813,0.001513669717836904,0.0006976684879551403,0.0275843363125167,0.01978198476646491,0.024705059316540046,0.1409371535745071,0.00754179626735082,0.02109712815867282,0.039443892253582684,0.16468394371101946,0.10658635931466204,0.06428043228171527,0.02635442096471595,0.00029053256399372545,0.042583972016758925,0.0003204054922218241,0.03774401006943305
0.03176715744258896,6.097356201853905e-05,0.00011047174051915434,0.003225143224871181,0.19696054864479412,0.03688117752179505,0.00511896780665007,0.0015357470803212194,0.0005862991673490018,0.027462342428777285,0.019870216947645864,0.024719157186094052,0.1409083974720393,0.007391164974405515,0.020827088881677086,0.03967145844722779,0.16557466521047265,0.10651499705783832,0.06358699847330224,0.026354000450980408,0.0002530620937876467,0.04254695889136011,0.0002882522888232741,0.03778475300466131
0.031839685063654095,5.7283411993197364e-05,0.00010066076999576057,0.0026865648290461228,0.19302410422116725,0.036540210293494434,0.006330710716936516,0.0013969729095289975,0.0003595565812068963,0.0282986907881145,0.019320094994178413,0.024545700908486977,0.14060212136743166,0.006543075460826777,0.021721341812832338,0.03922034134314788,0.16583944363862788,0.10678008884156197,0.06437101386796616,0.029844229510978645,0.0002630614852711507,0.042148310168922926,0.00020670722174131643,0.03796002979287922
0.031245270991692106,5.825646771454181e-05,0.000103443640052401,0.0028815209066804333,0.19169488705423113,0.04054053951518665,0.0043061509034320895,0.0012223107447866572,0.0004003882711180639,0.028277188341096146,0.018939745554462185,0.024840547360914834,0.1424851759649082,0.00646483751310882,0.021413707672842276,0.03918820499113009,0.16520948793685897,0.107370938442521,0.06389070416262392,0.028944754868924984,0.00025860201135677536,0.04178967307426037,0.00019947414680028793,0.03827418946329714
0.03265255770634632,5.385767826987686e-05,0.00010728413315181877,0.0016811394501592637,0.1630425730749851,0.05165849578696232,0.0032923823694178843,0.0008058258957643524,0.00015923016509089913,0.033258075877971395,0.01818604304544923,0.02484723094414881,0.15062291444463138,0.006259721132232387,0.02197211843164936,0.039713283773085264,0.16601138560179715,0.10728939202262514,0.0666166628244138,0.03220088238016995,0.00028177336320473915,0.04076124798719543,0.00019741017195903167,0.0383285117393192
0.032424992970452565,5.462461167964749e-05,0.00011710620072324837,0.002110329223550794,0.15469684782712592,0.052872626480622714,0.0041793660972314845,0.0007726005579897459,0.00014306266766542643,0.034103791526299915,0.01862199765862775,0.02436914282900857,0.1522537822052167,0.005956123640882499,0.02306154767031149,0.04057804359669438,0.16681350665982786,0.10726501501411954,0.06823856606185022,0.03229705022775312,0.0003671407835201496,0.04253006270349313,0.0002081193027177322,0.03596455348263536
0.03193662698604359,5.093622951301165e-05,9.601975333391852e-05,0.0018914920401675508,0.1554219691068232,0.05431792316861991,0.0030433135520196836,0.0005010695614485042,0.00014802484374857322,0.03383572000232833,0.018188057073478155,0.024973081734502686,0.15251167570715893,0.005614667057952978,0.022582695464920786,0.04247564465819051,0.16737313946353297,0.10899156489686361,0.06751850695535089,0.030831735080954714,0.0003350974061618078,0.04104733036601704,0.00016834933330330565,0.03614535955756904
0.03244187762270549,0.0002729679465268582,0.0004906081618303727,0.002283482816418216,0.15562697745626985,0.0517519423572556,0.0042978886484674045,0.0017423076482092216,0.0007121575434114451,0.033480176050855855,0.018075895410085516,0.024690645903298062,0.15209878940511462,0.007318203695858866,0.022612153729868082,0.04203397081215615,0.1645313473891988,0.10858122175413644,0.06788525548836082,0.03025599119661394,0.0011143709283703647,0.04089651124486085,0.0007247103228535157,0.0360805464672736
0.032608044660311544,5.343384251620038e-05,9.670645774509669e-05,0.0019500634079237058,0.1539143712983821,0.05253878367176123,0.004096638363347528,0.0005279334160629427,0.00014335906065180857,0.033405669054002315,0.017711555149130448,0.025650358244146767,0.15243487855727889,0.007811636427640445,0.022723109182143392,0.04312545290029244,0.16370886332859763,0.10967181689141862,0.06700440534994394,0.03226529353209393,0.00031147666333421046,0.041609035380210546,0.00016397313538169518,0.03647314202568236
0.03218627257277228,5.2077065526957785e-05,9.607726315954817e-05,0.0012821478961429508,0.15349305336728775,0.05221414097820145,0.003976954935845845,0.0004890045200224807,0.0001438768312240905,0.033284522439655725,0.01800692458978294,0.02615112931811202,0.15299723556619974,0.007874307137031644,0.02250473922268287,0.0438035500494593,0.16387730321023045,0.1106022363719765,0.06662044419389343,0.03195585572031985,0.00026512609804498817,0.04150494618089413,0.00015766135013698312,0.03646041312139621
0.032732737725944414,7.228254343081281e-05,0.00012658796272182582,0.0016382110864716047,0.1544427129422175,0.05337667362608002,0.003056411943248495,0.000567276543969962,0.0002428593835635583,0.03328516595183323,0.017796909736095917,0.02563554325150181,0.15215593724785892,0.00800231680855275,0.023028987857197546,0.04307029554894139,0.16460048390432014,0.10800072643061803,0.06651392706614043,0.03236022724109605,0.0003898183134561228,0.042329669143794824,0.0002468007377062726,0.03632743700323726
0.031462230829697554,4.986348683740629e-05,9.188114030892997e-05,0.002228679587268438,0.15570033805901146,0.0569117614765669,0.0032579419913204653,0.000393788687176956,0.0006548246118670257,0.03531489100810232,0.018847095865090938,0.027212647594307644,0.15532325511703252,9.371308660340532e-05,0.02581799646939143,0.04284947610926694,0.14877004276517158,0.11095099149361813,0.07229071345308678,0.03329141431921791,0.0002601028999595386,0.0433540773818083,0.0002515641569301342,0.034620708410357234
0.034397818326625355,5.1470017379098066e-05,0.00010911678246309513,0.0018971042273800652,0.1569744622235435,0.054115202168423325,0.00447684788924736,0.00027602324022427994,0.0007876213724819215,0.034948832408872386,0.019245691371053572,0.02685951260427506,0.1557242323504111,9.732929093400287e-05,0.02647057240738057,0.04206644592560665,0.14697972368365353,0.11100477511678336,0.07437328896602816,0.0333980393136032,0.0006093491280390335,0.04004584112957652,0.00027273112739484734,0.034817968928620116
0.03397029294293124,5.0638345026439465e-05,0.00010565542965580786,0.0021688856873411074,0.15696960177054312,0.053995148777545826,0.0044869422693564484,0.0002729901003496808,0.0008400178633663247,0.035107122566947924,0.0193012934885379,0.026939829868975494,0.15557609682403942,0.00010215266823349609,0.025896852290045208,0.04219647312496481,0.14737847122553543,0.11107063422985572,0.07440232444795714,0.033538646344643985,0.0005574806602480624,0.0399662156481242,0.0002564021193051891,0.03484983130647001
0.03133411622655717,4.810470223757262e-05,9.851760471034806e-05,0.0008843592631149055,0.15320818883772136,0.04969268609156404,0.005638694974924161,0.00026797425616830947,0.001761722536052152,0.03541367840666102,0.020936576455419933,0.025112023449220557,0.1543102880002642,6.741882255715116e-05,0.02586280905289113,0.04295504054053317,0.13904620546862043,0.13531281086152247,0.06716715087768094,0.033839247986153884,0.0007623827075663798,0.04255846779733275,0.00023119584981870923,0.03349033923070732
0.029881241230455623,0.00022578736898612578,0.00044413001318956586,0.0009485086975246654,0.1477736754746256,0.046645156788297795,0.004738563992795834,0.0011042209656029805,0.0019021634933875722,0.034746589431264116,0.01906095500742237,0.027157076860472112,0.15202334062916156,0.000247692748007589,0.023259030701815214,0.042360939363827475,0.1301263741060054,0.16909900457027188,0.062911513507852,0.029330215585879702,0.0011992500752312687,0.03980476293976751,0.0007272157218187826,0.03428259072633734
0.031074168248784378,4.517938593180507e-05,8.643533559167387e-05,0.00021875477359090267,0.1475959172433431,0.0469887533223378,0.0050883456080809695,0.0002762894817832799,0.0006019934759387177,0.03600303392600607,0.01878755314692505,0.027375343745687356,0.15244809393871225,5.646231771272859e-05,0.023861259748704473,0.04164860658750166,0.13073276169315484,0.16982782645272343,0.06303479074481531,0.02896987985748853,0.0002616923807617399,0.04059988622553711,0.00014347836002547113,0.03427349399886146
0.030784430871986415,6.440992486313895e-05,0.00011982785754494595,0.00044465680515558563,0.14723139061171608,0.04673251106768837,0.005421104356425426,0.0003458655097217366,0.0006721458358168408,0.035528783754067456,0.01860918779484615,0.026521997178431383,0.15251239158601898,8.188803066603063e-05,0.023300385837270527,0.04120826895267612,0.1298989953532814,0.1733165096956012,0.0627491719428352,0.028626486580693257,0.0003209924085259216,0.040875230101414216,0.00020858492837896658,0.034424783014378436
0.027300102296456172,4.893104276510245e-05,8.233953865491367e-05,0.0006428589736002823,0.15048626469791423,0.05029892021523234,0.004083801885713153,0.0003064839036742686,0.00036534897997126634,0.036555703430558494,0.016848277515263875,0.030482974994625676,0.1528516394384185,6.122094519357202e-05,0.027676878727699694,0.03992068827907459,0.13452341222473202,0.15116303599702124,0.06068517589227203,0.037483644792001655,0.0003577672036096714,0.042880190158148965,0.00013537089929148335,0.0347589679681066
0.03354099965249933,4.962752516465612e-05,9.274214091693082e-05,0.001660701607201421,0.1568336602695247,0.05322899080438869,0.006428797410426773,0.00030151817981320005,0.0006194012565579035,0.03508437674816303,0.018745966860458416,0.031441096881300985,0.14899669372120214,7.872145840807187e-05,0.03232302390587033,0.04086937531960195,0.14452972530043745,0.10637713027280381,0.06849597050050776,0.040675543154348105,0.0002687506955289392,0.043215636420654936,0.0001469373560465526,0.03599461255817404
0.03602964459665808,5.4351711984794955e-05,0.00010335778580485613,0.002103864181890622,0.1570640790427988,0.052789891555015976,0.006347602975327732,0.000253006845362808,0.000841460829704528,0.0357621075358229,0.0190144231153291,0.03054916582181468,0.1468766308050379,9.934522265061743e-05,0.03383240137955118,0.04126525554723421,0.1448779424668561,0.10638573757436426,0.06991552670137005,0.03800158607708753,0.00032088480048029296,0.04232320548851881,0.00014227997474402178,0.03504624796459045
0.03598753494311216,5.78541768089369e-05,0.00011075398368579638,0.0020952101152980174,0.15700491304713377,0.0527061917734534,0.00637331507050031,0.0002704211841427885,0.0008416396393747524,0.03576019145919596,0.019029763664065474,0.030604227200943364,0.14691342903362134,0.0001052964664564882,0.03381714907863104,0.04125448204264955,0.1448536709739783,0.10647528749611472,0.06997374915987542,0.03791745419179041,0.00034056122578759253,0.04223081416320291,0.00015268797540227122,0.03512340193477497
0.038773395286742465,5.859767346605872e-05,0.00011435080891253376,0.0030546081952936895,0.1552507445828489,0.050559376318529387,0.008194574359950586,0.00021851147243961608,0.0007391380570657244,0.03431508439559275,0.020840701308814182,0.02755494246788538,0.1460350305371942,0.00010803855523163446,0.03357150029109769,0.0395825903646447,0.14692784123107613,0.10374633380275232,0.07276407096105565,0.03977003854741748,0.0005384358893598147,0.04265578701883755,0.0002815471392213581,0.03434476073457373
0.03904973498258692,5.655312248822994e-05,0.00010916102165544386,0.0029366128744887613,0.15468639964424488,0.050478233421239416,0.008278135529440659,0.00021993421578345984,0.0006887833208015256,0.03436548126105819,0.020812421937708624,0.027547234934896813,0.1461981697121883,0.00010413467825481462,0.03361299058722551,0.03967087453376621,0.14692259919055892,0.10361730624951644,0.07292530574728814,0.03975474487912231,0.0005465912515182331,0.042739594207143274,0.0002796897877427185,0.03439931290928224
0.03917755535029199,6.0072395205327546e-05,0.0001302363475565366,0.0033613737020757937,0.14893073109305444,0.0510387716877943,0.009708104551603897,0.00023452532935424583,0.000471045686033276,0.03390787856872593,0.020108079056901765,0.02681305427972795,0.14910639551385077,9.332623727939796e-05,0.033278702363667485,0.039649647767305896,0.14693813136081962,0.10236524430947873,0.07295388447862987,0.04090446449654431,0.0005022549849922397,0.043766207627796705,0.0003898220639697102,0.03611049074733984
0.03574402360134516,6.272533472735723e-05,0.00013346963181755064,0.003190629944385932,0.14927634936824674,0.05137475135667362,0.009431482470777608,0.00024395592789591732,0.0005394121979251627,0.0341883854832213,0.02012859615418775,0.026419592609960796,0.1506139140024659,9.637614512767492e-05,0.03287765654707303,0.0393656396408135,0.14650475126766585,0.10338733802322131,0.07258921415153033,0.04162250674916413,0.0014401341324709182,0.04464710026599613,0.0002997161616066346,0.03582227883169965
0.034214677583171815,6.242414721489381e-05,0.0001763562135341656,0.002658980890221168,0.14653415494642225,0.0549558101987007,0.010940346874103479,0.00019394359122226293,0.0005997051617576079,0.0327443874561521,0.019817202977069338,0.026829981443371516,0.1492640397416539,0.00014388780779237337,0.036272191966717916,0.037435551173477376,0.14265388022146636,0.10092893197322501,0.06973853804338681,0.04201044188117639,0.011639938731418808,0.044761638928863624,0.0019258631450662007,0.03349712490281378
0.03524183341586259,6.0483411507867905e-05,0.0001745886557402584,0.0020370511049840013,0.14653730639230705,0.05427404842079149,0.011190391152972339,0.00018160726008254065,0.0005126087996071582,0.03249489083801385,0.019842252843181744,0.0274715678520608,0.1488922690578942,0.00013582672843320045,0.03572072258899097,0.03729527386689725,0.14260490058336744,0.10188414736909442,0.06910256408056036,0.042202426835954245,0.01236466340458947,0.043818342894573245,0.0024991228976519527,0.03346110954488148
0.03315844556932488,6.071255113656954e-05,0.0001934437352563669,0.0018214226833700392,0.14819789389870724,0.05980430387937828,0.008971958028274125,0.00016578024868134066,0.00039725547324248264,0.03229155451694673,0.019615954464052628,0.02725276692770351,0.14370905601764583,0.000112371124602601,0.03592237508014424,0.03722436276870784,0.1448269169441115,0.10237187684095954,0.06848432425184127,0.04326852035085934,0.011595965923479239,0.04300044683406995,0.003381244440029924,0.034171047447474505
0.03467154819602973,6.009686308422044e-05,0.00018874578226378677,0.0019632741213962204,0.149079203047323,0.0602583609939513,0.00920234115865589,0.00016523422609394047,0.00021026221390284402,0.03249021796265706,0.01987942180206704,0.027623182967772306,0.13650882245261348,0.00010431002517463575,0.03638215101754784,0.03707886324001669,0.14640675508850734,0.10286749702090488,0.06923756599138564,0.04460235656467111,0.012174038369947838,0.042914212897247735,0.004054747134541497,0.03187679086224404
0.03603563948451963,6.324114601902265e-05,0.0002028721483667336,0.0016968885652298106,0.148205649410345,0.057158672707774597,0.0113045234204669,0.00014810187676797694,0.0003407376978272644,0.033821828737117594,0.021315339490001126,0.02808770253292699,0.13617247855266928,8.297904324763828e-05,0.034225278409334724,0.03664617595553386,0.14892558449309012,0.10548563859627312,0.06695860785736768,0.046138817342608836,0.012003894001654398,0.04038823999403096,0.0047964476756443475,0.029794660861182258
0.033649892560575205,6.235414279451114e-05,0.0001979001392019575,0.002359714756276928,0.1516878745915727,0.05570341051789373,0.01140044963562069,0.00017410720571159251,0.00037096548163748837,0.033872798602433175,0.02256672529956536,0.02797495640174809,0.1346626953132888,8.103666172936878e-05,0.03391314414374524,0.037376790438225165,0.1495592922421406,0.10517062651970181,0.06678238454464062,0.04691512474110196,0.012917832807389455,0.04054017434097917,0.003129681701622363,0.028930067210406835
