0,1,2,3,4,5,6,7,8,9,10,11,12,13,14,15,16,17,18,19,20,21,22,23
0.103366877249334,8.876198371539625e-05,0.00011752866579426292,1.4112573338784124e-05,0.24864755442382042,6.691974339898797e-05,0.04382845071008199,0.03102889283467971,0.009255365561900866,0.0006684243037881154,8.516944776133423e-06,0.018281228381740205,0.04853170485077344,1.069637654844044e-05,0.06573460092733156,0.005926348838718972,0.06898906654182858,0.13339884310750788,0.07235082162908325,0.04700471412185064,0.009780436033731358,0.05293594151344885,1.675117039241866e-05,0.03994744151241579
0.10319577786155469,9.798496947658023e-05,0.00012096544970834651,1.4538863893999307e-05,0.24843387122788793,7.597872540576647e-05,0.04339979331441063,0.03023442929826204,0.009270383446016656,0.0007328610661934277,8.828404701215085e-06,0.018206846210469668,0.04849181979836855,1.1169859779400925e-05,0.06649681028126006,0.006589826660623091,0.06799184219330508,0.13515284687967305,0.07174099316949839,0.04669960222074449,0.010210391790336755,0.053638054780023696,1.7164408139944462e-05,0.039167219120266564
0.10022026045874809,9.285494564787221e-05,0.00011130657702127642,1.3887332030951274e-05,0.2470278408253952,6.735695681661675e-05,0.043097876440494114,0.030616559966348274,0.010076040200515403,0.00045526622202970903,7.992775993151542e-06,0.01938085057773904,0.04663691161462003,1.0304290961349281e-05,0.0668438103202687,0.008306089649053721,0.06382532093676987,0.13928244794178893,0.07306300619070778,0.04886444140275998,0.010259732609429147,0.05309265995355877,1.6057559645485115e-05,0.03863112425165649
0.09378898936180624,0.00010204862773663667,0.00014484204774448494,1.4780026232409676e-05,0.2497660191200575,7.720462791991572e-05,0.04332330356905546,0.03073628041405498,0.0067949083970079436,0.0005293816826245994,8.220821956898984e-06,0.01904620911377836,0.047758068393207204,1.0600244481687563e-05,0.06886113324939669,0.007332607832791565,0.07022118197617484,0.1504926991540102,0.06398046272063074,0.04748447630256589,0.00963152576337847,0.0532095514970301,1.6491845687686104e-05,0.03666901321066958
0.09033972357086276,9.812024202789102e-05,0.00012484332598353668,1.4214415917536597e-05,0.2503097837472316,7.904996583991532e-05,0.040463227268851494,0.03331718633152679,0.010133652577288972,0.0004910611965160886,7.824960356022613e-06,0.01789022983444831,0.049781966921175265,1.0326321893165726e-05,0.06856287823885941,0.006741621308136258,0.06605324670740644,0.14620948849568643,0.07141775532907703,0.0500320527124643,0.009441169318212995,0.05408069657397398,1.5930870269128874e-05,0.03438394976599449
0.09037256004887381,9.280980493510618e-05,0.00014143631771671166,1.4306550910952951e-05,0.2546019139820816,8.128928295010966e-05,0.04130428920133668,0.033685601074769866,0.008387129094812961,0.0002907122782680035,7.951674092042872e-06,0.020397970774788637,0.04593905003319816,1.0557555024202702e-05,0.07211268862977858,0.0051705644204853305,0.06922744097129781,0.14544752567055294,0.06682005339479696,0.052362831841898404,0.010367059720055655,0.04863538942424842,1.576764794740008e-05,0.034513100605179696
0.08860453805239171,9.048061685986958e-05,0.00013990794435021677,1.313809110264031e-05,0.2559876917130146,7.492735894446563e-05,0.04118734197157732,0.03247095003923438,0.008355739342849888,0.0002634057559564111,7.794821913624043e-06,0.020365043396470932,0.043975143953565124,1.0256748288281386e-05,0.0721762446028746,0.005613863076660475,0.0715468630415369,0.14842635926373193,0.06296195531088221,0.0541620088562657,0.011181501605777706,0.04833135004185111,1.5250115522814355e-05,0.03403824427837706
0.09332425416529025,0.00011257585719095178,0.00012142119598823447,1.356355956150667e-05,0.24753944127578764,7.118066095879955e-05,0.04617625317096401,0.036807128136777174,0.012047898072372318,0.00044696820811204036,8.071536944154813e-06,0.024380674608135717,0.043480083032423886,1.0390239435834158e-05,0.06887544044804246,0.0027203532093257082,0.07747052068033312,0.14721056463079976,0.0594282000556664,0.04486113763285366,0.009501320410353089,0.05010591746550589,1.4974245216097346e-05,0.03527166750196141
0.08930568168354473,0.00014169907868061081,0.00018121298591556264,1.5947308586572038e-05,0.27954547230625443,7.840509770575663e-05,0.03748912507744766,0.04035331830556164,0.014083711152153266,0.0002709490869927587,9.604991515634897e-06,0.015845988880814482,0.0359179099517399,1.2067483956648498e-05,0.06956102228492003,0.0003957913509670733,0.07302856396618507,0.14418033835552893,0.05574375881757181,0.045062504504929005,0.010303695893119419,0.05242619938515499,1.5234912912360304e-05,0.03603179713784141
0.06779504089401074,0.00014554863776157338,0.0001146531322540303,1.4132701280717602e-05,0.37016215844743255,5.602219334182823e-05,0.03677717877309838,0.040890063705761336,0.01671937719330608,0.00019005837134580697,8.526888185706373e-06,0.030391702810957797,0.04454949956623037,1.0250953010239268e-05,0.0568609425516865,0.0018181865251631424,0.02830508228360428,0.11633878770355548,0.05666354376097287,0.014677285912001618,0.017979845102066294,0.057293478729491094,1.6613996818998494e-05,0.042222019166662614
0.0554868767874216,0.0012024833308155074,0.00021560293494822104,1.827118469171765e-05,0.40563088320212654,6.390527563366623e-05,0.03486721570600997,0.04127533973652976,0.029895296473207315,0.00022500130928046472,1.1916003316588888e-05,0.024039222349255117,0.034729160766713146,1.4395159724728015e-05,0.047732919229858096,0.0006087744964850294,0.030206839826497845,0.10310728323300102,0.05276850833678756,0.015006684628407074,0.018565066914098073,0.056810332165068644,2.0822674610742656e-05,0.0474971982755114
0.05505384882436032,0.0014220261154450648,0.00027115528682491075,1.908378267962407e-05,0.4022062715888293,5.4133047087875494e-05,0.02541200851540603,0.034722571851334934,0.03197248301760298,0.00019275774964925307,1.309874476469415e-05,0.0221327173928215,0.04458397037577921,1.5193366468117091e-05,0.05283845266332106,0.005109329448424016,0.029402718851818173,0.10238696654895478,0.056914274910501855,0.02205064302947139,0.021449802459867603,0.05078311939997646,1.988699888106854e-05,0.0409734860297296
0.054629803667302766,0.000630929971266268,0.00035068347269401925,1.5794848959847478e-05,0.39825804361862677,4.960584390548305e-05,0.02019906847223315,0.041055051805205155,0.026991012376264396,0.00016990625729269458,1.1388816503596257e-05,0.021769172377117986,0.048180926589747416,1.256297967658267e-05,0.05724441396819216,0.006558168763311513,0.027565085046815572,0.10267586989095422,0.059525252011814446,0.023816118515833862,0.021460496916981694,0.05046444712517132,1.9286819279365786e-05,0.0383469098448498
0.05502135582613365,0.00046709602893639865,0.00029379959723502074,1.4477408527883489e-05,0.3818231480714187,4.828035051715188e-05,0.028610013163052287,0.04436662228851739,0.027647523229676032,0.00017527332269159416,1.1536850560475348e-05,0.02139717285673247,0.049966283641905765,1.1401200387310106e-05,0.05739394022006226,0.007773862365118357,0.024772076195877953,0.10817496416700492,0.06287773441712961,0.016820708861598897,0.023959682892317532,0.049355087817224565,1.8624819787940304e-05,0.03899933440758599
0.055655759242398524,0.0017764658486145502,0.0003355159841068119,1.5964933967388395e-05,0.37842136225922796,6.233011487445205e-05,0.0166565789056548,0.05594388012829602,0.02764864850422829,0.00025674774642693186,1.2449523906091272e-05,0.022039068109968536,0.05499775015155863,1.2389219095279789e-05,0.053808353018670534,0.0028974251932484788,0.023657126092911426,0.09175563171930161,0.08289654120062656,0.022603612167148936,0.022282267908491405,0.04678686287493904,1.9370562498971747e-05,0.03945789858983884
0.05225000234127746,0.0010358387966319888,0.0006582248426284295,6.107404547670945e-05,0.4300063601708482,0.00027909305931469726,0.011452284827026012,0.0625199977913091,0.02993917273735592,0.006120985769995061,5.1156719985335684e-05,0.024887511548717656,0.040237047301258794,5.0913284272102384e-05,0.049994986856093146,0.002731374030113648,0.007615610411669335,0.0663446604066093,0.10235847943157507,0.0008016354822521177,0.02588517060596783,0.04230650826094728,8.650800360011114e-05,0.04232540327507459
0.04618838443569501,0.0002371102117147303,0.00022465734352051383,1.410162607404678e-05,0.4418472164222162,5.9730189238834854e-05,0.011860415272879888,0.0667095040204703,0.031199920118945443,0.0038883072016543756,1.1503923939845766e-05,0.024741156471915136,0.03677607708110526,1.1749319334457896e-05,0.046047172610549705,0.0020689619155052144,0.007950547528251585,0.05714997101654733,0.10323074590111077,0.00046915627323783164,0.03715637447804374,0.03896942372268081,1.8992098777648465e-05,0.0431688208165915
0.05050009988598564,0.00012472341574747045,0.0001077033924532245,1.2515032298461104e-05,0.4001994789661557,6.334487636486461e-05,0.00958575299860912,0.0687235241265588,0.039430070983751425,0.00029011448489161824,1.1105895728820351e-05,0.036830120700827064,0.03639513068875372,9.6256378992333e-06,0.03198590361205674,0.005196773058296604,0.023931068119961228,0.07590090025708394,0.12877001596840895,0.0001443381565723768,0.006135327034923441,0.04668619064226012,1.3772363023364334e-05,0.03895239970138631
0.04796172852994507,0.00026578567787067777,0.0001862045369724046,1.5004742479972352e-05,0.407230303732058,0.00010456286194604266,0.005858514776069962,0.06940156652535011,0.044004639962255995,0.00031169556982413093,1.1593177771577036e-05,0.03562875635792655,0.03321917665161911,1.2888775238052131e-05,0.03280115924993252,0.004309436145997085,0.0267584690509964,0.07106293554365735,0.13099085258000873,0.00019342409479096735,0.009789381104664444,0.04552320971265848,1.501022667163506e-05,0.03434370041329475
0.043499962524214356,0.0006824093366313809,0.0005150709459685151,1.431286169772735e-05,0.41881344221862554,0.0001927191007083474,0.0010620475793633585,0.0691022129346507,0.04478893087285351,0.0002503104018466379,1.1245318312673364e-05,0.01948130374650651,0.029039089380370985,1.2827978658280936e-05,0.03449764021368609,0.0012756193574884548,0.03552038122725055,0.05677098304534457,0.1308697578305995,0.0004419561185721323,0.03237200429148676,0.042020417242005295,1.4298665572573081e-05,0.03875105680758555
0.04440156837026331,0.000748654334723206,0.0004483768414991943,1.3984643807214078e-05,0.40850475099629696,0.0002715264962697414,0.0029398826988989374,0.06800051543453169,0.04535149025217585,0.00023570597279152898,1.110776907968439e-05,0.019207180876130943,0.02908759522267579,1.2715231852172487e-05,0.03539298955496825,0.0003604798535470583,0.03749828205441206,0.06563961208990948,0.12656381555907775,0.00025259476916402753,0.03266640079005761,0.04199146781079327,1.3552809051502234e-05,0.040385749568022856
0.029903317607603445,0.007209198752765709,0.0057493063418580905,1.2710978322613525e-05,0.42226533914984316,0.000515733357814393,0.006322603242988185,0.060348756775207485,0.049382439732066186,0.0001831471048656245,1.127717916526373e-05,0.012626013624143872,0.028975199209561445,1.1530935077552042e-05,0.033138060265542085,0.00021776983106693403,0.04323683323531824,0.059360403872799915,0.1223183128736223,0.0002251584206414458,0.034443236105368306,0.044967431405672366,1.4112938863380865e-05,0.03856210705982249
0.029516645009639547,0.009249493383548156,0.00641456189499646,6.51093542311713e-05,0.4181713013941696,0.0022091184521921747,0.0051816368319298495,0.05966383774078283,0.048813108043370725,0.000867804769256939,5.7763075143241085e-05,0.012440945608656556,0.02865361076715032,5.786905401435693e-05,0.03171473991650133,0.0009421185227150872,0.044515874624442904,0.0612133168387165,0.12376112365389341,0.0008896501654136791,0.031391556859730906,0.04667472250458469,7.419180406798827e-05,0.03745989973084925
0.029584628592742423,0.013817844663288411,0.003609262764034988,6.825141919307444e-05,0.41456241099771796,0.009968004115671439,0.0005981122356816494,0.05489484191074976,0.03769817678246843,0.0006908060453102876,6.41370190335777e-05,0.00708312944402698,0.028632018139702873,5.888021602881678e-05,0.03429542136781892,0.0009424449177376442,0.06846682183964584,0.05484946940313071,0.11395450534649064,0.0004002956545067018,0.040261387390748346,0.05039783687947923,6.697970437042879e-05,0.03503433315042067
0.030216893625702627,0.014639780219956362,0.0019352474268854948,1.3733963790516864e-05,0.41590993717858055,0.008760674426696355,0.0001103230247022904,0.05534246224434104,0.0379569127322912,0.00013728284238255902,1.2933022343493254e-05,0.007503272788350786,0.028872216185531104,1.1653489703257698e-05,0.03277075700757559,0.00025337706513422993,0.06883281749264471,0.0567184148597817,0.11468194044132196,7.968399324567935e-05,0.039944528604702594,0.051127196509115125,1.3269081205699359e-05,0.03415469177401501
0.03198423822932332,0.014114613392440493,0.004413836881477218,1.4948726280301252e-05,0.424704810141998,0.008598724126454238,0.0001390361124581493,0.054485144230589484,0.04104322204087301,0.00013344271555372858,1.3433417903665752e-05,0.008584383201926124,0.022406199207055874,1.1193537047335256e-05,0.03183380502765693,0.00023903433226721038,0.07198532387550088,0.050027352704177706,0.1099023379531902,0.00010663920167283932,0.03824935243862475,0.05139197768639232,1.4485783410650312e-05,0.03560246503572545
0.014042205364924053,0.02032146226107859,0.010950204782902512,1.534287768132411e-05,0.42229163648078744,0.006174827447088759,6.131735627015533e-05,0.05487093666193427,0.033908497501593186,9.222374300212094e-05,1.3582351246460475e-05,0.005052152943336307,0.03303079661317032,9.743560457451832e-06,0.03215682279609929,0.00014750020776338823,0.06265876769184463,0.05818229661732401,0.12090532864183386,9.120356562466696e-05,0.04644453428579655,0.048822595939241,1.3987523167273666e-05,0.02974203278582946
0.006814118712937038,0.02049255510089732,0.01819785098798207,7.891817805137015e-05,0.4143660901483879,0.006895249625330369,0.0002296751779472852,0.05957861882890186,0.03875031591256359,0.0005494141171504114,7.355420377325129e-05,0.005063598887299805,0.02340342244903157,5.035213112113675e-05,0.03405318110812911,0.000579699877675094,0.058336318925580034,0.06416351935465238,0.12803029076516997,0.0005274363980468037,0.04716444107888794,0.04617600081616315,7.068764978725231e-05,0.026354689564535298
0.005092117530800644,0.01919242312080055,0.023893252311310908,1.98050093996037e-05,0.4172789512864761,0.006324239461270896,6.237952185109525e-05,0.059827662140735316,0.03679909474241114,0.00016861997485047105,1.821305635189342e-05,0.0037431302591099057,0.022966839319614407,1.2482724878759304e-05,0.03506590753691949,0.00026651126706573583,0.056061081012348794,0.06886477444795892,0.1234214051738429,0.00014524613114529333,0.05151878084646265,0.04255268109754042,1.6672622788784413e-05,0.02668772940406521
0.0002752650553978455,0.03003371279534949,0.006777627692474856,1.8510474866712827e-05,0.37972638869899916,0.001071660052847494,5.68467421868705e-05,0.06543638222984476,0.04477232528900608,0.00013583517538203087,2.534827929224955e-05,0.017393146340611,0.03598145210683114,1.4263634049440456e-05,0.02496672911270607,0.01669164507325262,0.06615903018032161,0.07661681573144555,0.1273263867553538,0.00012041109766614862,0.04728965155224999,0.028055378833477553,1.5196110703741821e-05,0.031039990985683868
0.00032622829170551437,0.026956940457347082,0.011448215204108589,1.5309255262966548e-05,0.3702043841253158,0.0032884140192421516,6.782533646654285e-05,0.06582986667231577,0.04436098275703751,0.00010005001382062736,2.1754783482090107e-05,0.018469709653028864,0.03415073129668355,1.3931915037799796e-05,0.03071346979275821,0.0163513555090737,0.06676894539358619,0.07551828868108428,0.12664361090944778,0.00011535983363867386,0.04839765914216298,0.028057280811178024,1.2535675675686077e-05,0.03216715047053953
0.00048755803481328845,0.019143433377128902,0.027284853823404412,1.351791690537258e-05,0.35518469495601124,0.01907019085667987,5.515173728079677e-05,0.059195309914193,0.026265504422944137,0.0001015501350294102,4.3097041089479764e-05,0.022461309188599766,0.04446786167445255,1.3910286891169747e-05,0.02791490964404425,0.018877255239851648,0.04374153977372293,0.07785880058483341,0.1400456076325408,0.00018029957405790294,0.05069531023487162,0.032414021696055006,1.1534541161736094e-05,0.03447277771343706
0.0006193661416310801,0.022389728118500776,0.025826793296701976,1.4924845960977372e-05,0.3620188237824297,0.015036822525722119,4.097184784345515e-05,0.054034850680898264,0.023801902894472746,0.0001172163907851698,4.780908727803528e-05,0.0244635043279561,0.04664827165670654,1.4571184570934538e-05,0.026279453261524657,0.022107985451948094,0.045659529110949656,0.07326548594244205,0.13847189083609526,0.00022210333611004347,0.05228575918779991,0.028101813651614297,1.247157311641549e-05,0.0385179508669418
0.0029269412619093204,0.015594994627688194,0.03706279467405012,1.379246357990189e-05,0.3555382138338417,0.015529842047524998,3.5900511966113714e-05,0.05539629547234534,0.019694947127581523,0.00011381195756017157,4.332336703383855e-05,0.027672597666625297,0.04977929329583701,1.4475989289651514e-05,0.02782624823865655,0.015170368275303166,0.036864129316994676,0.0713667278465896,0.15689915208358715,0.0002567369288846564,0.05289949860673941,0.02016861519475964,1.202075465823707e-05,0.03911927845699394
0.0055648847803522585,0.011674007508135666,0.047408597633591135,1.700585162888291e-05,0.37509691224229413,0.028654337589186604,4.092840771988182e-05,0.0515804669884802,0.019615255475950395,0.00015948002687956003,0.002216024982201408,0.032102316009568865,0.038230537632069045,1.6585610247781494e-05,0.034105685178276175,0.012486600654731297,0.07401584623297569,0.07680512828471592,0.06447283128491647,0.00033341164317739446,0.06612911600435001,0.01244079098000686,1.537174910489356e-05,0.04681787724943931
0.00037854213298063057,0.010464684041022583,0.04962582713433563,1.6660671197934824e-05,0.364395819049085,0.03625838007828439,3.664935306444793e-05,0.052309576416245736,0.023723933024078523,0.00010795953373836746,0.0015017743798787578,0.03648010007546784,0.03951758507728715,1.4074371784378724e-05,0.029511690662436467,0.005264076692577727,0.06485010419793193,0.0855140453116383,0.07022309882539426,0.00017480015699180732,0.06483936479823568,0.006579523208953053,1.6671043275032463e-05,0.05819505976411391
0.00027099266307664417,0.010490896470013836,0.05370607226565843,1.5751415201172592e-05,0.36064012195543943,0.036646404034838674,3.593536560857425e-05,0.052024438659091246,0.023254057312654165,0.00010374618181645046,0.00030240061467251154,0.03729915169144841,0.03956552511155735,1.3625256700509896e-05,0.028750554414737145,0.0043182363697371415,0.0633313515084918,0.08870510820480458,0.0704671862310621,0.00013636507634497358,0.06383447674678273,0.005972854324069393,1.7861108375899574e-05,0.060096887017816736
0.0002563426124098936,0.0010129022763170155,0.0625123254329191,1.601931206637252e-05,0.3449824598116436,0.0035282642273861283,4.3986626580265105e-05,0.07179805593406766,0.021353777039058424,0.00028875894150584867,0.003223703192185789,0.04872693750068506,0.05207092487437145,1.7874311555440404e-05,0.024998891929445204,0.0014422927165730242,0.06573942226962227,0.08415847349607464,0.07160521744850698,8.103998587217911e-05,0.0710223754171493,0.003923309012287157,2.2389047013975075e-05,0.06717425658470313
0.0006929898646174572,0.00148086842700142,0.05967487983589578,7.208350622488355e-05,0.34339775440268566,0.007992450817263257,0.0001895381262177713,0.06885371856386394,0.020965607462785193,0.00115279453668338,0.0038576616655230404,0.04947563979381273,0.052341489362655556,8.27726237959324e-05,0.024675462061084674,0.005236660196248541,0.06692583549531558,0.08087645400183804,0.0701517339634077,0.00034565639724748503,0.07047285410155975,0.003441515316886022,0.0001019801557981487,0.06754159932158807
0.0007473496506293569,0.001656308956122584,0.05811092352689176,7.169257001720846e-05,0.3445852196072651,0.014520786151850464,0.00020131379169813286,0.06326909514614297,0.02047681055510943,0.002052452070078129,0.005829993283990302,0.04555904876137484,0.05011080905532521,8.439734792489426e-05,0.02591553929053039,0.0037271111832221458,0.06415672884701346,0.08607434491020065,0.07140169059873654,0.0003590833028937066,0.06989517376778036,0.004391177449027696,0.00010244723418359891,0.06670050294199117
0.00015796119059500126,0.0003144534664696896,0.061858358540379126,1.3193763627735754e-05,0.3411395799894516,0.01596928848672208,3.6770576280392494e-05,0.06329556485841129,0.02145212683406869,0.0004852850541242575,0.004898796746273833,0.04553044787584105,0.050385673858372886,1.5681366464395336e-05,0.027525027702545512,0.0071554205380836115,0.062013192471354936,0.08755698171145268,0.0708467445228332,6.576890718617683e-05,0.06662825182102101,0.005646087280872037,1.9801647191850234e-05,0.06698954079037693
0.00035059812735257237,0.00016461507789451604,0.054594090665615026,1.4300398465928762e-05,0.31919930209105163,0.006443247790931755,4.0522978450216204e-05,0.06297089474581546,0.018812403747703824,0.0020913656807800256,0.010910442800907775,0.05510960747436848,0.05971414921976569,1.839123648475248e-05,0.026574105504697,0.006462530443627031,0.06208741691987222,0.10490710519042912,0.07015812177441565,6.465505501828895e-05,0.057718850936636194,0.01094993669089528,1.800754032537669e-05,0.07062533790849601
0.000288053091805277,0.0001319452039512996,0.05941481557054135,1.231169298915821e-05,0.31786698276544945,0.004981436057146297,3.506978671582967e-05,0.06443929596311743,0.015499998927671252,0.002566408406385052,0.010336274622822285,0.054971862408327216,0.06181247801813851,1.7568852860148737e-05,0.026426946721124587,0.005505116816524625,0.06132616364287832,0.10245318936935813,0.07004301674607563,5.5346443057135e-05,0.05648545534999133,0.01384353001204824,1.6192893251569544e-05,0.07147054063776996
0.0002845496244622978,0.0001681765166777496,0.07326956529529846,1.3718820584185166e-05,0.3095343924503009,0.0003685743603707793,3.239197142642096e-05,0.06705155860362472,0.008260307735600488,0.009978719128947683,0.006312473781264252,0.053350203230214874,0.05410545001365829,1.787400386155827e-05,0.03303801182208049,0.01479990588595964,0.06147404282212727,0.09930873242583588,0.070445004446404,5.049044717183282e-05,0.05058306907921279,0.022291100654882132,1.668015248559974e-05,0.06524500672754778
0.003560116499701894,0.0017396318375085605,0.08295936012810495,1.8629743451889868e-05,0.2986154571455861,0.00027074384349387516,3.409629069634645e-05,0.06989473677331022,0.006363960759153166,0.002976210706388307,0.0008306056428097633,0.0624136251353096,0.05550119824552687,2.0111117009296554e-05,0.03284841993722342,0.013576563251470043,0.059087202415828,0.10270248957724842,0.07038853851877962,7.676259185801058e-05,0.045682855353491474,0.025164321489746917,2.050909200910743e-05,0.06525385390429417
0.007032435017689177,0.002589532105354395,0.08628812458319916,1.8246496562355502e-05,0.29439248939337914,0.0003976947934130365,3.295378936311488e-05,0.05793804602586014,0.017245942716046316,0.02928543126992962,8.40457259604004e-05,0.04446432419890882,0.042708810066392856,1.8809945256593467e-05,0.03731228808110257,0.016220722733710218,0.07315767291051456,0.1088570675086502,0.06888444817645263,5.342653548809092e-05,0.04550255632220886,0.003892419826519926,2.318951091129928e-05,0.06359932226712661
0.010798356516022872,0.0015533598697737008,0.08588328213731979,1.6338300009812584e-05,0.28949664436820516,0.0004424406771588616,2.9667880086435663e-05,0.05921919861938873,0.017338000298439883,0.03283023420593255,7.28460973243641e-05,0.04242485924825772,0.03833846295925673,1.6756455036802367e-05,0.03675227371329871,0.017068127623875846,0.07409315370213165,0.11122288514031073,0.06867930900459489,4.81485142817099e-05,0.047481457270886915,0.0006966857946402855,2.0349937310072617e-05,0.06547716166645573
0.006411478536482813,0.0028934681406800875,0.08263677667176011,2.0719509764414155e-05,0.2905967358690241,0.00021173817317384717,3.207015115640299e-05,0.05730764287950009,0.017726581737672404,0.030250033059567933,3.5156018928867426e-05,0.045383620933262675,0.04954565747072005,1.9331760791861996e-05,0.034647548704910144,0.02201075448850086,0.07399873945800774,0.10505546047542552,0.06794635017531331,6.11921379627395e-05,0.04617878701824439,0.0002583681757292851,2.7674096278015155e-05,0.06674411435714224
0.004501023399796022,0.004294419282837308,0.08167415395692658,1.8384200605588024e-05,0.29173385140489877,0.00016402347886983873,2.577188077156016e-05,0.05609392013876047,0.019456993822528554,0.027755880149307542,2.7412553901405158e-05,0.0448406896932588,0.04767051513313367,1.5812363327445682e-05,0.03845216302399067,0.02108404497811889,0.07247666505307505,0.1079044252156339,0.06800169823433909,5.028748606886402e-05,0.04709950191741102,0.00046122951237026146,2.275392604776478e-05,0.06617437919402103
0.005167002028597342,0.003416977360568219,0.0847690185595086,1.6346480677228858e-05,0.29981765772163166,0.00015283419233948908,2.716482887127263e-05,0.06308654358245468,0.019108028649652786,0.02267556115160504,3.738545898761866e-05,0.04019337515219611,0.057091758923007226,1.574122802955036e-05,0.03635256476079888,0.030188785930152808,0.07268115981831914,0.09848247272523908,0.06585633741559775,5.171294671357336e-05,0.04339644814518145,0.00021034115248376163,2.521732182282023e-05,0.0571795644655641
0.004995373475374169,0.001388691097103862,0.08485297264892205,2.198324916439319e-05,0.2959315498242528,0.00016510218869707636,3.175239859283939e-05,0.06511038694957083,0.01778587501414479,0.023417468407720965,4.5078186113872975e-05,0.04199818806543354,0.059206426059237406,1.8281040935019046e-05,0.03614919102146032,0.03018852035237495,0.06850169732490156,0.09853907995188763,0.06563463540980906,6.315127739524509e-05,0.04461924169260426,0.00025808162166089806,2.9958388942957333e-05,0.06104731435369965
0.0004602660900589224,0.001054045325911562,0.08999422211770622,2.0470709389343856e-05,0.293427491910036,0.00012851301089842026,2.5869378561234205e-05,0.06622530919006679,0.02160493955410349,0.008993348346806913,4.375275487305152e-05,0.05219265557106876,0.056050017446767235,1.4469184495373307e-05,0.03567562444523181,0.034875372020805206,0.06809046592820868,0.1036651532702858,0.06575217834420981,5.070627213109594e-05,0.04431694346086716,0.0003895382679574088,2.366070218193869e-05,0.05692498669736615
0.0006586086131397277,0.0057228018184930125,0.08628225901641215,2.2018861478921204e-05,0.30685425640598146,0.00012226384754034618,2.3864023985411195e-05,0.06359116924578716,0.024965907124656177,0.010457528585745708,5.158072708680921e-05,0.04636706836535128,0.055880610593109094,3.402877848334081e-05,0.0344218948203134,0.03361896035373126,0.07241946272480163,0.1000111702157048,0.06463818140212134,4.988066076388513e-05,0.038932582729567226,0.0012511674907297917,2.7856821630353674e-05,0.05359487677338218
0.0017394972288306053,0.008464593144254708,0.07457118712884735,2.5243043187763955e-05,0.30301935643258676,0.00026811222250066073,3.243781215936895e-05,0.05303462858726763,0.031749951919190215,0.012951959417257283,0.001378076305141223,0.0367827717151566,0.04703095648179773,2.6045238640608873e-05,0.04734049275011973,0.04921185085316267,0.1049127086967772,0.09026863043019463,0.06854126184015492,6.882812734580155e-05,0.028735806079532168,0.0032519460293450797,3.189214515806333e-05,0.036561766371390775
0.00028104178033423776,0.014193355502432756,0.07337126735535379,2.287448544831764e-05,0.3034580543446438,0.00025618728984284065,2.9310878228169548e-05,0.05242532445774373,0.03196976585941277,0.001084484204758837,0.001843770008179047,0.03468905470040015,0.05131718170968018,2.7671035011947073e-05,0.049893472594843113,0.05082877151867696,0.11047306596576455,0.08848420900899848,0.06851641852254897,6.629639731759373e-05,0.02890525057108361,0.0038737743773594223,2.9296742945688794e-05,0.033960100688985605
0.00048820065914794087,0.00886301195809311,0.07325275482711749,2.4009393081687805e-05,0.30240088463518633,0.00023316354241082566,2.9700697498842463e-05,0.04851017230440966,0.034227113328852345,0.0005226387305534985,0.00028151597065522924,0.0384280719679914,0.0435754913566225,2.769198807476672e-05,0.04190483489600526,0.044345604548169396,0.11862405008399399,0.10104087034432886,0.06948679780873519,5.004885996871717e-05,0.03900741710251621,0.004197706109537511,2.465298753378874e-05,0.030453595899515618
0.00026783342100498503,0.010130710336711356,0.06934481917231464,2.275632068723234e-05,0.30874738714321026,0.00023180004937933262,3.0439859488253055e-05,0.05037035912693678,0.03534677960580867,0.00040439238253879545,0.00050209554769609,0.039396630676693974,0.04637693928177353,2.8038724399715253e-05,0.03758326946191502,0.04772550604433485,0.12071299260921498,0.08851411015982025,0.07097025042496567,5.084431984012003e-05,0.04010281227076305,0.0030597941545481666,2.584736291793164e-05,0.030053591543036228
0.0001419649256051353,0.02066269871778419,0.0833281221418193,1.878763838553409e-05,0.34019619916560967,0.0002025656886091937,3.188327099600211e-05,0.049568375675106024,0.018796786774489736,0.0007149942164040588,0.0018605100371867672,0.02184907698742732,0.062023097720016594,2.87915303848288e-05,0.046628221643725536,0.06704618798287662,0.08283753966961876,0.06696845040063487,0.07892428279866995,9.983382021636511e-05,0.02731699946554625,0.018864398886108007,2.2145018312559445e-05,0.011868085824466471
0.00015036012554746838,0.011427303553735736,0.0880063207398266,2.002979328296419e-05,0.3332502553841098,0.00022340667871713007,3.131307994214628e-05,0.05302971483130691,0.02069920214753621,0.0020229343566755503,0.002544038209035869,0.02848689590529339,0.061981747490517485,4.1342397486785184e-05,0.04520074565081935,0.06612238637123528,0.08269550635207432,0.06759238144290171,0.07868037064915634,0.00011207980996104128,0.027132406602858178,0.019470816139324332,2.4394687829484e-05,0.011054047600824367
0.000176194862691125,0.012154727669231043,0.08792492008485407,1.7624093810993698e-05,0.3285089024916967,0.0001672160864223539,2.6740542253480638e-05,0.05201518948588009,0.0215299112910456,0.0012437894939640187,0.004404063803172512,0.02569029925405208,0.06676041324432719,3.5404444516740394e-05,0.04366324632048933,0.06972362837306167,0.0844732336973181,0.0693555198558587,0.07751323629311609,0.00010277061979057981,0.02672637418311255,0.014997260167958429,2.0902876386627837e-05,0.012768430764990133
0.00045063818710490395,0.012629243693668923,0.08609039201662792,1.826149898325529e-05,0.35496518821135536,0.0001587432602988981,2.7842319903649102e-05,0.0463504951073433,0.019545762672723434,0.0021094916576416497,0.005279499044756586,0.022709651757556477,0.06275945894460389,3.120924364174761e-05,0.04103069286578754,0.06624070798329344,0.0825035235582519,0.06291964088246574,0.07609192950995348,0.00010038353367815683,0.025502877425456087,0.01786074284223498,2.196948993074179e-05,0.01460165429273801
0.000724949994381724,0.010648553439012137,0.08802113061596235,1.858416730847904e-05,0.36395209577282606,0.00014940108505948229,2.6707637591538086e-05,0.04361181229824131,0.02031346790936535,0.0018138708760964573,0.0042456585780345744,0.02193867417315622,0.060076912843404814,2.8237240131272594e-05,0.041242252268915244,0.06356871835747756,0.08468792591421537,0.06279720995911714,0.07549523316671274,0.00010235792641035945,0.02263215702143383,0.0221681664433327,2.193576997867764e-05,0.011713986541840627
0.005093296472254777,0.03148678386997848,0.0972516195922098,1.883995605457807e-05,0.1541027651933803,0.022962774099112772,4.326437758316537e-05,0.06651335699510844,0.000565737014339057,0.015578347907945485,0.0011858012958746195,0.030030911221160136,0.09323098069253917,0.00010268290729548544,0.04376603339738938,0.08857620563087164,0.10019250568594613,0.1048122427688692,0.09093320495451565,0.00013677637796011527,0.03167358552201274,0.006265456304432841,2.7528666740268764e-05,0.015449299096425543
0.008930257699484617,0.028768029428316584,0.09408587634565381,1.9632738153258733e-05,0.15557384483296918,0.023705279977114416,4.1944325511245044e-05,0.06586774037251567,0.0007332475068063662,0.02032319618168083,0.002281030697897584,0.025614988644073373,0.0954740541587431,7.721325185400962e-05,0.04456174265447429,0.0901326615441981,0.09797457456514448,0.10032655283662009,0.09273046272601601,0.00014783264023198763,0.03329734700096588,0.003969271034866026,3.187155319830077e-05,0.015331347283510682
0.00800743069934646,0.031296972562939174,0.09618658292932006,2.3462532017056965e-05,0.15246745416563434,0.029442564859724747,4.967631049089193e-05,0.06122000254705763,0.0008682067789374141,0.018235676739307503,0.002404126166807114,0.024947720024875483,0.09420913878240306,9.316998440970599e-05,0.04671784562816003,0.08955598693824215,0.09493223911739268,0.10595129212799573,0.09266182109281473,0.0001762056589724212,0.032287406269036735,0.003762962147906178,4.0179758645094814e-05,0.014461876177563813
0.00895497488171207,0.04332149757110146,0.09073438513094777,1.7761260960822675e-05,0.14809846548404915,0.046136940222048145,4.8754039477860984e-05,0.059562798252074466,0.0038883485806277115,0.021459887182823267,0.0016078378580573203,0.021069522095301687,0.10379191465929292,7.513723236647129e-05,0.040187891534171426,0.08025620883638108,0.09712464758950318,0.09255557297237177,0.09068023347077712,0.00011143738944155989,0.03313334957005599,0.0005770970322125515,4.626125044044372e-05,0.016559075903803754
0.010611013926785574,0.04697358269241865,0.09188655668884449,1.972526410402903e-05,0.15072241566081104,0.03896144264768314,5.064044811499182e-05,0.06635699871148569,0.0033727267858206715,0.005130621706187672,0.001977523561574243,0.02507006820906788,0.10648474582135514,9.041477264134071e-05,0.037828579187303785,0.08280525017117114,0.09604753319132746,0.09529102323542021,0.09117282317641622,0.0001146687400795689,0.03205695031950645,0.0004731762036569939,4.26258666856595e-05,0.016458893011537995
0.00011264031657826476,0.05943834679656264,0.08419627436970298,2.0051601773043585e-05,0.11033542125325023,0.030217956816168987,6.947323259457909e-05,0.06416239691418461,0.0029768880338965865,0.04612966617725485,0.0006676755573165111,0.010900594383106877,0.10951741063482565,5.627753693676281e-05,0.033106171465545696,0.08196871375078704,0.10857498329118204,0.11277422991776348,0.08823005178487757,0.0001643793184922963,0.026812275166341805,0.0023100966994388863,8.914712480088041e-05,0.027168877856617715
0.0005264899211544667,0.056891935503172696,0.07937242234171185,8.87476728204963e-05,0.11463616369071163,0.023480169755975864,0.00031027277108720445,0.06877262890031748,0.003841602681122656,0.04740021399170233,0.0012164561898036783,0.009969569161889786,0.11098064016413452,0.00020276687366575978,0.03219915159550963,0.08547548255702887,0.10872822831402207,0.10904792339535627,0.0884607392768807,0.0005824065327374382,0.02697250412013816,0.0032424022260997337,0.0003738245538493803,0.027227257809107296
0.00014593767458723314,0.04513501067075334,0.060261473198227306,1.8174398874645738e-05,0.12316730579106501,0.03248208184958446,6.757101480216014e-05,0.059605438774448086,0.0034995283825837034,0.0655288065744214,8.890758851719514e-05,0.002970193688179997,0.11201885960804467,3.7697906874545675e-05,0.03654910996089284,0.0821009503726444,0.11964781467694524,0.1020222107902015,0.0855580926398222,0.00014010588210599384,0.029082514508920895,0.01813021884662333,0.00013793860728255464,0.02160405659359724
0.00016595895595620833,0.04436961454104161,0.060189776494205996,1.7469888274481068e-05,0.12154605644970769,0.023902650278666743,6.970838029701082e-05,0.06544292592517284,0.0034231585900680404,0.06415197715809814,7.99728782324218e-05,0.004471017555289292,0.1127637119540428,4.1613685560635444e-05,0.03694198115555894,0.07707687617988664,0.12388049264859165,0.10465658578609079,0.08596458126990252,0.00015753349034636132,0.028586687076525917,0.02087070028849223,0.00013176108768839692,0.021097188282302577
0.0002824998743730771,0.030155864288905147,0.06592931972968144,1.655364915961136e-05,0.1185430961254766,0.034794195332747635,6.410124131734153e-05,0.062013112998610606,0.008670210690349383,0.07189533303821631,7.397389569462004e-05,0.008000542032270552,0.10521524256236682,5.5641599527152706e-05,0.03592954340042043,0.06287341659483633,0.11143941405706811,0.13114972581593082,0.08603103627756287,0.00015139463883693993,0.03121354475574583,0.020814943518660693,0.00024030524590573128,0.014446988636335941
0.00014645742612628116,0.03370053364848005,0.06877136293486294,1.6939900315905475e-05,0.11773314559347388,0.06332346186801634,6.981186494159064e-05,0.03273127541126883,0.006180603404403858,0.07201771022415428,6.142762176938673e-05,0.004553594692030273,0.09929543870234368,5.380285679173071e-05,0.04021664776224672,0.05976952424181884,0.11092011981950971,0.1387192788586091,0.08552352594017906,0.00013981796657704906,0.03186159257262693,0.0212703982539579,0.00023453337726276672,0.012688995058232731
0.00010440351479486644,0.01590361721609192,0.07367133477186473,1.3815786461194528e-05,0.11585987154016797,0.05997737128436332,8.98785213731018e-05,0.015816691605889322,0.010719917776218706,0.08552824623775639,0.0005759148094719465,0.00019968971580993934,0.10286577046435288,3.469003813983615e-05,0.04333415996163895,0.06240195517581388,0.1165354639080083,0.13692362203025701,0.08923916301699471,0.00013421792484501498,0.028756633812468235,0.02603273172882497,0.003585494355591169,0.01169534480280012
0.00012015295101182026,0.01855156825871241,0.07118586845805736,1.5689607913541556e-05,0.10971208170008098,0.06576798511575858,9.29639107827235e-05,0.008774717476882094,0.012108525798465422,0.088488333705441,0.0004526472761338913,0.00010979560037564948,0.09717842325339521,4.048227694256836e-05,0.047845801788228635,0.06212765190472145,0.13188837829364844,0.12737350731267935,0.08902949194387093,0.0001278923368008834,0.030571115130048062,0.025287266269670847,0.0022134106021932396,0.010936249028184866
0.000583777038280234,0.032036729609423276,0.06678672121555233,7.19301809981746e-05,0.12946874794428892,0.0802787700598231,0.0003468726294589021,0.0008110350230910329,0.002923416500491641,0.06461996831573762,0.0021230466434619937,0.0016404060005236522,0.10259406447210416,0.0019290258082293754,0.047887988655534675,0.0722657544969651,0.10967088873169742,0.12837526184893672,0.09104282087638066,0.0005980679237726854,0.04020248105384352,0.017666730413656576,0.00029358042455337503,0.005781914133196582
0.00011409401999629446,0.032219548466492415,0.06763819289899474,1.3904316084836925e-05,0.1294601581493781,0.08166166980584552,6.917059024215066e-05,0.0001525131442934836,0.0020762128710760954,0.06518458557012129,0.0019899130219375263,0.0006544860796633988,0.10301551258699469,0.0013332832483414453,0.047634346754690526,0.07310243639777453,0.10987834393106478,0.1293234952960355,0.09079521127972123,0.00012267984390124158,0.03968433203204126,0.01830204205803271,5.303895260020663e-05,0.005520828684676121
0.0008443088244950252,0.012360595684768336,0.06637438740947718,6.99414293786437e-05,0.11581446899894922,0.10154241306439218,0.0003153623268730486,0.0015331227499018212,0.022574333455635733,0.07769537759620626,0.0002475223186477361,0.0024347561551561355,0.1271840725999105,0.0008803971864908937,0.0583197655431749,0.06829795182133527,0.09488270230164274,0.09494971868399808,0.08791526841102719,0.0014929987722166395,0.04637970929292593,0.007482690754976917,0.0002917851805958579,0.010116349437823564
0.0005503667096157768,0.002464520968163909,0.06849648650213472,1.874236904447464e-05,0.09987679322927437,0.1135210428765097,4.8534711979106856e-05,0.00010498678206848637,0.04155849010775722,0.08284054016095692,6.88627331611814e-05,0.0003228155870220166,0.13313031474350898,0.0010229879008479032,0.05865762574614896,0.06319947337818829,0.09572384525274365,0.09688065029771917,0.08586431788361912,0.00037157619484138373,0.04639356224792877,0.0013593907064695125,6.656046994240014e-05,0.007457512440353752
