0,1,2,3,4,5,6,7,8,9,10,11,12,13,14,15,16,17
0.09573701545035795,0.3380844968049062,0.003616298581301233,0.1412058183534335,0.06836856423552584,0.04125446259990363,0.005588386505480052,0.05300531796841442,0.03086814800775871,5.1435415593526896e-05,0.07421120037451663,0.014278262739338713,8.93651033822338e-05,0.002772647657734678,7.743165495293378e-05,0.07703305102440176,0.013295905128037175,0.04046219239496113
0.09653270251177729,0.3276486491581547,0.0004719871948328058,0.14209850101406188,0.06351535108055488,0.03447993494479439,0.005258948326460847,0.04183629755418561,0.032032623408233304,6.056649970775928e-05,0.0817248839162502,0.01852932955965738,0.00012259302005099415,0.014871731955111267,9.972131725326323e-05,0.08308212428931833,0.018287396070721936,0.039346658178873437
0.09784851593868008,0.32634603844514776,0.0012273363715321183,0.1408358399390538,0.06422879911903083,0.034047398524473145,0.005505249602810105,0.039094811261737354,0.03201179441131447,0.00022660669888527937,0.08226652678413827,0.01668183794744147,0.00042232770270096134,0.017963851764641117,0.0003543396559860382,0.08169498089453879,0.01688428507743367,0.04235945986045482
0.09765816598077828,0.32518421695800814,0.0003113935080744068,0.13289863359806448,0.06576709053306827,0.0337843361672398,0.002150435929196073,0.035368149793275946,0.0316000259542039,5.861912649292389e-05,0.08017770437567721,0.017478429782978325,8.445753060151399e-05,0.02498868161836121,9.022139078347275e-05,0.0845620147346675,0.021541342019392666,0.04629608099913589
0.09721260604398592,0.32508122018717456,0.0003767576711353722,0.13279754378162972,0.06546135276253108,0.03367732282565753,0.0021223863974330712,0.035347113690856836,0.03164435823862791,6.689613246966447e-05,0.0806260256746443,0.017529041662618625,9.474343449004412e-05,0.02497477143739827,0.00010554613617123855,0.08468136610512972,0.02180782638926898,0.046393121428777176
0.09498650895306304,0.31686588525264414,0.000287962043681904,0.1332625832935174,0.06135710573206962,0.03712848401889954,0.005276236652221865,0.03950993442928674,0.03219352545806679,5.2506534739548006e-05,0.08063799152693493,0.018368487801899275,9.07051404089049e-05,0.024124656526610985,7.301695263274547e-05,0.08883609487238815,0.02322948025569902,0.043718834555235224
0.09484495924493394,0.3164732757345555,0.00038541507604596386,0.13296107848069214,0.06272000908584731,0.037606767503121544,0.004617296386757077,0.03865964736151633,0.031913128572812144,5.9101799536254487e-05,0.08035911689430475,0.01817417374927649,0.00010444199544978072,0.024808811517046434,8.411719554475563e-05,0.08895190865164498,0.023127163228338316,0.044149587522575445
0.0915684338562173,0.3184160904571596,0.0005924187325075758,0.13110381301704738,0.0628708783766138,0.03875348589352825,0.0051541573322146615,0.03744981545344045,0.03212805140835397,7.346381613606046e-05,0.08279840196238532,0.01719580719425855,0.00012745332630753901,0.02219301806787384,9.253032489949756e-05,0.0885932426184662,0.02523505240028352,0.045653885762306445
0.09163747429378677,0.31885355842008267,0.0006553339267987944,0.1314489942737721,0.06229186562175627,0.03853192583097266,0.0051290899120927155,0.0369068629572962,0.03282399040759178,7.444182339589334e-05,0.08280995535414502,0.017215234623681203,0.0001274973727118159,0.02252200642414758,9.516288439023099e-05,0.08813737765935338,0.024877309895614035,0.04586191831841072
0.08619735257591286,0.3106543948380426,0.0002434912172254392,0.1490889852206072,0.0607435479375318,0.036195280150659814,0.006200830758680528,0.044753150655540454,0.028501182058816323,5.322744918138677e-05,0.07848577558070952,0.01622827702107602,0.00010701118566950077,0.02170022878234765,0.00011435187277808944,0.08721949547352113,0.028167100268617608,0.045346316953082215
0.0839531804001322,0.30425483371462547,0.0002076718249967191,0.16095623082150273,0.0607566684367575,0.033068475725715855,0.0068749295993171125,0.04491024291984293,0.02834258939527371,5.2283656960189083e-05,0.07406741528117378,0.017770221005009842,0.00016588065191306076,0.021816923917850055,0.00011299420199569657,0.08701350598929891,0.029588709472279595,0.046087242985354576
0.08265176366213513,0.3011482759157571,0.0004103750486661063,0.16252639647566372,0.07381438979925786,0.03295742349774489,0.003954781298205126,0.043276030598848485,0.027668962225542902,5.319667159312294e-05,0.0734951530681034,0.01683030610861432,0.00011572012588154423,0.020816554658620763,0.0001049338658113034,0.08512528558949235,0.028774970583733808,0.04627548080632811
0.08281214953179675,0.30006557416722335,0.0003353922043653182,0.16661227534585754,0.0696559696510775,0.03356969466748506,0.0034114643721041365,0.042214387898458584,0.027957351729984287,4.9811563492349855e-05,0.07436844019116162,0.016318207033334264,0.00012199796662357273,0.02142715280264939,9.830217752235925e-05,0.0852698836178253,0.029517206491238613,0.046194738587800016
0.08217329732401585,0.2943980347699341,0.0014876981661477628,0.1685324229808307,0.07702900595117422,0.035494247861286125,0.002725327630675777,0.04296373857256393,0.023810524183720146,0.00021528751494603686,0.07248528783927548,0.01754606310641383,0.00041873494149606376,0.0227224987409255,0.0003161034100475985,0.08324425388247723,0.028913698607412924,0.04552377451665683
0.08217651744795307,0.29465306578737965,0.0015248617446326554,0.16781936774918665,0.07823951598257115,0.03574376281922179,0.0030624289481115,0.043039932064420285,0.024103529009939263,0.00021881684914703392,0.07249139822256473,0.017375012738411168,0.0004175661605316638,0.022815626955487153,0.00031484287954248194,0.0830523292833501,0.0282469040573228,0.044704521300226986
0.08212839215960224,0.2937524992696464,0.0006213520718447007,0.1685970540486327,0.08463676666466072,0.03386205313496362,0.0011457964314462083,0.042655401874020435,0.025190680687883712,4.405629417175549e-05,0.07350226417134247,0.017596243605717724,8.169965571898558e-05,0.02430724487125314,6.09683124258413e-05,0.08069847646559813,0.02608075327001418,0.04503829701105061
0.08239757677673673,0.29282200583265744,0.0008513550579852591,0.16807989724541975,0.08517896463877535,0.035437981048191486,0.0012152421671171702,0.04326175525837274,0.024451279658942865,4.473075451777889e-05,0.07531418748644551,0.016665994504478237,9.094781242717281e-05,0.023663289545576928,5.586805266440091e-05,0.0794514004445221,0.026964253257485225,0.04405327045768381
0.08324486193673714,0.29445415531220004,0.000676705074278015,0.16686453370386847,0.0855652140146876,0.035040789130035686,0.0013992596891221466,0.044759729531189514,0.023682057071615997,4.327870058747641e-05,0.07736232762221529,0.015470591811161788,7.822841828064907e-05,0.022504479805867995,5.572575674387162e-05,0.08122919440840073,0.02431185198146286,0.04325701603153475
0.08224610648745005,0.29444521904349397,0.0017833107866095197,0.1666197394654456,0.08470808141865194,0.0349294445969292,0.003036837875660467,0.04431811396298407,0.02371156298182232,0.00021960494764123762,0.0772869100301804,0.015187923633514993,0.0003630321534800264,0.022855978167432928,0.00027380841419057523,0.08128887165576588,0.023586482331574076,0.043138972047172756
0.08237425571280162,0.29485441718939,0.0011907601494685698,0.16678818093972161,0.08322645918733801,0.03632525979907124,0.0023587597257813844,0.04954841151215467,0.023490146901379197,4.752434776164288e-05,0.07576626832640046,0.013386382288582126,9.697813533349054e-05,0.019094146244270693,6.584641452750933e-05,0.08006190438986956,0.029562539929288024,0.04176175880686026
0.08228530572890062,0.2948167413930286,0.0014524554575191368,0.1666312306683,0.08319795025532088,0.03657181773529143,0.0021720656272579504,0.04965162333853244,0.023557528306411377,4.5342595994043276e-05,0.0756571957973031,0.013363256898991104,9.05491931572192e-05,0.01904187052620001,6.320111265944484e-05,0.08034192307475893,0.029585007789723266,0.041474934500650464
0.08110911799276113,0.29619608695140864,0.0017350072203290254,0.16952509032087273,0.07898598785543759,0.03810338646985678,0.0021239325527175647,0.04936401903778202,0.02293719338377025,0.00022480483333369114,0.07645579336462832,0.013397389416568548,0.0003578218899712264,0.020190789470630424,0.0002947496067789671,0.0787151053689834,0.028677067495427457,0.04160665676874234
0.08014326486809967,0.29602570914740367,0.0005524210064992567,0.16891669164861378,0.08212056765721838,0.04048741491194188,0.0007415765229203418,0.04874550064949783,0.022954906623032838,4.883463439746089e-05,0.07630786483482993,0.012707581207174499,7.747989088523606e-05,0.020664354421775406,6.467231570240495e-05,0.07835004315774478,0.02870957691527956,0.042381539586983076
0.0826782141333718,0.2958382830020797,0.00027082309350369297,0.16541620658158487,0.08182136325845037,0.040483827816312136,0.00043373635150854324,0.049264642460886514,0.02610880877988069,4.563864568260585e-05,0.07333840863884256,0.010559142438212581,8.433746083824035e-05,0.02263105623733226,4.4504243302510286e-05,0.07705670901486282,0.030310730597146687,0.043613567246203556
0.08378270290928767,0.29574079109242346,0.0003681732779400903,0.1662702625018574,0.08247443110277235,0.040560925012268496,0.0005780542636174564,0.04854169083190819,0.026190661922458454,6.283815755654006e-05,0.07323052207730564,0.010469007549919467,0.00011616513242904527,0.023484418189582947,6.129608451835276e-05,0.07673849563783826,0.027469050455559633,0.04386051380074347
0.0806052637313603,0.29696584600791787,0.0011223150663213545,0.1615628716647761,0.08383022917161499,0.0417855769940634,0.0016948888043637482,0.05619107123024361,0.026120818368593302,0.00023093252580396107,0.07281449251053179,0.009909451304179539,0.00045115011217828363,0.01957767020970547,0.0002630964694820481,0.07512750799109617,0.028796727176717427,0.04295009066105052
0.08073870693956008,0.2959549467299467,0.0002484921031352432,0.16341124394604972,0.0849708929782914,0.04211715183903152,0.0004899367697725676,0.05649063951557583,0.026008286526644546,4.627174531058264e-05,0.0736519056507911,0.009842263510593505,9.84550601162244e-05,0.019331703816844722,5.30610681776522e-05,0.07379137337079718,0.03012696225442973,0.04262770617493756
0.07641693283181482,0.2956865690959751,0.0002578114477691465,0.16071301047463005,0.08407674747152133,0.04295834036811892,0.0003965689877124882,0.05080045498476153,0.02866119934000515,5.1971148169439955e-05,0.07851120748661787,0.00954445081502794,9.659560771647513e-05,0.020362523956863846,4.254111924006453e-05,0.07706678491351403,0.03130357405763502,0.04305271589290669
0.07661401436828127,0.29582756958336454,0.0002625756179374126,0.16055633814663442,0.08406358523815127,0.04268240220403014,0.00041079719252893037,0.05077447595149715,0.02862714240455387,5.2239187479022574e-05,0.0784372409383076,0.009642822229421972,9.43584845493882e-05,0.020446282234005724,4.23953722393841e-05,0.0769498000416689,0.03138881025093176,0.04312715055441736
0.07650575664149473,0.29088681756814944,0.00039972343568388355,0.16739442625961728,0.08835946864637709,0.044414918938382834,0.00038548709232570476,0.05426004220024367,0.026661185722076982,6.161325688772775e-05,0.07334924790826328,0.009328470866308326,0.00010960769272026141,0.019603095416515188,5.8499901312413034e-05,0.0765640511052984,0.028351648333101394,0.043305939015241456
0.07640006267753946,0.2905130266391552,0.0004093193628058573,0.16776375020354312,0.08956746043246047,0.044145076670028,0.0003984598346679195,0.05441442163743675,0.02732929260599834,5.8563496966394043e-05,0.07160027935531296,0.009161030243792515,0.00011274895406025789,0.019701112498987608,5.9387774626016996e-05,0.07705484002336023,0.027890526392785463,0.04342064119647349
0.0722894201505982,0.29246497562829726,0.0004945914759386365,0.1668614729790554,0.09449500280457188,0.04557496185355491,0.0003821143867112675,0.05885267806485317,0.02811136036390866,4.959049076550941e-05,0.07124342655467089,0.010059712147755816,7.565312962732941e-05,0.01866837038750204,4.847582436497723e-05,0.06898618849491825,0.028128945833405503,0.043213059429492724
0.07209338550265117,0.29188226477804924,0.0005064519725156436,0.16683935313974443,0.09447184114021151,0.0451717598443639,0.00040245270147464397,0.05885377368110497,0.027747914870106475,4.893056316748528e-05,0.0727561862926776,0.010365994733665474,7.057923728116412e-05,0.018998421716139812,4.819876020795159e-05,0.06878949988664892,0.028212209348272486,0.04274078183170818
0.0723555990639937,0.2925925353020583,0.00046253081399737217,0.16772905093903034,0.09483195903589635,0.04470230659790681,0.0005130118502917624,0.05878451105069744,0.027193969482091778,5.7341435427676234e-05,0.07264959809888323,0.010359122563107314,9.713802639433683e-05,0.01983384162750169,6.390567452988725e-05,0.06779906350402641,0.02735995285767974,0.04261456207648461
0.07162940497416266,0.29258445012013296,0.00048143607647201667,0.16749487788265238,0.09442381197731707,0.044645789482545016,0.0005117748236559213,0.05935462089143947,0.02704176175330787,5.877443680325449e-05,0.07302404427845641,0.010397949794693176,9.840706456249198e-05,0.01973731931901053,6.344968694208985e-05,0.06762705343064519,0.028096226019762964,0.04272884798743849
0.07316127047409807,0.29270169452343775,0.0004614936237611894,0.16835951342504044,0.09383067826756081,0.044392055745742724,0.0004510794164531551,0.05872913039117061,0.027171401224001513,6.489412187806803e-05,0.0715966059216058,0.010402313564883598,0.00010075088662352168,0.020297567013846118,6.687883418759352e-05,0.06689405736410317,0.027463189099040195,0.04385542610256561
0.07265455404999385,0.29244535790923476,0.0005597010667216647,0.16869701994574354,0.09391842123174361,0.04452247579905353,0.00047446544992317394,0.058785383233990844,0.02702844518167143,6.600859267491378e-05,0.0714963803102433,0.010623859432056123,0.00010236174963565207,0.02031875510840501,6.717434378706848e-05,0.0669706617176898,0.027780810745875097,0.04348816413155668
0.0715586091649967,0.2918458546710224,0.0006125168231381503,0.168388718132486,0.09497396407027134,0.043079016674418505,0.00044162967762737204,0.06152834856084728,0.027163453960650705,4.875050556243537e-05,0.07046644521421151,0.010751539077823473,7.879382870544101e-05,0.01860406907664931,4.953563885595501e-05,0.06899656810496964,0.027792766345783523,0.0436194204719803
0.07091615842365179,0.2921390901299352,0.0018240161060272308,0.16838413431924268,0.09520808294198099,0.04284770682831596,0.001802602909705793,0.05982003518737864,0.027078549907364705,0.0002466827319312311,0.06959502839191722,0.010482357617207078,0.0003886964644035207,0.018943167954247518,0.00024206868882552758,0.06886040046997025,0.02708664713632727,0.04413457379156735
0.07151643225800955,0.29139587557861446,0.0009125422320381141,0.1686575046052296,0.09701784395403222,0.04256718272918057,0.00048748804989902665,0.06026108436771633,0.027176441585986418,4.781574174308373e-05,0.07001532865314518,0.01046643538785038,8.366167637871685e-05,0.019329463374698114,4.939383892479816e-05,0.06871965044077255,0.026942330375050814,0.04435352515073361
0.07165012334193165,0.29625188683713055,0.0012845950538291412,0.16627626756337077,0.09429281576842333,0.04279472269531752,0.0006125129745394933,0.05955500097967074,0.02720777656636362,5.0398324425430254e-05,0.07075019632609801,0.010336254817433783,8.42935872076076e-05,0.019286186903210614,5.3179448596839234e-05,0.06888509600614744,0.026255218882683017,0.04437347392362043
0.06834922997669556,0.309083927875642,0.0007844547089366119,0.1682226059741973,0.08713420134737981,0.042707501961785424,0.0007185267210139289,0.06087649971464505,0.026629644934112826,5.4278889065706395e-05,0.07145784806785543,0.012793107986732518,6.562913684599653e-05,0.018340821794933997,5.730041364162449e-05,0.06569125263836105,0.023938670560117566,0.0430944972980375
0.06691541932094115,0.3110129789878915,0.0020057638996656686,0.166789821371427,0.08760061297221029,0.042499132789544106,0.0008460942972925873,0.05941190368932476,0.02671323084688231,5.548764191465479e-05,0.07200283956522818,0.012852264708770534,6.942571352164115e-05,0.018611974386024688,6.137168087144732e-05,0.06471707915532228,0.024290013151735106,0.04354458582143217
0.06573487685770991,0.3048387941695266,0.002464892075033395,0.17488524117967863,0.09424327682814826,0.042792801809532884,0.00108952060957602,0.05736238605895329,0.026812406598631957,6.571595322872846e-05,0.07141751483642238,0.01147457715020821,8.341576879302707e-05,0.019830673530137167,7.447572171287845e-05,0.06238354306209699,0.021774218898296394,0.04267166889231346
0.06643873645295373,0.30433984348331533,0.002205969377276679,0.17504587303739255,0.0958700657903933,0.04261669028109177,0.0010901192569814542,0.057082058811878514,0.027074316207715072,6.43409114426019e-05,0.07061324184828394,0.011235033781574907,8.19447868537415e-05,0.020112335442243886,7.153838792660567e-05,0.06202593502241734,0.02096963428807929,0.04306232283217996
0.06649966306854256,0.3036756176841458,0.0018108812417084905,0.1695115168173378,0.09579268489242493,0.04171722976693592,0.000809374268223999,0.062497358081860736,0.02602757011998041,6.33596464068985e-05,0.07519888503175526,0.011930721984699837,7.725910637963058e-05,0.01836635688371477,6.950090081963947e-05,0.061474797461888234,0.02051209176907278,0.04396513127410205
0.06751401443992236,0.3016067348423937,0.0016010441519092489,0.17477904959113627,0.09774694465554545,0.04085480158546471,0.0008676318779019187,0.06308498574592339,0.026179443743610555,6.206082300125928e-05,0.07059603044508675,0.011892179077666183,7.492723911027396e-05,0.018664806739952258,6.877704181378253e-05,0.059010460163417364,0.020791849815308034,0.044604258020842766
0.0703746224610667,0.30664774720011717,0.0011819931822724204,0.17531540497432846,0.09915223373031366,0.0384105023266239,0.0008598146601791117,0.06336502512215886,0.027106732195441626,6.797582551029846e-05,0.06491022994027938,0.0129835573326343,6.90977886769362e-05,0.01935852895516515,7.582613735379975e-05,0.058968013536045,0.017266528803030413,0.04388616582880288
0.07255793115393513,0.3072792839536112,0.0006102444526631436,0.17600414857565075,0.10027039723108504,0.03862813476167927,0.00031446231388104913,0.06343436994340713,0.023569797131791047,1.3889503449980927e-05,0.0647933060595717,0.014063502907328497,1.3812304561110795e-05,0.019931829589210845,1.600280262335071e-05,0.05881379928310598,0.016396699538159077,0.04328838849429019
0.06977164844761971,0.3066444080268935,0.001816159382899349,0.17729056544354227,0.10510990801046452,0.03911848380966205,0.0005549004502007863,0.061168901040558346,0.022947678400002818,7.407095491442678e-05,0.06713916939957588,0.013171448593320301,7.552525409524218e-05,0.02111848843106806,0.00013342386832540133,0.05487392870579169,0.01572893361992281,0.043262358161142836
0.06972336214568792,0.30681068252794963,0.0024851045774588187,0.1771967311676279,0.10457505251187027,0.03923847436212727,0.0006396589716024813,0.06257248605082821,0.022993775046421114,8.46601755581164e-05,0.0684411757739519,0.013248609794510148,8.501243202776517e-05,0.020291579591363015,0.0001335633043991954,0.0551074360905006,0.014703150735642202,0.041669484740473474
0.0701342687930625,0.3062007119079475,0.0028976247344886905,0.17577976896888092,0.10730182758095134,0.03969328036663965,0.000588709856544438,0.06522471056449573,0.023690864554612053,0.00011071802322162626,0.06719986600193252,0.012032693913976116,9.889126745782063e-05,0.016809082940759317,0.00013619468133102807,0.05255030041784861,0.01588183117611166,0.043668654249738564
0.0699780804530227,0.3049425746042077,0.0036458258648330447,0.17572814543046836,0.10737100404989142,0.03963170474210935,0.0005693574081281689,0.06608155462081355,0.023586749542788128,0.00011421851381211873,0.06805993152943979,0.01160813040574235,0.00010387742089838724,0.016326258073251953,0.00013417360206704085,0.05285935361658888,0.014641785816480306,0.04461727430545685
0.0711011317023707,0.3040567064656575,0.00249851653966123,0.17717864448501924,0.1078538654128746,0.03946339443407121,0.00039069795635582577,0.06587035327738545,0.023561977186826115,9.202324729400482e-05,0.06912440830720729,0.011103790804673391,8.64714218612621e-05,0.01633414476671665,0.00010749642005853794,0.053237167573351195,0.013104063999146395,0.04483514599947003
0.07197765253659033,0.31977454391758214,0.005681487196155597,0.15819374121883406,0.08248613272789988,0.03995762911764979,0.000550217534390674,0.06829698631912834,0.026430667278016868,0.00013501845372380314,0.08035646925069949,0.011871808436581466,8.283349635888604e-05,0.01634421656397485,0.0001258545827663958,0.05162155805163245,0.020954104398551252,0.04515907891946367
0.07372064492752325,0.3225738222485072,0.006197181290144736,0.15606706601144396,0.08637302739576425,0.042163301830437726,0.0006971603231168235,0.07179369603694916,0.026386202188277245,0.00013859251403491152,0.07653534215461649,0.00962376908976833,8.876980296529017e-05,0.013699681514992592,0.00013277882304320678,0.049216888932097,0.018162970819570107,0.046429104096747685
0.07359873160289583,0.32140866919190947,0.005915742231314005,0.15576698053638977,0.08787059535363849,0.04189683032364572,0.0018761335986598744,0.0709041542871161,0.025980815980763433,0.0005929615706270544,0.07597737199329302,0.00922379089052921,0.00043679265573587025,0.014430740561718388,0.0005964856385438658,0.049056988911126156,0.017627616539495565,0.046838598132598136
0.0749009771412701,0.2843170495584706,0.011873601166654247,0.16280263911811554,0.09762724749546237,0.03978493824790599,0.0003303173580247689,0.07748723117017287,0.02856180957843261,0.00013534040750754012,0.07991903939042075,0.007450871082614533,0.00013193652944399172,0.017540973861776915,0.00010232643447487936,0.055296463818051665,0.013473527233914885,0.048263710407286074
0.0747938408889249,0.2840339327912072,0.01214462542036881,0.16285934303230631,0.09754517282755623,0.03934388290216664,0.00034460342452970454,0.07749784837074648,0.028601404274696835,0.00013836007002740198,0.0799043744490546,0.007377937627031869,0.00013923121460653493,0.017582621717843035,0.00010758800774239412,0.05547920292471913,0.013693371066739197,0.04841265898971774
0.07471697142217544,0.2836249137803914,0.012467687231883573,0.1624812403383245,0.09645604600076903,0.038451854363372714,0.00027159286578496734,0.0788245164407408,0.02840144109755032,9.421533818799399e-05,0.0802320544481484,0.007197388613575374,0.0001027014008955598,0.01657672623944079,7.549633152981111e-05,0.056713227220349896,0.01443791193915927,0.048874014927717514
0.07573684767595322,0.2835280111761475,0.012791623225481594,0.16288325828688055,0.09709610241091653,0.037587027747082724,0.00027333126569632137,0.07778522854533285,0.028496829454766878,9.693573522406137e-05,0.0808122950011377,0.0070790984847946175,0.00010651215738910906,0.017597327660844316,7.593602533408398e-05,0.055502938384097665,0.014067733797513844,0.04848296296540646
0.07482973771273188,0.28057484265194194,0.012324421895382938,0.16629544555530534,0.10007203413175798,0.03500160425178072,0.0003122758259792225,0.07638089729998485,0.02773066519601109,0.00020676151201436593,0.0833417639784812,0.007984660627073408,0.0001417057507864539,0.01983819469398366,0.00013856956378374035,0.05424535578772528,0.009880161603831842,0.05070090196143417
0.07589327139189793,0.27959621178070354,0.012474054327366983,0.1659846527768133,0.09996376876978079,0.03562313869518492,0.00023768726173643248,0.0761563128703246,0.027543094617052028,0.00020586996700661247,0.08225735802905686,0.007258973464280183,0.00010049697925882142,0.020023092522456543,0.00010238616739296987,0.05556406584245347,0.010071402489768672,0.05094416204746117
0.0775671121280393,0.2759659440972574,0.006720954064906736,0.17315759766075525,0.09381589757822698,0.0368759866658289,0.0005345990037418719,0.08030436522410793,0.027912309484470342,0.000315035989474053,0.08400251935379233,0.006144851613435769,0.00018129963501617587,0.01834959304223357,0.0002618404402409834,0.05468210324000026,0.010975120933567043,0.05223286984490194
0.07663450137728435,0.2761263884507539,0.0070885952304924615,0.1728177914232602,0.09305207033168664,0.03652616582749224,0.0016547505100171296,0.07996123470425064,0.027794893183966593,0.0009279322531880322,0.08347646154898788,0.006464294185698423,0.0006383875524730558,0.01844853597848513,0.0008048578323791477,0.05463014135864013,0.010796891022372685,0.05215610722857137
0.07843593489246509,0.27531610531500195,0.006345853107106031,0.174368368695648,0.09244116546351291,0.0356612921840344,0.0012371079110446612,0.08102765192534743,0.027151494025692006,0.000843381305977955,0.08388634687535562,0.006918549634621742,0.0005048545002608214,0.017782190302794345,0.0006857381965804451,0.05621014420292196,0.009787060537402298,0.05139676092423251
0.07846056448071947,0.2753300314822648,0.0063223971269061666,0.17437754223722166,0.0924655879920856,0.035673017815824874,0.001236692279128295,0.08100059359491606,0.027126680828940725,0.0008443362709927916,0.08385665354983314,0.00692942906595956,0.0005026567547561201,0.01781469549739685,0.0006815997291275595,0.05622285768163786,0.009759210348365029,0.05139545326392358
0.07661038124553485,0.2747312486611755,0.006812392428431166,0.17508405833262458,0.09119322946207706,0.03441213460693433,0.0014081961499590656,0.08168988208398612,0.02651720787784937,0.0008508811665420475,0.0852628769747828,0.008012726196312759,0.0006263694152974558,0.017307587474390835,0.0007353764341018252,0.055715996727373436,0.00916606787445757,0.05386338688816923
0.07803962262273713,0.2747165647742681,0.006177220843494251,0.17494094603210697,0.09224582366407517,0.034358151759179396,0.00027841767279407885,0.08226067081494143,0.026395271015050323,0.0001834752178863303,0.08635495390557245,0.009575513601251483,0.0001091063713099991,0.01678652874536184,0.0001182987897811055,0.05605977896187794,0.007768877326579602,0.05363077788174211
0.0755409385155108,0.2743940001435566,0.006794680944830376,0.17444262721070045,0.092354949046012,0.03357448755714682,0.00022664579317910056,0.08059935789960819,0.026614479400297937,0.0001917515073125839,0.08536383162945474,0.00991819223630842,9.944881921686992e-05,0.017001925786248404,0.00011510814599840184,0.05683435783747985,0.011572799440774353,0.05436041808636071
0.07507060725847779,0.27448127644261006,0.007276601692498849,0.174386636935785,0.09170059409608779,0.03333518949751953,0.001122921309080126,0.08044752745480682,0.02637849880670094,0.0008090082121768337,0.08505701597269172,0.009910941543208374,0.0004986567672840916,0.017133114328961054,0.0005596853629083206,0.05644983972187473,0.011071303394881334,0.05431058120244663
0.07437623644004372,0.273765312148255,0.006718937438780117,0.17321052429581762,0.09124439448623277,0.03312995216737969,0.0001797947770649503,0.08331426905909418,0.027846159558483016,0.00019291807721142336,0.08695058800099428,0.010167992389118492,8.886478939779818e-05,0.014640088283162952,0.00018423357310123887,0.05735356413337602,0.012680785878199992,0.05395538450429019
0.0741835791084744,0.2734911681861834,0.007698475798379009,0.172967592433605,0.08949853431107678,0.03313523096910857,0.0009748019823315458,0.0835066397257018,0.027714826905591534,0.0007928206643360624,0.08635689788081927,0.009944351689923166,0.0004590673609612682,0.014881664919690217,0.0007222803039232565,0.05778760772404633,0.011813378814442244,0.054071081221406136
0.07549432151186061,0.2757366022461325,0.0067947942356337285,0.17406547135776315,0.0923962006821112,0.031964639012803164,0.0001848776852296204,0.08495081221900207,0.027075275736595524,0.0003505667718853974,0.08811783983758054,0.009831131230015609,9.686946487440986e-05,0.013570586043114261,0.0002267184684072482,0.056640687433390534,0.00862475002822866,0.053877856035371735
0.07545689640908698,0.276101385770412,0.006498048280924326,0.17429728917312476,0.09297802321262502,0.03234732733132596,0.00019535430793212353,0.08345963129092637,0.027131459503287134,0.00038058200440065017,0.08806635918557913,0.009761985060455426,9.083693676178375e-05,0.014209264210008904,0.0002077040005618692,0.05622694168842931,0.008766202420576887,0.05382470921358128
0.07612603362181547,0.27586352037948375,0.006037263322969124,0.17491672988512447,0.09386635627920435,0.03197954306730964,0.0002937721644033245,0.08101116075633934,0.026738511642581897,0.0005381988287774077,0.08814742309034056,0.01013048209218346,0.0001603874160684333,0.01523683623623481,0.0003431359904562237,0.056337402537542186,0.007995501936407984,0.054277740752757694
0.0765660365478577,0.27569110929346097,0.005729507529248027,0.17452568815273956,0.09272074694194817,0.03164039896388934,0.0011028567596344358,0.0794415567310168,0.026683813541502233,0.0011453160105432104,0.08755618950795756,0.010064547370667774,0.0006162458008302965,0.016623762729091357,0.0008295325683843242,0.05593152519422346,0.008975485158031976,0.054155681198972835
0.07816400191872035,0.27741760505911983,0.008144570451303379,0.1727867663567618,0.09558996259023508,0.02936522024318545,0.00026490870961070446,0.07800500769109409,0.027462890314970033,0.0002981528266179628,0.09001969554114429,0.009424047682871854,0.00012867012785330417,0.014962431392943135,0.0003039643826086103,0.0575568378193383,0.005817524246163006,0.05428774264545873
0.07833994555434867,0.27722070913436264,0.008317152491443179,0.17283017838040696,0.09593595472107912,0.02921675628752481,0.00025199222334507007,0.0779143609626625,0.02747661140951134,0.0003120362869119533,0.08995645263589908,0.009416338214822266,0.0001289905334385345,0.01492820987154617,0.000307673682420497,0.057063340183139334,0.005994352930685153,0.05438894449645286
0.07919436477564981,0.2773226319123527,0.007655733214782616,0.17356915183584956,0.09592464817991335,0.028916983751347738,0.0002515202438225211,0.0777873707581027,0.026881132425093303,0.0002828676416912401,0.09037492568345919,0.009535595791176504,0.00013287538246483665,0.014588836687361616,0.00019255562642789842,0.05707099810910537,0.00654644725367135,0.053771360727727736
0.078458798345209,0.27737271370807676,0.00796120568165057,0.1730632237236808,0.09535943716550856,0.02997932454459085,0.00024497590813569195,0.07672983283392619,0.026699370918155257,0.00025824280148473166,0.09057223168283995,0.009609796038678054,0.00014332794580417777,0.015659950462351822,0.0001699220696318984,0.057732285125163554,0.0065418229640689385,0.05344353808103793
0.079938246639837,0.2784688960599582,0.007403689709147711,0.17484156893334102,0.09492812560053995,0.027324885146193842,0.00027548464759725305,0.07691206088463705,0.026802429612934442,0.00026048374806815955,0.09134384839397133,0.009986391627497407,0.00011162309775390372,0.017496029266833975,0.00023635071703676278,0.056270405612040095,0.006049643980666416,0.05134983632193884
0.07903468705151302,0.2781992608673763,0.007418633778071853,0.17516087458611831,0.09432907025969066,0.027665040930570012,0.0002975425321580374,0.07631433080734423,0.02679895669047204,0.0002841356099954037,0.09131229275485676,0.010070178285271387,0.00014006364243406358,0.01793270020654226,0.0002559034914044013,0.05641870733572363,0.00649629041170241,0.05187133075875676
0.07901475687506188,0.2781802601284295,0.007310704657173523,0.1752291462013383,0.09439689861072381,0.027787509583456108,0.0002765439147352897,0.07623475858062823,0.026865627442342787,0.00026989992419808724,0.09142367128698305,0.009917995814729998,0.00012981506439200348,0.0180472065222649,0.0002440533132709811,0.056450526822970505,0.0064057954606381905,0.051814829796662853
0.07973308908693418,0.2782206273773417,0.008224689748877917,0.17451880483736973,0.09395244654632876,0.027553043113957853,0.0002551636517812688,0.07797485997892689,0.02695862343340132,0.0003340159331949404,0.09103525756490756,0.00986559521848425,0.00012909880535451004,0.015721334316318884,0.0002629109594616583,0.056653702023515655,0.007037310803723058,0.051569426600119865
0.07824491547496866,0.2718936754863752,0.01034216551758515,0.1705582979301393,0.09470578085259487,0.02709363562869412,0.0002358219348936861,0.08108495986604755,0.028104404602597482,0.00022403990783156027,0.0915474473424818,0.010979237432572286,0.00012293094890220843,0.01385536886415957,0.00029969905565481784,0.06182821415086575,0.00816713988160846,0.05071226512203407
0.07788973159481866,0.2716801951308124,0.010054977754759747,0.1703635165453265,0.09364694359627634,0.026893887320317035,0.001026835705415681,0.08048127284095756,0.02782453065488546,0.0008611927579588594,0.09052520157713609,0.011262240733872102,0.0005765304396306602,0.014246519913206794,0.0010656699563525985,0.06225308719219879,0.008750558234383523,0.05059710805169057
0.07554946749800492,0.27131694935512485,0.011216560516726655,0.17223927099583838,0.10113827078768978,0.028806687175696403,0.00011881342262167792,0.07972892968479935,0.027320581163235186,0.00020527027409899845,0.08930387481680936,0.010438438811898149,9.342715859189179e-05,0.011869665302357191,0.00020295130302474808,0.0612228846669704,0.009452627636051626,0.04977532943046189
0.07560048582010144,0.2692496017441315,0.010981665664838165,0.1732508287589329,0.1014471765456182,0.029066146352682096,0.00011867759974122866,0.07937103980799462,0.027513824905499057,0.00020221225824825824,0.08934072822487409,0.010057595248844498,9.48360325047804e-05,0.012533838511359047,0.0001956953997925184,0.06109474406631503,0.009867986992979175,0.05001291606554359
0.07373392570991524,0.26549777810793257,0.00870597464930209,0.17674915558971466,0.10168302733895368,0.028092200813410267,0.00013156073660594922,0.08254333567587403,0.028956603821790147,0.00017878016447937174,0.09002264730137795,0.010231969599232824,0.0001440086713158451,0.010356517773766907,0.0002564029142585664,0.06021501510414116,0.014023443000214473,0.04847765302771436
0.0730585724818135,0.2652808377920839,0.009019292230030921,0.17686017072946875,0.10181392231515617,0.02810573223044627,0.00013643096380906424,0.0825528550048136,0.029376141572906043,0.0002137527515325222,0.08972605538044127,0.010175631573998919,0.00015269353622783733,0.010480086839331696,0.000290713454495581,0.060212778989432766,0.014205693399061775,0.048338638754949634
0.07281428893524318,0.26548142312831974,0.009163003060444817,0.17672496363848428,0.10176460487038877,0.027908123704216928,0.00010591665293488278,0.08234557240809967,0.02959937878917539,0.00015931930234405536,0.08994987982045824,0.010365545558384849,0.00010999434424437498,0.010512396388798693,0.00022269709789288992,0.06010669118674415,0.014339205440571098,0.04832699567325269
0.07421107527858224,0.2668342526180581,0.00908384303378396,0.17591701204244414,0.10183451402688,0.028013740173701892,0.00010427516661913705,0.082492388926638,0.02942145689041251,0.00015661237592921808,0.08901637540728924,0.010401742799248338,0.00011254815315819326,0.010045755279548088,0.0002383092058839496,0.05973235296259513,0.014080897325149905,0.0483028483340834
0.07667823680298805,0.2688102480357746,0.007708271857492585,0.17588586640241208,0.09984899720252509,0.02356538867074339,0.00010023336556592569,0.08434039452882743,0.029168692170368857,0.00010931483888702364,0.09100494947237349,0.013527776754791,9.565315636977725e-05,0.009963416241899703,0.0002545783539043949,0.06007733652128515,0.012761955476174222,0.046098690147617444
0.07679002480380415,0.26903582188871067,0.007644220054961947,0.1760430486407649,0.09873246090492913,0.02279464230629692,0.00046810763913699696,0.0839147776298226,0.028831147618392308,0.000487562960255445,0.09108053776363159,0.013366594391287056,0.0004584999739734175,0.010201953512068459,0.0009041755758574138,0.05973250377315063,0.013109739443567706,0.046404181119388724
0.07824513918475846,0.268307805822849,0.007248191216919457,0.176132936701834,0.10012531183023078,0.02420302664137875,0.00010575102442031966,0.08360467913952054,0.02941761931259182,0.00010232949574256061,0.09025124725113237,0.013506901940011883,0.00010839038249699517,0.009898920898330934,0.00024849973975372633,0.05957620553951091,0.013205984286971305,0.04571105959154614
0.07822316600007814,0.2681099530788068,0.007118177145564335,0.17608083918265266,0.09960794985486704,0.024121795153595166,0.00014193896045580664,0.0840411534716321,0.029377755823797213,0.00014293615949209653,0.09062380483272867,0.01356167232243936,0.00015829421441346665,0.009549273152438316,0.00037213995785004007,0.05990273220506109,0.013369726208813994,0.045496692275313874
0.07775751866503564,0.2690729829528342,0.0062390393608304515,0.17742130182934757,0.10092318495082779,0.02536138143892085,0.0001312702449736193,0.08470244888743912,0.030114515342536754,0.00015319474726145296,0.09017419420137504,0.013069256353940226,0.00013090277932312162,0.008560356008590522,0.0004054142226904444,0.059716952436336256,0.012452468338022696,0.04361361723969754
0.07833381054973534,0.26913950873628645,0.0062405940018981365,0.17746045376337077,0.10099061530594367,0.025364167070368995,0.00010157335346849643,0.08502257452426511,0.029538150438023436,0.00011241123170423228,0.09011934391604869,0.012916184103063609,9.764920473078118e-05,0.00840616016507592,0.0002956856063875379,0.059652257669259384,0.012645822236651283,0.04356303812371228
0.07204577085507712,0.2633842404672028,0.005673905657219755,0.1787781322639805,0.10264076642664399,0.02684203300902864,8.985226986019951e-05,0.08394290961796233,0.03131924345641348,9.639116339552728e-05,0.09225860136221825,0.012588122684959738,8.534431046380606e-05,0.0067411824016633355,0.0002558194794128719,0.059116402233356485,0.0177019058477587,0.04643937649338248
0.07197865187701746,0.2634280102081936,0.005691053251511576,0.1787467290799826,0.10266171921970196,0.026883661010151053,9.133706187525894e-05,0.0840387939791498,0.03133349143922739,9.832150330646168e-05,0.09226512045562629,0.012586353339931647,8.675310966348649e-05,0.006659944184914935,0.0002632810439004793,0.0591657057977668,0.017579313642453968,0.04644175979562539
0.07128903046683682,0.2635847174095229,0.005086652579635245,0.17711518450301145,0.10355264726839775,0.027086602211209593,9.037848716492005e-05,0.08364475142898053,0.031696564130672344,9.071857468875803e-05,0.09294912394861839,0.013009540011004348,8.422652316862682e-05,0.006931824139133699,0.00020044329186994913,0.059058821233939914,0.018301057465158605,0.04622771632698804
0.07084593435602336,0.2635160391065788,0.005027419636068192,0.1770137745822034,0.10344377659301307,0.026117080073424503,9.577982280661244e-05,0.08358558076165151,0.03181915241615779,9.450947860760125e-05,0.093242849850675,0.013426161739069966,9.125300388968251e-05,0.006952792964686845,0.00020584267756050087,0.059198159308486265,0.018722810498221647,0.046601083130875284
0.06877714130715788,0.2641038501053396,0.003841571654655885,0.17657833397699169,0.0993444308146279,0.026410841631988383,0.00010673640568598833,0.08658979596021214,0.03253719686979426,0.00013522544816108828,0.09772173198737658,0.014046234861590477,0.00011402736463464871,0.007102049530173073,0.00025442893430877576,0.05880023055066952,0.0184061081643007,0.04513006443233101
0.06771121305896038,0.26423334503077706,0.0036173609731020924,0.1766529240749752,0.09907291273928603,0.02658602461174007,0.000108560346706663,0.0863990266094869,0.03272616982582701,0.00011996515453812747,0.09812381649754,0.014044102521662362,0.00011368018318412651,0.007152980948700954,0.00022723897560118883,0.05877560075590026,0.019055463593211718,0.045279614098801664
0.06649695246869622,0.2643406989687121,0.0036190953033034224,0.1785107157419644,0.10061276978748426,0.026261346395154102,0.00010752880778615989,0.0859640977894322,0.0332823677389537,9.692524399813128e-05,0.09756303005978574,0.014701870765257424,0.0001015531646661288,0.004084317438419277,0.0003700260939771264,0.05893715770389494,0.01864983231738208,0.046299714211132624
0.06679959560912672,0.263324835680977,0.004067426402796653,0.17787067053602815,0.1025019062456711,0.02610469857446658,0.00013221364677026593,0.08670675676890666,0.03333613550263003,0.0001336918035179035,0.09612088412467401,0.014379876617585392,0.0001434947511660479,0.0035028287819625675,0.0005680567693710166,0.059583611461698466,0.01823761041265466,0.04648570630999174
