0,1,2,3,4,5,6,7,8,9,10,11,12,13,14,15,16,17,18,19,20,21,22,23
0.001534434698791875,0.0006378622749423496,0.0027245719044817884,0.035584707172752535,0.000908552175408217,0.0009717949343668014,0.0004670709124810411,0.0005481111318500127,7.725515944949682e-05,0.06685009080512276,0.015173761483004648,0.06611897381179474,0.39413773072075203,8.260355771024038e-05,0.011918142435315162,0.014528086862719258,0.05162346888099798,0.15426523055658825,0.11158894786173129,0.0027646017936448597,0.00018443484753766714,0.008412545123476386,0.0002096404195431399,0.05868738047553224
0.011627154667469873,0.0002372253322074225,9.383461671964154e-05,0.028823652884787165,0.0024291343453915967,0.010619911940739859,0.00017317476581358874,0.004520350265264371,1.4886197780860416e-05,0.07661427553571111,0.011654712702436,0.05773844541104925,0.3420054017605529,1.697689043870633e-05,0.0029444547316666266,0.043341288947899084,0.11290284236257958,0.12835056316373966,0.08787293391037931,0.00018044227996201609,4.689232790245596e-05,0.014445003663542401,0.00011170181346167036,0.06323473948250496
0.006469317355677696,0.00025509702819323125,8.905569567340212e-05,0.029986975373440333,0.0007102804957605195,0.005986276912031595,0.00015904153230335,0.006960125100458601,1.4793127787918209e-05,0.07372514806750459,0.013428021500104482,0.05731526045012363,0.34475009294122116,1.2969972305517875e-05,0.0011843701256228046,0.042299812452147305,0.11382914067849327,0.13663853950399119,0.08871014534530236,0.00017273453895062075,5.274614348373491e-05,0.015435597588882561,7.89059997665037e-05,0.061735552070773816
0.0052948828556683755,0.0002564821162621574,9.809505366715862e-05,0.030103098930080244,0.000799594767710325,0.008208995115044452,0.00014071919712542984,0.004619447906473855,1.4704378881636097e-05,0.07338789697666638,0.013614027088124455,0.057218991581287626,0.3449480342375803,1.2731633510594475e-05,0.0017429890393804263,0.041568725584583556,0.11549633054043552,0.13676382881098004,0.08746071291300206,0.00018991081953761274,5.5033963063054184e-05,0.015568434322156498,8.576371297080076e-05,0.062350568455785516
0.008116307910992236,0.00030641007719354834,0.00010356882213082159,0.02835771979271332,0.0008309051860595054,0.009398011449899022,0.00014155036979428785,0.0039058081381387476,1.589458757557812e-05,0.07256003015310139,0.013339483643393182,0.06244856341269588,0.3431450959331943,1.3530579614401194e-05,0.00213867656898436,0.041304467852396755,0.11166994543288987,0.1407004539144479,0.08252509651680118,0.00022553528904224973,5.466659839271319e-05,0.015255230667888567,8.825279700324684e-05,0.06335479430565662
0.0019432195090766876,0.0003496112385447714,9.267945861914778e-05,0.03257942884918381,0.0009377992813584352,0.0022727463358504355,0.00016006049776963607,0.0007519922546439598,1.6518473243165115e-05,0.0630499865438972,0.013337060284948072,0.060926447842028934,0.3392413834690407,1.541409497547946e-05,0.004081987838659501,0.042245272294985814,0.09161297737187597,0.16994389809805294,0.0997704959661252,0.0002417967718158447,7.277300679284247e-05,0.018028546154250823,0.0001804339007979892,0.05814747046346264
0.005476333270634343,0.0011268354098602266,0.00010145683510312788,0.03011920702175604,0.00535384139840493,0.002403015822887672,0.0002821020335478679,0.0004275044869160816,2.005600393459115e-05,0.06857385427709753,0.005183985897870221,0.05827879611792767,0.3279603193641427,1.8591675920399077e-05,0.0025931111814663545,0.03517560406784802,0.10905145013276389,0.1694233994800379,0.09007884511852605,0.005129025558793481,7.996550161552461e-05,0.02199384072658504,0.0005246982069612256,0.06062416040939916
0.006687525441486381,0.0005951378502704527,6.22648939645714e-05,0.02615602616306736,0.0075375920022751584,0.0007775935189639931,0.00025658788139815006,0.0003981054224364527,1.59625918577517e-05,0.07868853914542918,0.004452470448324482,0.05342141303103606,0.33680354708228893,1.4115028722623534e-05,0.01083241177433158,0.03220589273222998,0.11961516543450483,0.13517456664634656,0.0875942610247075,0.014090470600652246,7.05909682041121e-05,0.018611308238257077,0.0002617564602256702,0.06567669561901891
0.005949570269110264,0.0020710549614409933,5.37737085263266e-05,0.026087114788336457,0.01546200941997151,0.0007510317310198435,0.000180024597288949,0.00021069713058346988,1.5494351670696484e-05,0.09534165202647713,0.004499079032878216,0.05370166064284006,0.34156591772290035,1.33364603587842e-05,0.014862280884642967,0.031182074537680793,0.13005490344642337,0.08516400380288863,0.09345035562362321,0.013497373193410019,6.501454368480768e-05,0.017046030430538074,0.0002819967768530914,0.06849354991685197
0.0015176542296128919,0.00862166323753392,5.6191522128968e-05,0.024291255741126828,0.0011742917919670738,0.008726303412881418,0.00011543664962499751,0.0005767863696113286,1.5052995002692473e-05,0.085201589553192,0.0024069548932356315,0.054381203735352476,0.3313893234927941,1.66228545220152e-05,0.017714101891131654,0.028867824696713614,0.11989149685542404,0.11136039629664528,0.11538020694687982,0.0014270429740081394,5.157308375112689e-05,0.016651484602463122,0.00022583105353487782,0.0699397111208619
0.001442819374308934,0.009899407845051148,6.631901777419616e-05,0.024527362229596138,0.0012648535761908952,0.013089748861943862,0.0001193922461411873,0.0004535144480022329,1.9510592977274936e-05,0.08712533439188438,0.0023034866423625477,0.0573246589817161,0.33279585206107587,2.2419469288048725e-05,0.01847088657302076,0.03241572112063654,0.09471588106660186,0.11733735073500554,0.12200894983954662,0.0006573173364486961,7.12817238605358e-05,0.0141824616155778,0.0002804736219382282,0.06940499662902914
0.0005446010244569118,0.01187482478894985,5.223618494381929e-05,0.024067287414240968,0.0006102991285757677,0.015424343897014293,8.99389896868501e-05,0.00020179365573614116,1.4787862357611602e-05,0.08383669270122987,0.002161418833201523,0.05805802529733815,0.33183286890421704,1.6990039249734053e-05,0.02057061809506925,0.03276695873514254,0.09204000887243947,0.12119131552809138,0.12275686569552746,0.00045126403279716293,6.462702160320565e-05,0.013520877377754606,0.0002062779328557075,0.06764507798752073
0.00017554610306814566,0.011949298555595388,1.1589627503289227e-05,0.02438897159287138,0.00014531944278750068,0.01516943050629908,2.023685747702241e-05,4.9630010728290256e-05,3.229474169786757e-06,0.08439978589393193,0.002192267055630308,0.056863851468048496,0.33210946107840306,3.857143913145919e-06,0.020285601488673914,0.03252743632189754,0.09379658110697127,0.1208547717298643,0.12395211320520215,0.00012216383674975266,1.4076848585020959e-05,0.013803192030571704,6.230286828319765e-05,0.0670992857527745
0.0020267437280814277,0.009607567495180607,4.945794115580486e-05,0.02270408420337474,0.00014657039092507546,0.01821058090910923,0.00012168827256172431,0.00021068935075508724,1.4809755584133967e-05,0.07773435228204216,0.002056013153406646,0.051773304528774086,0.33623095388831303,1.5676429959727297e-05,0.01682308609317442,0.04624622761835881,0.10139532260512935,0.1236520996089475,0.1109704746248925,0.002044369618344283,5.0903348246806206e-05,0.011740847981869584,0.00031506135108489813,0.06585911482072733
0.0001060444364389637,0.008012401915962539,5.435119333113248e-05,0.021788170049741293,0.000118335495043145,0.013988423490091342,0.00012960889932150116,0.001012919148056444,1.5194078291756569e-05,0.06826423418941872,0.0022087020374610277,0.0497032691618565,0.3247990284199748,1.4818648321655661e-05,0.018045599266660946,0.059918712615510586,0.10164822819031935,0.12476951839633096,0.11543774029913967,0.011220572287911634,6.344405124438682e-05,0.011389849008944018,0.0002871091287931857,0.06700372559183462
0.00010660813505013677,0.0065421524107020035,5.947327606330543e-05,0.021714663288003103,0.00013173731046167868,0.011750089654220695,0.00015055277200448286,0.0019799953379184207,1.683556835854315e-05,0.07024798817092456,0.0020408525711539593,0.049955105140173,0.3242341206930933,1.6098627967323843e-05,0.017645666466710706,0.06177106117530407,0.10220613530201987,0.1251388215208425,0.11477253054049293,0.011086959454709132,7.877689469325443e-05,0.010772736912179481,0.0003094761029675187,0.06727156267398579
0.00011406251526360727,0.00864962064196262,5.540472584062885e-05,0.02174460508442489,0.00012025139337690531,0.011730685114182763,0.00013868871765841824,0.0011893426606878477,1.539843597339701e-05,0.07026853067539666,0.002003278563074682,0.05110944143904251,0.32257567821084,1.4719438851729144e-05,0.018797348078335645,0.06203437100938261,0.10138595168351232,0.12531513574610786,0.11503398955381966,0.01120992979857938,6.384108850091284e-05,0.01118980956249984,0.0004265492766990313,0.06481336658598595
0.00018076011740124194,0.008035375994815052,5.067522158743108e-05,0.0222655379380611,0.00012126340242683835,0.021328468624143785,0.00012449232692739642,0.001093495651291704,1.583360427246287e-05,0.06257501539313691,0.0026353982069164898,0.052757293656620984,0.3170246926265965,1.491154593850126e-05,0.024371318371289783,0.06374269180826587,0.09630472163503248,0.1264012722102388,0.11939929357817106,0.016842158014060866,5.839317856673413e-05,0.008139576436763732,0.0005970564902738998,0.05592030396720038
0.00023758343928102134,0.010627702752361285,5.09075795383567e-05,0.024005260723812545,8.594270504824514e-05,0.02896694293321364,0.0007566718462817013,0.000583011305707682,1.584109916718268e-05,0.059978815320725624,0.002608426675932868,0.05121170971207582,0.3148575605667114,1.5172890185064874e-05,0.024191112442499385,0.06599142794324693,0.091077142862491,0.12826895729506432,0.11843080975739788,0.01711985000807037,7.60825310488482e-05,0.009949880942251667,0.0005363571158581759,0.05035682955202887
0.0001323203498332734,0.01729505327123603,5.296170529228559e-05,0.01612600041142014,0.00011570373565114226,0.01153820088777369,0.016696578342715308,0.00032443189127114464,2.212307051764569e-05,0.059251166438333426,0.0023846840848950612,0.05693878519510918,0.3105305787103521,1.8149043841228582e-05,0.027178854176723076,0.07073622440698951,0.08910445340778171,0.12767862901093738,0.11365861839875908,0.01257853500497222,0.0003299407136853999,0.0030367750946945493,0.001330473162344915,0.06294075948487032
0.00015830183633816052,0.005615190568943051,4.142910236096289e-05,0.01801346785903554,0.0001045044168725431,0.019371573918851127,0.017137786125624027,0.00018571926598647199,1.7601914459234938e-05,0.052883467354786017,0.002581455806790455,0.06032489426887869,0.28867749426254413,1.5277092579855118e-05,0.023685691484282307,0.07372864836257138,0.0965860645540976,0.13018709343254986,0.11235774884133806,0.018870698045010438,0.01198994444077316,0.0016449702523827704,0.0010011526874518274,0.06481982410549235
0.00020335855530550235,0.0016035375617000692,3.8291298296451765e-05,0.01844356523761497,0.00010922676005372706,0.017337157988251497,0.017386727507152713,0.00011218164871583759,1.7377222665526496e-05,0.049678963115355634,0.003467095929520715,0.061056063356972425,0.2828634665271671,1.4791590910484714e-05,0.02256112334439253,0.07235890119466214,0.10393082595148727,0.1266402560297993,0.1200980274349688,0.01555464165731401,0.011721346343989357,0.0013114242460374943,0.0009013365613015605,0.07259031293636505
0.0001072552148964918,0.00013440710169261268,3.4513642968185746e-05,0.018046482410453462,0.0001139014378258289,0.013157661112970658,0.016746659331956643,0.0001293147706512834,1.6803807558456685e-05,0.04574019965682485,0.003969031851821902,0.062258244025982484,0.2813770164370734,1.400161420083897e-05,0.02286568313048815,0.0717326744320482,0.10383175919779934,0.1263613925630216,0.1196987591384326,0.028012400795621624,0.009223690590802198,0.0009411217402283251,0.000765983671508361,0.07472104232317256
5.8500571795939155e-05,0.030491931188461226,5.300565119447745e-05,0.018109043457602003,0.00019539711294507778,0.02263088823717815,0.0031177900019805998,0.0002730134450083446,1.6032430093818848e-05,0.044083056690907306,0.005887917728490717,0.04328967439564723,0.27135832432294116,1.3188951928064857e-05,0.019048407142804907,0.07600460316191282,0.11871518697333783,0.13110074411792225,0.12214985213265757,0.00026711739585477765,0.022449496677388225,0.013618423867174071,0.002126699469582569,0.05494170487519091
7.906378121133153e-05,0.028948941320014798,5.546256382002658e-05,0.0182098310271951,0.0002720443831679562,0.023877174573611482,0.0036519025834631596,0.00019757480178786074,1.5806971157306714e-05,0.044663756802763244,0.005555908995293401,0.04209671220972792,0.264121153629069,1.3580747277404715e-05,0.018806966223041573,0.07828095425169691,0.12121329823916051,0.1326918871272652,0.12307293181039619,0.00040385330608935273,0.02410817765735219,0.014396476191092142,0.0011465225858970504,0.05412001821844889
6.224216476935882e-05,0.03808222172083898,3.961100813769843e-05,0.01670379221036868,0.00018122968143016307,0.012093935673555413,0.015413636930553675,5.631243454810097e-05,1.555308834411303e-05,0.0442811342893637,0.005426527012994406,0.04622349447668174,0.2543312927421944,1.2255090449207064e-05,0.02443820497638789,0.08154485084238956,0.12361491456249059,0.12470455766009131,0.12611078815841673,0.0002514326086551881,0.02793042743914746,0.006192400012405647,0.003533825378322766,0.048755359837463
6.61194758427403e-05,0.038580023725600224,4.3665038615708914e-05,0.017574336270909506,0.00017488369965588162,0.012928961432849589,0.014828786197000923,6.020944963160034e-05,1.659261459858189e-05,0.044340256321119764,0.005293348327163924,0.04774835869653416,0.25212043396462047,1.3638864891773201e-05,0.024170219043401397,0.08255771036388691,0.12144620281986206,0.12734286998706884,0.1270506477196799,0.0002425976574060964,0.02778807831443307,0.006581393610506056,0.0028909809228440477,0.046139685481876955
7.392667691252833e-05,0.05359903203625263,5.01513670303422e-05,0.019344674547217295,0.00017750760020711448,0.02493557472738258,0.0033182864351771245,0.0002069412753379913,1.8210736764208866e-05,0.055517408728897724,0.003024927775106605,0.05262674717332845,0.2279941640377364,1.4101275927935417e-05,0.03222805639954521,0.09713334866158095,0.10634563000794232,0.14288758681214245,0.1223429316705287,0.0001934721267854805,0.027588221037032887,0.008248362332814877,0.0002332449245846713,0.021897491633765108
6.833248441279679e-05,0.05498693296122528,4.817494615075721e-05,0.019381970575100993,0.00016596556773823713,0.024584436058509223,0.003046071515263642,0.0001465747734384871,1.7164030407908745e-05,0.05462493785707843,0.003840302541683129,0.052949451578670016,0.22446104406637543,1.3500157577012524e-05,0.032310098254782024,0.09665438782917402,0.10648040158915113,0.14291295299015053,0.1264043441356095,0.0002137541244951832,0.02802994837290849,0.008314381348617369,0.00033290070978755427,0.020011971531692842
5.931901511045916e-05,0.057125045292697976,4.580895340833633e-05,0.01986391110749967,0.00015925289272842837,0.020270886434211436,0.00026554951164484017,0.00011838964044831803,1.569751122429449e-05,0.06050836330354077,0.004212344659568728,0.05563606326732223,0.22091931342701399,1.4034029658738022e-05,0.03694735055134802,0.09464065624120872,0.10199599729637442,0.14382760521704488,0.13243194531949679,0.00026269759404636683,0.022643887413363054,0.010269378971230661,0.00035158750253561473,0.01741491484727334
4.864827867483704e-05,0.05967183623879856,4.6418152783291927e-05,0.016981033147655887,0.00022790280087449477,0.02363650671047464,0.0002853755062622809,0.0001467637102006811,1.7773383825462323e-05,0.0614371758098449,0.002969661567364236,0.05548527212942309,0.20738043299799164,1.574070888380087e-05,0.036300229480318316,0.09870656037494625,0.10498922551421523,0.14711206559507975,0.13363648195312117,0.002377232162483718,0.02201589397560198,0.011154006096948619,0.0015255625234831252,0.013832201180744153
4.8067696680627805e-05,0.05847717920694091,5.547493704588432e-05,0.01885938251884581,0.00013900813174091807,0.03849951017540238,7.930648953720082e-05,8.336288885471598e-05,1.450426105600199e-05,0.0550279795706596,0.002899864141685776,0.0548096463420327,0.1970341649860579,1.5748117090886716e-05,0.03449692550552683,0.10276657264661587,0.10888547361991613,0.16316282365711773,0.12918975382908068,0.000411201932839893,0.02333768820485891,0.010605869336054752,0.00040211715332549256,0.0006983746510324487
0.00023381770486028468,0.056923421311981595,0.00028617196608696655,0.019107912725415042,0.0006575702505705467,0.03738214202965745,0.0003755511627995686,0.000407886150900513,7.333068356042975e-05,0.05526229818485379,0.0022374260794612716,0.05430695866214916,0.19530528498657013,7.78681710385482e-05,0.035052030239674896,0.10291917522374147,0.10955901061436053,0.16273655952319657,0.12866213118144895,0.001665542131811515,0.022638395898716315,0.010861770923457517,0.0014709897973135292,0.0017967543963734135
5.792011225590007e-05,0.036095771129138435,0.0002702165401668797,0.021618280383716035,0.00031153020491183085,0.03279541578575232,0.00010919418971063525,7.008326806227028e-05,2.0500496307595834e-05,0.05758291837002549,0.0012423360153980317,0.05675584454448261,0.18469017342920202,2.254227920721644e-05,0.03572577822511982,0.10475249493401646,0.07633931650999146,0.15495655533161215,0.12956151064957616,0.05933873888279093,0.020421498760562307,0.017711231744849218,0.007261244524374162,0.0022889036887701916
5.535829792012416e-05,0.03836891142317757,0.0002681432252299588,0.02177955146168254,0.0002920825496390933,0.033601573843555964,0.00010562349372750043,6.584583008404693e-05,1.9272039749395803e-05,0.058388895661158145,0.001000651319690904,0.05754530740181854,0.1847038039176628,2.119662271634627e-05,0.03556054559409864,0.10449561683100755,0.07645018490536465,0.1545966995454449,0.1298788394087542,0.05420104733951721,0.019661857346277442,0.017594924347328414,0.007549291373295401,0.003794776221098847
5.0642305208843754e-05,0.015675154149943585,0.0004573357940915674,0.018466200631536717,0.0003927731338233739,0.04132622965021653,7.05012648447695e-05,8.387791550420279e-05,1.5230961802222806e-05,0.05284657946554576,7.76912666456479e-05,0.05273619007338416,0.18965581837237466,2.6262003126840868e-05,0.0435150514608237,0.10931611086450772,0.0725833477523787,0.14042411109588415,0.1328866010279297,0.06568126321990471,0.02445246340398693,0.030372797530251655,0.008640161597948675,0.0002476050583354238
4.849076937495034e-05,0.014768360625707187,0.0003306110727537299,0.018950948274780884,0.0003519077267820219,0.038371585781778635,7.337114430161208e-05,8.485721848675005e-05,1.585750412132777e-05,0.0555582015510465,9.296035558720648e-05,0.0541395441923638,0.18932589606457312,2.552399613942913e-05,0.04489731712041712,0.10838868194831731,0.07205569953222546,0.13847483251236334,0.13662748948873998,0.06559834590481103,0.021922521601190986,0.030160307842330297,0.009393122143821209,0.00034356562798592075
7.819214469879017e-05,0.013977985701049892,0.0006127602999502088,0.019001649922896515,0.00047025424898371177,0.03711160595125447,0.00010490583261337293,0.00011781245511511728,2.449008913432971e-05,0.055584312886938686,0.00011341196648238025,0.054578928138723976,0.19067614846248684,3.846475463860035e-05,0.044590742387079975,0.11008537762771227,0.07279232660218263,0.13814859371546429,0.13489254636532497,0.06536778880245689,0.022062528205163894,0.030187231531213565,0.008879322384722891,0.0005026195237118274
5.596567288228212e-05,0.014346105238806719,0.0005964939010923943,0.01886801385463983,0.00037982807662174944,0.035860083629927514,7.547291294113554e-05,8.282362808806034e-05,1.6679007430950075e-05,0.05701541714867175,8.916171588374541e-05,0.05485418304626544,0.18957500854162995,2.618185388695227e-05,0.0482240557513381,0.10785715283295426,0.0731333115592991,0.13776897544787403,0.13537027405060056,0.06532639598094063,0.020413530042084245,0.030151553169415982,0.0092577081730189,0.0006556247637056429
6.401816082617071e-05,0.029433017418043522,0.00012511580802109927,0.01938304040881036,0.00035695981357709584,0.04967588504493992,6.686956561436563e-05,9.349433297763365e-05,1.5743192009076768e-05,0.05930158331961434,5.61279272909656e-05,0.05422654807222433,0.16671921602721018,4.856224209688345e-05,0.0589341302524007,0.09025963764356353,0.07107074456142018,0.1419889073025864,0.12365512422461629,0.06703366494669387,0.019297153758377362,0.031172028488198503,0.01036436191340049,0.0066580655754864965
6.737961803732071e-05,0.036608519214714495,0.00011929372984633198,0.01524984567742096,0.0019355706953176964,0.05429969971481262,8.009331167626113e-05,9.106158642222408e-05,1.5799643957199727e-05,0.058416786307729326,0.00011426449778145732,0.05165378381455866,0.16206232052708175,5.5484834543985844e-05,0.05686705676071493,0.08968760216148422,0.05902680264927263,0.15714323766594035,0.12595270450972904,0.06335698023285602,0.02143094267715669,0.029517062392377835,0.01546135426985551,0.0007863535067123268
9.520926568564874e-05,0.04647625377981998,0.000119030769334311,0.009996325267542011,0.0014861834845679104,0.089414123686996,6.17605758369052e-05,8.614428566472229e-05,1.837737879291563e-05,0.044613637216271096,0.0007136280666725808,0.04688414381624134,0.15639954790530336,8.51822298177691e-05,0.05301277529643049,0.0926021217945791,0.04763791009813629,0.15219301838987376,0.12546708915208682,0.04991706845077069,0.027618648700723617,0.02683100253282249,0.015270050256735444,0.013000767599294779
4.876780017982878e-05,0.043809512438472704,0.0001871161673844496,0.008002837210988864,0.0024558963734389525,0.09162546784365097,5.2196671746942013e-05,0.0037772694374985493,1.7863999857574538e-05,0.04716871265537969,0.0005324418878046073,0.04512645268854826,0.15751869256860232,9.315240829663509e-05,0.05373116945734987,0.09076335154629743,0.04683906447105293,0.14739659989806708,0.12730971089293633,0.04997106210617167,0.026492214091774668,0.027306515112075585,0.015204680265609205,0.014569252006814606
6.137932180252009e-05,0.026688489432423586,0.00020229259685237413,0.011897606659263841,0.008388955360800353,0.08157247978280989,9.312751793490811e-05,0.0002906317896293107,1.5469960195491108e-05,0.05607624840821448,0.00040485161193788157,0.04258778003223774,0.16168368945465564,4.484585673280916e-05,0.04952228543444458,0.08223263844481052,0.05175469956737176,0.15100912528298402,0.15187118049166232,0.05612332938355343,0.02177859947615745,0.02470087130231716,0.02081790423791702,0.00018151859329131544
6.577426696449692e-05,0.024783233910627134,0.0008337740157287351,0.010372706258510915,0.003363515263622853,0.07969739983155187,0.00010527849621463949,0.0002643580595932833,1.56865754786546e-05,0.05338069932771132,0.00022732641758506912,0.045338043969028526,0.159524978216562,4.2170561996942464e-05,0.04803510914474395,0.08280400623968032,0.05438266381395482,0.15337324485089954,0.15898561668655162,0.05622805243090287,0.018035350436942082,0.024848643947647315,0.025138364397856307,0.00015400287964479486
4.8613669164976445e-05,0.004138318324137002,0.00042162280961765224,0.017942264579941587,0.0372735795141037,0.05853530461931416,7.399387678838776e-05,0.00017589360712000278,1.030033498144676e-05,0.053870489179286364,0.0004118591363124994,0.04381629906569905,0.18660384859274848,7.753152672517786e-05,0.05251056270939654,0.08239411083085603,0.058498651739235824,0.15560346308372128,0.0987018938596948,0.06083670338866822,0.021857277678690418,0.04123947673117126,0.024831720452894994,0.00012622068973013034
4.873436607637409e-05,0.0043914572882438625,0.00019718895831587346,0.018069583944591832,0.037222717626805714,0.06083783826639803,7.89516002101268e-05,0.0001730065484779782,1.0380827784339337e-05,0.05374442859292789,0.00024890326299554816,0.04392119734464878,0.18614177240950056,8.219453251525777e-05,0.0524849816504659,0.08259901861975343,0.057528855867030604,0.15553153050234286,0.0975031252082557,0.06027137986996565,0.021810640334876664,0.04293085166360939,0.02404409690154053,0.00012716381266724192
6.990268296061456e-05,0.005775178850813788,0.00020353187163779787,0.01606120985550093,0.04899935586840265,0.08730781735333001,0.00012093413251533016,0.00010225533961795275,1.0837639745674741e-05,0.041852333329987085,5.2183366863946826e-05,0.040690319636052664,0.17982059185687213,0.00017638143210771347,0.0429131432103953,0.07904569259999661,0.05288448397204829,0.16015848663328608,0.09200884722761134,0.05684133768244485,0.03624456496481331,0.037342419629060104,0.018305904489071143,0.0030122863748645217
7.412332190239547e-05,0.0027295015508647207,0.0003195188247222645,0.016679629723774927,0.047920898875834214,0.0858584193825806,0.00012118281073928855,0.000111065548825413,1.086882191237499e-05,0.04321724542487643,4.6729264163743546e-05,0.04100344532915802,0.18051019697164886,0.00013400199321664212,0.04252642047509336,0.08079721361126269,0.05221592039543187,0.16086018676934297,0.09236674433013205,0.05827703722717752,0.035980940654779386,0.038319946200065416,0.018086749656401866,0.0018320128360929215
7.867370635236054e-05,0.008522907829766476,0.0002769286949736498,0.015711494184939598,0.03766125689545169,0.09690493672348494,0.00013050003320852222,9.325578213688e-05,1.0363633442917877e-05,0.03899188256070776,5.1646568155865765e-05,0.03974612737763215,0.17509125144856635,9.636199900781405e-05,0.04405847587100725,0.08022383931181334,0.05534177815604439,0.15811064313870063,0.08909309202179809,0.06025149067157653,0.03794320609756771,0.036493670221171205,0.020564563502089753,0.0045516535704042795
