0,1,2,3,4,5,6,7,8,9,10,11,12,13,14,15,16,17
0.02531254295176193,0.02531254295176193,0.07917362817925858,0.11162595608166508,0.02531254295176193,0.08344159818729287,0.02531254295176193,0.08469451441226768,0.0414352756355121,0.0711531720689462,0.02531254295176193,0.07209000699074158,0.07817692865409569,0.07237792635079841,0.02531254295176193,0.05077372236147709,0.02531254295176193,0.07786947041561124
0.0253051859138368,0.02474903188583894,0.07872334256506866,0.11152764775867868,0.02535630583653563,0.08333975541795603,0.025368373273485338,0.08456875789347082,0.04130763914461968,0.07204840182675454,0.02573569537466748,0.07159651044976005,0.07794754457920068,0.07238968712676791,0.025240398440136834,0.05176380346683885,0.026270172986593447,0.07676174605978955
0.02496829973908075,0.02461659913908795,0.08030445201799774,0.11121008257480958,0.025410164827847706,0.08520350284373618,0.02518628401132382,0.08379879532216543,0.04108880023199079,0.071525029308698,0.02554119480215907,0.07216416238249825,0.07768090137595171,0.07201546256741907,0.025029107894982,0.05154937537329518,0.026098913293544565,0.07660887229341223
0.025112545996510756,0.024536175595354454,0.08034026656566443,0.10654162725339089,0.025911679308225764,0.08548557126726586,0.0258113460382292,0.0832273917429584,0.04156772659676725,0.07232944020002637,0.026537195734484886,0.07216998503464882,0.07502367756716834,0.07219329812221928,0.02500294193217516,0.05306096316701765,0.027074898589470358,0.07807326928842218
0.02474135004066758,0.02434583222921653,0.07927500943659847,0.11009067374980908,0.02585348025390424,0.0845899255119281,0.025689549613365757,0.08267823796440148,0.041355117329481474,0.07167300846299879,0.026462092784179676,0.07134760405683319,0.0784913709736244,0.07199929284448105,0.024718029686267212,0.05253520762765335,0.026642169641143878,0.07751204779344578
0.024824286719866542,0.02496158788389566,0.0777066425956478,0.10938162396415654,0.02610270063097353,0.0858690467152483,0.025573254518697155,0.08298492259484858,0.04068675096550933,0.07094763912935198,0.026630553299085973,0.07112971632131414,0.07909226098758337,0.07306918967377914,0.02499770319818422,0.052217488083897624,0.026104812958635343,0.07771981975932482
0.024931976006826274,0.024648457701142934,0.07798474097443582,0.109153006850208,0.026209145003473714,0.08627527486771491,0.025415103084689326,0.0826984102411608,0.040617121812999285,0.07073050993530491,0.026094993549204908,0.07088412476316135,0.07950033151368162,0.07303768364549042,0.024999422563989564,0.05235115828263974,0.026200061248913064,0.07826847795496343
0.024703639549578972,0.02411347357575094,0.0772867243674784,0.10946992801594554,0.02643611347258244,0.08717348786428814,0.025116558570590978,0.08306379610848114,0.04082825580189362,0.07101297684817837,0.02610836192468034,0.0711118769436199,0.07751190951728554,0.07153603884471746,0.024767299392016547,0.05298474108275731,0.026847166734291477,0.07992765138586304
0.02454967013537828,0.023998249372889868,0.07734597197150499,0.10906453407161154,0.02685360274999355,0.08768988895511019,0.025227364884272758,0.08308166232513389,0.04044837556001376,0.07174407064375632,0.025936682642545436,0.07071454568921819,0.07738667187526706,0.07168199167406658,0.024524476753551384,0.052766277801934144,0.026697164198306853,0.08028879869544528
0.024322643710081356,0.023810953502892848,0.07615653458042573,0.10907182336138549,0.026344919682002078,0.08717238563057988,0.02555806387526292,0.0824800916774332,0.04074026432656432,0.07111043435227622,0.026267813483146114,0.07068995995525784,0.07762967241578017,0.07196464656386321,0.024134436094747365,0.05383682094168738,0.027033643996498893,0.08167489185011502
0.024263695009013108,0.02397630267856693,0.07532451500911297,0.1095278049669691,0.026332004588348428,0.08680574531598528,0.025489822124288262,0.08187601843002192,0.04068172209536859,0.07119832400450432,0.02606186454279049,0.06998391377332996,0.07797890027562793,0.07262035461118006,0.024165542705022726,0.053711631354586266,0.027149325692313528,0.08285251282297006
0.02409785923460221,0.0230380501305479,0.07380126197516704,0.11105776657246251,0.026748502063283813,0.08651769400534454,0.02568046871800125,0.08185094715529183,0.03996891441371882,0.07192457803222542,0.02555285949136397,0.06989516039747772,0.078775819313237,0.07380849788701983,0.02384169983985876,0.05287169638140486,0.026600903014110798,0.08396732137488175
0.02415509538615459,0.02381054530043451,0.07383959509964459,0.11093758662530828,0.026728059888995466,0.08726381388061881,0.025521675569528227,0.08251088654535103,0.039896582540956085,0.07215551408609223,0.022087063418617395,0.07011957549259212,0.07883420509239075,0.07411905242465068,0.023812651652723796,0.05280607008034217,0.02674808548182327,0.08465394143377614
0.02435848786709909,0.02390913170453369,0.07307942001322579,0.11150416612480747,0.026770030320180167,0.08609419327121134,0.02612932756482382,0.0830328219824342,0.039948376422973095,0.07237331439568022,0.021209580733614296,0.06915912709770172,0.07913565114829312,0.07449454691068044,0.023479409560256244,0.05352019559656461,0.027180538132804098,0.08462168115311651
0.024495449152614354,0.023735653337117756,0.07502301119505912,0.11150139209284053,0.02678271671769322,0.08624886799345315,0.025892707916207566,0.08313955362049454,0.039567949218385086,0.07189649534369523,0.02095573227225584,0.06894396065482666,0.07887961151314789,0.07390148157893958,0.023514184781060536,0.05359767889541015,0.0273039739492805,0.0846195797675183
0.024526867832965423,0.024491960167592967,0.07346606696536367,0.1122007869258642,0.02698377263421917,0.08889629936292424,0.02570809248028632,0.0830001360919723,0.039662314864523665,0.07182207020268684,0.02029942067122686,0.06828414655545072,0.07903850546298807,0.07406628108925281,0.023673114604406964,0.053126466553000205,0.026469035476621657,0.08428466205865397
0.0241904073115001,0.024125088655118213,0.07291078008926379,0.11250113731172688,0.02700629777379643,0.08940972977696623,0.025575333211577525,0.0832021206268429,0.03965546861991396,0.07197411126175544,0.019983308551981296,0.06848269066074912,0.07908481063950697,0.07423946556705044,0.023650012948520285,0.05327669173342293,0.026504316461301688,0.0842282287990059
0.024722777470734127,0.024935413224621398,0.07293501414054822,0.11355266745575043,0.02675987667726051,0.08698736657775688,0.025962115048520813,0.08312851907098902,0.04019111593430829,0.0728109707313184,0.01976821088216669,0.06938959852306152,0.07869723136921257,0.07459839148964544,0.02402906556109798,0.051088503378675945,0.026502595187981308,0.08394056727635053
0.024773319038344455,0.024871900254798966,0.07308887794393085,0.11363602833589692,0.0268533665067286,0.0871300712975566,0.02575028887311294,0.08205894785936169,0.03985096456536739,0.07297682592328911,0.018877917098238706,0.07126509858340344,0.07842171130321718,0.07457883217172842,0.023846617161244123,0.0512453700968125,0.026771673312618028,0.08400218967435014
0.02480156160925993,0.02485263532524332,0.07265410751821545,0.11497929055065771,0.027058693565301863,0.08765093632134352,0.025414417927596016,0.08200669953959636,0.03966856312776042,0.07404442188689468,0.019405094998075037,0.07042928530867228,0.07985649537191528,0.070647023770103,0.02376184568252764,0.05100656357804967,0.026393348504816776,0.08536901541397104
0.024847974313483994,0.024867342981659425,0.07116976817121141,0.11444362327520213,0.0270889250723454,0.0872657490564626,0.025101966473718023,0.08149901304346076,0.03901260361766028,0.07374741003460784,0.01900935307526916,0.06990302828534296,0.0794857700875341,0.0756434638304393,0.023694160445096958,0.050862764709184154,0.026088318059735133,0.08626876546758637
0.024454301327208314,0.02431461760016739,0.07157928877696086,0.11509621696852812,0.0273212839488396,0.08818774648418184,0.02552107482119885,0.08189003911336745,0.03805574228298611,0.07505424422016882,0.019428756735034892,0.07171957658764656,0.07900016022707947,0.07409484096488912,0.023359431248011864,0.05069502095596124,0.025647724715813967,0.08457993302195566
0.024509421468496488,0.024482264487558036,0.0683178185679629,0.11554793990243974,0.027428507914771597,0.0890906731753589,0.026203542567010504,0.08268972765104224,0.03825321703295512,0.07506532938511225,0.01954931887352759,0.07319204986920551,0.07960688556813539,0.0726384686334537,0.02348780900838222,0.05025178634462351,0.025622471608042537,0.08406276794192177
0.02410902114729532,0.02397335436982203,0.07037394023324968,0.11457211846446295,0.027077598666465384,0.08914186255242412,0.025855460493253952,0.08187682662003104,0.03745664920671091,0.0755226940873492,0.019017583526742328,0.0754445471519769,0.07923361144658414,0.07339652414368704,0.02382395277816915,0.04972047850069095,0.025120379898312818,0.084283396712772
0.024205933648296124,0.024368170654514583,0.07041991785369942,0.114827946003358,0.02714911093491704,0.08927911312151722,0.024741321051952817,0.0770152398131581,0.03797099366142324,0.07588175656345403,0.019294070422553315,0.07710242975150851,0.07958004324627396,0.074401925590218,0.02391242378903136,0.04959350131348763,0.02507426228700034,0.08518184029363636
0.024585416313671726,0.02476221711775109,0.07078968048722144,0.11473603288838405,0.02713818016582419,0.08796570179830973,0.02496239892299602,0.07781623218394754,0.03795009387444603,0.07435895448121248,0.020133236752297248,0.07996454307890041,0.08003389400431037,0.07417328577057286,0.023532575321564476,0.04870189309200551,0.024965841611710393,0.08342982213487446
0.024834923043012925,0.02506760725252984,0.07123523927010768,0.11455880028191784,0.02709433831333917,0.08697191694687047,0.025058448614826357,0.07834846864127107,0.03797776203690946,0.07317308631856019,0.020734380893158634,0.08188716055627794,0.08023085828390446,0.07403186327418147,0.023195248001944814,0.04798115937446675,0.02490541375237022,0.0827133251443508
0.024954542142028968,0.02528560647963415,0.07177299160081353,0.11432014063363356,0.02702324659656799,0.08630484319142233,0.025032297912700542,0.07862108770823628,0.03806205381535557,0.07232329629347063,0.021074519810789224,0.08279999144783416,0.08018428367547169,0.0739926170769626,0.022903555868040784,0.04743382930445321,0.024897815783774042,0.08301328065881078
0.02494390093349507,0.025415927806416435,0.07241255056714409,0.11403197760763144,0.02692779201865627,0.08596560586941021,0.024885975126162595,0.07863788665398579,0.03820733956487984,0.0718050580248337,0.02113814743134405,0.08266094829286882,0.07990144176880488,0.07406312791722705,0.02265825411815461,0.0470588824845798,0.024945590626059673,0.08433959318834573
0.024550518927628145,0.024802944880425528,0.0702903591411051,0.11539956739916842,0.027091082173802548,0.08669871873424767,0.02474532016318058,0.07949748649927049,0.03693895254443785,0.07205538672697163,0.020757821094843608,0.08305425547608848,0.07956222198417674,0.07465045163454971,0.02233117448933644,0.04712774593926692,0.023769886740849438,0.08667610545065066
0.02477001003822901,0.02491455020823262,0.06931564271680282,0.1154488436015645,0.02701560252430419,0.0869140231095711,0.02493701093415135,0.08023784682803861,0.03595824015448934,0.07251733065970986,0.020735116109819145,0.08334008884682526,0.07941943116055233,0.07444218416498091,0.022435574926131706,0.04614683147040696,0.0238613614074986,0.08759031113869177
0.0243943199783588,0.024089922797086095,0.06948948126880485,0.11626304655637841,0.027014812912736972,0.08527759211076574,0.024949989467275023,0.08045364680535214,0.03583748301044743,0.07238928148304347,0.021034645795625223,0.08402667503421812,0.08027148527890268,0.0754121600687838,0.022289880938298243,0.04608602441210329,0.024797638057062518,0.08592191402475718
0.02514518391713728,0.024395450076409364,0.06981983349969607,0.11581003754346987,0.027034554418693957,0.0853685672347803,0.024892155040886585,0.08033067391291601,0.035735964432665024,0.07165033954250513,0.021125302434604483,0.08465774390025671,0.08053333944503208,0.07506441750698163,0.022395849697942866,0.0456751153626299,0.025294947747527552,0.08507052428586509
0.024941568768845016,0.02399511699992678,0.07007602564557701,0.11652743165225612,0.026912398909124835,0.0853507971538833,0.024686467398359276,0.08058876157443563,0.036468047831076954,0.07189807501590205,0.021127852573496024,0.08628146036678301,0.08050529318131712,0.07451638886363962,0.022197462339057523,0.044221204910308926,0.024353471893412644,0.08535217492259804
0.02523464802376061,0.024168183637699292,0.06954394601955931,0.11662399095351203,0.026916855982846266,0.08501880510840872,0.024623255204976758,0.0806136780232644,0.03644490744186219,0.07189729338941375,0.021214560249793304,0.08548064868115796,0.08059300811937284,0.07503708566629647,0.022327893081043534,0.04404919647654665,0.024766778286085173,0.08544526565440083
0.02614635744901864,0.02448369099216931,0.07100362267702677,0.11568283522346834,0.026203292918488042,0.08304065261669998,0.024096640954189473,0.08150182289960675,0.03729691791351711,0.07166378905458969,0.02150153817238131,0.08416778109567806,0.08085584992409645,0.07542097183374646,0.022810776358170477,0.04492927173201874,0.025561092845966325,0.08363309533916802
0.02632090238570724,0.024470046810872805,0.07046921665008424,0.11500440596912216,0.026281373926065953,0.08314914314253137,0.024236672887906277,0.08146099632368112,0.03721637902980242,0.07155974221988588,0.02154603216250226,0.08441523993473869,0.0810446496609769,0.0752005231490905,0.022941530447965392,0.044926343999583396,0.02555147346949945,0.08420532782998394
0.026332035576278483,0.024340080909874693,0.07146755263146279,0.11540054135804628,0.026342290268308154,0.08538938372246133,0.02458398043289406,0.08059229796286024,0.03673461690830508,0.07205049297320712,0.020617027429246756,0.08529883074123464,0.08088159937289927,0.07530212361472827,0.02278513581529777,0.04411333499843572,0.025474533821758332,0.08229414146270109
0.026023203985174593,0.024091485520004126,0.06992315105326707,0.11880307362863021,0.026312662489868202,0.0857310750386663,0.0246737446708978,0.08014956311390671,0.03673595546058085,0.07206230356765796,0.020398631976998986,0.08536293562832453,0.08095234099941127,0.07545841369565036,0.022879371175413055,0.04400763666375156,0.0246990698798326,0.0817353814519638
0.025838140575970895,0.023987953062359065,0.07011743796160987,0.12374603583011061,0.02594312312341717,0.08370290714828783,0.02429313964909434,0.07853822406915584,0.036450582807135826,0.07180419188842181,0.020178034055981932,0.08568480385483064,0.08107776591948362,0.07499054164050699,0.022337908585965696,0.043856058047873514,0.024329411304605357,0.08312374047518888
0.026001130721842323,0.024114365595111393,0.07008399862774684,0.1261492027394454,0.025638861595348797,0.08476277925687169,0.024575438220827635,0.07913685403455864,0.03638594130416264,0.07204748092433876,0.020271119738184892,0.08460232967565078,0.07792757828087231,0.07555973407696301,0.0225789302784197,0.04391384462558502,0.024520032648521276,0.08173037765554891
0.02524693565588699,0.024325515398104226,0.06931760125193952,0.1251308610883624,0.02623387144912489,0.0840626390371194,0.022940634209267653,0.07924624210412118,0.03663436428187722,0.07014778307051547,0.020880469531080047,0.08627123728521313,0.07994760511296618,0.07511765476116941,0.022473245508461467,0.04353997654252177,0.024621199835310848,0.08386216387695823
0.025200789908315195,0.024175835282472496,0.06915064243448743,0.12472756539469135,0.026475033757353134,0.08386124028588957,0.02509693395887903,0.07879624284937616,0.03560144045441931,0.0727965569933312,0.0207707588036162,0.08574038215982875,0.07947571650233588,0.07465543929103165,0.022407243050273223,0.04327205989734123,0.025130363629624085,0.0826657553467341
0.0249356866977645,0.02402583430038689,0.06887375405892113,0.12458523155864949,0.026410993078727824,0.08558365193401983,0.024425368065564078,0.07858370186264095,0.03436857205473479,0.07206197274676943,0.020552088657410348,0.08814449186927442,0.07989709182362861,0.07422733850937324,0.02255887314054785,0.04405990011209769,0.023918590946952215,0.08278685858253666
0.024761257213281446,0.023911247996203908,0.06836495004608442,0.12426196375331994,0.026389598857153643,0.08651071129604541,0.024488488322574154,0.07836190581226805,0.034486547920465294,0.07159027013808239,0.020433664012236785,0.08795907402527792,0.07948809157980692,0.07429449177371132,0.022493326589628753,0.04404644366259133,0.025374914318029157,0.08278305268323914
0.02530424965568845,0.0246655957168415,0.06987209688769648,0.12367828813904808,0.02604081980125244,0.08502341445855974,0.024472081475014628,0.07876298865202427,0.03549323458942382,0.07132949821247311,0.02044562511257022,0.08640765149334688,0.08019360020878927,0.07442853432911706,0.02298769711790539,0.04456015950708615,0.025446147675124164,0.08088831696803828
0.02495375308693364,0.024439538532770005,0.06872531770103507,0.12396828072064772,0.026024146351425997,0.08501337399019714,0.02457604283326476,0.07929733189070326,0.03508656596903556,0.07146592041671501,0.020405786871893927,0.0868613374105367,0.08020412488938942,0.07476325478392928,0.02298498239032103,0.04487032978348473,0.025311586650290006,0.0810483257274268
0.025081513428404048,0.024196706075784676,0.06964779138982855,0.1236749734879367,0.02604070614959596,0.08587880555092449,0.024506346024307648,0.07882319979117844,0.03509128951414085,0.07085115729251927,0.02048954430020013,0.08784990244355385,0.08017602508839558,0.07472350658699536,0.023561385024697547,0.04505788866523038,0.0245150106177264,0.07983424856858018
0.02519221113909583,0.024305656867798807,0.06920205707444002,0.12460082504630295,0.026114957111334852,0.08200037523963617,0.02456681710174896,0.07924094746755961,0.03533441733941272,0.07126515193013719,0.020739491102636246,0.08828303515935428,0.08073739940128921,0.0755145694345025,0.0235824038438178,0.04502366735393719,0.024641938102191955,0.07965407928480372
0.025133316204418922,0.024209792432457543,0.06981954036886075,0.12490136713417517,0.025597992606433875,0.08194099033154051,0.024684402721438438,0.07934997080595459,0.03648043698962635,0.07095428578345879,0.020399355898608047,0.08824149370571015,0.0800095154752273,0.0747451385036,0.023525006154214427,0.04480457963427015,0.02469532959191809,0.08050748565808694
0.025157378902387863,0.02417606866931965,0.07006530925684776,0.12486670497506086,0.025242039806565943,0.081730032088768,0.024817226199550676,0.07934001865627975,0.03749726878304406,0.07048638635754585,0.020253768293603466,0.08824006724387397,0.07945188053363648,0.07422395244492494,0.023522839938776467,0.044638957819652436,0.024681404747065504,0.08160869528309635
0.02526487543546439,0.024204617212850704,0.06993681888597998,0.12450119991925604,0.02504000501818068,0.08137142216463122,0.02496624611542886,0.07921381505847315,0.03837320806173777,0.06986692123046716,0.020296850923283583,0.0882813487780989,0.07906259937769715,0.07394663941506997,0.02357631167452135,0.044527366570575086,0.024601081889560193,0.0829686722687239
0.02545637903684591,0.024295346014415554,0.06943548310976894,0.12380820282232585,0.024986935402051613,0.08086748459665273,0.02513173642254242,0.07897228197081729,0.03909706217697056,0.06910024617758158,0.020527488056149734,0.088365419661578,0.07883851768156147,0.07390907911023,0.023685536856797803,0.04446925725731551,0.024455095168259687,0.08459844847813544
0.025732552575945606,0.02444793668648817,0.06856669132050953,0.12279009046037592,0.025079865825050365,0.08021899547468936,0.025313272489125686,0.07861456975570447,0.0396582725013322,0.06818966305558428,0.020949164077702018,0.08848986815781631,0.078775260066933,0.07410737334027145,0.023850336986442965,0.044462992326228364,0.0242440018297614,0.08650909307003882
0.02609411357293152,0.024661816653786334,0.06733981235756994,0.12144838573661454,0.025317680996535936,0.07942527316102312,0.02550970580335932,0.078138119539292,0.04004706476010321,0.06713751748007137,0.021569958181196672,0.08864977413203227,0.07886719405474682,0.07453773880968019,0.024070212741698793,0.04450583981272307,0.023968206125619465,0.08871158608101562
0.025735629414865773,0.024627397665100272,0.06884857838021227,0.12342267440652317,0.02510475783358175,0.07940761858213674,0.025183147092876675,0.07804220123896545,0.040459811224307626,0.0655713880586771,0.021884987724998323,0.08848909252369164,0.07934551292724472,0.07458434678448417,0.02375904035227911,0.044911958911117246,0.023636568766027752,0.08698528811291015
0.025543851383789368,0.02430869280222742,0.06975842793946567,0.12372134463057247,0.025246724602325528,0.07781382177691025,0.02525984076592711,0.07824917748838961,0.04031703719736497,0.06576970646865983,0.02184645618657206,0.08902959212502798,0.07932218114961244,0.07450715625124824,0.023665154992283447,0.045009779407812804,0.02345631883711575,0.08717473599469519
0.025717339937356812,0.024631139312223067,0.06894200891896261,0.12293879758802594,0.025189409776839287,0.0783253780591384,0.02543852213622684,0.07860528960538686,0.04077122866893664,0.06572809895791372,0.022328853670168826,0.08946661495178912,0.08002129817190475,0.07509619797350352,0.023567701127348475,0.044467316125247694,0.023463286921696035,0.08530151809733147
0.025842998669173084,0.024665837419624824,0.06912901636758201,0.12291183250602764,0.025257737048466213,0.07658986212572651,0.0253023532393942,0.07883713118420822,0.04080437360012767,0.06565505899316858,0.022293041610905028,0.08947598410341077,0.08043574736273679,0.07554105778564807,0.02355835643744444,0.04458793230365363,0.023578757552898594,0.08553292168980378
0.02612135086829971,0.024803374923960644,0.07010419886573699,0.12184490888071207,0.025088455021188828,0.07420077615831067,0.025114296580669538,0.07932488382186248,0.04131612915403476,0.06539897982060017,0.02193549269152939,0.08982038210758056,0.08111491842576739,0.07545846735253088,0.023819047791823943,0.045546448835406476,0.023753717862545945,0.08523417083743964
0.02621074361717261,0.02453783411576537,0.07009901603416192,0.12118392781216512,0.025027390784672577,0.07878683002978368,0.024806230242569203,0.07908926366280529,0.04123197231616805,0.06512151822340134,0.021812761151401096,0.08920513359306985,0.08087399534386705,0.07487417192094437,0.023584139935186342,0.045254850546938445,0.023683164411750394,0.08461705625817725
0.026612269547745274,0.025192694638448802,0.0682810281218695,0.12368891417469025,0.025264073123607737,0.07793834667337075,0.024886773149659765,0.07962089791324738,0.03997781961649447,0.0661391396504019,0.02129161336357106,0.08770498009595955,0.07977011611413919,0.07479358552542965,0.02377903391347092,0.045014835014330984,0.02347542913771682,0.08656845022584594
0.02654333354428997,0.025308542827261266,0.06954976077429324,0.12353948544270833,0.02519891142495171,0.07776473327629779,0.02472261529492892,0.07991903568924075,0.0400302750294558,0.06618759601783543,0.021930967155027067,0.08703320828301862,0.07993173858939731,0.07474175140839542,0.02397745322625444,0.045050492233834255,0.02355716009407277,0.08501293968873688
0.02571614228995676,0.024845262916554704,0.06558631735431925,0.1227786028187696,0.026883406006955816,0.08507623363446191,0.025242376035609623,0.07956750153559307,0.04024788473505226,0.06506722992833437,0.02216360375487812,0.0862814639187344,0.08028542508652105,0.07571595618384978,0.0233273697585434,0.043802261588097656,0.023320978700899723,0.08409198375286857
0.025659037937989407,0.02454225806365752,0.06781796395661747,0.12241891866480537,0.02691434527622602,0.08601220476818865,0.02542565378736189,0.07966589498151491,0.04020030767522169,0.06436091987605325,0.022540427155609076,0.08554989492540839,0.08038791063468874,0.0749585430884327,0.02320622964614785,0.04345163576404034,0.023166210535722587,0.0837216432623142
0.02562938602247935,0.024926474996571104,0.06603135656796363,0.12348209847077772,0.025872878282549045,0.08101998694345491,0.025784461546103442,0.07997117384297288,0.04120945115029062,0.06468803454952812,0.022733144886650174,0.08582375994720806,0.08038805926776904,0.07548632743339555,0.023103809962167245,0.0449797574964906,0.023356587363681663,0.08551325126994683
0.025573208443370583,0.02517269427102014,0.06514019997985679,0.12404524026060906,0.025238731685429054,0.07834418196662374,0.025986544401934934,0.08011465564186797,0.041746137132655924,0.06486342213740504,0.02283056764087821,0.08600833854933176,0.08036453616653307,0.07564870718725351,0.02301291941167345,0.04596146427906583,0.023474433198792544,0.08647401764569827
0.0255031024421564,0.025289091145120245,0.06512345739601855,0.12416265124317795,0.024987660103025205,0.07774012790581887,0.026040820364218512,0.08013481650701812,0.04180917972199379,0.06491777651505815,0.022842717099839805,0.08614501740211078,0.08035616422538928,0.07548041233829551,0.02294437657377701,0.04637794295988058,0.023530241854334066,0.08661444420276705
0.025423784615438507,0.025278460131283473,0.06597542610373396,0.12385619812007959,0.025105235355592198,0.07911102706410891,0.025951028152015887,0.08004636381199579,0.0414012297606223,0.06486284253907836,0.02277370658313793,0.08624918095850329,0.08037714875918159,0.07499754318342339,0.022901906026440332,0.04621802045143359,0.02352796826543867,0.0859429301184922
0.02489653779229142,0.025054200437435236,0.06512973195242303,0.12209538303718785,0.025036309278057833,0.07871990730439175,0.02563234071053043,0.07998308020501714,0.045308530491509874,0.06394888595587174,0.022923712191285476,0.0866949759376712,0.08121105943570457,0.07481002247567502,0.02238155377394589,0.04685953392755226,0.0231669733594697,0.08614726173397963
0.024619901235651116,0.024733935084789594,0.06719589709499606,0.12155417561929731,0.024905855863101158,0.07866429678169656,0.025171100874979202,0.07970642928048025,0.0454271384468936,0.06368656263621356,0.022687001949259687,0.0875542169685352,0.08079841576943093,0.07444807326854065,0.02242468857063419,0.04605948658144465,0.023068780990932878,0.08729404298312343
0.02467366262986376,0.024843095202325454,0.06646397923491877,0.12254308390087049,0.025264192508096788,0.07893045646327818,0.02522135677150057,0.07850904919767351,0.04475363887535059,0.06476314425847328,0.022889488915799675,0.08872834597107732,0.08039665560317072,0.07587467947423043,0.022367966677935957,0.04523457742232032,0.021829348304418413,0.08671327858869589
0.02466327630359536,0.024823891327712507,0.06527557573884356,0.12300034324890195,0.025344048971857634,0.07952085684658307,0.02546484757420749,0.0785998718419096,0.04505147722484027,0.06485499160556442,0.02281279549941289,0.08926124263788597,0.08055487664947122,0.0758160242623626,0.022350675833775868,0.045199613397686744,0.02189198583132529,0.08551360520406354
0.024709340517710097,0.0242577004543753,0.06622168725337203,0.12273848844340944,0.025310834999090877,0.07823080964231452,0.024994550107400332,0.07793956491838895,0.044643523855955124,0.06432894052499614,0.022727607152464246,0.09068398198927381,0.08054304567085468,0.07620839732409264,0.02178912489375187,0.04605301845632235,0.022410455408141027,0.08620892838808654
0.02486582914816109,0.02453380175642035,0.0663181426812251,0.12212947445971462,0.025328825715507524,0.0783621231872498,0.02522369401387454,0.07843904727576716,0.04450594516074962,0.06410179126236722,0.022959670972370273,0.09080194057050026,0.08084014824811246,0.07623012123013011,0.02197781985063667,0.04578859833990992,0.02266369751141641,0.08492932861588691
0.025309320209332124,0.02526228362754021,0.06767496983167774,0.12000895041750889,0.02488244679997252,0.07684325795777566,0.02593036006072256,0.07909847130465643,0.04310268132074288,0.06333532398849451,0.023798201097905567,0.0909463573596127,0.0820431517906471,0.07684030799786117,0.022069699919595686,0.045074384731041334,0.02252518868450628,0.08525464290040659
0.025573275064760443,0.025412595883734207,0.0685280217295361,0.11962749310113467,0.024954154255616437,0.07688509075006093,0.025776592832972057,0.0792720865928105,0.04207188812850736,0.06308620493008013,0.024527335881719983,0.09094388928743648,0.0822726188967552,0.07710040572802362,0.02203744002028603,0.044816198718709045,0.022567034015280544,0.0845476741825762
0.025811796238954153,0.025292641032374382,0.06728913838153514,0.1206559022726174,0.025362486872022878,0.07602111304704356,0.02555287674065031,0.07882567665094799,0.041685525496669394,0.06377764673828108,0.024554761783899044,0.09050144722635087,0.0826056551517567,0.07716886648113598,0.02242412369614594,0.04468343298061958,0.022690019531778405,0.08509688967721729
0.025815887706353843,0.02518247290011127,0.06707250820080446,0.1210061654424122,0.025414754674019397,0.07641460535406552,0.025752342535285074,0.0793842420607008,0.041927190705015466,0.06407955935840488,0.02417375958696642,0.09108942961840158,0.08112213496059478,0.0775074729694603,0.022283221557542143,0.04417975248392716,0.022807463974580954,0.08478703591135366
0.02584014391611654,0.024979912348611372,0.06679332723456699,0.1214440980147575,0.02492588284645589,0.07560779972275165,0.025594369343359086,0.07959791572899225,0.041787515185996625,0.06289821244437344,0.024558893106591748,0.09195589484086596,0.08194701698375294,0.07855098855846661,0.0222621400191918,0.04355356169920158,0.022410086309295908,0.08529224169665206
0.025795444933575905,0.024964477892454668,0.06952829675042006,0.12045973942197634,0.02497690691692027,0.07564177478823696,0.025507114461844383,0.07898781013659519,0.04171307441368592,0.062355382278829474,0.024632723228752745,0.09153471979253792,0.08161163267877386,0.07825225249591065,0.022104913605437287,0.04335407866482057,0.022360307477335417,0.08621935006189244
0.026308221712341755,0.025223809360555717,0.06848212234334536,0.11949216654637386,0.024698782060258714,0.07438709316377062,0.02577591677739497,0.07969328024375365,0.04158521802503722,0.06252110219708519,0.025100664038176315,0.09183747891093656,0.08184633597429446,0.07850695874864146,0.022768093997664902,0.04370443257158899,0.02231461770332916,0.08575370562545113
0.02658046435591795,0.025295233513838153,0.06869480220461069,0.11911071087591249,0.024617084191337443,0.07418144458882106,0.025789205484238357,0.07986782084192273,0.04145491578960829,0.06273467382615387,0.024791486483169853,0.09177843921697666,0.08221165286527185,0.07865917078725358,0.022826854920472303,0.043594699049830786,0.022300271731326583,0.08551106927333746
0.02648841636029215,0.025360668574310952,0.06849472362654363,0.11818389158806683,0.02436013983912445,0.07310725702707951,0.025845048225630114,0.07990127474199243,0.041429682147489905,0.062176725261334075,0.02534207866423679,0.09193729931452103,0.08191436431937567,0.079216790249361,0.02246612666197161,0.04423338735738837,0.023093631670511035,0.0864484943707706
0.026427291456303088,0.02506915773110459,0.0704824710624793,0.11795088096617524,0.02434039853146027,0.07320855429331512,0.02578483738207618,0.07986228113450604,0.04118360385748494,0.06213880991956337,0.02553796921463105,0.09159113502323867,0.08170485808621832,0.07895882093750119,0.022381537981608517,0.04398569211869898,0.023268715546307807,0.08612298475732741
0.027021202421872153,0.025138006755907324,0.06928218618746652,0.11827713232574727,0.024005498566792786,0.0720560951644802,0.02592664205520759,0.08022367297207368,0.040911247960564896,0.06174350862442902,0.025934011363008436,0.0918432505895233,0.08193684528147548,0.07857096041723904,0.022765329569743194,0.044286349001356445,0.02323151799998986,0.0868465427431229
0.026761511961860395,0.02488903845300586,0.06916765009853923,0.11838514229754346,0.02390022169563896,0.07199987352719947,0.025764773200959643,0.08061597848244827,0.040804908744076385,0.06166953520259765,0.0261636732269868,0.09169142041507,0.08225748881383438,0.07844105909475033,0.022599700812902045,0.04453942414211156,0.02327191047938148,0.0870766893510941
0.02730843624091686,0.024821322149010026,0.0679565984184031,0.11976258387565449,0.024005231643056582,0.07187304229078997,0.02622561840402247,0.07196843050766707,0.04179279976513756,0.06231410048652743,0.02709418392781501,0.09287456024989882,0.08218657292816497,0.07894228561445982,0.023192321095623948,0.04481741235454117,0.022726654435896006,0.09013784561241457
0.027004155806371936,0.024457934158655145,0.06652243259063832,0.1181387352810435,0.023761315155777594,0.07148134360335658,0.02588965040498777,0.08334803541973403,0.041420631711998064,0.06137439885242112,0.02669533758575821,0.09171220544182157,0.08102651847409735,0.07785283216233313,0.02297060071803588,0.04405996885780136,0.0223839355809323,0.08989996819423629
0.02791053668134041,0.0248007883563291,0.06718353523164315,0.11716366154020197,0.024103614044308715,0.07086565576504412,0.026806873661874623,0.0829970601644026,0.041148968915533574,0.061221180780959575,0.02566162808006555,0.09180493495579362,0.08052205291007546,0.07797168170584097,0.023153374636878134,0.04439757610019492,0.02271574817923885,0.08957112829027468
0.027497434536821207,0.024769803500241733,0.06866056971683669,0.1168870008332721,0.023907384290155775,0.07052577010314805,0.026807421671320605,0.08323632924177529,0.040986904621934855,0.06111551432255135,0.025466016064334927,0.09149292053668182,0.08051618152658435,0.07738455673691755,0.02291567836740919,0.044361613883223794,0.023038065776425403,0.09043083427036545
0.02757518608733757,0.024611400417875014,0.06756141593879791,0.11727393656061628,0.024568526189758695,0.07205397116026176,0.02742076449881692,0.08081983766192716,0.03999415906824386,0.061706600703097816,0.025766865198139078,0.09232130125926039,0.08085546529868788,0.0782479832224934,0.022761315694848676,0.04423769228078236,0.02271162156831444,0.08951195719074072
0.027563689101090385,0.024615136373243137,0.06599354232422154,0.11753162349006518,0.024688709066888255,0.07213023758509932,0.027241873178419307,0.08099845945807879,0.04005864447236251,0.06202400924991597,0.025758010067591788,0.09333886724353595,0.0806928258734492,0.0776679813367941,0.02242410087304751,0.044405454235799516,0.022993477993121687,0.08987335807727576
0.02778117346243497,0.02439058442209529,0.06629431792513446,0.11815827032695994,0.023732997448596888,0.06955433256881034,0.026981144175964783,0.08113071913626087,0.04073762268956732,0.06280295700376029,0.0258611109946849,0.0950230235749475,0.08064541566866068,0.0781267361132862,0.02253227888754615,0.043723706024779124,0.02296361400655572,0.08955999556995452
0.027611042220932323,0.024377571556097793,0.06668649473986736,0.11785440246480704,0.023635391896643886,0.06951982766433268,0.02709323211897876,0.08114797419406115,0.04133845806778022,0.06251659153903368,0.0264358402645114,0.09463223545840581,0.08092941661828046,0.07796694327203668,0.022836455279421432,0.04362543606730301,0.02297420069955563,0.08881848587795078
0.027354533566947805,0.024849243327053776,0.06591627173444455,0.11874810132901577,0.02405734116081269,0.06866938774569012,0.026617803378457563,0.08193399570855397,0.04177450220149659,0.06219958688056873,0.026163506443907043,0.0954347507969021,0.08042083943973026,0.07832459861827012,0.022444798945209236,0.04344936969308952,0.022770206795413847,0.08887116223443621
0.02715753769203645,0.024687879925551718,0.06612208665370828,0.1188470403975774,0.023949735089576582,0.06882119660925648,0.026515897971992032,0.08229896329236855,0.04149948553619784,0.062393791228581345,0.025954659424719407,0.09514031717366792,0.08041495811848806,0.07846868275517123,0.02244305990946702,0.04358502759273781,0.022736764719437225,0.08896291590946472
0.02749311301561377,0.024397123924742206,0.06644951700428928,0.11822133754613044,0.023506154240459015,0.06872312305209993,0.025635458612412818,0.08195243000271964,0.041564390304226526,0.0630731649026874,0.02582164559099728,0.09678750471350211,0.08131881509716574,0.07881714124403798,0.02231704194615803,0.04316645422568007,0.022454730985274965,0.08830085359180291
0.027474423882248737,0.024327395968705583,0.06649815900347168,0.11827743498308177,0.023424687585554684,0.06861569739181585,0.025475192987439173,0.08168234991417027,0.041581634434772446,0.06303480276815406,0.02635794284843277,0.09733608008966509,0.08127871062057442,0.07863177506016006,0.022080001415900687,0.04319805340691366,0.022734603678162706,0.08799105396077629
0.027776037899425513,0.024708169127946183,0.06575816016186115,0.11769168754954863,0.023255979794750244,0.06791063172782179,0.02525265431752909,0.0810780230013322,0.042451298841331364,0.0634510705352847,0.02696711758130027,0.09936932723878154,0.0818976299594636,0.07956020979438644,0.02216158476296529,0.04275981795528059,0.022287860225615436,0.08566273952537598
0.09084423525588198,0.024859110462895434,0.024859110462895434,0.12721051088195293,0.10185298365688428,0.029383253793952135,0.024859110462895434,0.03844733487988314,0.024859110462895434,0.14068173101432493,0.024859110462895434,0.08960403021934779,0.024859110462895434,0.05595285125090574,0.024859110462895434,0.024859110462895434,0.024859110462895434,0.10229107488080817
0.0915404185517996,0.025029470547295513,0.025495154212982964,0.12825764499646622,0.10209948139161644,0.028889519096223115,0.024419755601370725,0.039055888763737306,0.02474477149672972,0.13919565054081542,0.024262921733490653,0.0871242162053577,0.02481393815289889,0.056657823730728814,0.024293093671038258,0.025471567151250325,0.025353154130071488,0.10329553002612687
0.09030488746565063,0.02499157356318776,0.02583174468839491,0.12918205048570577,0.10221372421415649,0.029104060648783184,0.02453694217896698,0.039084544865000646,0.024806091028745043,0.13952967336763444,0.02328456265379414,0.08683546854247388,0.024748897549544034,0.05683293520149604,0.024278410147336317,0.025551384393358294,0.02576650910116143,0.10311653990461006
0.08944536674406019,0.02494319649430982,0.025257811391978937,0.1284075795210133,0.10369603973549621,0.02967686975478602,0.024306049726539235,0.03935291905182936,0.025344200330939003,0.13893148348575227,0.023133717490519953,0.08661207673600019,0.024927627763162027,0.05649506400915255,0.02407430160201215,0.02556747964973177,0.025326511296397493,0.10450170521631949
0.08864355629415867,0.02470300536351399,0.02510644372295807,0.1287874020767815,0.10333590757289156,0.02965505707430989,0.024085341107093896,0.039238735908935986,0.02534183872947614,0.13851736987002808,0.02304121234049714,0.08671041656893659,0.02487037768500727,0.05619364621138441,0.02395841784355329,0.025645262652502623,0.02529574508031351,0.10687026389765744
0.08896810844405875,0.02497263433635887,0.02522317083884175,0.12985912885304773,0.10218749634656313,0.029133010665657034,0.023573564866598288,0.04013410587654884,0.024930550630076202,0.1399112136594497,0.02300145077408915,0.08774404933794427,0.024993789863003362,0.05614707799044195,0.023903859850183954,0.025490914530405074,0.02531393037322621,0.10451194276350571
0.08958139373044291,0.0249458570796807,0.025362371151206244,0.13008859449224616,0.10268289083578246,0.029279965437979682,0.02358322110099713,0.04041918549649907,0.02506625389393634,0.13905446831864915,0.022714906152573777,0.0878081759294845,0.025073508962111087,0.056335240294275016,0.023880153965879527,0.02521520292784076,0.02545220420243255,0.10345640602798296
0.08963478488543615,0.025543213946773575,0.025763103367464804,0.1282635239121833,0.10202490164459509,0.028710929025871107,0.02397916648381145,0.04018244426324326,0.02582079543324606,0.13976638889317367,0.02239245090531839,0.08694801170348451,0.02525476987456128,0.05674293943226634,0.024230041448310192,0.02548780439819023,0.024981741018848844,0.10427298936322178
0.0899346669697467,0.025527051833845498,0.02583327091844781,0.12808034772600466,0.10212550115611563,0.028696682017211563,0.02412112062045694,0.040104040926753654,0.02557881533499483,0.13993994876987176,0.022275424905143126,0.0882340008357881,0.02523000653178887,0.05677894124236492,0.02418276748710278,0.025291316024367835,0.025351034731174407,0.10271506196882102
