0,1,2,3,4,5,6,7,8,9,10,11,12,13,14,15,16,17
0.0859380506430739,0.014045479395706422,5.714265749575305e-05,0.3442288404245698,0.01684771372117331,0.00023096173637213808,0.008943365575767352,0.029215332398163978,3.0095200719883767e-05,0.15533894323860312,0.0001316271580994746,0.07798197409407644,0.06557977616715426,0.08299233780164103,0.011542262250857025,0.04823839683675037,0.0082139530271147,0.050443747672654936
0.08580687743915316,0.013580910663928908,6.94163231800844e-05,0.34412040678265593,0.016082968650734986,0.00027880728514384094,0.009906995000271493,0.029206734727955503,3.9130875258245004e-05,0.15183450510681645,0.00016213795873095584,0.07890854172805387,0.06709398486133551,0.08411149863299175,0.012922705917986152,0.04838354593488118,0.007887269539332538,0.04960356257158981
0.08513280948321558,0.0133285350049474,6.821368586420772e-05,0.3441097910784051,0.015253950530129269,0.00024167833630061518,0.009258668251350698,0.028993026766341516,3.5735791635876686e-05,0.15355456149241392,0.00015629409247045246,0.07779860490548528,0.06589494365356507,0.08225369825029001,0.016325400506638162,0.047969632795138634,0.008410012409110535,0.05121444296669761
0.08525161164692768,0.013163999550237473,6.802293184712093e-05,0.3441977043241554,0.01520638551952489,0.0002742987659897722,0.009269147684671875,0.029162442904392995,3.558275431849243e-05,0.1534247978552967,0.00014569349870953855,0.07784038287922619,0.06580009932885338,0.08221204227416942,0.01612217232950291,0.048359728629919795,0.008120233332973405,0.051345653789282825
0.08564383962393404,0.012570743970442054,6.806646033397956e-05,0.344019303917568,0.014690805689525707,0.0002826999113709847,0.008294407777440015,0.02885931267717139,3.611092567075616e-05,0.15363648059642274,0.00015037272679553626,0.0778461882221236,0.06637992588180386,0.08248054462949021,0.01593178793899237,0.04945913798536786,0.008522346656868815,0.051127924408677985
0.08703559275692394,0.012181040327831561,5.828545299141354e-05,0.3440329414878648,0.014940733197136308,0.0002151565157602807,0.00790918995693747,0.02857758368246998,3.062727996454299e-05,0.15297814204117488,0.00011530387617312772,0.07781054222961545,0.0658265325083446,0.0833343598431043,0.015719018007382193,0.0495780817114456,0.00895475956174148,0.050702109563138226
0.08581746520002222,0.012765130319849579,7.398146564909983e-05,0.3431868777468312,0.014872734074984519,0.00026268014110799784,0.0076679382629694605,0.02863460187604261,3.72403526474085e-05,0.15423539335113515,0.0001528680087705324,0.07803333838957996,0.06557036702525222,0.08301361264679236,0.015613123446477483,0.04915866586618638,0.008892530203488914,0.05201145162221269
0.0857647923049704,0.012043830316307931,6.015000407309828e-05,0.34298051129421747,0.015283429370351223,0.000184810843286612,0.008470103295722826,0.02842009729961519,3.1299526956593635e-05,0.15420533393491778,0.00011065686906298634,0.07795974439824485,0.06564430457624969,0.08255587570965556,0.016900736232232413,0.04873093209528145,0.008867932291851068,0.05178545963700158
0.08672139970730487,0.011718015391096905,0.0003378267208410299,0.3425090249324992,0.015458948597978141,0.0007436611147869567,0.008434119013005085,0.029171420157428615,0.00016929007495755647,0.1548696733771361,0.0005313527836283183,0.07662874547826498,0.06663910119136045,0.08156063083766951,0.015878475880940372,0.047824668890564664,0.008677969970564612,0.05212567587997266
0.08705518643253096,0.011133976736983837,7.774536274311207e-05,0.3422455254792431,0.01576300845857436,0.00019414655588127267,0.007838305264559406,0.029239783024449493,3.661938557002566e-05,0.15524651836457748,0.0001382319360952295,0.07681542432066536,0.06702773071976069,0.08186367276008734,0.016034694192476186,0.04880560237078383,0.008371589668499421,0.052112238966518884
0.09061451966780731,0.010994434795752447,0.00010284277426934616,0.33751345769935853,0.01963766169379961,0.0001878401163836573,0.012782373242858332,0.03396787675253203,3.307937876060773e-05,0.1453850397825302,6.499601491662964e-05,0.07858265559078506,0.056593094451497905,0.08959053964474749,0.023811051415573187,0.041680081302256006,0.009979986821882593,0.04847846885428894
0.0908922447573618,0.011341136663217786,8.462187125058814e-05,0.3373096937090807,0.018003403839567795,0.00018045866063888248,0.015362538776070847,0.03395240763776783,3.398794425028663e-05,0.1451885593103129,6.219234068431177e-05,0.07779772658065431,0.057720289720079664,0.08924842882870639,0.0236188062969012,0.04123606118831178,0.008411297659233378,0.04955614421590942
0.09111582124411804,0.011943526749201076,7.654485699746578e-05,0.3368521725067929,0.017143744289667875,0.0001914707581806739,0.015977947062368356,0.03428808702641425,3.392241924352784e-05,0.14517952873467208,6.253715751637959e-05,0.07752112204506341,0.058278450750972474,0.08843986105571396,0.024127311855429896,0.041027119935497805,0.008469834669244346,0.049270996882897565
0.09136697260719126,0.011745950422657454,7.054990551539782e-05,0.3328828291728278,0.018351506414549166,0.00020801409071548744,0.017223048986748746,0.03298924267188406,3.1015731517760293e-05,0.14605502695519487,6.197120089955881e-05,0.07580589764307753,0.06149145281933844,0.08740372115997101,0.023459988891984328,0.04328564695277209,0.00944184619120092,0.048125318181954174
0.09125288740159784,0.012706883874717025,7.359682806764095e-05,0.33263798639625036,0.017443118023479365,0.000195737611542593,0.017034986578892956,0.03292160265123112,3.346570062162616e-05,0.14746066926233767,6.701435373775125e-05,0.07514779758173575,0.060358584970281584,0.08786583624545956,0.02373521036042138,0.044180303207586674,0.00929996723541684,0.047584351716622425
0.08726316996206576,0.015894860148165497,7.689023186707238e-05,0.33070589758011015,0.02660421232643127,0.0005526536947858893,0.019819193770207025,0.03387417937328089,2.8856429465488677e-05,0.1439247750761222,5.7956135670234255e-05,0.07496500595174137,0.05914548054450867,0.087203117488385,0.021443507005645155,0.03959558209345514,0.009572578930611898,0.049272083257481315
0.09049070732449943,0.008972956919532642,7.782599228801946e-05,0.3310663739940315,0.04830832103334052,0.006625925802481594,0.010449527608257906,0.03202342124299357,7.150781819943551e-05,0.14123762121715738,5.5906488943666936e-05,0.06982070388197027,0.06699929380312929,0.07710383747059442,0.01885394662024285,0.04199576027831471,0.01210695245712644,0.043739410046896514
0.09081363652366892,0.008231441044428597,7.366442225166201e-05,0.33114481065367096,0.046998413051283924,0.006853489633852851,0.010834294172462318,0.03222812361001468,7.088798154873875e-05,0.1403502870670136,5.3253047575185694e-05,0.07147670311373068,0.06805749555442532,0.07687452640326053,0.019231353544734785,0.04110990122457744,0.012223911611640732,0.04337380733985899
0.0923743672504227,0.009159839480200481,7.15982944089929e-05,0.3204804988574776,0.0347440051150371,0.02079939560158059,0.003371334031513401,0.03316647333110768,6.867754954612983e-05,0.14574509708151892,5.2491307670218264e-05,0.07629479282566144,0.0626137325357108,0.08366879442547777,0.02239845897599648,0.034836049288482634,0.01690781598675283,0.04324657806143366
0.0944835156033281,0.009143278927895121,7.261226799131657e-05,0.3190387358980803,0.03222924752574447,0.023860068388567243,0.002810189463973202,0.03309929358838876,6.809147613129514e-05,0.14474226930507647,5.2330311453847686e-05,0.07481660889652911,0.0637247997578087,0.08483375334338493,0.02088826796212407,0.03456422770199342,0.015394049265249917,0.04617866031628146
0.09369607372572628,0.006325190531219527,8.911662183372039e-05,0.31803160124699453,0.02860461489051452,0.030831822743343926,0.0018648701432105526,0.03265064966081567,0.0001036556080606881,0.13696635305908939,8.56728074442248e-05,0.0769845655015789,0.0654340674034965,0.08225445932938809,0.02538205606470925,0.034259025759670235,0.016452792197620286,0.04998341270528368
0.09334811165847431,0.0037007877256354633,5.651481378300015e-05,0.31891220902704914,0.029025137743694397,0.03179783113406823,0.0011839567252422537,0.03235953090120773,6.998830000499828e-05,0.13880471079065929,5.92908115477314e-05,0.07473011284663585,0.06216157435849216,0.08476427432386281,0.02669168913171666,0.03607579354638777,0.01675463396413795,0.0495038521974017
0.09089097593461436,0.0067326180699679855,6.06604667276018e-05,0.3114327334509982,0.03280171013630456,0.030829969324630994,0.001536185969992014,0.03307356591318623,6.246283938295453e-05,0.14011580248174352,5.60421657648851e-05,0.07828398746157574,0.057282461048840154,0.08470320113539691,0.02853563012916669,0.039347016455235126,0.017112906363232976,0.04714207065323928
0.0901977873195526,0.007234970448175995,0.00029036170464011605,0.3127567885578963,0.03236665065221157,0.030746164906887506,0.0025780061969713323,0.03226832434419108,0.0002948670522758126,0.1370358802479042,0.00028826402510444434,0.07949661202819044,0.05820761790023597,0.08367861131785612,0.027289887883452844,0.041073874410592216,0.016562715621482035,0.04763261538237958
0.08880287003097023,0.006980112180090337,8.418545823113981e-05,0.31427568268011524,0.03087072686326473,0.028439273421454404,0.0018277601058135217,0.03275945880757099,8.102330022622722e-05,0.13632973726149256,8.913587829564202e-05,0.07889502309384508,0.05969407835288136,0.08673618066979022,0.02666072847335705,0.04253185504939679,0.01570493149852066,0.04923723687468391
0.08837862662074242,0.0071870622656093975,7.4941429517514e-05,0.3150574904639406,0.0300205774346473,0.028725930431331096,0.001947730646058568,0.032920316363216344,7.197132026186349e-05,0.13621827138348083,8.000233285231962e-05,0.07862783259981704,0.05963993456703036,0.08673662388242426,0.027079179320037002,0.042514857830697354,0.015472979553386158,0.049245671554948564
0.08323068994893461,0.008668699988936724,6.072665818528509e-05,0.30711155328536516,0.037289556212678335,0.02792443981741296,0.0006823489979706628,0.028459140066499362,7.993533779726888e-05,0.15329262899008902,5.878962357873514e-05,0.07830168162108735,0.05882983669642547,0.08227911999969086,0.029963023430569075,0.040374001602553986,0.014613491347622546,0.04878033637460365
0.0801021128500847,0.010269664841017065,7.364533837759992e-05,0.30075691503090524,0.037634501521801034,0.027537881846872708,0.0005001527715079567,0.028454527616687885,8.1603260062533e-05,0.16533752462198756,6.015593951030229e-05,0.0779897144707652,0.05665979108459403,0.080584088829316,0.03244937248515777,0.03726588788566025,0.015571192247349711,0.048671267358342485
0.07746432565422275,0.007711055176449573,0.00033481754430313767,0.29739851287607816,0.0380276462361247,0.027073912286843166,0.0016976389540013976,0.027458229797425477,0.0003249976119993618,0.16616023411400205,0.0002726147538340496,0.07679694534677928,0.06582064282292839,0.08056876070955463,0.03228599494968152,0.03816593813102082,0.015808452521071815,0.046629280513679774
0.0782617849120199,0.007058841066554491,7.936602126089152e-05,0.29512525349243623,0.0362313338035647,0.028063095470422805,0.0004812962161336499,0.02741323887198326,7.685441581942515e-05,0.17148358048132753,6.066812053343601e-05,0.07661819504760677,0.06248386920397304,0.08165751961988942,0.03254130352218725,0.03913052253978376,0.01516118131172875,0.04807209588275752
0.07775793324313475,0.005019437920068423,6.317183427500983e-05,0.29400235430408383,0.03679297315795562,0.02833742045812719,0.0004907069291302746,0.025249065545476235,6.182132914246027e-05,0.17204111532213429,5.3271661542019175e-05,0.07688191771115903,0.06707121772145182,0.0812839868246138,0.03295607267457716,0.03902433371727884,0.015373345480887125,0.047539854164956714
0.07376003654201282,0.00616218378163311,7.287030796136779e-05,0.2976975228736962,0.03870758792944414,0.028470661895389188,0.0009031911227553918,0.025454454064159873,8.085900306050922e-05,0.1697709393514162,7.672278298234934e-05,0.06958033725192153,0.07182390759672329,0.08196219128512625,0.031696154610424965,0.04051893593664666,0.015969782308646603,0.04729166135599956
0.07265383146127262,0.006237071083666004,0.00026859364742961894,0.29672936348683177,0.03848126151420962,0.0307142919088009,0.002557195298175209,0.026567203496095475,0.0002837035649139754,0.1692921258121015,0.0002873949586658514,0.06691045139945895,0.07458337230462747,0.08284897207475556,0.02926679490955802,0.038891700134940616,0.015961451417173367,0.04746522152732361
0.07194269334784884,0.006502611600616728,0.00026705020270651847,0.29724124821610337,0.03902903103497812,0.029807192847452917,0.0027178984993156746,0.025866011676890725,0.00025782442178048454,0.16781157762192403,0.00027776783739024287,0.06812478055701454,0.07452245270817005,0.08390638748017333,0.02990895234851029,0.040493877370942136,0.01518570854801124,0.04613693368016969
0.07321272061109042,0.006523670321828774,6.698685987765104e-05,0.29837403275149704,0.040591347832054245,0.029046079828968355,0.0011536805352421653,0.025233585837662432,7.334530625939528e-05,0.16784849593991544,7.574322883585128e-05,0.06902546353206719,0.07497519069736769,0.0857737216175687,0.027588134980962874,0.04051815925318965,0.014329320667112929,0.04559032019850354
0.07461050512234108,0.005971901088489938,4.960615494169473e-05,0.2987088369744286,0.039480022054417585,0.029576869774714833,0.000979046106406404,0.025700127619688783,5.2372508150195614e-05,0.1677486052812757,5.559101014157751e-05,0.06816336297761333,0.07495901234095159,0.08517129825180299,0.027315874741124083,0.04048816660891085,0.01455310885550715,0.04641569252908923
0.07384235895817504,0.0066294744335236985,5.688698106066847e-05,0.29924671334536784,0.04447971984840424,0.025933497479389292,0.002005179262690259,0.02554996519142416,5.6386819348698716e-05,0.16760581155599785,5.668733828892963e-05,0.06707158362052454,0.07318489881170191,0.08257057381341276,0.03237991755614991,0.04165122606885104,0.012421144114911058,0.04525797480077816
0.07229676911107011,0.007108232273494991,5.4894238845197885e-05,0.2986044780563848,0.04659650214572403,0.024231637279157274,0.002826069871935595,0.026034503967619155,5.294543864109838e-05,0.16749759484276835,5.188841869186924e-05,0.06845959476664941,0.07414664335763119,0.08196263269712474,0.03193610354725761,0.040568309975717684,0.012343822720356872,0.0452273772909336
0.07209847336184054,0.007641787521521593,6.102784007224657e-05,0.29883064022580347,0.046427380609176006,0.02397502309412335,0.0026524743872755204,0.025773400837692313,6.076802091272148e-05,0.16833835260893168,6.017816520012314e-05,0.06932303259685034,0.07379064173397538,0.08124964721785476,0.030952649095136356,0.04040762186011414,0.012339155514136951,0.046017745309382393
0.06922129838090697,0.007498554877845755,6.115327464604803e-05,0.29832168600668335,0.04617295887889819,0.02456354605753677,0.0033075513880661375,0.025712532957418877,6.595521355777227e-05,0.16688329556508674,6.474342427876453e-05,0.06936564843341841,0.07766460676212875,0.0805044897996654,0.030582636721696872,0.0421873629919677,0.011652478481982498,0.0461695007842147
0.07249914656956763,0.00575589131013878,7.120001170867482e-05,0.29607655718587084,0.04649176331513582,0.027382331198692676,0.001887926963587088,0.029370800927646563,4.6685345005590744e-05,0.1664306848854446,5.6485058766810685e-05,0.06687431083986191,0.07788362628852853,0.07796676107350235,0.03327437103318858,0.04056691498308402,0.010099226716589436,0.047265316293679735
0.07233344473861426,0.005485591273943235,8.591901212734403e-05,0.2955912195852002,0.04787717601653151,0.026574770416336914,0.0021371984482428516,0.0287158140390035,6.577670550943035e-05,0.16635256109650284,7.64300476401562e-05,0.06647652443603394,0.07885162022805642,0.07795804952496477,0.03391364712894034,0.04059204617632364,0.009924353892085312,0.046987857233943255
0.06958083760164806,0.006134674675304865,0.00033926701698941956,0.29639902955583497,0.055655082934433574,0.022689493047586096,0.003316106700636629,0.028578305430317478,0.00027495308900615236,0.16165376517405994,0.00025879286537854165,0.06512595391575296,0.08025125120290505,0.0775776351822375,0.03479785340656625,0.04191487368649003,0.009517458522242629,0.045934665992609786
0.06923419764780213,0.005940398112257805,0.00010669435040635827,0.29354511415023393,0.05685371066627288,0.021930777771754034,0.0019477021674061507,0.028670207863717437,7.820104278770531e-05,0.1646621331283526,8.360348676831914e-05,0.06387565547041484,0.08239774320620662,0.0789658295534858,0.0350219124736839,0.042225337167382276,0.009588923161736745,0.04487185857933037
0.0663325122482565,0.004873241172025207,7.224465159304454e-05,0.2936027831725275,0.05053803985385069,0.02363774932995844,0.002242391961249165,0.030965801970507495,4.391686628016077e-05,0.16158957784305336,6.315203179917603e-05,0.06719471153326172,0.08427149147958637,0.08073646957865897,0.03465797621338806,0.04307373913818403,0.009964690162491827,0.04613951079332829
0.06629244458087881,0.004970427831208836,0.00036626223668558054,0.294166816535263,0.05385562274376486,0.021669631087226728,0.0028719657261278395,0.030158049110788922,0.0002169233924409671,0.15632371049756744,0.00032855148274090254,0.06659036428716647,0.08449909882604496,0.08347233677788791,0.03429084544312035,0.042805631687537614,0.010406656134448227,0.046714661619100414
0.06757839467543775,0.00292063830451671,7.79600752215285e-05,0.28900045925227186,0.05822590114302432,0.020204853148107615,0.002557665199363993,0.028676902734684387,5.2980485276416725e-05,0.16760904337419907,7.271475906550575e-05,0.0644538292917796,0.09015735777374266,0.07407297368973983,0.03295017750042425,0.044218694036204265,0.010019998874767207,0.04714945568217382
0.06858852023351535,0.0035397385549225196,8.393574048903832e-05,0.291100489851266,0.057508494163681034,0.021155932574993305,0.0021409142046123603,0.029717287869507284,5.963913065634356e-05,0.16875195250976036,8.158947214971194e-05,0.06508009844180057,0.09089393603822177,0.06786422554324473,0.03361633569259659,0.0432162639854253,0.010050578599063964,0.046550067394093876
0.06951081962491668,0.004410195357855505,0.0003480582676700384,0.29080179239554804,0.05917221827001529,0.02081412441479945,0.0033132118132749295,0.027022449410147895,0.0002717474814520263,0.16951743165193695,0.00033494803937542713,0.06472636275386787,0.0914594431999559,0.06619815481636432,0.032453172172740595,0.04327338391326527,0.011024579729455308,0.04534790668735852
0.0689284611983677,0.003909044480917749,0.00033389298693056496,0.29056850151420227,0.056131540078505876,0.022064277973369517,0.0031270069244417322,0.02625798424357717,0.00027266079402147355,0.17091250917687148,0.00034193611960632304,0.06333410993915485,0.09261387534242066,0.06847415551053238,0.03299344328557987,0.04354252794543632,0.010644864462355172,0.04554920802370895
0.06974583239978581,0.003479872371357837,0.00035225555867237463,0.29053215908906427,0.05612129726581029,0.023399973979745883,0.0024949577144234196,0.0257622686813058,0.00028301458833762677,0.17250391055658013,0.0003215312903380664,0.062136904016323706,0.09209481816200024,0.070253174633269,0.03182936703552768,0.04307195385648571,0.010837285612908048,0.04477942318806417
0.06902288997106734,0.0017611764101368122,7.007912745751995e-05,0.2906560326705164,0.05721616126905724,0.022219204882718304,0.0013165191277261618,0.0267292187148933,4.979188979181137e-05,0.1715179387766435,7.084957294378795e-05,0.059677502039841845,0.09323786601232079,0.07090461182364334,0.03500324399328672,0.04395772001045012,0.00998991495046043,0.04659927875704279
0.06921274411980483,0.0016704970643867732,6.986490461514559e-05,0.29039796091000736,0.057660121585039796,0.022204089226593785,0.0014829702192314647,0.026256763794216754,4.9843154254666214e-05,0.17228623500326867,7.349139475439517e-05,0.059954089198596926,0.09276722761379967,0.07022846548888338,0.035012504854427216,0.04394376254087405,0.009750905458211404,0.046978463469033706
0.06821309278133256,0.002700083902201825,0.00035745302963149076,0.2897628983955687,0.0575948504950349,0.021837765973197504,0.00250437907630387,0.026101110504033877,0.0002570320213958729,0.17260276865427557,0.0003675140358047752,0.060423066449444854,0.09231834389598129,0.07031987737427191,0.03430814675005097,0.04358576800069361,0.009725714347226036,0.04702013431355052
0.07066160424378862,0.0021177036720962383,9.375524801900858e-05,0.3018846378753655,0.0595120270978599,0.022697999540927848,0.0039015062690792397,0.028433688858532518,7.169482409470709e-05,0.1567957022107666,0.0001375086369085125,0.059073489546933096,0.07194236088542408,0.08031468940462558,0.04127433419988324,0.04389695809330542,0.00952612412522819,0.04766421526716252
0.07130172148783472,0.002711229674985917,7.656418443206632e-05,0.30567189882822504,0.060803563569520803,0.021326655337280825,0.0050859431024936,0.02825581178362419,5.8706899654911444e-05,0.15366822798378815,0.00010578517290320074,0.056059849566969494,0.07489835911539448,0.07735484442891588,0.04108347014512074,0.04406733532295969,0.00882663510440228,0.048643398291493965
0.07273609417207974,0.0019009664062346239,7.086824667677639e-05,0.3043645779007297,0.0599888513277069,0.022233026202193966,0.0047450399838582236,0.027956921724431472,5.5037486316137746e-05,0.1533504707201514,9.379454971527126e-05,0.05590023887578471,0.07744815234372167,0.07729318414317853,0.0404148367107556,0.04404944628966914,0.00846158317006794,0.0489369097467322
0.0717075869707768,0.0006658219837047716,8.072486600518792e-05,0.2765828258822485,0.0647766489534149,0.024767653068399943,0.010965016193214222,0.030771857006696483,4.5717394076038806e-05,0.15788392222797376,9.378088313237748e-05,0.06128545730734684,0.08330635812180075,0.08212079119264216,0.035471223532377916,0.04224433055116402,0.0076379765828591736,0.04959230728216608
0.06863188071198598,0.0022298538200969742,0.00036166080636682393,0.28583416576309734,0.06426123479212674,0.025269220161676813,0.009733810474966869,0.030908492284253485,0.00023517206858586392,0.1603257229807645,0.0005138927815307057,0.0591830800099303,0.0767801283446927,0.08286111357862865,0.03226721566946876,0.041773084082515254,0.010134485692517101,0.04869578597679499
0.06721798277575596,0.0009111468885890379,7.35848309857852e-05,0.287409960805988,0.06327591116828017,0.02489611441650377,0.01195060162978191,0.030877147175688797,4.6757574717954243e-05,0.1594247548701231,0.00011123555473531422,0.058539307714417906,0.07758088584959898,0.08377113737583286,0.03372294050113828,0.041320293522507275,0.010021612195904701,0.04884862514945026
0.06665153941860309,0.0011293150548351213,7.80041590505246e-05,0.28491770176296544,0.06051796851180964,0.026760917201342955,0.012802204091679982,0.030741145398949253,5.179636741567567e-05,0.16460820627122655,0.00011032167817726847,0.0556969138196332,0.08162763802043473,0.0841583906831502,0.03158484952592579,0.041414149104541054,0.008755340319440853,0.04839359861081215
0.06884408683380822,0.0004319433140268125,2.5218858730888876e-05,0.28285075401886917,0.06086926161907324,0.027547735125227204,0.01110325053785816,0.03066035388181103,1.7238816249963203e-05,0.16578564190846712,4.316398803328262e-05,0.05539250345584549,0.08380956213342897,0.08442496404834449,0.028182013497923864,0.04152897430998409,0.009082003137956358,0.0494013305143616
0.06906872852859115,0.0009541570637370877,7.357803911131607e-05,0.2814241735152535,0.06179813680294293,0.02891772364092515,0.010733822353165187,0.030445801085547942,5.724812864607879e-05,0.16670802475915286,0.00011750892688045532,0.05531438540405084,0.08267354945098236,0.08502246822281456,0.027110495291501398,0.04075185623666127,0.009175901985423805,0.049652440564612176
0.07003497077819203,0.001132915767515215,8.750931842705066e-05,0.27883694701472306,0.06188475143876568,0.029106287772300045,0.009774296927974218,0.031095543182301674,5.651679568349589e-05,0.17041421812380714,0.00011930787361116952,0.054943811213731424,0.08037937154186062,0.08662051157867194,0.02604959467410324,0.03935293301926236,0.009447980646332794,0.05066253233273678
0.07181908158022678,0.0009782573023456036,8.008704268373089e-05,0.2811113007523975,0.06274318547866105,0.028967840865164,0.009500248346661036,0.0316165580964582,5.7580811146235366e-05,0.17005153976698226,0.00011994424884509331,0.05473501368775199,0.08056692301839793,0.08618068277679057,0.022505622213603645,0.037948615687507604,0.010401653598997276,0.050615864725379565
0.07103926176799176,0.002450955477859933,0.00039075139750800015,0.281245916569315,0.0625564786206634,0.029091637076881356,0.009616163822345399,0.03158788234430092,0.0002822429038631624,0.16997193840568914,0.0005429687378839863,0.05450425533449551,0.0801032218802949,0.0855982511021362,0.02227911240546014,0.03769673110504855,0.010460203361576123,0.05058202768668661
0.06971292150558002,0.0006973992574234901,8.697160433459305e-05,0.280228882019514,0.06302927596298247,0.029342866895783686,0.01076237169311193,0.03130303429958715,7.973390103716589e-05,0.17000770347093244,0.00012745782067327132,0.05184488364192212,0.08458957503574271,0.08809983306202554,0.021935194532172037,0.03799869970105825,0.010057658689539051,0.05009553690657989
0.06964433941245457,0.0007458803392006995,9.102040393254311e-05,0.2801681287520243,0.0637533165217879,0.028613416185929948,0.011897558350298607,0.031375279979770555,7.500242592292568e-05,0.1697410219417397,0.0001311559431780466,0.051829102325096826,0.08442460412640362,0.08832144738890849,0.02137930779117312,0.03824623880812597,0.009477743039969852,0.0500854362640823
0.07065343808749032,0.00023864180112442764,2.2932006498843554e-05,0.27941367333492706,0.06681818493616205,0.02569024748130213,0.012906545016013495,0.031106460673497358,1.9074046037136574e-05,0.1694052499486663,3.528312863635176e-05,0.05202932192552123,0.0858239917831092,0.08759172032227147,0.020746929726993858,0.038302755493100325,0.009189184977496354,0.05000636531115212
0.06844825457977681,0.0005235016356811053,9.249211132627048e-05,0.27814947789828826,0.06759657507639781,0.0248098140120155,0.013575550994817793,0.03099062732377808,7.422977045207801e-05,0.1692394190095534,0.00013301287734285123,0.05265413297934592,0.08593317498516156,0.08777817553389942,0.02285602105931379,0.03727357635958604,0.008790377771088442,0.05108158602217478
0.06877098122019905,0.0005010656759363519,9.17373152758425e-05,0.27813918218566697,0.0673631427934109,0.02505622563814056,0.013347690936788914,0.030981476603320773,7.405068862323848e-05,0.16970376727503442,0.00013418292564773348,0.05250901770156585,0.08590343423102409,0.08815666634055103,0.022375982756683486,0.037392368659843495,0.00855787677834423,0.05094115027394315
0.0674519298961992,0.0017405819893857631,0.0004731039514623842,0.2781009968954969,0.06755343573877073,0.0249462137424748,0.013094148439946,0.030985571259524218,0.0003864981536836647,0.16888381428166827,0.0006051616691706697,0.05289031816192034,0.0856463883238377,0.0876668903994687,0.022703902306262985,0.03706497317510622,0.009249064049420282,0.05055700756620119
0.06899010071520531,0.0004802903253202263,0.00010008803699329308,0.27741760878582294,0.06929355707674496,0.02370010623750535,0.012533971742426743,0.031194547951284898,7.854520150382124e-05,0.16964760988327332,0.00013739954248795787,0.05318279780055587,0.08791105501308949,0.08680948289271229,0.021016355596958834,0.039158595966001714,0.007387371812468627,0.050960515419644414
0.06846024835647556,0.00039298999689676013,9.601980838479723e-05,0.28009951716666626,0.06945488547686986,0.0222221610822532,0.012253964884822714,0.03095324633592307,8.800975646844556e-05,0.17046413903233168,0.00019737320341224428,0.05194270160037156,0.0903303252023291,0.08869123336495219,0.018211603673401484,0.03850818464619766,0.006787662077732534,0.050845734334513046
0.06985235178278637,0.0005208064336191403,0.0001346365269193429,0.28112086653215895,0.0684338483676126,0.022820513080106283,0.01211722186122592,0.030590565704598224,0.00012213766852003076,0.1703637498923375,0.00023987917027722605,0.05205935415956876,0.08972982713329235,0.08794758712144014,0.017762834163111346,0.03845023212559761,0.006565109855416636,0.05116847842139652
0.0706326987233522,0.00039861662624770785,9.991528282915602e-05,0.2807676456453045,0.06673727681268365,0.023308817275893075,0.012165609809765691,0.029977297583852116,9.159740546593193e-05,0.17155813886259857,0.0001579577801305609,0.05209376451340061,0.0904912557086143,0.08821809004025045,0.016726176927608097,0.03753426417273687,0.00672839568868771,0.052312481140578716
0.07075786424654931,0.0005185567021002651,0.00010644943328999989,0.28021743428759505,0.06739215163098239,0.023203817299178593,0.012129991059276443,0.029952940698732677,9.215216538165239e-05,0.17091255582403037,0.00014780578121114898,0.05277747422611623,0.09025630317011282,0.08827964619730874,0.016844719195178305,0.037080312214971815,0.006237816643192132,0.05309200922479178
0.07090487915407749,0.0005237482248338009,0.00012583422093589628,0.2813751899758985,0.06489553531465153,0.023809021032727796,0.013173229942195162,0.030456449809524586,9.064823411677689e-05,0.17048624726244746,0.00014118044902288607,0.05371909847789036,0.09054243672972272,0.08851086608092602,0.016547095154383695,0.03701852845152207,0.004324660722509209,0.053355350762613274
0.06796362435493732,0.00038860017819840066,0.00012936759537302418,0.2795279088998429,0.06305615105536816,0.025560541791541387,0.014877672968644296,0.02997237890474863,0.00012840922008984748,0.1727902114370836,0.000276391752222047,0.05328835395725335,0.09301361977599179,0.0907332302123391,0.014925228789929076,0.0337567289287616,0.00464472905935842,0.05496685111831714
0.06941192955192578,0.0004970041120531943,0.00014342800686253812,0.27854240367744637,0.06391498158824704,0.024485190709486383,0.014224997040299819,0.029253495978907508,0.00014006260926743386,0.17318208020798612,0.00045049818113646533,0.054353617586934404,0.0934447567822729,0.0901579314731607,0.015183979248438055,0.03442240057007883,0.003745058426817763,0.05444618424867692
0.07016560159057483,0.000985497475451905,0.00015039690225230996,0.2773834444381212,0.06779915710552613,0.022987456417106318,0.010151389701841547,0.028886850647455338,0.0003060065568242588,0.17601607700999555,0.0005250852414628431,0.053637914757462934,0.09020724652652891,0.09005451083528504,0.017197251430521282,0.036179097821397534,0.0028570571484402042,0.054509958393752
0.07017008760989234,0.0009763420863731329,0.00014826364549868333,0.27738400249039885,0.06794970470778346,0.022870068009506507,0.010165204562375603,0.028897437880540423,0.00030150125228751187,0.17595905912562362,0.0005161701692063764,0.05376225484151533,0.09017857629483116,0.08999191991577662,0.01715964574884846,0.036281195186445805,0.002848415386017807,0.05444015108707827
0.07149196176991308,0.0007162762377371769,0.00012881030606220442,0.2766281725014886,0.06830075237773421,0.022804782696127332,0.009549511644147031,0.028325910349527424,0.00027404774393169264,0.17758478322950266,0.0005345435119417061,0.05524080600962813,0.08942665395372701,0.09056668777245205,0.015882594868837297,0.035484275797038355,0.0031272432836744876,0.05393218594653217
0.07143217336753548,0.0007052118666050204,0.00012655374754325444,0.276613412187035,0.06843833371035825,0.02270080878986285,0.009471431402771766,0.028268002118003108,0.000269451381131432,0.1775375350576977,0.0005196153769955682,0.05528813155867794,0.08938315844658953,0.09051206609253763,0.015993263578719715,0.035424497495138076,0.0034230549881614993,0.05389329883463627
0.06914325870196115,0.0006513301753622733,0.00012484639029518836,0.27626006575108314,0.07178721932484251,0.019514667433009003,0.010245828552659817,0.027914162709740665,0.00021183094711302726,0.17744655453051952,0.0004165233729949898,0.05532522018714121,0.08847345265350702,0.09167792146092896,0.01635555749415124,0.03415358070972924,0.005204900937458951,0.055093078667502175
0.06940798647365592,0.0004547370336282621,0.00010759103247636946,0.27121735319230367,0.07468102002064911,0.017899934165341986,0.012393751511718608,0.029563691612088713,0.0001222798263512711,0.17232422589095267,0.00033875568449803604,0.06009167944152858,0.08739534423595875,0.09392703912212509,0.015897434856526848,0.03334011875294978,0.006697846381588161,0.054139210765653555
0.06927481237021758,0.00043732431343499004,0.00010486157143570196,0.27121575004742204,0.07308676547883904,0.01844366766384671,0.012781401442732541,0.02975682401209643,0.00012370019233072472,0.17225614956073043,0.00036745135176963813,0.0602781835967706,0.08745217640684182,0.09357407440333959,0.015636508168271376,0.033654937367361096,0.00724278734023975,0.05431262471231993
0.06597505680316018,0.0008126200623648905,0.00042488777649910843,0.27082836276246747,0.07228212053771674,0.01651747819912568,0.013900146652189487,0.029045955353899092,0.0004957012626121758,0.17389434657193886,0.001103089676812994,0.05913512361009025,0.09269849913143519,0.09137605473755368,0.016083395227725,0.03448942219715303,0.007303697762696925,0.05363404167455936
0.06602533897472526,0.00013772035241084725,7.404809903309107e-05,0.2685734355490431,0.07420571866431641,0.01492070400706378,0.013904081597253318,0.030460909609327794,0.00013757028108644058,0.17417412062380777,0.00033889885175619316,0.059311796272966656,0.09236345238643617,0.09365685967870904,0.016804525352748043,0.03492139800412361,0.006268270427598501,0.053721151267593914
0.06518665303832093,0.00018087172422869777,0.00011985552366843184,0.26569084068578486,0.07770869134993322,0.012967401850236078,0.012127762737982628,0.030826421267166868,0.00021735843789210698,0.17634570273888853,0.00030120481756213064,0.05891427709392017,0.0915826345360686,0.09418765091266455,0.021195968353521638,0.03408263113101623,0.006239156892720175,0.05212491690842595
0.0658955635848886,0.00013221806663078306,8.864044423590936e-05,0.2653844714561606,0.07796603610286972,0.013438269980228098,0.012051971691589176,0.030787936995628335,0.00015280187429312508,0.17618198757732978,0.00022081749728331367,0.059161917098621786,0.09143217364504556,0.09403176001046276,0.020774777217840483,0.03368334855605843,0.006352423162268483,0.05226288503856324
0.065925962553213,0.00019081778401294444,0.00012794734196936236,0.26538149687639867,0.07777250614944935,0.013592074857826974,0.0118997359623816,0.030800289644182546,0.0002214293272585499,0.1762416524033238,0.0003214296481995546,0.059063854643226624,0.09141586841655518,0.09398632819341945,0.020590845551328986,0.03384659614391527,0.006357583993728972,0.05226358050960925
0.06580710907357042,0.00020704014479736306,0.0001483437616024348,0.2653959740254941,0.07685593854835239,0.014156162492963276,0.011534864973879158,0.031055949384426726,0.0002158787928651325,0.17582048669318678,0.0003376723579176746,0.059254795246592475,0.09200538684210761,0.0936171840573929,0.020894745412378585,0.03420969182917631,0.006599324521133564,0.05188345184216318
0.06932183079236265,0.00013560246117400504,9.865987794571425e-05,0.26727072513547906,0.07805287226621457,0.014619103641599311,0.009537829945574753,0.03061525065634572,0.00013779325757512078,0.17557678885271502,0.00013803980143811705,0.05964781593407028,0.08905597658693137,0.09543011231151492,0.02118926202993416,0.029945271846064252,0.009787045859069764,0.04944001874399129
0.070871636751919,0.00013442673102257994,8.727593077675472e-05,0.26746600559143874,0.07837970235156987,0.013183568547349414,0.011406184855826937,0.03100023770914537,0.00017970354923090563,0.17439157334974464,0.00013543786226921582,0.05956972143747525,0.09097659655775281,0.09741056105160686,0.017677978964326983,0.02647270363750288,0.011027641713428842,0.049629043407613045
0.07170773573636192,0.00014314421605460733,9.388318039459285e-05,0.2666989568363752,0.07738938588791094,0.013479983014520077,0.011424677473901435,0.031491820759621134,0.00018883185417352202,0.1741124874302365,0.00013096574677837883,0.05891290545254753,0.09224863042869184,0.09625023367641246,0.018077454938538386,0.027361673296038124,0.010798330729067841,0.04948889934237486
0.07132936278025877,0.00017895244646396475,0.00012761942619316058,0.26698346960164,0.07638648225511284,0.014345066235270485,0.011380714711713164,0.03140756001475438,0.0001854899303345794,0.17433218264594086,0.00017056461443124587,0.05894678883876671,0.0918613681235592,0.09628186092221817,0.018372222891518603,0.026875294041294597,0.011146857623034863,0.04968814289749424
0.06961320819392858,0.0006464467238694508,0.00046878383901727066,0.2684544735463911,0.0761114039715419,0.01370074995049085,0.011157794521319871,0.031379707814265745,0.0006207412363685233,0.17459943749819523,0.0006000489689950653,0.05923842697072773,0.09249171971598495,0.0952615468202449,0.01762935342752235,0.028511054951584028,0.011260531669820242,0.04825457017973222
0.07147664929160996,0.0001909459717165772,0.00011441283882344174,0.2694570588077685,0.07697608513398309,0.014803232646361636,0.010353092899159299,0.031566956865540556,0.0002735450455414834,0.17642452257218186,0.00020087776274397922,0.05804746951041397,0.09246916859376196,0.09628882611893216,0.017302543709975988,0.026184637252354308,0.011685660643965515,0.04618431433517129
0.07083886305847209,0.0001607177725705947,0.00010583207710502659,0.2692979843512705,0.07655286575371965,0.014413083266077282,0.011048910883905323,0.03154054867471777,0.0002643857150363659,0.17645089393304428,0.00019998525853627918,0.05878323006315293,0.09235714117166553,0.09625000984019337,0.017577786797358726,0.02731848890597123,0.010230824214613235,0.046608448262589884
0.07069457725976569,0.00012902896494896185,8.175093313098804e-05,0.2693673982699548,0.07651052845985631,0.014432830615674323,0.011137091282123866,0.031491215925587714,0.0002028264463783261,0.17645230317589777,0.00014190563670229902,0.058813664180567334,0.09247454099157333,0.09625549969102086,0.01764931880465342,0.027435139303824477,0.010218400164387664,0.04651197989395221
0.07134936356743535,0.0006235313623096654,0.00040753038462774943,0.2692773911253651,0.07586184776141773,0.01482088900593505,0.011242052345188863,0.03152599042260729,0.0008441031194390643,0.17507157450485036,0.0006342604054170261,0.05842543529111153,0.09196578539936542,0.0959208077960503,0.017869712640119894,0.02707202668236585,0.010368019773674535,0.04671967841271934
0.06960881917545547,0.00013540976262289362,8.512356139830949e-05,0.26764971038153573,0.07706896611231606,0.013642957310150888,0.010953395559307917,0.030837052044758808,0.00036136374093021515,0.176258806710674,0.00012217133032165395,0.0589795931741179,0.09443313425503534,0.09524942413318123,0.0193682588383682,0.02623853886739975,0.011641088306500099,0.04736618673593003
0.0699386685264622,0.00018340265582010953,0.0001260681845506823,0.26712489113159127,0.0766957959642621,0.013907683356501116,0.010826124877232396,0.030890292995156342,0.00042748187478424695,0.17602479617347522,0.0001852855313634819,0.05968004501481966,0.09424886418638463,0.09461968729257127,0.01969035568725655,0.026379949174232364,0.011928964237653585,0.047121643135867836
0.06916749646679297,0.00014027698871476755,9.299223867263021e-05,0.267181043092834,0.0767804222493171,0.01389353580538515,0.009946707527242851,0.031013063968802507,0.000330550674732294,0.17615904601843463,0.0001283405655124072,0.05943137393891052,0.09434815070107161,0.09500141690569733,0.02040900724619884,0.026551426864678988,0.012251700589678543,0.04717344815731621
0.06908502372285955,0.00014471999451305917,9.591901557523793e-05,0.26743073893960345,0.07680517876267301,0.013743621766097912,0.009783022338753784,0.03123450407013775,0.00033851964767095204,0.17619378081749623,0.00012497130789039786,0.05912461315131703,0.09414770975682908,0.09530410113524831,0.020661265781312273,0.026429191883079066,0.012070459633094,0.047282658275841986
0.068758849713563,0.00013895706752099177,9.721485770983784e-05,0.26592887953386735,0.07793180019201207,0.01282120448122986,0.009963914226703608,0.03192175223875988,0.0002581754309470222,0.17713162079748745,0.000118174150615368,0.05917989629281839,0.09444821164931796,0.09513562486176176,0.019997413058373013,0.026473129501237844,0.01217382028865866,0.04752136165740872
