0,1,2,3,4,5,6,7,8,9,10,11,12,13,14,15,16,17,18,19,20,21,22,23
0.03042129353579537,0.012332916929363976,0.009946242961861532,0.00027405174921358433,0.24155274279261485,0.11083132253499899,0.0005482681384496851,0.000586658625987294,0.00019836233692286393,0.08400078082322791,0.00022147186687262384,0.048388771344908627,0.14698316651949328,0.00017620136064735477,0.06233034031824247,0.074588072499976,0.0005497770372673228,0.002126823917708815,0.10239632894559961,0.0006184236525024516,0.01993920075059673,0.013289236416156232,0.0021789096078326637,0.03552063533375945
0.03467492290354096,0.009893181716216438,0.011626802901560504,4.376128159261949e-05,0.24151979897410678,0.11619930553282108,0.00012028060784762866,0.00013331943681922298,3.690413649210072e-05,0.08401402154814296,5.592367591234991e-05,0.04683788293431101,0.15277397505416354,3.531925317380556e-05,0.06010199484497613,0.07662645129752332,0.00010555360205149088,0.0008757807481567131,0.10356667418959119,0.00013592397689831884,0.019654379983712215,0.00903179627057525,0.0008924382407294037,0.031043606889084165
0.034444597355453195,0.009411013756801357,0.011452261758997028,5.138957218037754e-05,0.24070788059824852,0.11555810523804394,0.00012713332246556212,0.00014117083505262926,3.696350607740812e-05,0.08359487915432981,5.686780769919416e-05,0.04774956435608501,0.15327059052199754,3.561148923052301e-05,0.05989881812196237,0.07683639782123447,0.00010467253535058899,0.0007817825510495398,0.10331821722510837,0.00013767311332600805,0.019461811064181683,0.009652981432689358,0.0008747195259864814,0.032294897336449024
0.03317077232047789,0.009632031052005819,0.012113094672615513,6.317385258323407e-05,0.24154176241826716,0.11512236998652152,0.00012661539366177967,0.00012931495400782746,3.924217317582961e-05,0.08070968806783976,6.67386865268766e-05,0.050975543622029114,0.15235932343517525,3.691363629122038e-05,0.060417336021522376,0.07770724356124714,0.00010840482507328235,0.0009803916730987499,0.10163350993469489,0.0001426234705619149,0.01891181054039005,0.011310220352494597,0.0016680213972691206,0.031033853952468916
0.03445629173841634,0.010676155940470734,0.010952921280629621,5.85711434351938e-05,0.24251782653311518,0.11483775269941655,0.00011471068934223444,0.00012385277622863557,3.744855597525848e-05,0.07962497153456508,6.718994120756335e-05,0.05095137658968189,0.15293070844183942,3.514835997681177e-05,0.06032644250700706,0.07714660795605922,0.00010121933192740328,0.0010023352570885692,0.10070133183192902,0.00013038262532077561,0.01871977372958553,0.01177367870044228,0.0011698220807561683,0.03154347975558343
0.029398791760821958,0.013673504444548183,0.01318041440814859,6.290709451188244e-05,0.23666305160711149,0.11385941337454258,0.00012116885876716096,0.00011875117962663388,3.836204550086782e-05,0.0800245682486052,8.817911250963499e-05,0.04651970725661593,0.1559455988661507,3.599573871076683e-05,0.062100807460260296,0.07790275057324939,0.0001292004972011198,0.0009055287232396636,0.10515645474905952,0.00013506445786481652,0.02015885555784914,0.009447041511578056,0.0012665648301573205,0.03306731764337286
0.028607639742130878,0.015768183863856026,0.012260369475326207,6.240957586056903e-05,0.2361331974083922,0.11321459120559223,0.00011551999053747288,0.00012362810619626665,3.855421606685633e-05,0.07869190250447751,9.391642846625697e-05,0.04578823541897784,0.15617388170090954,3.5790653285714216e-05,0.0634285073570556,0.07851036313602001,0.00012535199431821438,0.0007142111656394698,0.10545843770942635,0.00013809835452542024,0.020556087816926794,0.00973668814377022,0.00128222423397979,0.03294220979826262
0.025554631666268937,0.017077891919986668,0.012361549228532371,6.868391083413439e-05,0.23573538146893555,0.11237308200737152,0.00013383549903447909,0.00015013926641587954,4.1433451237843885e-05,0.07976642901282005,0.00011351909238107518,0.04640001699137089,0.1563085873506129,3.853308470675852e-05,0.06552500944180457,0.07765798642895953,0.0001205917838467503,0.0006248262540264813,0.10521886380610086,0.00014498920868246458,0.020093137338650462,0.009791761890415052,0.0017969325805335676,0.032902187316469156
0.025702261926578485,0.016933326402308355,0.01186914149408059,7.117895154467732e-05,0.23544211349539562,0.11227899561761981,0.00013889604671059625,0.00015790990289927907,4.270346949441381e-05,0.08101643454512869,0.0001230753191257944,0.04611985437203267,0.15667566430894903,3.876615636550814e-05,0.06555160352634633,0.0776495595810817,0.00011355871754597702,0.0006828364585070184,0.10523178228027244,0.00014465530271313306,0.02046223215821865,0.008619229557129626,0.002185246995309011,0.032748973414642626
0.026925641527616544,0.01625762212998288,0.007960566671519538,6.26967342901222e-05,0.23827181631419683,0.10555801305231335,0.00011462143175637314,0.0001661507014085287,3.967516063345553e-05,0.08715141756111067,9.165226539937256e-05,0.0484299070338402,0.14904510057752032,3.886359448577613e-05,0.06873398322828844,0.07897572442776675,0.00012256853249842904,0.004504602732702516,0.10328619788758919,0.00013395795036590813,0.022850810655939944,0.005824376899816215,0.00123318642186064,0.03422084650710025
0.02447103333244256,0.014904920572633047,0.010031724230671986,7.758597168420392e-05,0.2373926979742905,0.1060304589860435,0.00010997434411183549,0.000197328045236673,4.501841806640911e-05,0.08963337386463686,0.00012649365402958782,0.051512904929791645,0.1487591786244563,5.069056274505286e-05,0.06743470748021674,0.07851980985027707,0.00013769635220247105,0.0031186959996053957,0.10338812664381718,0.00015886991628805572,0.02262252564198025,0.005967042008036493,0.001641697295838742,0.03366744530089739
0.023259162891221447,0.015189361870939486,0.010251353246375132,7.550822689863754e-05,0.23816797855285027,0.10598834312013193,0.00010554908907013072,0.00018650407993972215,4.373565846539345e-05,0.09054437616791906,0.00012189781577460728,0.05166788703785379,0.1483572884509566,4.772138814601595e-05,0.06719247612635165,0.07857837521258428,0.00012643417553463254,0.0030651949320256557,0.1032352503219264,0.00014131251778881846,0.022150185292864784,0.005338860209687294,0.002215427006513526,0.03394981660818054
0.025763901394448663,0.014509424850392305,0.010009692362483369,7.574742118523317e-05,0.24056270554271394,0.10585803048042228,0.00010820108176322408,0.00017909788374566847,4.3258263617218236e-05,0.08992718054418562,0.0001358915458928232,0.05134957543432833,0.14703374132593475,4.7713220086020686e-05,0.06666683330649233,0.07832170180345793,0.0001264975218125956,0.0026945332334271134,0.1026183378175448,0.00013765662731445193,0.02156936136498203,0.005949109346142244,0.0022825497634829973,0.03402925786414372
0.025088416966923648,0.015455535450832643,0.008730992301289415,6.37818302166463e-05,0.23884477908384022,0.10568428576903521,8.893499517169365e-05,0.00016458373350863116,4.069969728101931e-05,0.08929139848766586,0.00012060178271344341,0.05127037879538904,0.14741912921519673,4.670258315274365e-05,0.06713982091307033,0.07845574545549659,0.00011419999408153793,0.0035518544678101722,0.10257622060264407,0.00011829203317570407,0.02331208042143175,0.005682766094572732,0.002663381383656881,0.03407541794184339
0.025511175429924968,0.015547629924403934,0.008473370348315168,8.902455213697491e-05,0.2389644510978961,0.10555061188797596,0.00011083617463481527,0.00023340392384365368,5.563873455189844e-05,0.08912967717172482,0.00018038983992571162,0.05086461238716666,0.1478372382137345,6.419800009057564e-05,0.06721145083034293,0.07826297331815782,0.0001589012353032356,0.0034221161541094494,0.10261936076444103,0.0001736233365261489,0.02321191852927301,0.005737465193170156,0.002241275829466343,0.03434865712288122
0.02889423095611199,0.012918495076206479,0.008977613864409905,7.984206956543996e-05,0.2388066305343123,0.10436688179991141,9.678926483956568e-05,0.0001926049346969047,5.0580658802371434e-05,0.08965777803618297,0.00015305763972841551,0.04980165072310574,0.14731885711959958,5.890565153621444e-05,0.06758782147572098,0.07922791467960713,0.0001392262674993668,0.0029154025501980977,0.10318034060477066,0.00017917522450423834,0.02292973990499058,0.005989679039189102,0.0028679007857144805,0.033608881138795274
0.028638212608507775,0.013818954853417659,0.009102296836259632,6.193333117282177e-05,0.23851027316484447,0.1045969597249773,8.342752740952367e-05,0.00015082264573237645,4.097954474864377e-05,0.08918927270212397,0.0001072968829131079,0.049596107559487804,0.1471780143996927,4.644829799532928e-05,0.0682670843286463,0.0792163782250961,0.00010978056294008486,0.0031024000325430923,0.10305625422605845,0.0001272441517021546,0.022637160594778858,0.005990557207296342,0.0030759504539391446,0.03329619013771633
0.03983498989052689,0.018336054703418665,0.004787637520823427,4.624721012171166e-05,0.2447126925504392,0.11005987057224968,9.632804713400208e-05,0.0001548045375433388,6.042924956499195e-05,0.030559167352089543,0.000510585039114379,0.05728292060762263,0.15554371181750432,0.00010044063242216854,0.07136749906931154,0.07952477475609562,0.0001344680939485822,0.00787004674198749,0.10415648907780221,0.00039216630018349747,0.02624832997288391,0.010218555956334882,0.0006824465240511201,0.03731934377682624
0.04150337107088896,0.020908019754844194,0.0066547007764183414,5.090297407490429e-05,0.24832910711902745,0.11241867569842005,9.535699728411816e-05,0.00014199769289242824,7.200732599529406e-05,0.0060263978768286056,0.00039933039390127915,0.0620776699246516,0.1567530203925766,0.0001059905495393196,0.07106527836946541,0.08089548135449923,0.00016469598326926415,0.010726711344074855,0.10585083355062044,0.00037296608709741676,0.02349638338782868,0.014058969247365627,0.002440945629915406,0.035391186498522346
0.03230449387190323,0.028240028784086723,0.00427892399823661,4.723329894896836e-05,0.24347416033883185,0.10977886475352251,9.395538436636146e-05,0.00013388457940002315,6.166017206659195e-05,0.008180164010306443,0.0003098361932249426,0.06006848632501646,0.1600541254248877,8.77577524520958e-05,0.07000673835904773,0.08163914180162796,0.00018163994958077421,0.014302568203304961,0.10577195534776436,0.0007130560920167896,0.022061336315889492,0.014884337291525074,0.0029131879518091994,0.040412463800183124
0.030922484196446717,0.02880838203381587,0.004607633491778545,4.908805876873582e-05,0.2436061844466393,0.1093321325524362,9.693954659972712e-05,0.00013538553632671006,6.19271323416425e-05,0.00847357989599228,0.00030138507800987714,0.06020733137977366,0.1601012295701631,8.56354826958691e-05,0.06982106511218905,0.08184866940488136,0.00018264379520656598,0.013768926079324803,0.10595935700645463,0.0006451327104006614,0.022075638324924773,0.014750663942180609,0.003216758960230607,0.040941826262418775
0.029602991054378094,0.029069089507105936,0.005245615191374915,4.911768023517898e-05,0.2453565695323709,0.10781156406718283,9.584351041897152e-05,0.00014147916001132723,5.792413879542316e-05,0.009616451071181083,0.0002174061695351671,0.06006711960277682,0.15857597630838172,8.075710126209588e-05,0.07007239391160859,0.08188735049470572,0.00019368418846879717,0.013894886077272794,0.1063869284095121,0.0008555910010469058,0.021584651987350097,0.01522645654567286,0.0037035614177083906,0.04020659187165397
0.029185741035221525,0.02927376397788498,0.005320671314156371,4.834079026190729e-05,0.24556065561969367,0.107600126413608,9.323282686230511e-05,0.0001412998413362543,5.716675207001789e-05,0.009699306567903316,0.0002140438207700239,0.06018403114624864,0.15815340529123595,7.904762880991212e-05,0.06999097464201622,0.08184863484230676,0.0001933535715280666,0.01462771049577577,0.1061819977893279,0.0010639887949225435,0.021477085406935794,0.015292929347158372,0.0036563892001096575,0.04005610288385901
0.0314549316376914,0.021252274735388207,0.005535294283094132,5.286113626910292e-05,0.24749145805343964,0.11063036206958773,9.369634123985636e-05,0.00014827082049005135,5.616620799043214e-05,0.010301954464346985,0.00029059955647606965,0.06134662057331288,0.15620520273539926,0.00010335270561205687,0.06946801007108398,0.07925165920443686,0.00014924285522272825,0.019821555187528494,0.10437609717985581,0.0026001857913401562,0.022590858822215287,0.015288645040145432,0.0046743382262210255,0.03681636230161273
0.030087376786780036,0.022653070394613388,0.005588985257117155,5.354733529707342e-05,0.2473966376027483,0.11033134582700584,9.384722797140876e-05,0.00014312677180457114,5.633949200875016e-05,0.01028344624506837,0.000293514756924312,0.061074287621520874,0.15636808397035273,0.00010294405810563408,0.06991585082175643,0.0794842689823195,0.00014360064625747824,0.01990567217157967,0.10433639815114003,0.002365566011442292,0.02279250771557017,0.015347406053709997,0.004040751491613909,0.037141424607292035
0.030760078844777997,0.018950878087924557,0.0030834906294573967,6.399837043162918e-05,0.2433679847246944,0.10189355931544818,0.0001233771376768651,0.00018235741812912176,7.086483976004974e-05,0.009527216048523166,0.001302410334602639,0.0635373859448008,0.16329102053490524,0.0001075448363643141,0.06881000843634333,0.07969988660965042,0.00022173854175564295,0.01701380748354846,0.11020089851239574,0.005873285218446277,0.02335375901723445,0.013741787109625257,0.005428108438315179,0.0393945535651888
0.02971543656304807,0.019739181431406617,0.0020294841088567563,6.078943333367746e-05,0.24236310377726647,0.10149934777779691,0.00011632245917016333,0.0001890623604687358,6.410144175326126e-05,0.01046175566217566,0.0014224298072006171,0.060430581812120965,0.1647823222082376,0.00010183238197294604,0.06991000581790034,0.07905229945290722,0.0002476797077140739,0.017246528287736058,0.11180758947051292,0.00638754169324141,0.02442906462444629,0.014001683215754906,0.004221894952345641,0.039719961552632826
0.03563959476518826,0.019122150060911086,0.0005195389410769752,8.362277725538883e-05,0.2429456497633348,0.10018458996388646,0.00014901134913009,0.0001553301889220682,5.3156088167887464e-05,0.008734755604513075,0.001720494501699333,0.06138562204530311,0.16921978630729612,0.0014773608089229298,0.06842125842316266,0.08328037788194421,0.00023792493390357818,0.015791450917519143,0.11214427062347972,0.0030307034491123697,0.028348307999118923,0.011327511360054075,0.0005282541548963001,0.03549927709120113
0.036086382544378126,0.019175340906396898,0.00045397207870155756,6.951739890949083e-05,0.24297209002652767,0.10029952460895133,0.0001284795338217971,0.0001290878509258698,4.535501276871665e-05,0.00860454158158209,0.0017561306491519146,0.061044202703304525,0.16929989534406048,0.001983416410333964,0.06858225757433617,0.08370891586292833,0.00020741371765481287,0.01564675730163956,0.11197524621270373,0.0020602808641279123,0.028428933545570512,0.01147831747121122,0.00041319819510753086,0.03545074260490969
0.040618382567616185,0.013877441121912755,0.0014539224972156823,8.03955490913282e-05,0.23906699262849088,0.10063670693511166,0.0001334451868901026,0.00014759545953768342,5.63619101981522e-05,0.008618003519498249,0.0028770421858166795,0.06078695886782163,0.17592832801774344,0.002461542581727597,0.0719625519371395,0.0819622910349831,0.0001906992422852857,0.014298590884669747,0.10934289724741618,0.0033760252122355234,0.030303731072652065,0.008315374827609433,0.0011981519675591894,0.03230656754477796
0.03954466948506686,0.015940643597138433,0.0012831429862076096,6.629940898198833e-05,0.2403737669600069,0.09863357751284099,0.0001257030606882487,0.0001470638765988137,5.3123816039159856e-05,0.0092620968680533,0.0030503442920705704,0.06085707073557211,0.17790953745509736,0.0031474023276332587,0.06893895344998575,0.08244878032208919,0.0001988587490856085,0.01271694921544604,0.10917294844219963,0.0044061801268679285,0.031207741671822643,0.00617812776643287,0.0010790165953347385,0.03325800127873977
0.04054649735823085,0.0129833046078587,0.0011871724169642392,7.564978029805925e-05,0.24272654377403835,0.09931822276738501,0.0001271512974427166,0.00014912398245752506,4.890927112893059e-05,0.009935928930699911,0.0025552566591738046,0.06355196251643258,0.1733211156658758,0.00363202100168008,0.06824269643545305,0.08153328278690992,0.00029439740168397266,0.01334661939181489,0.10948130698685937,0.004472732876111325,0.031913615248341146,0.00821381132018508,0.0012577684606458331,0.031084909062328855
0.03590907777731637,0.014372399865270415,0.0014973020710985691,7.992824180218781e-05,0.2437945792551684,0.09899882338600877,0.00012328874039319962,0.00014037673355790024,4.5934633577259604e-05,0.010100073801819355,0.002845685745250097,0.06097003705551308,0.17401243631137456,0.001633588174319382,0.06860575968118736,0.08200846327277328,0.00025273421984203933,0.013557203196006536,0.11084638387354348,0.006387135756510143,0.03266030798805671,0.008547229722488349,0.001328715362751068,0.03128253513437142
0.03866100834538802,0.015107655302969222,0.004389149112946514,8.82386885056048e-05,0.24070780339196327,0.10073158469255086,0.0001577762822734563,0.00013614095854815384,4.675586304936708e-05,0.010647848552694128,0.0034592945316938672,0.06473034809701399,0.18064326059379596,0.0017982671749701786,0.07222491106140067,0.07961023311769605,0.0002945385554079986,0.007556542131995577,0.10685758611122712,0.0012713957851725054,0.03381930932590607,0.005469897738183962,0.0011935186303181533,0.030396935954329216
0.03807167275701186,0.014282863311675853,0.004801764977367377,0.00013860539597582207,0.2389748313736949,0.09967622777969579,0.00020063747339420457,0.00018976697986898726,6.461289017882597e-05,0.010373339026466642,0.002795029532255889,0.06436443364756683,0.1802092220831781,0.0013349826266931177,0.07722664030838211,0.07765471023326118,0.000346466317321294,0.007906279497542358,0.10572735291180499,0.0016237634779972584,0.03333615111004865,0.005689467274402987,0.0014745350878466769,0.03353664392636869
0.03988060860457126,0.010759275680549045,0.005822941402416207,0.00010550669766260602,0.24132442893108383,0.0971468728106251,0.00015040801087282628,0.0001361013075425238,4.172367629325283e-05,0.012964590326438027,0.0021024750983403688,0.062002469135670965,0.18096822224798728,0.0021205343368311384,0.08100849752237199,0.07300117431651593,0.000274125421021036,0.007557957574880173,0.10564246723529015,0.0025859877498555814,0.03438408474789235,0.005671251809141647,0.001855921805755669,0.03249237355039112
0.04147585144245502,0.009942696987566077,0.004741718249438845,0.0001414409736981534,0.24086527836912366,0.09780163649424092,0.00017619437031448466,0.00015713077621665352,4.898458745059502e-05,0.013561459107611458,0.0023824041789232697,0.06201259284677564,0.18057075794683344,0.0026256100924759067,0.080315742173084,0.073228012952911,0.0003017408267873527,0.006824084750421906,0.10655427687519801,0.003310390395178534,0.0351638250557445,0.00441823842350701,0.0012068561585358024,0.03217307596550889
0.04073985798095426,0.007914267624398442,0.006839594712191014,0.00011928182808561344,0.23800415930811722,0.09739820651029653,0.00015457590507226776,0.00011859738463314928,4.3153359509713135e-05,0.01342417157825454,0.003403032437550155,0.060958068074968536,0.1840929932187204,0.0019162834929603242,0.07953947022503816,0.07278764046362354,0.00031801365466233136,0.008156091617717059,0.1058176480408018,0.005394591884213439,0.03484041634348654,0.004560283513420693,0.0004824535510002846,0.0329771472903234
0.040082471299233036,0.00806668122680985,0.007002660783743198,0.00011612461448722793,0.23749172819458378,0.09695895824498468,0.0001672663268746284,0.0001267286186471079,4.297086053226413e-05,0.013361440178994195,0.003374257599718655,0.06154784300790735,0.183800858811962,0.0018792902523359274,0.0804462587461214,0.07290210768873745,0.00031202139295234666,0.007905293995042233,0.10569092438792234,0.005354234032888597,0.034741352936985236,0.004885711670188631,0.0004737651407218083,0.033269049987625546
0.03545804901782317,0.0015613541618396214,0.004128212227603284,0.00013640750642322062,0.24165313730651383,0.1003673990811571,0.00014736422627524586,0.00018282850267630865,3.755647950992254e-05,0.010886912308641505,0.003315599172484062,0.05963067405752101,0.1871024388224932,0.0013080066219378459,0.06462500486065216,0.06990895764163416,0.0007353418842830176,0.013478058920870277,0.10515547967721438,0.022620858041912786,0.03478423566304084,0.00669075794453511,0.003067197795411006,0.033018168077547025
0.03525446158671288,0.0019900786616836074,0.004871114064510656,0.00015613366506958207,0.24195657448641109,0.09978103549815669,0.00015010529843313762,0.00017260664482816277,3.8432003530436333e-05,0.010531276792269608,0.0035778283450718716,0.05979875818972172,0.1870194511982518,0.0010720433930861482,0.06657892654420314,0.06822292141145157,0.000656655621929265,0.013507496351817413,0.10454831809360575,0.02233636385054153,0.03443756545948751,0.005849238998150283,0.003851209545996373,0.033641404295080085
0.033808712705183395,0.0035665211501993616,0.0029849386120155315,0.00021714197619884495,0.24482354535775702,0.09982648033253087,0.00014516296207965683,0.00023163536229049535,4.1194537663628035e-05,0.01080357951179109,0.006416701249393083,0.06274419156830556,0.1862280680763211,0.001132103752996266,0.06664802111704027,0.07021130619156771,0.0014176172645382955,0.005564456101166988,0.10326931014993308,0.02139180269500922,0.03514390858277647,0.003347950833948737,0.006208385378183591,0.033827264531110054
0.035279483745792824,0.0038987304772158337,0.0034883708587424237,0.00017943906996070397,0.24534374054341535,0.10007790963352979,0.00014217533527637996,0.00024053014423218002,3.86582380344474e-05,0.010687748152800559,0.006196447478290224,0.06317366465479045,0.18493595776990818,0.001402236434995889,0.06596386627302761,0.07054073855809655,0.0014234812783517413,0.006497205332700972,0.103727536820784,0.0195477901672147,0.0346362309290514,0.003932388982636079,0.006488600921923011,0.0321570681992285
0.03600335476632693,0.00607222218616016,0.0016376633452292455,0.00019896994744605627,0.24429632466148515,0.1007483482620106,0.00014272650462430683,0.00029413023313829863,4.263030701632113e-05,0.010505007824776516,0.004057604075829315,0.06307331112623016,0.186492226186506,0.0018024701645947114,0.0629866023708504,0.07218865360541178,0.0025216632808279732,0.005190950209283315,0.10587171715260682,0.01825438001952498,0.03469862625791324,0.005412336191980441,0.006041104035826493,0.03146697728440066
0.03556250710535447,0.006678328729619223,0.0019370658203210452,0.00019751386269503625,0.24443931338385028,0.1007115776886085,0.00014906617098922582,0.0003073576365634293,4.3936419176075815e-05,0.010463997096551313,0.003980882137472088,0.0630023664399657,0.18599824358247116,0.0018825881106527718,0.06394495132884014,0.07198011609482718,0.002320079281772651,0.0050184774321758606,0.10563631499802874,0.0179638929361943,0.034647413730779814,0.005207264304204849,0.0062966884968598,0.031630057212026476
0.03561265637467791,0.006962633225527712,0.001337207116426109,0.0001680014036428297,0.24456589494309147,0.1005283827579382,0.0001404097664188977,0.0003070034218150276,4.026888517034459e-05,0.010458221708919932,0.0041051103836271625,0.06307108051240543,0.18551387620228182,0.0018030075193990987,0.06441012987348559,0.07177194428867872,0.002259175701517445,0.005505236440828819,0.10555104461834003,0.01786238680756784,0.03422456722784024,0.005550439340109864,0.0065746014001287325,0.031676720080160696
0.034675244708313915,0.006372619526723387,0.002478950578331105,0.00017854786556208371,0.24573234042064823,0.10013213421025459,0.0001399296490661338,0.0003054365352172182,4.090702486576516e-05,0.010037290530774245,0.0036257354927670886,0.06308689234398629,0.18458888392656084,0.001655078582700665,0.06528050935550277,0.07062153160326566,0.0020858087470746844,0.005629893132956427,0.10520873979347968,0.019038589397350775,0.03337143923607051,0.00851734466144677,0.006338968128617838,0.03085718454846334
0.035660558154654444,0.005380120860135047,0.002710198423403344,0.00018360477505113652,0.24522839172694005,0.09974891840647482,0.00013126343799922327,0.00027373403765135266,3.8546187198996186e-05,0.010154949861650416,0.0033734685614474707,0.06326877103537576,0.18436309983618054,0.0017116553567015358,0.06536286522706955,0.07091569667151747,0.0026555054337950067,0.004905719060238054,0.105480637115975,0.01861305807022201,0.03355042295231663,0.009713937960838904,0.006459797697039428,0.03011507915012387
0.03577094129768157,0.005163694662125537,0.0027355094150616605,0.00023008566234890133,0.2452821327536741,0.09968668621890425,0.0001462895795178682,0.0003171110307864948,4.451240158445636e-05,0.010193851400799111,0.0034329809705606947,0.06312547776780995,0.18443121352483227,0.0017191824414194334,0.06523543900392902,0.07086143629267329,0.0027578631595931847,0.005074310735802232,0.1053993623170042,0.01869230906018742,0.033540307365671804,0.009644939950696204,0.006417427654092464,0.030096935333244368
0.03791429299299405,0.004341532233046448,0.004096087275768299,0.0003884676255298223,0.2473281970962194,0.09885240358406114,0.00016165094244775856,0.0003984157050786555,5.219912211860307e-05,0.010765899235930123,0.0037846884139239585,0.06173023146610696,0.1857792576461046,0.002886192771967309,0.06233334331437607,0.07005426467057448,0.005269675545225817,0.004590657727540217,0.10601878273382523,0.014910644461194321,0.033072268201532584,0.009707396558825436,0.0068073713808540935,0.02875607929475457
0.03681565993117594,0.00727948319721173,0.00358571877287948,0.00026970082617026983,0.24716020870782157,0.09877524659100646,0.0001303009590504534,0.0003092894409114278,3.8221075752022445e-05,0.01070304244671416,0.0037824946886065042,0.06191626636868051,0.1868567950350856,0.002836263771144456,0.05989603046725056,0.07154384893563867,0.005367362861737242,0.004863616025767556,0.10682374960047343,0.01336582889325998,0.03310246164065464,0.009535450742127326,0.006559534568376932,0.028483424452502973
0.03722858217729415,0.005016158405860515,0.004276586886762351,0.00019794029134380343,0.2477121813150888,0.09827677804783225,0.00012639049001578174,0.00033393529782894336,3.6086720127617795e-05,0.010764990604717334,0.003483734936489776,0.06215055429443479,0.18573258394051023,0.0028632806142657586,0.06288838120547455,0.07033150786182131,0.004610265650497922,0.004438538050238637,0.10580212032667931,0.016076673656924282,0.033679983347764904,0.00967902478823994,0.006030114798022976,0.028263606291764137
0.03523878123878066,0.005614230976209629,0.004262926346990424,0.00021840825050024044,0.24797211940013925,0.09785416394080966,0.00012884630835345467,0.00033343046621326717,3.688312634270925e-05,0.01067696068090225,0.0034331831387277275,0.062391609661275195,0.18552234105996912,0.002604994740877094,0.06376597937974217,0.07016755575466303,0.004613225203267566,0.004142733670301931,0.10538952523911285,0.017264807864153606,0.03404743050593225,0.009521204970996996,0.0066108625303156,0.02818779554542341
0.03976000650759071,0.002930873590723622,0.004141136758260381,0.0002616052580724327,0.24665102315242238,0.09799413192057155,0.0001470303457828588,0.00030598807732381254,3.9596904715565104e-05,0.011402941608690697,0.003948174733034493,0.062145213561668994,0.18878098811110766,0.0025047393255302752,0.06262653308095098,0.0699436009363827,0.005004494898158416,0.004760789429093169,0.10444201870822306,0.013333810332905666,0.03376950094147919,0.011883138109563577,0.005198970614149156,0.028023693093598753
0.03976847887581601,0.002851013629958226,0.004122839263653205,0.00032842857103229184,0.24664054973443397,0.0980143398318998,0.00019562921005201623,0.00039010377204404625,5.280586610817032e-05,0.011435907795386623,0.003916824740057687,0.062221096457062704,0.18877481055105821,0.0026030186959595174,0.06227436502430046,0.06992606126077441,0.004919368895800064,0.0047923894822414275,0.10447518010856276,0.013404100658190482,0.0338870281979629,0.011827814189344138,0.005085672096957392,0.02809217309134546
0.03221105089747475,0.005462558054797842,0.003735521425470548,0.00014015616430316602,0.2443094982642888,0.10002309684536687,0.00010822013598239764,0.00027350637178900255,3.346027864578912e-05,0.011603746374751487,0.0035805055485789595,0.06333820914007776,0.19189142071226548,0.004374884497362264,0.06188496534497532,0.06821326808069877,0.006851563668184479,0.0072026149287248275,0.10218190850401292,0.01362174972217691,0.035689391699301395,0.008974578633861226,0.004935303590895231,0.029358821116013803
0.032202339423445345,0.00557648619717984,0.0036987340405262464,0.00020057284949471892,0.24430294225377075,0.09988782674812594,0.00014607478797755088,0.00035104207955362343,4.6457455175932264e-05,0.011627609246808567,0.0035883514954535246,0.06329601834024347,0.19187191351214097,0.0043690288507687415,0.06192131733745224,0.06824223579272277,0.006888612145306891,0.00730355030179515,0.10215291104444851,0.013474126161029958,0.03567390991607305,0.0089470152874451,0.0049092815624962646,0.02932164317056488
0.03137717601591919,0.006870190194369751,0.004345826425469092,0.00014417067500756503,0.24558698441167887,0.1003988004485525,0.00011729911602305668,0.00028845543313939194,3.52400023054784e-05,0.01203568401887133,0.0034090830307069277,0.06310589326094511,0.19128574922202926,0.004765462418666216,0.061379963187056505,0.06861975588567121,0.007696779322242898,0.007269397907753501,0.10180366047099666,0.012297116767244235,0.035595164049194675,0.007912653931354688,0.005181819201850737,0.028477674602951027
0.03245416752273486,0.0076428715667946085,0.0039842817168367186,0.00035398968301411356,0.24463024789393564,0.10099069068895382,0.00015145764733382063,0.00038387021226647016,4.841901442790881e-05,0.011928955224731546,0.0036365023053606107,0.06257181250148519,0.1923226796744745,0.0044534635021025466,0.0613418763973163,0.06844823352989547,0.007514767586032145,0.006646867159771549,0.10222909361106276,0.011031912801620185,0.035362963887574574,0.008078501913801816,0.005099412387637144,0.028692961570836534
0.03214933120244381,0.007885810609282038,0.004713434252580146,0.00017293073750586412,0.24529482475175735,0.10212013751006985,0.00010182620861211053,0.00028081385618836666,3.4037014838677216e-05,0.012293890300967713,0.0027645106316203922,0.06271887951435423,0.19044786906251804,0.006721145753626172,0.06124375317811022,0.06903649659606094,0.007246695880562239,0.007509656394166175,0.0990616990840908,0.010600562649163401,0.03514911836591511,0.009648299338359098,0.0051053834574227835,0.02769889364978427
0.032984998983730585,0.008581365395266195,0.005467571125622367,0.00019163832809235013,0.24596014855209108,0.10213765243117409,9.916270007607758e-05,0.00028238513650271187,3.3741605562640784e-05,0.012301767276720122,0.0028804816882015893,0.0627517128049508,0.1904090150416671,0.007059766279004416,0.06138432236565754,0.06911987881979684,0.0035161859625449845,0.008252967401920514,0.09951142012232309,0.009385539973548683,0.03497146540019754,0.009463388838533995,0.005431606254297735,0.027821817512516993
0.03232178092345178,0.008160710928256416,0.0053887910917043555,0.0002590942587812864,0.24780348662808133,0.10210943828392424,0.00015474988575659115,0.00044177168501202544,5.246491845972188e-05,0.01324157477063585,0.002618369922567439,0.06250202504126579,0.18839316391861652,0.005576068329016734,0.06120375288720004,0.06948738740889467,0.0029665459675808133,0.007520566436681646,0.10053215522842607,0.01074601372076923,0.03532668374051456,0.009291756012771357,0.0057386456555347885,0.028163002356096704
0.029143175664130938,0.00830695548708139,0.005944914216219553,0.0002743621898043978,0.24768390148771324,0.10209803902319028,0.00013695578406933544,0.00034483470969169145,4.8382618053035276e-05,0.013610690051440947,0.0029089845360593157,0.062919473205729,0.18933110242560094,0.005839836092922348,0.06106276165465258,0.06892037761189342,0.002980350532311245,0.008943442198412104,0.10047618020861387,0.01077597984488638,0.03536555697190748,0.009622113692703585,0.005791311237403099,0.027470318555509122
0.02546615082538701,0.008893505044611588,0.003151243529133187,0.00020288900733462416,0.24951064282142577,0.10313089911782243,0.00012653759326549657,0.0003504615420163535,3.689148209094878e-05,0.014861617779108098,0.00284262770800275,0.05791890584385868,0.18761291419358053,0.00689205245965052,0.060571745561877235,0.06547432942231095,0.005083547387273373,0.016129605351370507,0.10059587262909732,0.0163402739980327,0.03472611282674633,0.007479445395411172,0.005796970168131837,0.026804758312460618
0.027716328632039693,0.00974748045371406,0.003168902301924367,0.0006852769631632226,0.2379737501248773,0.10287323220960372,0.00017068400735641622,0.00032510818811551823,4.103218336183612e-05,0.015323510322210647,0.0030833497725923187,0.05572188979831051,0.19290340063150316,0.0056024882534002445,0.06052457745990468,0.06590804948683851,0.012378616861422756,0.014135114494476344,0.10339740811361639,0.011463544579922434,0.03416046359848818,0.007356495203106028,0.0027195617660050538,0.032619734594046754
0.026636285651735384,0.007999508414017153,0.004642292698269312,0.00207267333677392,0.2460151272077952,0.09813286556355988,0.000926887317393757,0.0013760257825397746,0.00021975063490906895,0.015989023593034748,0.004617293628042494,0.056296214510170965,0.19234241653552647,0.005050174510827784,0.06372035837485125,0.06550468619663775,0.013112702954273777,0.01607321776962096,0.08988356031216396,0.008277249031383755,0.032665919438870386,0.008126894810414868,0.003869701168510978,0.03644917055867824
0.02721825301058669,0.007905339389539946,0.004513619629736732,0.0015350432746875902,0.2462337302595758,0.10020685633631765,0.00021096016910219126,0.0003744376664878475,4.501872096564069e-05,0.016021586888373844,0.004525284139675895,0.056424876556895896,0.19256263429152123,0.004890822911438757,0.06373593844016985,0.06560124994267022,0.01239643638048766,0.015856872541976954,0.09043290678338392,0.008504379765757176,0.03288138215534986,0.00807548719935113,0.003370605261582031,0.03647627828436514
0.03247775621589506,0.0010351681841730851,0.0064697176903222645,0.0006067333312112253,0.2320867184762946,0.09607236462505217,0.0001514748393726177,0.00044101357187192143,5.022273636421496e-05,0.014602420778823585,0.005049959080274936,0.04636716497755606,0.20509270918117156,0.002706526766091514,0.0667575870044741,0.06875124294917145,0.025619333354038726,0.022360647791807006,0.09805169683413602,0.005038352737695423,0.030500360124494558,0.001998638142104718,0.003414681556706709,0.034297509050905874
0.03361924581992652,0.0022881238867232005,0.005986450969088223,0.0006850463382956873,0.23196700852036412,0.0955512741477796,0.00019420678196788944,0.0004574445442197695,6.197854681957563e-05,0.014794662593095175,0.005767082917264295,0.04732707292967518,0.2055963930403831,0.0019921210260044776,0.06581385030608435,0.0690818852534701,0.025987969341381787,0.022965788658928777,0.09854423266263139,0.002293057942407623,0.03052307120416701,0.0018967573894194518,0.003175752200321615,0.033429522979579934
0.03413273650923067,0.0019242455349177243,0.006719341619082109,0.0007345156624436479,0.23202149224782515,0.09623053590862779,0.00014568112671674982,0.00038675856663964277,4.6636778975402336e-05,0.014665268514658793,0.006219900899183492,0.04665024064863004,0.2067083014169292,0.0019343059501073952,0.06556309921107475,0.06891812697144305,0.02680082206265629,0.02241245378803518,0.09794670127176783,0.00262590769058539,0.02973377494847856,0.0016579320655114055,0.0028318721297603084,0.03298934847671966
0.03407389242025915,0.0014933461931860785,0.007149665223977753,0.0008565747426860222,0.23233189798284157,0.09612773652845984,0.00017792303467119769,0.0003786870986547833,4.9016001001952833e-05,0.015851773694630953,0.006322263544961713,0.047541143934485296,0.20653279383701414,0.0011661199516352211,0.06600414224144258,0.06863722552687458,0.026023839808977198,0.022953594267354417,0.09699401680763814,0.0028363696502662593,0.029652282159444404,0.0018613344431328144,0.003308870904677956,0.03167549000172348
0.03475069560890058,0.0019169990457518803,0.008142218444652967,0.0005455828489250143,0.236043208838933,0.09244273949311478,0.00026367147247950587,0.0005213517359883086,4.9977648485247115e-05,0.01522873991075947,0.006585137704230651,0.05457267953882969,0.20667362361252925,0.0014005727317809133,0.06780716615764096,0.0673463180344518,0.023207408784912658,0.025738647594042794,0.09620686870293246,0.0008304769189294623,0.026458408371681792,0.0019017632116452511,0.003428861606957098,0.0279368819814444
0.03682719242225953,0.0021512227431937413,0.009699978445311461,0.0005554229823527649,0.24031584265236527,0.0946839185210476,0.00017255139998543836,0.000365517002723072,4.503120428846657e-05,0.015361033688314306,0.006658182995532771,0.05700614542393284,0.19817839979974528,0.0016633085649490366,0.06882041628689306,0.06420362491024699,0.023645084927455567,0.023858260318851878,0.09576767749613241,0.0004765183410992587,0.02365720510371665,0.0036984118908070128,0.003317596998610128,0.028871455880185293
0.03715084554782431,0.004025019837283346,0.007396301519320687,0.0008201401266284071,0.24241968719245216,0.09255597444399655,0.00021336171695241973,0.0003248220060827627,5.427605103963863e-05,0.011807934737053324,0.004028135231432862,0.060482674064266294,0.1783303686408576,0.002215274279400132,0.07533931891543179,0.07264803963070056,0.018114930724692446,0.02477831547315732,0.09821803203556241,0.0035950734722615006,0.02593112560289347,0.005461319756792403,0.005856558094168223,0.02823247089974957
0.036625895513177166,0.0035694140578870995,0.007360786902520361,0.0007231686626453512,0.2427338870147387,0.09233542749540989,0.00018547395524192648,0.0002735469274947341,4.735156773730804e-05,0.011963884504003172,0.0036880602762329575,0.060506301235793356,0.17779000297809747,0.002247736357772175,0.07591877601597904,0.07282939019792725,0.017987014592874703,0.02484411709492797,0.09795466129864569,0.004661253359710083,0.026189398248351623,0.005344401890123185,0.0060573173892821625,0.028162732463426845
0.03909122914748888,0.004532648015996488,0.007924894671095641,0.0008531534284403861,0.24454403233282065,0.092995598889717,0.00020101531384529364,0.00021105531521970465,5.31941760470446e-05,0.012462135849057766,0.003084580944060836,0.06397246611068207,0.17736799640358708,0.0030040973909803473,0.07608514130374731,0.07227739803941063,0.010790134942124966,0.02246111333704804,0.09707125178661932,0.004607173288069528,0.02676333787986664,0.006143220054471594,0.0046820868868808745,0.02882104449272171
0.03874780932962356,0.005201597383714726,0.008423079417591333,0.0007839455161767391,0.24421521073617847,0.09345171579060099,0.0002564339135952474,0.00024972570481179385,6.035740240536495e-05,0.012562415974853199,0.0030719314816133204,0.06300840680222088,0.17801672274565764,0.003016100274076692,0.0778612932171753,0.07177650314708399,0.01092625591401059,0.02154932323300514,0.09691561985978442,0.003277898413032146,0.02668923083903505,0.006345132893925774,0.004384528307298051,0.02920876170252911
0.04105951061532847,0.0058721227645659345,0.003381336811970934,0.0005016336592724576,0.24115347705581455,0.09526597257334979,0.00018918572568856482,0.00026408196351512445,4.423444246657802e-05,0.014146164021520925,0.003981757381953267,0.05730036391290591,0.18590135094925156,0.005345310193012525,0.08001051148682259,0.07052489793818795,0.009033053489193529,0.026167062753288565,0.09705835325942917,0.00036171097407482954,0.02725822350701222,0.004456196239453021,0.0009030329721053551,0.029820455309820873
0.05006073687208647,0.004778660197431879,0.0025437742670730906,0.00037132612301911324,0.2426716125825354,0.09441173474929314,0.0002683174284489638,0.00024208479446530777,4.371964835121387e-05,0.014437768064044771,0.002542105541835652,0.05826730553566338,0.18011973600211484,0.00611165919128209,0.08012643069751771,0.07044050383561444,0.008703580920086941,0.02366019642531507,0.09610752827780378,0.00030424647728649476,0.02582683937838853,0.005599306147659212,0.001019424253401835,0.03134140258927523
