0,1,2,3,4,5,6,7,8,9,10,11,12,13,14,15,16,17
0.09448967804473336,0.024173449684833696,0.024173449684833696,0.03726608656371401,0.08615558277367417,0.024173449684833696,0.03458391446920703,0.08376095032372333,0.06390354094548538,0.024173449684833696,0.09454938720989532,0.0653765119636048,0.07793332506679478,0.10358821475158035,0.024173449684833696,0.024283813342239467,0.08906829643634592,0.024173449684833696
0.09360485169275028,0.024154685202441156,0.02454115824513714,0.03792448467500499,0.08196486341857429,0.02457682869605817,0.034121434710438284,0.08501625990616823,0.06452147106652552,0.024579444296244066,0.09296635510995621,0.06603165378631327,0.0781083383673973,0.1040956701447526,0.024345072265085893,0.02488675808485801,0.09020472624914076,0.02435594408315382
0.09235649172786163,0.024006196313123028,0.023777547587970713,0.038752773448037334,0.08209473268447796,0.02404314785576674,0.03397121103983466,0.08423398218679362,0.060479777241769804,0.024992359782956323,0.09857946855840012,0.06717206290336385,0.07811024920851561,0.10490161234723801,0.024272536288547353,0.024583066210816674,0.08930404443641977,0.02436874017810675
0.09152094474583489,0.023941320671048615,0.026935297433464962,0.03851459708057209,0.08347529783983738,0.02428420008547828,0.033341286534905236,0.08383548369184736,0.06076312496251229,0.024847534627809083,0.09656598636946279,0.06829199163780283,0.07751160227096096,0.10425872735999146,0.024146043947109404,0.02462140254866953,0.08884227460928207,0.024302883583410827
0.0926660060012601,0.023943775194082053,0.023467109405347047,0.03891337202710013,0.08367576638414949,0.024470784181664106,0.034244049194804026,0.08216329533582342,0.05970442317815277,0.025121824188178793,0.09982254381909325,0.0685877558738615,0.07600453502891527,0.1060262004101844,0.024021723703971844,0.02492937077031266,0.08794036983559088,0.024297095467508266
0.09112341916901061,0.023775637463234505,0.0231258935927904,0.03884569202569311,0.08384247316100914,0.024420000558261833,0.033750731915795806,0.08195267449631674,0.06094990414213488,0.02503592583340569,0.10086435195953541,0.06882949607962255,0.0761041137824135,0.10590771996904194,0.02380413545109049,0.024477552710662213,0.08905136695480981,0.024138910735171288
0.09045817414773272,0.023351959338813663,0.02283971841600139,0.03866155648642706,0.08413082133978299,0.024585769540133386,0.03383963787039575,0.08123885765091317,0.06227090199039543,0.02529699875226233,0.10290034165503985,0.06875899114422755,0.07558050492793807,0.1054076689493269,0.02379925250663089,0.02519308144850113,0.08710691973347057,0.02457884410200696
0.08978676136424918,0.023815477697582025,0.022457986186128973,0.03874171869000994,0.08380940425503607,0.024663302329996438,0.033717615341061165,0.08097411643604667,0.06197660765659244,0.025242234092165916,0.10317865818147383,0.06919240463899332,0.07592924543593144,0.10496816704235767,0.02395538786330503,0.025781627393691393,0.08811111702034936,0.023698168375029287
0.09167463311455461,0.023676631647448033,0.023125184343878145,0.03891619948168998,0.08288324444964369,0.024596325761702835,0.033856017406911146,0.08073096785660462,0.0629185971952462,0.024926811521056844,0.10242728665990546,0.06899707750026199,0.07458161953114233,0.10488526998683075,0.023475413859135888,0.025327637074071964,0.08891079890755069,0.02409028370236505
0.09246619707308747,0.02347745219255247,0.02311262556406442,0.03844947324932899,0.08255947373091226,0.024493718790185425,0.034277829871255557,0.08034263893691772,0.062414872979692636,0.024726602134783116,0.10359384924668977,0.06823118873449355,0.07437521826537731,0.10462459125572897,0.02363301832469112,0.02547844831260225,0.08959999243941875,0.024142808898218147
0.09371245595836396,0.023684908282722163,0.023595606813048706,0.03878579598723125,0.08330672377464345,0.024410355058756654,0.033857249532081204,0.08276411025526112,0.06055165749713191,0.024936970583037732,0.10085413980905673,0.06860083005977075,0.07497718076564261,0.10672651587386185,0.023233399173923905,0.024989376573042912,0.08647761507679869,0.024535108925624265
0.09459822817236883,0.023666793191822758,0.02307210331021324,0.03893938786888428,0.08479618898499583,0.024713746815694927,0.033729308676659964,0.083180004670447,0.059249295643594505,0.024936166977088364,0.09835248688636394,0.06936103460141184,0.07411948485555062,0.10565360307015052,0.023355341339420604,0.025120533111439053,0.08821937870398656,0.024936913119907075
0.09709419423408715,0.024288094603966633,0.023897088924336084,0.039819479397143503,0.08428883119281497,0.02496741266109019,0.03374680422481523,0.08261384875997389,0.05543345579431984,0.02559476415429891,0.09737699736683435,0.06933915817256332,0.07257198564191954,0.10617509636270783,0.023334713066274895,0.026346529606943357,0.08760817406098739,0.025503371774923008
0.09589830118100133,0.024358044073453586,0.023879133664577903,0.04004879055324376,0.08451654390227997,0.025125463532170798,0.03316542926324191,0.08260243081047726,0.05611333529306494,0.02571297592907587,0.09647838035278662,0.069804044982431,0.07244836046985856,0.10643833916108628,0.02329288448858025,0.0272159890199146,0.08721990024706394,0.025681653075691382
0.09667366696005453,0.024270548335151704,0.022932634818355807,0.040865351295126626,0.08446747368176183,0.025472240483427964,0.031273265489813566,0.07903360747793414,0.055322522626481706,0.025600661584144986,0.09818418594526886,0.07094342406089045,0.07231172861026755,0.10696549344077706,0.02339493601898053,0.0277243431543925,0.08856485874139539,0.02599905727577483
0.09640084507337693,0.024087045481690918,0.02299080067934952,0.04081555740982738,0.08545626649823623,0.025513944999179413,0.031144556044966167,0.07949346220726944,0.05582575805732342,0.02558898605987155,0.09629964422518993,0.07237929811305781,0.072367856161335,0.10656284470745246,0.023397339006020795,0.02742430765284478,0.08818967984287088,0.0260618077801374
0.093649003730395,0.023866015295501888,0.022557171474741917,0.041290638779484905,0.08660415904176892,0.02566861436580648,0.0307856056217158,0.08037995566939239,0.05883336106116067,0.026263572204361783,0.09717867635902698,0.07245202279480398,0.07294147888728454,0.10713301047773871,0.0230580874952854,0.026216324416192958,0.08493116201091701,0.026191140314420665
0.09550586147844846,0.0237749811398272,0.022320512124700223,0.04104395247994834,0.08609927822247146,0.0257995938167538,0.030576381245184376,0.08053474009274815,0.06080698177646439,0.02609559507339666,0.0969689329089148,0.07105717297062977,0.07313565572888477,0.10684471000989412,0.023080243242965436,0.02614705063725794,0.08446001140496931,0.02574834564654083
0.09748704923400936,0.024147918379299846,0.023076953394335874,0.04166615050554731,0.08656354960767824,0.026332928283364122,0.030890634286710322,0.07960539649092689,0.06290550534807231,0.0261550799596412,0.09156495580304122,0.07091403682054952,0.0715010193406742,0.10822617028108703,0.023266299007473516,0.026587193440245675,0.08369892648551769,0.025410233331825734
0.09623587133686948,0.024146335368017777,0.02290327938008334,0.04159822090146303,0.0869743609928108,0.02650108153144956,0.030805502758141534,0.07992442452439964,0.06277674582896053,0.02617022358239353,0.09244878784710787,0.07077823062213263,0.07145012303115243,0.10819873774396077,0.023375269556744183,0.02694508567969149,0.08364122953420983,0.025126489780411543
0.09654141256512631,0.02323504701795443,0.022460810219572008,0.04217348144941076,0.0886452697015408,0.0270584803809477,0.030369085620324227,0.07756837203545255,0.06376056135099352,0.02638785322355763,0.09161737761925409,0.07002083559587595,0.07062716030801384,0.11003040679681653,0.02283765084760373,0.02699686842632564,0.08336101734865387,0.026308309492576346
0.09648853666019007,0.023187968973644307,0.02232807998902287,0.04219305938184866,0.08827497944037112,0.027077329634959582,0.030089588971777832,0.07867386014247668,0.0619564034955849,0.026472777815325026,0.09315441377501711,0.07064994011444115,0.07060928349386394,0.11005263416668218,0.02269745451408963,0.027373672410227843,0.08256048606893011,0.026159530951547008
0.09419955053176483,0.02303678471717374,0.02185218830033119,0.04270829385231839,0.08770958090987144,0.026967187769140824,0.030760921958538977,0.07859477669898923,0.059806040987454574,0.026408130392082813,0.0962502030610785,0.07249842117027262,0.07035399422257954,0.11002567178357398,0.022554662802472307,0.025779518241064912,0.08398023130006145,0.02651384130123075
0.0941293661691248,0.023307194019042826,0.022239511381934047,0.04286265383439021,0.08712722999838016,0.02695157618716308,0.03072434795807312,0.07845853601177329,0.060119201155396956,0.026367770805859055,0.0970583114521944,0.07260365186945711,0.07053709073156712,0.11010449526429408,0.02260742040840775,0.02551904968535605,0.08313173644758859,0.026150856619997217
0.09580713820591286,0.023653516180749,0.02237604386848785,0.04207017554438197,0.0880070656891437,0.027419480783009233,0.03100778033029246,0.07797609208005293,0.05790649742771561,0.025852465709133438,0.09847928013320098,0.07260924406976793,0.07107646361554003,0.10753296744765785,0.022385111570771988,0.025650024991230362,0.08467251719589525,0.02551813515705654
0.09624358783301917,0.023565291565121212,0.022354647030463415,0.04183104951978445,0.08795265479167619,0.02686277393846014,0.03050524021480542,0.07775965296139796,0.05778526373143027,0.0256341618590349,0.09824464466955181,0.07245602911508121,0.07148263448399951,0.10764030229771818,0.022417555553581894,0.02620285520295286,0.08573765574870157,0.025323999483219745
0.09368121163138336,0.02480086918112865,0.0225867043489133,0.042026269185282114,0.0877593430610807,0.026938039017363115,0.03093265860586231,0.07800996633499165,0.05792822135131862,0.02589980612903463,0.0999743996602759,0.07186072412753725,0.07262678135039934,0.10826258635768465,0.023014897558267015,0.02572103774828189,0.08242817338316018,0.02554831096803538
0.09368523395307118,0.024567223845342483,0.02317374240489115,0.04250285915354106,0.08805870240823596,0.0272096293393569,0.030264502780583825,0.07709448377474129,0.05782995356496482,0.02604087266371966,0.09986760822829989,0.07178396551059758,0.07222780046577561,0.1075938280005257,0.02312295082169866,0.026399531404475558,0.08281517760360108,0.025761934076577578
0.09469322722733117,0.02427685225757807,0.022378239572450984,0.04241547938603074,0.08829878605366095,0.02722997582109699,0.03062093567902709,0.07719148507598668,0.05746777063096557,0.025594966991074927,0.10051264960324804,0.07053558681707842,0.07219096929276411,0.10818641363570249,0.022926121073922362,0.02603417005812409,0.08384004816342233,0.02560632266053501
0.0957508800809742,0.02417049857834022,0.022266399051514757,0.042800860510655084,0.08678912632793033,0.02749142952516076,0.030479722917277324,0.07744025025986594,0.058988994837569676,0.025828493220509653,0.09382958629093258,0.07212365950965367,0.07482329182277764,0.1090532013887646,0.023039659706064267,0.026110136620158993,0.08328067237325974,0.025733136978590452
0.09329131128639483,0.024044382049560793,0.021969381951578854,0.04227639702877,0.0857527664063997,0.026879686442639626,0.03055009693193513,0.07756206088344723,0.05601551633927809,0.025853747974571798,0.09929791423137029,0.07132891790453819,0.07509615699119432,0.11229779471874754,0.02264420092816827,0.026552308252374066,0.08285447401137529,0.025732885667656115
0.09386777232043823,0.023740314868113947,0.022229534431638547,0.0421524881349089,0.08587018304168695,0.02681407572669107,0.0304721836790012,0.0770534989120639,0.05582101974414703,0.025808194184546673,0.09898068364396781,0.07137303047134903,0.07590748188916556,0.11371651438958993,0.022437639132963844,0.02641690576701007,0.08164439814381423,0.025694081518903115
0.09616401667168725,0.02337222405156386,0.022015131567839234,0.04267163993368107,0.08563445896073667,0.027024275708619618,0.030648509255238054,0.07683962172433163,0.0564969510827373,0.026254045365199544,0.09369807207462193,0.07276507784777603,0.07641913783705255,0.11236072270833856,0.022329658537158615,0.026395773689946243,0.08294869931085198,0.025961983672619773
0.09616924079937234,0.023288891798729314,0.02308160336785259,0.04270477361404219,0.08527743930537725,0.02675816011229808,0.03049298314119159,0.07697850370947083,0.05605124147923702,0.02608278078515813,0.0932217498213482,0.07287351798902637,0.07847137590107281,0.1130879866211139,0.02227866725236634,0.02563323409543444,0.08230890465835608,0.025238945548552525
0.0920254157644313,0.022915640867137106,0.021609368339233548,0.04264361338516088,0.08401181103828752,0.02671087437337195,0.030282686093154276,0.07684286660140759,0.05854508144523469,0.02628357879482728,0.09442913064718275,0.0746833631165688,0.07911460351016962,0.11202343704786957,0.022009352418466965,0.026225103147145275,0.08349379232620169,0.026150281084149185
0.09162232444861869,0.02292780177260141,0.021612624191954782,0.04230277936499677,0.08374673876438753,0.02669576959195607,0.029859707343015855,0.0767326896815361,0.05817780196764183,0.026084007941287554,0.09492240525762026,0.07453319107021261,0.07991913749310854,0.11221031115404273,0.02206515472053268,0.026619125477899734,0.08377814789412677,0.026190281864460006
0.09213385283717856,0.022895084384313043,0.021316913076296774,0.04226363509169673,0.08362821586299636,0.026640527975917063,0.030348823614940217,0.07870068024452409,0.05986973252955918,0.02582044279506448,0.09504564156673243,0.07505744707140434,0.07785831935877284,0.10859995955912849,0.021866127010387905,0.026909252525371977,0.08477055127594434,0.02627479321977134
0.09260106433559252,0.023237453896760546,0.021403538773578316,0.042583548215290805,0.08374087911905295,0.026452116748747204,0.030549099584509846,0.07862215826675344,0.05949748571401958,0.02553318545293467,0.09525835352920758,0.07504407182218982,0.0782970917247193,0.10778096640925965,0.021959283210083853,0.026741613340549808,0.08462078368825904,0.026077306168491188
0.09433709848749479,0.023487035429063566,0.021706525638401312,0.04190030219635498,0.08141641787707853,0.026035501354022744,0.030311568479996862,0.07717234083862701,0.061673666277957125,0.02534679084772016,0.09536854114493899,0.07394468826621456,0.07965077369522311,0.10955187386300233,0.021958812487438237,0.02618581759558856,0.08420956543770655,0.025742680083170665
0.0947572319135987,0.023007931228587943,0.02150163658581396,0.04207267035078835,0.08186499038048373,0.02601225183662934,0.030061331095836925,0.07637727486249876,0.06130059747378673,0.025377046470086838,0.09501860896413537,0.07387670176893854,0.07955126685734755,0.10978815578421723,0.0218927146223372,0.026306284329374575,0.08556027987896471,0.025673025596573595
0.0938028924049459,0.023487149918111242,0.021858276625183325,0.04196324288156734,0.08162699941821262,0.026073488681478543,0.030867451692392408,0.0782088234723887,0.05695968425869203,0.023980552154249945,0.0966366647097879,0.07481520797508708,0.08005556067887003,0.11132578748856907,0.022051509113012263,0.026336493472711733,0.08418758234526176,0.0257626327094782
0.0936232877220035,0.02387940565346784,0.021588355308292933,0.04171843842196311,0.08146954513472236,0.025977319525058478,0.03087019560472599,0.07825458675423436,0.056698302611237275,0.02379458473737044,0.09831950876961831,0.0754453745966727,0.0800354515503596,0.1109622926776583,0.022060707909237757,0.026390991911852055,0.08353471619579342,0.025376934915731685
0.09529423303828605,0.023444152437367135,0.02170125847282566,0.041288743718737524,0.08210213069674818,0.02625750901257235,0.030976069839317107,0.07699435382750551,0.05709184095298305,0.023409745447724162,0.1000921820661642,0.0765653224459425,0.0787992842384623,0.11049667032950157,0.022163571086502694,0.025888423821531437,0.08176392822333392,0.025670580344494646
0.09534182365778847,0.023694846236611656,0.02131125447289913,0.04095286613449269,0.08180845349079154,0.02615737410441095,0.030865444965408814,0.07665124445135899,0.057097320149945036,0.023111933425718968,0.10153184683013503,0.07723364686640295,0.07867768672158953,0.10965205141511593,0.022273735077450424,0.025971111594304302,0.08213575353554199,0.025531606870033523
0.09185204118003024,0.022714941366711972,0.02102023174654451,0.04123218020792758,0.0806516947730391,0.026151260896611156,0.03107485938800762,0.07717629445972644,0.05926450373377327,0.022562076855695813,0.10423650362390324,0.07686743370386728,0.07926815523119549,0.11049406818845783,0.021678550177327414,0.026408280742944736,0.08176526449096487,0.025581659233271277
0.0932385634040214,0.022984680241779496,0.02094328312847927,0.04085898543466595,0.07991619333109465,0.025883691656919644,0.03227236439384574,0.0764984580097762,0.05889471640254605,0.022407548064115924,0.10380356649945914,0.07809129663002429,0.07958728098093888,0.10973730844374667,0.02175560010781227,0.026421688793975866,0.08120525671368842,0.025499517763110418
0.09352598911244595,0.023283562526796274,0.021396755419290103,0.04099955096233715,0.08003100593655729,0.026113431291646158,0.03265696557764302,0.07563994116884282,0.058917840054279316,0.021984343011150882,0.10507493944345328,0.07753564279902771,0.07913751569436746,0.1090568294986819,0.021772689914675493,0.026214585507470106,0.08111148462514994,0.025546927456185257
0.09285285097053836,0.023105937643416886,0.02145865840511484,0.0409370297344726,0.07986067356062695,0.026206627492186007,0.032641539307059056,0.07565404578059644,0.058638058625188436,0.02197217938344892,0.10463155495621412,0.07856575340016948,0.0791864940483054,0.1092255228566394,0.021805684004083274,0.026290423405720895,0.0813461338025437,0.025620832623675274
0.09390923136120487,0.023325950460799452,0.021340067872974756,0.04144160332593947,0.0797604079274677,0.02612204653230155,0.03299847473079672,0.07612116190942311,0.05775167388497536,0.02204293079807982,0.10132606546372495,0.07706906734862017,0.07964520157575192,0.11015318180147203,0.02182322829173131,0.026459068645827283,0.08267967377955406,0.026030964289355495
0.09642715357129214,0.023397208714180592,0.021647263859129157,0.04118963383727691,0.07964384667924891,0.026023668409443788,0.03341015337040896,0.07602870713417344,0.05738464695125273,0.02201516484490899,0.10052880137339154,0.07894988703733903,0.07919816860612997,0.10999960047912173,0.021876027704815216,0.02625943903511342,0.07984526785245499,0.026175360540318392
0.09797584808206715,0.023735763566519488,0.022002241175363535,0.04181183851485693,0.08009066960075814,0.025998927316120832,0.032724522235236975,0.07600258818667192,0.05887917166713475,0.02221591774030823,0.09806228149323966,0.07704108435170617,0.07756955960745907,0.10977564645261374,0.021748160624972677,0.026625265921672525,0.08158041192608234,0.02616010153721593
0.09930720463308434,0.023834699935300466,0.021878532826179745,0.041616890500182496,0.07974965943143707,0.02597594161912135,0.03280357235419993,0.07603925108865654,0.0584762908006031,0.02215712334947535,0.09794568694935886,0.07700970934163437,0.07777154354399371,0.10950980665407792,0.02156605955754157,0.026539984000275834,0.08189760061139972,0.02592044280347756
0.0962348341695955,0.023978771461687646,0.022329656440065473,0.04130260458978781,0.08120379355785601,0.02634345824307777,0.03326980983554981,0.07430004915800215,0.06059022778674298,0.021990653918411377,0.10130918978104528,0.07539549927099432,0.07796694777960715,0.10889005834185292,0.02159849641403041,0.02646091482121693,0.08128440887501723,0.025550625555459262
0.09730245725687037,0.0242061810070527,0.02241838945764664,0.04109409816331946,0.08030858862305829,0.02632569949520692,0.033276503310154575,0.07416904053349363,0.06073028098609481,0.021825693538786547,0.10209968971471221,0.07585519283945028,0.0780574051636636,0.10854714013643567,0.021545380246088985,0.026441893333764604,0.08081034808952807,0.024986018104672617
0.09610295092829554,0.024616100776646277,0.0220325134728512,0.041060786544057475,0.07914332588512278,0.025945603173608122,0.03361687900636493,0.07465415401372061,0.06524327627023153,0.0216004209963926,0.10065462985348582,0.07561621223360929,0.07713583290505024,0.10912109525736208,0.021383313826411655,0.02630599174133238,0.08063803194024248,0.025128881175214897
0.09663746066172187,0.024588629790909942,0.02204827938471531,0.04086978305028337,0.07894067956217295,0.02590567073311722,0.034041350590468894,0.07438343795326938,0.06524548997713588,0.021484114561150628,0.10178617097980863,0.07491540649441734,0.07743564809503439,0.10861552176083658,0.02125165739418767,0.026107914055369715,0.08062304978593329,0.025119735169466955
0.0980776788273015,0.025203660766949968,0.022154109059994098,0.0407067249672544,0.07887717348436409,0.02589321841576848,0.034739424974593744,0.07432550137417164,0.06352229762354124,0.021534033524668768,0.10166865848375788,0.07686295837188273,0.07832370243580838,0.10818671670214448,0.021771098702108135,0.02585978108132359,0.0775306667354358,0.02476259446893105
0.09756580292170253,0.025247257500541208,0.022539941683973885,0.04051682611354474,0.0788146284814082,0.025815775328189197,0.03474886652947895,0.07417347716474945,0.06367545839879396,0.021471454004171987,0.10189272834178677,0.07696706278061025,0.07841337254553639,0.10809258171946802,0.021734498512593476,0.025725423761382187,0.0776720098213609,0.02493283439070777
0.09558900708473993,0.02503080019552246,0.021881956779472952,0.04065509890961027,0.07949445962832209,0.02597894710090932,0.034340142951069276,0.07391840170063052,0.06325856569858523,0.021596095539619803,0.10217383298390549,0.07751023060262838,0.07809563671920906,0.10820140363150921,0.02144842120259453,0.025756473690828008,0.08031563801958233,0.024754887561261176
0.09657740757498215,0.02493565569513974,0.021451748729589017,0.04058293448867948,0.07943560558333536,0.02598299505440897,0.034238331603337724,0.07367585597857002,0.06354937886821437,0.0216086963046416,0.10063726752256294,0.07856990091697211,0.07771785878091093,0.10833277262603096,0.0213347796298801,0.025781584114790375,0.08091818852184746,0.024669038006106793
0.09745118553507263,0.02514269319425553,0.021296531607450316,0.04080458445302122,0.08133157263297677,0.0261634028976934,0.03400175819146887,0.07486630042131391,0.0628256784534047,0.021472131808431688,0.099081624334763,0.07644877799723261,0.0775355774123139,0.10875395722920132,0.021473725612211593,0.02587792013306329,0.08072222821231793,0.02475034987380726
0.09775041361945172,0.025240041900080105,0.02134442504696671,0.040544331222208685,0.08077876190636665,0.02587694284514341,0.034109257605303145,0.07465831012689686,0.0626953966464213,0.021391745775235508,0.0996808060591283,0.0779883899741546,0.07767249316088526,0.10811871649934855,0.021407894618394024,0.025970143954493683,0.0810076359090833,0.023764293130438215
0.09620727962359825,0.025519954979444436,0.02183162795484169,0.0400134566897791,0.07962250103277532,0.02548248048491412,0.033120487853123444,0.07518900491016371,0.0663520726981485,0.020980035352473364,0.10407059472557395,0.07632401319077392,0.0780807069768194,0.10780947387813937,0.02184363832317115,0.02528350553553362,0.07870542519778667,0.023563740592939805
0.09479647237970178,0.025407652403332065,0.0216706526398966,0.039902426175561036,0.0795085153431836,0.02547989748071053,0.033372039792746395,0.07518138841302426,0.0654403193372104,0.021087740080248513,0.10430141809568041,0.07722479143791648,0.07857524777818421,0.10816742559287074,0.02175446632300333,0.0254691372614076,0.0793657882583101,0.023294621207011992
0.09348320196411417,0.02503495989830202,0.021322516442377478,0.040323602747122614,0.07996066841653511,0.02572213021235465,0.03341994325210572,0.0741433898032695,0.06681635505019912,0.020994656655515115,0.10903474354843228,0.0762473014306293,0.07937291690982365,0.10779941170131657,0.021249658674586343,0.025112779540350707,0.07700447301387592,0.022957290739089822
0.09222826029496482,0.024937745843489945,0.0214009137517748,0.040232027617409155,0.079849577429494,0.025714806448112682,0.033375863167493136,0.07393909064209458,0.06777685251252846,0.020965254343428327,0.10951016684021767,0.07711094182259207,0.07926984293265231,0.10766794275219034,0.02141848009567832,0.025055747918447186,0.07699644944301974,0.022550036144412346
0.0934891443907286,0.02530397954236041,0.021923363056874694,0.039998139921789605,0.079555775427267,0.025574843765357402,0.03400438658036001,0.07470873026453394,0.06929070202636788,0.021098589170712823,0.10486637942636849,0.07505608260829548,0.07930704459835812,0.10940467044836033,0.021040069343927516,0.025519161535804136,0.07663297678931494,0.023225961103218583
0.09358147990206009,0.02438675570208186,0.02129739014517507,0.039728166787280784,0.07897214732664234,0.025251468590640015,0.034027097366975,0.0746716438715193,0.07121921469540161,0.02102754763059338,0.10523281480385882,0.07480335496981332,0.07944326674848376,0.10889529320202476,0.021026831525351584,0.025557908878193404,0.07728810856826306,0.02358950928564191
0.09275352216911988,0.024556849931011423,0.022025717415324483,0.04019644366017034,0.07790024038695693,0.024968228715124018,0.0342702682969551,0.07469823353971768,0.07212672616263135,0.02094182044055909,0.10299422196455121,0.0747904814069615,0.07939367968317139,0.1089375929506822,0.021348008400533986,0.025722510143297777,0.07857229685296269,0.023803157880268905
0.09311777066955962,0.024672006729073624,0.021959522929943194,0.04027766979560871,0.07803668377916069,0.02493766522477026,0.03421595481308415,0.07477826557927167,0.070671604927233,0.02096256159229401,0.1019926492735275,0.07528858912730556,0.0796107099550934,0.10936066237175505,0.02139515554828218,0.025096290249080465,0.0797947867751564,0.023831450659800465
0.09588776564370934,0.02519353421279893,0.022438769556803892,0.04033343481492003,0.0782338289485733,0.024751863145209857,0.03445532828213929,0.07513216313452033,0.07014881561733267,0.02110356999483831,0.09760370230485732,0.07384330068595235,0.07898938155283132,0.11103851970722627,0.021497253615972704,0.02573513430023039,0.07938586613442623,0.024227768347657375
0.09505873909368641,0.025251418770861744,0.02249547200289976,0.04032830740124811,0.07814889502728709,0.024421889693037435,0.034010973855848406,0.07525002922871704,0.06924627846565586,0.021129422783664503,0.09661249425325097,0.07597805480985684,0.07909228761680598,0.11083696139809456,0.021203502171852538,0.02605126387207706,0.08050604742137563,0.024377962133780174
0.09209449511210314,0.02466198459100562,0.022205663300840017,0.04072056277378491,0.07680096622846666,0.023888570151978004,0.034233321361453545,0.0748792031369959,0.07297827297578906,0.020968351732014907,0.10025195084697884,0.075176593767623,0.07912427268833805,0.11062061142216058,0.02174557745952664,0.026079002424295415,0.07937236475892474,0.024198235267720997
0.0934098324907578,0.025053177220737338,0.02255125731846739,0.04052838451640239,0.07636179805208537,0.023702473718082432,0.03430624240006318,0.07495413919478543,0.07294371994503455,0.020837943250515127,0.10154281641387058,0.07490103326216477,0.07925246218512944,0.11022982072087864,0.02169196971871776,0.025832175747404186,0.07831397632447205,0.023586777520431763
0.09498624733887713,0.02502325355069199,0.023052574677533723,0.040146635733797044,0.07639293007003747,0.023282879682256005,0.035038895278288656,0.07458545309206348,0.0707131747935432,0.020508825577647643,0.10051525631712499,0.07546098768056968,0.07868821603433641,0.10967081362888399,0.02187472506055819,0.02650326289517496,0.07933270643373663,0.02422316215487874
0.0941496567874866,0.025076488534033412,0.023085914255722217,0.04018394896591457,0.07536801168863662,0.023450506661071503,0.03525002672558454,0.07477970357467716,0.07065701641943122,0.02057962138024633,0.10028141333158107,0.07600669854903434,0.07889384933884964,0.11018449430108156,0.022078967679520473,0.026807867736376865,0.07941883028287211,0.023746983787879622
0.09260284113940975,0.02507667428897385,0.02309992663704101,0.039543480495896996,0.07409913951091472,0.022888479115086804,0.03388762131619372,0.07435879357759433,0.07739521611995229,0.020296971514534606,0.09990572236801293,0.07514808439383766,0.07870874298317236,0.108673496192149,0.021596319916401648,0.026515421386019984,0.08299091566350053,0.023212153381307894
0.09334779936020351,0.024918348313475523,0.022948933833556034,0.039341461826947456,0.07385391092390184,0.022903882568553267,0.03387164839872338,0.07416859420236262,0.07773130021750488,0.020182010609510345,0.09948622221512807,0.07490910906594941,0.07853083203173274,0.10804542038509254,0.021455157022894803,0.026402800072333185,0.08467132272268993,0.023231246229440568
0.09164213441016979,0.024692186815292283,0.022027104533729237,0.03975495307204329,0.07508728606051891,0.022893495832603056,0.033076434741523796,0.07477587422785262,0.08167551589631264,0.020398987467456074,0.09848412016761472,0.07540310680436206,0.07816348494261685,0.10871714887504536,0.02127409625338283,0.026388036454368807,0.08191649277064968,0.023629540674457935
0.09273198652232532,0.024628256014743617,0.022348594981857327,0.039563061086852896,0.07475646710227504,0.022944042118032047,0.032905936638423124,0.0744663521289125,0.08211957871183677,0.020307831281627792,0.09829717449998407,0.07522133978147076,0.07818262330414921,0.10833734551555767,0.021278276076604766,0.026418956572040984,0.08225739724486293,0.023234780418443273
0.09526399565760613,0.024709228100116123,0.02251009441213502,0.03967455815673209,0.0741220244022078,0.02279741627538578,0.03426328291175842,0.07444788114697556,0.07794586623605089,0.020432592527412037,0.09558854762223322,0.07455924436838691,0.0788374800202215,0.10972184859979629,0.021527595331168495,0.02729720648235992,0.0823047499369634,0.02399638781249029
0.09449249468184605,0.02502733024445913,0.022624105840479785,0.039789480773842964,0.07432394899510615,0.02291287878982898,0.03418628922140538,0.07486029052136722,0.07570647899026688,0.020518088773449638,0.0970808472121533,0.07583354575660566,0.07973056240349673,0.11036112656276256,0.021280530109577214,0.026202405412531885,0.0810384274132305,0.024031168297589993
0.09594360407174665,0.024641539695152762,0.022446470519805882,0.04033625062672477,0.07566241564557004,0.023117674358378443,0.03412207121419161,0.07522163619489446,0.07955657164694929,0.02079198363984474,0.09325633194768171,0.0735067003437103,0.0785462172035354,0.11079523903588233,0.021280320652207963,0.027620062992807122,0.07852535063495869,0.024629559575957728
0.09541780746896984,0.024959204525054467,0.02276383257841718,0.04011215768961106,0.0756557959010395,0.02320617798159639,0.034187364637360156,0.07523370618795579,0.08020132681920575,0.02054525046709947,0.0931753115534685,0.07346635852205187,0.07840755356400302,0.11020191854808115,0.021368962114316492,0.027666937932126146,0.0772430539240982,0.026187279585544846
0.09564772533443223,0.024738422873848358,0.022909059208741405,0.039622298059514324,0.07538544681641558,0.02347792523872045,0.034956570554589325,0.07524512234520189,0.08326206309650869,0.020338236323039195,0.093790181039991,0.07278889557293546,0.0776393144790738,0.10888694333997131,0.021536537179454425,0.027438457187597305,0.07544752144710813,0.026889279902857072
0.09549811900047488,0.024817984890521116,0.023105167915345004,0.039505084079740786,0.07521650697421024,0.023524997029419008,0.0347851182246482,0.07477864996889726,0.0818886832255347,0.020310492437131063,0.0930509729178724,0.0742763635170416,0.07708883375900134,0.10822879504208516,0.021488273651270325,0.02774362538049253,0.07527845680767824,0.02941387517863608
0.09751582504320203,0.025028368999113176,0.022569500883559673,0.04020142510991125,0.07634040607344,0.02401180947054536,0.03488549853393171,0.0738919109551622,0.08085097803680472,0.020578540302196073,0.09384223161932578,0.07358145880951782,0.07735080665640373,0.1090078100379399,0.02169582216438841,0.026883095645465937,0.07356467018292621,0.02819984147616614
0.09772774745715976,0.025079417736928723,0.02233537152708415,0.0403883040592927,0.07632305132633055,0.024010623973188323,0.03465466818200608,0.07358414989527019,0.08190316850669409,0.020584619057272855,0.09344204166670508,0.07283704757155596,0.07762224671085498,0.10895227842404723,0.021740076918987015,0.026753418977646177,0.0737147041996909,0.02834706380928527
0.10292123328867622,0.025369742492540925,0.022665530129689103,0.04133072071814594,0.07791119343026927,0.024245843181282766,0.035456439707555555,0.0732237211105499,0.07531157885990018,0.020969597685011446,0.09169173102871171,0.07419686819125491,0.07714212911269618,0.10966706050329986,0.0218556944259144,0.02727111923201041,0.06928140857921697,0.02948838832327438
0.10412436307949388,0.02517562957719455,0.022674551190424164,0.04115326453785807,0.07761747985485196,0.024187454835232186,0.035211485707971016,0.07290327566408523,0.07495590443561403,0.020717427593732907,0.09080611704993662,0.0731043808896647,0.07695635903704913,0.10928942827543957,0.021875641607889636,0.027770921346412205,0.0718756502749847,0.029600665042165363
0.10411513868858907,0.026453898453089184,0.02374684572715464,0.04007547422524349,0.07614469756823426,0.023926333669621744,0.03583505001402269,0.07459627781589923,0.07833972325398174,0.020426996805623144,0.08972181197242407,0.07236900627383903,0.07707575790480097,0.10802904711814273,0.022308784687445442,0.027951522733896998,0.06977540631620059,0.029108226771790868
0.10569282218258018,0.026014488723314987,0.02370929870257701,0.040138382029175634,0.07301598336570127,0.023655420854880024,0.03625432166782679,0.07487664739504134,0.07839080969802069,0.020475732003543436,0.08930567219620024,0.0720542713631298,0.07712676223737282,0.10801541325481341,0.022638792621922567,0.028130281341423046,0.07048270375754506,0.030022196604931675
0.10608925589128967,0.026210585282561122,0.023827217342360377,0.0402348298581724,0.07341654912939383,0.022986354849585725,0.03617097010213243,0.07219131470704879,0.08159407919939181,0.020207366282238234,0.08934240359641676,0.07258469410186964,0.07602003304604073,0.10715520452570695,0.022668001747965905,0.02836899794738737,0.06913030726298434,0.0318018351274539
0.1068423974265117,0.026056113240778053,0.02404509862912671,0.040057478101636956,0.07324795776191435,0.022752333380898573,0.03630941373738534,0.07189548116612321,0.081367607299532,0.02007517151977042,0.08967541038792753,0.07287698298033325,0.07618619269946128,0.10676003798866902,0.022747182901960376,0.028306484691938003,0.06893560174399008,0.03186305434204296
0.10467302271977517,0.02614233667624005,0.023796968140769387,0.040266845099482994,0.07357638784811679,0.022801711459625416,0.03631393268099108,0.07417029100012086,0.08221033752363383,0.02007122705572552,0.09207776548195316,0.07203229167990932,0.07637220778873419,0.10599998028970586,0.022606579061074994,0.028018366853573777,0.06752333857041146,0.03134641007015619
0.10457455315740893,0.026309981064265547,0.024033865381238004,0.04022248490668136,0.07375443170440675,0.022660139241836675,0.03642507151299349,0.07437076260405891,0.08158391081227545,0.020061772415448896,0.09250221619743909,0.07151866233849463,0.07617705033816026,0.1058079580382221,0.022721837964552287,0.02815200962353379,0.06774401667231174,0.031379276026672134
0.10796946812313422,0.02654126614820941,0.02402194213463093,0.0403914566914943,0.07294664122104821,0.02237745709140548,0.03776121915887532,0.07482679735314876,0.07623624435968496,0.020073171815241653,0.09196775209054919,0.07312539893758925,0.07686059880364632,0.10762372303593053,0.023031457166047445,0.027917593431808527,0.0669544320233183,0.029373380414237205
0.11019664875141225,0.026703815849644374,0.024090946392917232,0.04090409966764733,0.07315419614805961,0.022571237894903486,0.037757955565499365,0.07488171372036642,0.07512947678574491,0.020265994186604235,0.08886948590743061,0.07281185838158424,0.07690360187359524,0.10826917006951985,0.023082223509440097,0.027907834009693197,0.06666735443857572,0.02983238684736191
0.10849232863491916,0.027039511396513928,0.02368673850782349,0.040643404518813486,0.07191515544743281,0.02240527005192951,0.03780432090431914,0.07733477430998233,0.07432266942148667,0.02019149921262314,0.09137452304063888,0.0728748669214388,0.07733721381181971,0.10653484871493737,0.022827651924512023,0.028466187095198298,0.06736973042057127,0.02937930566503987
0.10734033657738268,0.027396901736487584,0.023485483068784892,0.04046289405144136,0.07198737900680513,0.022357355751978284,0.03748647458581652,0.07697316449078469,0.07504559936182442,0.020064900548048527,0.09282143204059959,0.07163117594997567,0.07713014666121772,0.10626174127918278,0.023383939741254533,0.02808672698443183,0.06883552901801342,0.029248819145970356
0.10284673153835844,0.022834931964166864,0.022834931964166864,0.08776686804979544,0.07980646241044763,0.08202390623202076,0.09780691425811103,0.022834931964166864,0.022834931964166864,0.022834931964166864,0.07420446366889795,0.022834931964166864,0.022834931964166864,0.10660947570530263,0.022834931964166864,0.022834931964166864,0.09549346843565111,0.06792732202391324
0.10234577678917096,0.022526585262688536,0.023475103100756133,0.08791832352253476,0.0802186660048214,0.08250410542843184,0.09732720452278508,0.022956119664081783,0.02277415401209782,0.022850610108432756,0.07443363947820963,0.022701817270122947,0.022858696855604637,0.10684514990361214,0.0227720011414024,0.0227260640623661,0.09485381739679531,0.06791216547608589
0.10145666240334075,0.022548982296441915,0.02322947239139872,0.08902876641849722,0.07973157274749215,0.08286205154959195,0.09784803015184196,0.023098123716245617,0.022913466732128168,0.022604530186389842,0.07506807662384252,0.02338757610687595,0.022998626338140912,0.10936965931937434,0.02263239786886973,0.022065998650800066,0.09197707181747619,0.06717893468125187
0.10228880161640667,0.021484097708261707,0.023369129514997058,0.08957094762134704,0.08033044762462925,0.08285400433120498,0.09728668300209524,0.023090151240555502,0.02310830661904682,0.022734575631666688,0.0740104673562825,0.023425963133019305,0.022891468755188066,0.10861078418422336,0.0224863997070777,0.02215990677939572,0.09168309531428467,0.06861476986031766
0.10262092847876372,0.02232655241990639,0.023505255450060256,0.09032330192019723,0.08052018530332766,0.0851047473239802,0.09331482847982292,0.023039567216748512,0.023376742012479357,0.022809941972784225,0.07044851843422797,0.02392387197324014,0.02319003397688502,0.10758104646159947,0.022769646001975105,0.022642446625277333,0.09494291575635241,0.06755947019237218
0.10188682360491055,0.02210301201693476,0.024101960417907225,0.08948612107033897,0.08162943320887915,0.0851405787308777,0.09268998568027904,0.02301297462153145,0.023439216541308136,0.022685312507231947,0.07147080627457682,0.023535935726293172,0.02310392392520014,0.10748565345904128,0.022645238892830953,0.022518733719773774,0.09566658227958781,0.06739770732249711
0.10140356445764767,0.022516167540344384,0.023722878603033203,0.08961860992227488,0.0806181476480734,0.08395225985632918,0.09431409365770684,0.023207109442045244,0.02398327125295982,0.02263989592186697,0.07068510113391765,0.02359672360629666,0.02333621304147514,0.10887170730026471,0.023069470225463042,0.023057509234487884,0.09312820927502213,0.06827906788079115
0.10514690315784318,0.022323051785612072,0.023556631454372513,0.08916951024071801,0.08038272178921523,0.08378874889836863,0.09432861700903475,0.022473706774628247,0.02363659175352659,0.02254607255706363,0.06936872594758949,0.024186338409429683,0.023058732147191147,0.10951741989754056,0.022841005196575056,0.02304699771125716,0.09321004322561048,0.06741818204442347
0.10758469310165122,0.022645479650198756,0.024310930665961634,0.08967927901847743,0.07928200406895784,0.08367828062495468,0.09390082877580223,0.022374350633881292,0.024042182571056253,0.022360313008617665,0.06810925253561403,0.02364594321881232,0.023254269616904365,0.10885560377818138,0.023245820277113638,0.023452259607972762,0.09403821264299898,0.06554029620284353
