0,1,2,3,4,5,6,7,8,9,10,11,12,13,14,15,16,17,18,19,20,21,22,23
0.030977800783848035,0.01269923706662999,0.009669424936640105,5.5491478524260955e-05,0.24147933302524613,0.11222888777976828,0.00010705276200478442,0.00011972072713970095,3.854035127360989e-05,0.08453500614965949,4.583601555494084e-05,0.04817233891357889,0.14756173910683537,3.449205374446214e-05,0.06260715884218333,0.07492065158737027,0.00011142730156380561,0.0006273401129487642,0.1030899224773216,0.00013124809647456167,0.020168281042008053,0.013530301637065943,0.0013228293399381917,0.03576593841267741
0.0346671913974556,0.010061234988433664,0.011277719820567205,4.3764657787208095e-05,0.24146514414539905,0.11614762782682088,0.00012049218053299945,0.00013415915768429202,3.683724994721492e-05,0.08408347599444767,5.598323095662819e-05,0.04684140345419344,0.15280184711668168,3.477222170043262e-05,0.060089216441335816,0.07666260764204007,0.00010566768581529373,0.0008948038097770353,0.10363346601181742,0.0001360262656452414,0.01973408019351128,0.008991341897703089,0.000895415429960936,0.03108572117978573
0.034596360233083275,0.009405044702778306,0.011116214042823373,5.0679275027531376e-05,0.24064231053124194,0.1155112374988956,0.00012546765638580073,0.0001402244167995594,3.6325523110160266e-05,0.08371983509153633,5.5757300088467884e-05,0.04772997798025807,0.15330630273918255,3.4523718892622536e-05,0.05993635564337572,0.07683578224758052,0.00010315500607859146,0.0007935529679299553,0.10339313829921107,0.0001366447299673489,0.019538969731700762,0.009599140189690613,0.000860098764159288,0.03233290171020268
0.03327130777856381,0.009709335315989479,0.011753875409460624,6.308452032851764e-05,0.24148155082716216,0.11505850226353527,0.00012740073428201752,0.00013077717407993205,3.918034739215896e-05,0.08086363494565434,6.661949862989269e-05,0.050989939321318845,0.15239230440206317,3.63376407685838e-05,0.060415641988632626,0.07770166995103155,0.00010859415379345803,0.0010235195924566608,0.10169098925680728,0.00014234696488120473,0.01900398803232349,0.011224779959584812,0.0016227115278077502,0.03108190839345227
0.034543648045873745,0.0108168260183526,0.010480854333705105,5.851120853166853e-05,0.24245807491532445,0.1147722724215403,0.00011513412542742428,0.00012499940858153662,3.726587511455919e-05,0.07970717381942503,6.737504835551717e-05,0.050927610567300864,0.15294805826232438,3.459990601174047e-05,0.06031822672562156,0.07717254758989192,0.00010117198984564807,0.001028423475217985,0.10082659594561304,0.0001302597440385148,0.01881273223272551,0.011757705156319565,0.001156380265598059,0.031603552919255117
0.029360262773269797,0.013972770837436152,0.012745609124203566,6.264943734948328e-05,0.23659754159369292,0.11381144197145572,0.0001206704087556299,0.00011878287177499863,3.807393037206991e-05,0.08012451854902589,8.83252565376135e-05,0.046518670279462056,0.15595278912892285,3.5231769671173104e-05,0.06205103003794243,0.07794700516919983,0.00012889275980313813,0.0009263096766253616,0.10523806410819103,0.0001343765824736393,0.020266676834508605,0.009354707189414075,0.0012581209575364977,0.033147478752375246
0.028598184013030888,0.01595121854180571,0.011859770744971807,6.223438097885896e-05,0.23606665420741718,0.11318077188141916,0.00011539832428765755,0.00012428923824935506,3.8405140018520516e-05,0.07875392662479562,9.380889214001759e-05,0.04577368759855267,0.1562013234244893,3.511525372560788e-05,0.06340980269343108,0.0785323524912236,0.00012517559454282157,0.0007362430978457096,0.1055522620961681,0.00013783650301565627,0.020645589157680617,0.009727237458164393,0.0012762338617501217,0.033002478780295455
0.02550006313752751,0.017354754531850446,0.011886218530457534,6.800044542684725e-05,0.23567023192267256,0.11233152546096399,0.00013290572392172986,0.00014997552276527822,4.094136487059634e-05,0.07987695021627807,0.0001126733311416496,0.04640919174818453,0.15634987004954068,3.749798737059707e-05,0.06548770813620094,0.07769673176457591,0.00011940824569977934,0.0006328722334120227,0.10532719046887913,0.00014341992650217862,0.020211232233994167,0.009699246992587016,0.0017896365787612096,0.03297175344641468
0.025686619150729097,0.01708038206166442,0.0115263182559573,7.424052718688703e-05,0.2354035150216948,0.11221192147561548,0.00014539159019259117,0.00016548059130704006,4.453169303517248e-05,0.08107139966717246,0.00012856962631055836,0.0461217371927567,0.15665612246003108,3.983143776141119e-05,0.06553513021577342,0.07767961624154576,0.00011845415974227053,0.0007082434656089081,0.10530105642702224,0.00015099727613475874,0.020540722976582434,0.008696189162885401,0.0021804338008669538,0.032733095522417724
0.026927859501648086,0.016450932389445668,0.0075151920626717475,7.138985799654326e-05,0.2382680072738455,0.10545448447020263,0.00012796420237117103,0.0001868383582473759,4.4650574162468825e-05,0.08717122761490129,0.00010462537760244036,0.04845109285514304,0.1490281257198358,4.323816043666845e-05,0.06872229458551628,0.07898710825436231,0.00014162884323964237,0.004457228952254956,0.103364954709542,0.0001540225010057093,0.022854126563194768,0.006014807298443192,0.0012456566401900647,0.034212543233740976
0.0244896156002458,0.015017082076313321,0.009725508344793745,6.881570744252794e-05,0.23734500945730436,0.10604918450155038,0.00010534223626122866,0.00017902056377090887,4.2321865130649394e-05,0.08969748407960243,0.00010386915526801662,0.051470070512345416,0.14876473720010877,4.535420463144124e-05,0.0674294498921713,0.07856347036276938,0.00012503577617468622,0.0031021703775975062,0.10346855482139773,0.00014516375758145841,0.022668251189860423,0.005956252635907604,0.0017481720053007365,0.03369006367648112
0.023178767353596558,0.015465444815991514,0.009819109638795922,7.888337459117759e-05,0.23806957563056855,0.10593331148175468,0.00011056268916890161,0.00019463604345765825,4.5297846756592696e-05,0.09063397093073251,0.00012954340656626457,0.051620084171579275,0.14842849327846042,4.897943381088277e-05,0.06713906026322233,0.07860429258832669,0.00013238937331410197,0.0031950031523163857,0.10333992057028075,0.00014715431934351944,0.02226819537596752,0.005316923408410839,0.0020981420803865944,0.034002258772600505
0.025316559643963555,0.014361501247870133,0.009231095929918073,0.000391642187844978,0.2405638681088347,0.10388963002339673,0.0006281869839976222,0.0009290952614656964,0.00024421285110086453,0.08919680787053999,0.0005632523934474502,0.05138125256268541,0.1466676080559002,0.000250475333509785,0.06631452300199552,0.07797887268913886,0.0006719010062873675,0.004428025581704747,0.10218717778702598,0.0007218761477026444,0.02126459407885864,0.006081149486762684,0.0028881138603171377,0.033848577905731224
0.02500331801412373,0.015682546414794375,0.008334298959270833,7.926511995818468e-05,0.23878851395950113,0.10563656634047437,0.00010097877417319221,0.00018852806275547135,4.7656350050213214e-05,0.08939181606641444,0.00015961035739378218,0.051265223203639056,0.14747998270069054,5.514599317799565e-05,0.06708717258160012,0.0784897081230152,0.00013218201562386302,0.0034619087856370507,0.10267230151199118,0.00014001753508112176,0.023431286730414957,0.005592280811907875,0.002635770196262148,0.0341439213920492
0.025456540232042076,0.015690849881579597,0.008233834426245224,8.586177587311597e-05,0.23895028187482192,0.10556637264216251,0.0001026476206048762,0.0002140689322866002,5.2715044249806875e-05,0.0891973214266476,0.00017551031159310405,0.050911655514811215,0.1478195369735459,6.064856280847215e-05,0.06716086871835895,0.07829778921620889,0.0001520457721430044,0.003493963762903673,0.10266514980389227,0.0001733651564220578,0.023302821114067975,0.005584877933938403,0.002301044422002529,0.0343502288807876
0.02881326192678695,0.013304650734570914,0.008593014730718048,8.103832812732919e-05,0.23877331597772275,0.10434655797314858,9.83379161474595e-05,0.0001973018313864294,5.0857057805171475e-05,0.0895599460274384,0.0001544838224597063,0.04982118140525277,0.14729694288602196,5.897784742424045e-05,0.0675412018704283,0.07925116187741509,0.0001460696564717655,0.0029478899250060153,0.10326400327947152,0.0001823710315698021,0.02296223146402202,0.0060272202658260615,0.002852682564656789,0.03367529960012156
0.02862206196873497,0.013991784829463482,0.008728070143788519,6.205179343501054e-05,0.23844571852889324,0.10454509320292853,8.35866948823619e-05,0.00015206255112101128,4.0955802636766e-05,0.08928707140508123,0.0001077377556229901,0.049560745046845975,0.14721835621780355,4.5746636169688914e-05,0.06824021980188257,0.0792430014275289,0.00010995990202647605,0.003173572017446002,0.10314498284209639,0.00012742251227946836,0.022715107041186296,0.005937273189383047,0.0030740964825006017,0.033343322206263556
0.039810812826409796,0.018655624936090593,0.0042711765766326164,4.425860452227141e-05,0.24465967040419712,0.1099942457702866,9.309587993799348e-05,0.00015067427066301652,5.772868199064992e-05,0.030623655011455194,0.0005371783257801983,0.05722910952533986,0.15556673800206883,9.478694459649504e-05,0.07130331707521173,0.07953696697739661,0.00012816668140280888,0.008210895446460973,0.10422508583635229,0.0003695875250563155,0.026332057797194122,0.010040428293245562,0.0006936890950525045,0.03737104951266297
0.04165491177697815,0.021202547168071063,0.005887887776607225,5.086203531194168e-05,0.24825790112243132,0.11237319383192401,9.531089349807732e-05,0.00014275535415514924,7.180175076321632e-05,0.0060117386069408335,0.00040829174061443244,0.06207057025898566,0.15681044770972702,0.0001035351576159984,0.07102550058262781,0.08092116061716365,0.00016504104513885898,0.010875849322932594,0.10599065320772252,0.0003739699600270079,0.023613417127424863,0.013993700679979534,0.002443179602552196,0.0354557726708068
0.03228674596627117,0.028560172967932864,0.003652378344749031,4.740937780535405e-05,0.24338857964366997,0.10973747377048901,9.406737343041946e-05,0.00013433766389011427,6.17875036398258e-05,0.008205872077778403,0.0003175352364109519,0.06009909791307297,0.1601229322910338,8.680756882286607e-05,0.06995149808814066,0.0816650297139753,0.00018294490803831196,0.014462561591246675,0.1058745133017092,0.0007393600058511098,0.022171254060694163,0.014762378988715815,0.002884027043694382,0.04051123459893776
0.030865822194357902,0.029125981459197,0.003911933745932919,5.402312969083981e-05,0.24360135498152322,0.10922346334545698,0.00010590831765975404,0.00015086831960757285,6.796519754545123e-05,0.00840252273859452,0.00035857703075443996,0.06024948757337861,0.16006147424772235,9.49439262473135e-05,0.06972045287923713,0.0818834220786629,0.00020727088451626385,0.01392732368895627,0.1060324813021251,0.0007288340316332517,0.02212257505826103,0.014559682599085135,0.0035548978019555736,0.04098873346789773
0.029677534140815722,0.029090247409112913,0.004851560746959066,4.9682298214047094e-05,0.24533332711910663,0.10776115553243773,9.674676559805464e-05,0.0001433257232613044,5.8452787203724795e-05,0.009682732878815985,0.00022119148262946678,0.06006028719965703,0.1585416847037807,8.020555345813777e-05,0.070044735020572,0.08188067002404394,0.00019497476134923032,0.014044765650090168,0.1064398990033325,0.0008727596154612834,0.021607813008838572,0.01521447035533642,0.0038591885468539705,0.04019258967308631
0.029139236173066584,0.029531002116675583,0.004736234415062676,5.000459936815123e-05,0.24552543679668815,0.1075464909952021,9.627335275048029e-05,0.00014528852278796703,5.903885292190213e-05,0.009679309460284646,0.00021555779371895873,0.060214112535187284,0.1581174348452077,7.988959350848984e-05,0.06997716926966495,0.08187844738572057,0.0001987114440188213,0.014785003780615803,0.10625847373096158,0.0010940180612310593,0.02156100422726781,0.015217767219499745,0.0038383953638304897,0.04005569946475234
0.03144844078117826,0.021464039825828486,0.004969660744137015,5.282363617836576e-05,0.24739998809889235,0.11060167386265077,9.41661583847354e-05,0.00015014312801026058,5.6122369183220957e-05,0.010332184124926319,0.0002938162758160919,0.06131960596041629,0.15625477162880586,0.00010097043962539895,0.06944993095366041,0.07928123727330397,0.0001481209565718799,0.019910707084743493,0.10448295097351332,0.0027487321368722044,0.02270472307456306,0.015260207703191293,0.004608654469677556,0.036866328339869484
0.030182066933015356,0.0229408203093108,0.004818174332150217,5.4016555536641794e-05,0.24733000469253874,0.11027981795636665,9.469591838399021e-05,0.00014545212481600415,5.668614838758123e-05,0.01033086730512439,0.0003011917820594369,0.06106997195867743,0.15638407182158626,0.00010156204278157665,0.069871681975021,0.07951221686384315,0.00014475342339726342,0.02006315257837892,0.10445900987325699,0.0023944552865970948,0.02289537635833316,0.015303532179067414,0.004073062467349945,0.03719335911402007
0.030782658087845815,0.019310966587871133,0.0023558292213626845,6.148680286321241e-05,0.24331283180971905,0.10188375876831893,0.00011876621930073828,0.00017643344130561435,6.799662006397513e-05,0.009512161610097962,0.0013475856599062643,0.06353626447035245,0.16332194147327156,0.00010252919886826712,0.06875785196102302,0.07971879381150694,0.00021542439171759462,0.017183155399912768,0.11031099370556745,0.005904684509741836,0.02345201593016984,0.013724594446763185,0.0053912622940702915,0.03945001357837957
0.02975179285371731,0.019986592515477145,0.0015004405424131723,6.22024044525288e-05,0.2423291101303856,0.10147406304492505,0.0001187473070092973,0.00019341023819365675,6.545722141990015e-05,0.010498471097706439,0.0014372971516419222,0.06044092242157355,0.16479278633391178,0.00010332216376722952,0.06988235070194354,0.07907071606709597,0.00025206910611122517,0.017316441252173513,0.11188879629408782,0.0064099646002614575,0.02446795450662751,0.013956488099842722,0.004242472292498752,0.03975813165276288
0.03554160702476546,0.019204371725685974,0.00044397369771922453,8.280358026347858e-05,0.2429492091524912,0.10018541549705426,0.00014746075959452424,0.00015369329069431337,5.2542738867685764e-05,0.008737316290411273,0.0017313465396777636,0.06138664262709336,0.16922739201563214,0.001464591120401822,0.06842270537472646,0.08331758757161221,0.0002361771132606073,0.015803281840297445,0.11216621650674316,0.003020510150611599,0.028396061331029846,0.011309573277847476,0.0005275733818357888,0.035491947391682606
0.03619633736597925,0.0191545626880715,0.00041548983835510946,7.476927420918814e-05,0.24296039190302177,0.10023238004518495,0.00013850904129634423,0.00013966608046569933,4.92655851265824e-05,0.008665008384563466,0.0016930925735298699,0.06108694799601477,0.16925265828707078,0.0018532792380773274,0.06862359048431113,0.08372074983787277,0.00023135738419392877,0.015603808896981892,0.11198127375402454,0.0021871025865124677,0.028401643384505633,0.01144922736322825,0.0004544081706968193,0.035434479836706
0.040714570766391664,0.013997631502093833,0.001077147881661821,7.950428102701168e-05,0.2390427333202994,0.10061245112106618,0.00013134054136152497,0.00014486178630232567,5.5721589342845424e-05,0.008593918551935135,0.002879806381338522,0.060757346012375646,0.1759329338887691,0.0024884848715960835,0.071987432071608,0.08196899050132914,0.00018846322816116893,0.014445433049246285,0.10935599674766397,0.0033419649138211782,0.030358496285205053,0.008300786304748118,0.0011930180186596844,0.03235096638399642
0.03978382761615258,0.015868755066860463,0.0009554843917717466,6.582152239653669e-05,0.2403492290558974,0.09862504001678858,0.00012490782735186568,0.00014621293540027119,5.270233605823408e-05,0.009285213600205434,0.0029760274864424102,0.0608734083214051,0.17788353884750271,0.0031769207915536787,0.0689246514419795,0.08244365267643015,0.0001961981291854537,0.0129105084647655,0.10921215151821677,0.004349316687713938,0.03121041780313361,0.006244399044085738,0.0010792415795310211,0.03326237283917858
0.04065530651922403,0.013128833505064262,0.0008911534182385322,7.884646686573989e-05,0.2427109765225264,0.09930193867448568,0.0001317639819063147,0.000155803736748461,5.053216994342232e-05,0.009945365823271865,0.002585803711743563,0.06364855824425736,0.1733193713086213,0.00352710620303966,0.06827862099910488,0.08154934195152477,0.0003080251193816186,0.013462416799823755,0.10950926997790691,0.004247869785450993,0.03191897790298839,0.008247234744249257,0.0012905817916277038,0.031056300642005222
0.03581379563833216,0.014709520181352315,0.001212026984795726,8.450413521170745e-05,0.24379169787567717,0.09896976546081636,0.00013072415107858148,0.0001504785658485442,4.822529633214883e-05,0.0101289450371298,0.002836793229510943,0.06093146650402079,0.1740106113984026,0.0016149233198795609,0.06857414742637113,0.08203681483226302,0.0002706783255201196,0.013641700141584778,0.1108819007498258,0.006333541873262568,0.032712558522482865,0.008405781240672833,0.0013621930176416174,0.031347206091986705
0.038793619282955286,0.015418636897507488,0.0035972074799648385,8.564486799417952e-05,0.24064407553936087,0.10075564541360027,0.0001488070603147543,0.00012948436622256505,4.506287525600858e-05,0.010644696987703353,0.003538478835396015,0.06481679753984479,0.18070820517224778,0.0016075843845216938,0.07211073833370547,0.07966270271699621,0.0002837729631052983,0.007851733699302322,0.10701555624262729,0.0011882882485648558,0.033831485964696324,0.005454155573285097,0.001166580751326084,0.030501038803500954
0.03776019273817009,0.015057285742653874,0.004260427127598666,0.0001405008264522789,0.2389908936615913,0.09962818399409158,0.00020925572896602813,0.00019600983557113518,6.514615213294406e-05,0.0103891178309499,0.0029341816307592683,0.0644093300940233,0.18020276778466798,0.0013198157383554243,0.07705338659069695,0.07772580674348428,0.00036342012440100907,0.008015887931711789,0.10576996426426065,0.0014351826616060624,0.03331912582314728,0.005524051774333447,0.0015941755888271892,0.03363588961154766
0.039936684222607384,0.011017935642865434,0.005118113664702184,0.00010124375856505561,0.24129245806548225,0.09712604677301516,0.00014521991740942673,0.00013196003489401265,4.018806584368992e-05,0.012938926657497995,0.0022015124243228157,0.06201362139627274,0.1809800108285438,0.0020675331818985117,0.08094988901503997,0.07300452913852017,0.0002674825217130761,0.007778802414836534,0.10575396595342659,0.002574029320462139,0.03445716198782323,0.005673164273244918,0.0018779863673177536,0.03255153437369496
0.04130861555320006,0.011325235281975907,0.003825657434433094,0.0001117095780191364,0.24086553107552489,0.09778051925896218,0.00015090897210494371,0.00013495806820254126,4.207099022744379e-05,0.013538660055538727,0.0024938807977904274,0.06195089031846499,0.18064129888651942,0.0026326896261735454,0.08010664070418995,0.07332393002775613,0.00026155467553712363,0.007289354435653082,0.10670433738466281,0.0025034082237020533,0.03516682828140623,0.004317622414422563,0.0011985920335369504,0.032325105921995015
0.0408335288197489,0.007984692980117373,0.0061311846563814375,0.00011844447775788116,0.2379502871818578,0.09734670239435289,0.00015233785971271356,0.00011752288354183537,4.2639748466539095e-05,0.013418260398297164,0.0034007482485984486,0.061011038165540994,0.18410196762741424,0.0019485440811690478,0.07952678618866035,0.07278812145105194,0.00032140935904962037,0.00815659628227925,0.10593611097298836,0.005630261055109672,0.03495241274833494,0.004570150394437758,0.0004689814727226638,0.03309127055240027
0.0392643011384854,0.008379745641429558,0.006353936109017357,0.0005216883538993832,0.2373618335359412,0.09523177464737932,0.0007959848763588105,0.0006040470758688851,0.00021835262632308197,0.013469989893805165,0.0033267508764700912,0.06153149952716895,0.18298588906720079,0.0020659198587924116,0.08016350042321799,0.07271653016555081,0.0013372141623800872,0.008507834423284828,0.10519393800590597,0.006052104019168789,0.034448303268208684,0.005129681295442347,0.001367856165331259,0.0329713248433689
0.03544543854460946,0.0017469802250770373,0.0036000956782565444,0.0001326142721073797,0.24161750835105925,0.10034416107654257,0.00014168758269771876,0.00017738721441490468,3.609277631865152e-05,0.010901508892349188,0.0033176706576586892,0.05964260618832844,0.18708594991008856,0.0012346809984502705,0.06462398251671272,0.06992341701502476,0.0007252598982102511,0.013638061971670085,0.10523287828622807,0.022731437739813804,0.03483431485153255,0.0066901774742018855,0.0031127166760642083,0.03306337120258283
0.03531815759327815,0.002052400099871284,0.004324125091805433,0.00015647997400517765,0.2418816120073577,0.09979809403626039,0.00014987033276260336,0.00017116042259497324,3.800708958288764e-05,0.010549413238153312,0.0036736210661144227,0.05980174349629959,0.18710190651115985,0.0009795817025264576,0.0665520042915088,0.06822058973104923,0.0006368675283493009,0.013621337773252308,0.10461869202999091,0.0224853936617598,0.03453446056588732,0.005726304520188209,0.0038792368784446186,0.03372894035779708
0.03384056029132702,0.0037553835810323526,0.0023814014048345426,0.00021876722595959815,0.24475207678544997,0.09980533656009317,0.000144869503037589,0.00023194484207270086,4.100515514212802e-05,0.010829282393013931,0.006450636494909627,0.0627314742991582,0.18625103817116698,0.001093892968121146,0.06663274005623276,0.0702204392848941,0.0014528624369366785,0.005677587054079266,0.10335547942286875,0.021499506582044463,0.03522375807930817,0.003328517936510732,0.00619706073751507,0.033884378734290836
0.035284401324055144,0.004113437567391359,0.002979528522626405,0.00020545046194977184,0.24532048113768826,0.09995542006676462,0.00016098220034857497,0.0002752565252957219,4.3678999681819513e-05,0.010703024195098707,0.006171630005402487,0.06317802982275059,0.18488052437311603,0.001327164724070502,0.0659862113207406,0.07055310130169135,0.0015353406227292922,0.006433872413053398,0.1037912661348167,0.019631053237344463,0.03462092755535557,0.0041690202096145625,0.006494538107761263,0.03218565917065315
0.035984475383851605,0.006228772264696367,0.0012528749576259856,0.00019668736391170266,0.244270088812899,0.10072389330318623,0.00014261423975120207,0.0002936651829040251,4.2301544403973243e-05,0.01051957520435891,0.004079084713227554,0.06306915607884021,0.18648748968077639,0.001772938023169408,0.06298653966953581,0.07220260357716397,0.00254847395031726,0.0052560659762608255,0.10592165995421579,0.018327761849534746,0.03474077479434782,0.005406022174714534,0.006044576673593788,0.031501904626713054
0.03550269132077524,0.0068266284430488385,0.0015588269102879146,0.00017796225034115797,0.24439431729384936,0.10067882322153374,0.00014109590597203843,0.00029149742579762935,4.0383537181001466e-05,0.010474506196096231,0.00403572809600444,0.06297434911302223,0.1859718695714938,0.001793654586509405,0.06392731348324854,0.07199297610187586,0.002436407070778619,0.005246052822491562,0.10565191855808656,0.017994878906390947,0.034646517438545264,0.005262384094230345,0.006328956289279334,0.031650261363159564
0.03560494356089133,0.007040484565163565,0.0010657719141383849,0.0001733796028826715,0.24457239307139952,0.1005034107567113,0.00014304801916924811,0.00031427749110861446,4.120717042837921e-05,0.01045344513400771,0.004127692858843837,0.06305374636396054,0.18550992896338173,0.0018084196525786336,0.06440679779851628,0.07178573672222824,0.002262660318953484,0.0055672236278306066,0.10556513531087212,0.017906233340625858,0.03427211919250414,0.005532445823008786,0.006610136510925764,0.03167936222986922
0.0346875354840932,0.006577784348450905,0.00197600950186412,0.00016811107407927307,0.24569909283595964,0.10015749596382004,0.00013358659161500733,0.00029046262015609413,3.866016398134296e-05,0.010042448633057371,0.003721979715826137,0.06309103509803665,0.18464924185318046,0.0016503453763269912,0.06516557641543863,0.07063434061886474,0.0021198142413664783,0.005722704955210997,0.10525993137016694,0.019080750643129397,0.033465531085316004,0.008347085406147325,0.0063857309763661494,0.03093474502754147
0.03567214590326863,0.005551779998322826,0.0021708073507480845,0.00017924984123387496,0.24516866693350908,0.09973275094163363,0.00012894351441027646,0.00026966076635085714,3.766132641087285e-05,0.010182242494114478,0.0033731665109467735,0.06322549474216715,0.18436200458022353,0.0016689652697326229,0.06535281936341669,0.07091912271117437,0.002750715529776271,0.005017167072377993,0.10555582996636688,0.018735466712996782,0.033619687114973054,0.009735939507904896,0.006433561167507193,0.030156150680433234
0.03573342553291796,0.005498897671228477,0.002236899541335198,0.00019207370105700803,0.24524904099405276,0.09969638674868024,0.0001372003773013974,0.00028915382433854594,3.988096853175635e-05,0.01017626278116827,0.0034393627694564812,0.06309669274537186,0.18442001381352796,0.0016455086863665551,0.06521942697557129,0.070903040040689,0.002819170475009764,0.005162895902474117,0.10550188465605116,0.01872062590268272,0.03360090315207103,0.009637795278737793,0.006450341012115993,0.03013311644926241
0.038136767723331355,0.00437335513076736,0.003486953371769049,0.0002380518201140426,0.24728831470862128,0.098974067405326,0.00012108165247310305,0.00030128229645156034,3.7395309437997975e-05,0.010799322815550435,0.0038121844381412196,0.06177264600657639,0.18578450754953696,0.002825290163153644,0.06230512918936464,0.0700379789024757,0.005478139991861594,0.0045987684356194655,0.1060634852116246,0.015129107753195334,0.03314897148315858,0.009748940520711432,0.0067963242491259875,0.02874193387161219
0.03684671836561997,0.007505294721187014,0.0029619481439467302,0.0002708027976922431,0.247099153473494,0.09873871715276959,0.0001308747458831592,0.0003114548920847227,3.8115680810487504e-05,0.010708401971395907,0.003806043208058388,0.06189535806379816,0.18685404119214905,0.0027846664520953896,0.05989246509367794,0.07154132834269264,0.005471422484572221,0.0049868661530272215,0.10689878665467767,0.013460824201771701,0.03316519091320004,0.009521245541013482,0.006566003418032568,0.02854427633634971
0.03718090403192886,0.005252582551573098,0.0036611088657165338,0.00019934581816523754,0.2476450107140102,0.09828307716280739,0.00012613950503545242,0.00032881849050102487,3.663711698681682e-05,0.010796511517152033,0.003520351840129333,0.062147911050930954,0.18576638113187466,0.002781189992390479,0.06293097383634012,0.07036544155753596,0.004642127226669763,0.004486993010915993,0.10588738010093757,0.01619585980868543,0.033773768174669996,0.009670243686586526,0.005989868537551862,0.028331374270913864
0.03516287099352606,0.005933530653642176,0.0036213965587748764,0.00022717673137153757,0.24790782995554747,0.09782266358794302,0.0001297210992004518,0.00033818290859347105,3.6732759405503325e-05,0.010671436373019658,0.003416967914506453,0.06235133093170778,0.18549577792056754,0.0025518498105327296,0.06379384032069779,0.07020228433698802,0.004702115097214481,0.004266294445834233,0.10546845158247806,0.017372831959208735,0.03411923498503899,0.00953616636380543,0.00663227295746439,0.02823903975293127
0.03976310530552546,0.003161327626536096,0.0034944944482413463,0.00030567112723951307,0.24659244331512808,0.0978835118727687,0.00017761219966669283,0.00035531644744648676,4.7843564729143226e-05,0.011448340767352651,0.004075262430186679,0.06216669488561224,0.1888302176083036,0.002359041028816585,0.06265681990180874,0.06993720165008968,0.004988888874175948,0.004842686323175979,0.10455291200302154,0.013405684472652456,0.03385010883499124,0.011826055258188408,0.0051491591808938185,0.028129600873445976
0.03979732998204474,0.0030336012956069095,0.0035640458591974906,0.0003287457559939256,0.24658303929378417,0.09798023719070992,0.00019539847846346408,0.000389774580122909,5.257269817507714e-05,0.011458873517770618,0.003944287864160802,0.06219552864691978,0.1887713045349507,0.0025293345353170154,0.06228151313715756,0.06993013459180689,0.005004328084567355,0.004902733986085587,0.10454438121161055,0.013529135506703935,0.03394794510129415,0.011810976976962866,0.005082529449082508,0.028142247721511544
0.032353727885305994,0.005500814198006441,0.003102175004840645,0.0001497824811564536,0.24421799651908127,0.099981489615951,0.00011235126333202296,0.00028298936552856633,3.491470814175066e-05,0.011642974304459716,0.0036161425334846472,0.06332087533687655,0.19190884372507067,0.004299796379628868,0.061912513249781545,0.06819035891408434,0.006954895764221069,0.007345902069202608,0.1022527814912845,0.013786504884691688,0.03576572733469883,0.008933630574083072,0.004929831578679602,0.02940298081840822
0.03230414810214027,0.00554751217231402,0.003122118485459958,0.0001503405427750748,0.24423071460874668,0.09998658384448794,0.00011310621885571477,0.0002825688757956178,3.505832059598396e-05,0.011647208863048097,0.0036191911204521824,0.06329744856340018,0.1918863872855313,0.004294035036932132,0.06195221940005303,0.06823308171430402,0.006928030091918296,0.00737464584933979,0.10224861722733522,0.01378917195409982,0.0357714044910251,0.008923556954043692,0.004921851334302477,0.02934099894304334
0.03134647981366027,0.007165895127175222,0.0037262525368874583,0.00014592580970565366,0.24552131104659275,0.10034962108205316,0.00011861322912983762,0.0002924368318343811,3.5466805948210116e-05,0.012114191237302226,0.0034271862231240145,0.06307187515194793,0.19127510923984914,0.004683321068177878,0.061377913869810626,0.06862975614618617,0.007797520992284512,0.00744913368819611,0.10187593881520499,0.012356693506202441,0.035652566855683465,0.007890118647535714,0.005175299928928109,0.02852137234657952
0.03188472748382477,0.008002570589759188,0.003955885365123499,0.000996360371888108,0.24444865957285358,0.0992334404749154,0.0005560375204193401,0.0012918410988902239,0.00018012232857281783,0.012055707655800113,0.0038526576830038403,0.06243851145822848,0.19210192540171217,0.004646565265996805,0.06117879584251552,0.06819814162943699,0.00788504443409671,0.007572720749284147,0.10177626077832698,0.010281225464196509,0.03511493941798479,0.008182016036463418,0.005334067904042448,0.02883177547266427
0.0324293937404215,0.008065820389384012,0.003894854457900515,0.00027656714691610544,0.24518409489556106,0.10190124487965259,0.0001473850911718508,0.00040287773891873214,4.967807699452537e-05,0.012412577795274039,0.002743489752721321,0.06266678854231025,0.19044902857565096,0.0067376337518789174,0.06121878328500395,0.06899084372765225,0.007492907697138791,0.007629904940090635,0.09913183749875024,0.010427024499208216,0.03521396970894579,0.009641755624352759,0.005101534523890008,0.02779000366021153
0.03295842108986661,0.008946607423309355,0.004703295172432623,0.00020699617448880666,0.2459233812350945,0.1020851204007008,0.00010555185270329197,0.00030150896499607873,3.593707324417641e-05,0.01231319383876111,0.002975008416878926,0.0627484529353159,0.1903916581038511,0.00698300246332687,0.06138180256143601,0.0691343013335255,0.0035146266166831883,0.008407571988479516,0.0996171507660106,0.009478291510853974,0.03505476568733841,0.009400561243021952,0.005435948058579165,0.027896845089101414
0.03203855862904857,0.008585835265722342,0.004683945424697575,0.00021333539078017947,0.24777815481579168,0.10223034684726744,0.000126231195750652,0.0003396343258568887,4.4659000381624224e-05,0.013099383768215615,0.0027735243846365434,0.0625004707885097,0.1883766621357106,0.0053983455086453235,0.0612044668551973,0.06955439115882976,0.0029798448981226584,0.007825706156541708,0.1006735886568556,0.010956176974417206,0.03541867091765894,0.009248421600102313,0.0057455026640027265,0.02820414263725736
0.02921817785439422,0.008728445344574278,0.005182289773460967,0.0002220655865946311,0.24761192662529966,0.10210757576153744,0.00011871263184249621,0.0003020926540754307,4.172917393069647e-05,0.013541047862997892,0.0029967799306198275,0.06291197282153202,0.18934332260591835,0.005774271546025656,0.0610153582244912,0.06891514530885183,0.0032320618847073708,0.009156423643364458,0.10052430258183306,0.010721299539061226,0.03544150981137739,0.009569647155058507,0.005826946171967585,0.027496895506483782
0.02538914990541054,0.009339364315311774,0.0023644539792929947,0.0003057264466516848,0.2493801831779984,0.10290513580667227,0.0001776758433246102,0.0004778989327597518,5.173239205068872e-05,0.014929934972361215,0.0028369840704796116,0.05785919806445891,0.1876409046117718,0.006796784853790207,0.06059820302878668,0.06546197946039374,0.005312675006554435,0.016289728012003533,0.10061524708718843,0.01627374975516707,0.03472434155915072,0.007508578993022216,0.005783122354551593,0.026977247370847366
0.027982205256385312,0.010251945535901858,0.0020488524293015655,0.0003222256378509717,0.23795182487637212,0.1033153787732279,4.537212340531681e-05,8.813624087769069e-05,1.063151944437079e-05,0.015355018630918019,0.0031909846847420088,0.0555896573938865,0.1930299919950533,0.0056254535644423,0.06051871549986449,0.06593644859320573,0.012420207085474744,0.014295461641343349,0.10359228029608201,0.011620026713995708,0.03438795069063875,0.007292192926321666,0.0024497796875852184,0.032679258203679194
0.027669401954985906,0.00811883989164347,0.003805924959904284,0.0014777292399563286,0.2461108791701432,0.10023955524501157,0.00018848734334505035,0.00034346318174327344,3.962277942317308e-05,0.016013647169951403,0.004545694666298224,0.056238871465800394,0.19259499882533013,0.004748224361762286,0.06389504892866449,0.06567543612482563,0.012693249393003198,0.01611839654939789,0.09024911386623602,0.008393488188493683,0.03290800322563775,0.007997746869113486,0.003434185731166216,0.036499990868149
0.02745784072893312,0.008129373080188034,0.0037781991096855275,0.0015670190491010865,0.24613364592652717,0.10026346571654857,0.00018761859847719645,0.00033943361166234354,3.92469038119153e-05,0.01604738880913016,0.004585051974946014,0.05637114650783167,0.19259458302292107,0.004771199982541939,0.06376580886245876,0.06560138607396614,0.012656268168913515,0.015919175566527843,0.0905009135033098,0.008439763127229395,0.03293125157305448,0.008005362785852567,0.0033978063183334388,0.036517050998048105
0.03274008350368643,0.0010554132778570304,0.0060348698288819275,0.000624133239086582,0.23203766773306644,0.09606272407640912,0.0001484708142699211,0.0004413445183498538,4.8926460910996536e-05,0.014667821878337766,0.005234227629050489,0.04649110677470379,0.20504330314965208,0.0023954977152858847,0.06681578409760582,0.06868490185129354,0.02558331969112528,0.022390024814483503,0.09798486213977628,0.005451571712842505,0.03055126312949918,0.0019364709040870644,0.0033427089636928445,0.03423350209604601
0.033779439495904194,0.0022863971682499607,0.00571274592742907,0.0006239129769592427,0.23188775417336835,0.09567644685955322,0.00016127004049010552,0.00039420249161307855,5.121013902257716e-05,0.014730964414156654,0.005932021143135607,0.04730225473483169,0.20573559785768883,0.0019177114705940903,0.06576510754268901,0.06906793912130514,0.026262448512557542,0.022945739332324536,0.09855995954817304,0.002197859132206166,0.03060430396750251,0.0018451061324819766,0.003117219320196912,0.0334423884975664
0.0342829048200283,0.0019689915138368327,0.006239297234116485,0.0007311208327196627,0.23198127091097961,0.0961420380435454,0.00015212444220595963,0.0003994476237245934,4.8779133300682357e-05,0.014659278495556075,0.0062748194906057965,0.04666085998157367,0.2066746652488244,0.001983214561572844,0.06551865902610239,0.0688941752200145,0.026952888330634243,0.022467225967428294,0.09798207665026994,0.0025716296896024144,0.02975668999384142,0.0016860675370690807,0.0029679251453148454,0.03300385010713385
0.034781303277465064,0.0009969306959860958,0.006839988644744171,0.000542561296307541,0.23223404768018024,0.09661967353287973,4.619395791245105e-05,0.00010949945142302953,1.2252903318967315e-05,0.01588564607953756,0.006503613892705749,0.04757585829400915,0.20683805431304636,0.0008671236807318899,0.06599597075510166,0.06865821028100327,0.026353428861875354,0.023052579369908826,0.09704294301669493,0.0027434138908641807,0.029819124001326552,0.0014452913193239928,0.0032983098209518414,0.03173798098270137
0.035038497911465766,0.0019116079664940042,0.007656877285111178,0.0005400111279994163,0.23600647031831642,0.0924205620194229,0.00026122629811099914,0.0005185465985543128,4.911454632242734e-05,0.015255364333856106,0.00656608243518819,0.05459020847633346,0.2066499485207932,0.0012881404529720398,0.06783544410737555,0.0673296373612471,0.02322881839836688,0.025976761802347006,0.09628401424363822,0.0008343757086739702,0.0264903467684472,0.0018820898578923047,0.0034116880558047865,0.027974165405266527
0.03679030403744365,0.0024081124539598567,0.009305134625572002,0.0005814989136837962,0.24025684798775052,0.09467966952493452,0.000167552646461457,0.0003621532531392004,4.3383162499431596e-05,0.01540252701412927,0.00671065059789424,0.057003914950878226,0.1982075291249972,0.0015039691029199494,0.06885066255450073,0.06422028179569367,0.02367359887203446,0.02402137563858526,0.09579846218569708,0.000473019861525412,0.023701011842329606,0.0035773945988944802,0.0033246432402669612,0.028936302014206865
0.037265659972201055,0.0041613602196324,0.0068641761458639065,0.0008121797623567087,0.24234390080273316,0.09252341546165548,0.00020277088750622076,0.0003108573380868538,5.10504627403807e-05,0.011843537182066127,0.00404839724802588,0.0604752057353272,0.17829598232160623,0.002118516415009429,0.07535771772198943,0.07262996373040427,0.018296250508395423,0.02494247524568264,0.09822367497848106,0.0036742762049358224,0.02595301173791314,0.005455716510453157,0.00587732657787184,0.028272576829062212
0.03676629187424613,0.003728288045452225,0.006798115682440206,0.0007258188368106086,0.2426517423439116,0.09230723525506648,0.00018829696915524286,0.0002780499327219833,4.778857592623907e-05,0.011990139283625913,0.003736211602085393,0.060487410275309635,0.17778800951110485,0.0020975754199021863,0.07593556631072128,0.07282424335443825,0.018164468840834128,0.02500095748502132,0.0979878169172161,0.0046777517852747376,0.026224693616259346,0.005310079038453476,0.006081645552055193,0.02820180349196765
0.039158845914391685,0.004657682430908858,0.00742245792059999,0.0008478052134981536,0.2444794996396461,0.09297467706609855,0.00019626246277652083,0.00020521198376688012,5.108066522619773e-05,0.01244024385505829,0.003085298326782305,0.06397723671458333,0.17735319899385837,0.002964271895915665,0.07609100647093775,0.07227723073046498,0.010872586292318711,0.022576247460751497,0.09714580298027298,0.004718869245284942,0.02683680389478062,0.006119201072407993,0.004701084380903976,0.02884739438876539
0.03906181852517454,0.005144558787742717,0.007833204618196508,0.0007425585825264837,0.2441152384550091,0.09344045478038411,0.00023563522485479032,0.00022681061228771896,5.423288221033031e-05,0.012636304153789255,0.0030336391856052684,0.06302366030818633,0.17799026051113143,0.0029544693205756116,0.07787746133503974,0.07174354786778499,0.011150679951181016,0.021741784837683412,0.09697767435948196,0.003247573165761409,0.026767482431367468,0.006294768203083062,0.004485582077594497,0.029220599823344087
0.041052901102667,0.006278080892208338,0.0026250028235157924,0.0005007597422806615,0.24101789195373471,0.09524942777012946,0.00018506927730590307,0.00025828007218360415,4.299015531925121e-05,0.014140289675607752,0.0038829083075227863,0.057262872468146424,0.1858676235683033,0.005293723821433028,0.08006722707562153,0.07053208994645291,0.009499640911314215,0.02638927738780241,0.09701468259184383,0.0003556476916797401,0.027359917715127507,0.004358748029477967,0.0009031459986315928,0.029861801021690153
0.05016823865654275,0.005042351109457022,0.0018080997269331958,0.0003860285435460766,0.24259847935439596,0.09432940897284953,0.00029022588435441215,0.00026050272798529907,4.8062694464011594e-05,0.014468354668971133,0.002586699645657551,0.05822891605804385,0.1800993726003085,0.00606700055194,0.08012347111762114,0.0704290864957403,0.00888690271593107,0.023780784159037307,0.09616178122983084,0.00033328169251051426,0.02589313306907822,0.005623880068144326,0.000999040986063193,0.03138689727059385
