0,1,2,3,4,5,6,7,8,9,10,11,12,13,14,15,16,17,18,19,20,21,22,23
0.041631203,0.04130383,0.04199856,0.04162016,0.042430203,0.041681994,0.041721404,0.04160586,0.041464668,0.041265994,0.041877795,0.041797895,0.04162381,0.04155606,0.041913044,0.041446146,0.04159713,0.041649576,0.041714534,0.041980196,0.04145266,0.041920282,0.04149755,0.041249435
0.04158217,0.041351836,0.04205239,0.04164408,0.04237347,0.04170728,0.041708417,0.04160744,0.041425843,0.041211553,0.041943368,0.04179019,0.04164928,0.041618034,0.041885335,0.04146739,0.04165746,0.041652005,0.041701015,0.041893356,0.041434705,0.04192961,0.041428838,0.04128497
0.041529678,0.04136453,0.042157732,0.041660625,0.042360127,0.041768547,0.041675117,0.04158324,0.041391768,0.041133843,0.04200429,0.041841105,0.041668124,0.041723352,0.041891403,0.041383702,0.041753013,0.041707996,0.041635342,0.041817155,0.04136974,0.04195446,0.04137981,0.041245293
0.041642122,0.04135863,0.041963875,0.041637626,0.04228517,0.041672584,0.041663393,0.041579172,0.041465487,0.041300576,0.04196298,0.041785896,0.041645747,0.041595638,0.041897677,0.041610826,0.04157741,0.04160575,0.041745473,0.041851625,0.041534487,0.041842327,0.041444607,0.041330982
0.04153765,0.041372843,0.042086486,0.041595045,0.04229776,0.041742828,0.041628208,0.041571524,0.041326758,0.041161433,0.04218616,0.041742474,0.041746575,0.041777115,0.041933086,0.04162706,0.041705526,0.041642565,0.041728225,0.041694067,0.041501142,0.04185163,0.041224513,0.0413193
0.041378073,0.041517965,0.042209934,0.04177188,0.04220168,0.04175883,0.041725136,0.04164046,0.041306425,0.04106148,0.042110533,0.04176005,0.04169894,0.041764714,0.04176031,0.041554958,0.04179131,0.041588176,0.041676663,0.041667406,0.041403405,0.04197657,0.04122712,0.041447956
0.041474916,0.04150919,0.04214809,0.04171813,0.042110804,0.04175905,0.041622598,0.041581783,0.041337732,0.041120097,0.04217655,0.041769907,0.041725866,0.041803468,0.04181136,0.041664604,0.041774534,0.04161532,0.041694023,0.041574843,0.041470908,0.04187609,0.041222308,0.041437823
0.041554764,0.041495495,0.042089418,0.041654017,0.04204349,0.041757256,0.041533694,0.041533705,0.04134617,0.041165736,0.042264227,0.041757163,0.041765172,0.04184659,0.041866694,0.04178415,0.041757863,0.04163308,0.041723184,0.04148568,0.041541718,0.041781947,0.041187078,0.04143171
0.04145798,0.04157555,0.042246696,0.041755524,0.042032517,0.04181549,0.04158652,0.041572724,0.04133405,0.041032337,0.04217719,0.0418095,0.041733302,0.041871645,0.041762102,0.0415728,0.04191378,0.041697033,0.041621972,0.041487727,0.04136703,0.041924,0.04122138,0.041431163
0.0414089,0.04169285,0.042263888,0.04192015,0.04190511,0.041789882,0.041653503,0.04161443,0.041407026,0.041046686,0.042009532,0.041857246,0.041642293,0.041773573,0.041609105,0.041542266,0.04190688,0.04163454,0.04159167,0.041517243,0.0413278,0.041989747,0.041346546,0.04154911
0.04160958,0.041366395,0.042240728,0.04157941,0.04203395,0.041915186,0.041293506,0.04133425,0.041368373,0.04114122,0.042438805,0.042012878,0.04179677,0.04214815,0.04207246,0.0415916,0.04187054,0.041839395,0.04154174,0.04130879,0.04149214,0.041672263,0.04117184,0.041160017
0.04152013,0.041517485,0.042319797,0.041640054,0.0418648,0.041941807,0.04128471,0.041367933,0.041289125,0.041027837,0.042555913,0.041940525,0.041854102,0.042232167,0.041962303,0.041700654,0.042001847,0.041821387,0.04154776,0.041118953,0.04146116,0.04169941,0.041028418,0.041301757
0.041638378,0.041468758,0.0423076,0.041564677,0.04186271,0.041973587,0.041190382,0.0413087,0.041336086,0.041044787,0.04255,0.04199061,0.04186577,0.04226794,0.042032644,0.041637007,0.042047244,0.041936737,0.041508358,0.041097976,0.041429598,0.04165972,0.041085903,0.041194823
0.041671734,0.041602243,0.042281386,0.04172125,0.041640837,0.0419457,0.04118849,0.041311607,0.04146467,0.04110877,0.04236928,0.042068142,0.041767925,0.042168505,0.041883808,0.0416562,0.042035997,0.041901235,0.04147416,0.041075375,0.041416537,0.041669305,0.041261796,0.041315023
0.041099973,0.04150767,0.04259319,0.04175321,0.042120907,0.042004343,0.041503184,0.041474443,0.04104528,0.04079538,0.042711712,0.041909147,0.04188471,0.042371526,0.041923106,0.041527327,0.042063676,0.041693885,0.04150506,0.04117159,0.04136741,0.041892823,0.040755402,0.04132503
0.041411772,0.0413517,0.042546302,0.04149545,0.042093616,0.04210047,0.04118834,0.04127693,0.04112098,0.04084962,0.04285544,0.04202104,0.041974228,0.042560358,0.042180173,0.04147814,0.042167056,0.041986417,0.041430067,0.041014824,0.04136246,0.041704632,0.040793125,0.04103693
0.041558053,0.04140991,0.042421453,0.04153175,0.04198022,0.042036816,0.041188803,0.04129348,0.041259523,0.040953297,0.042643256,0.042021792,0.041901916,0.04238431,0.04209712,0.041510288,0.04211922,0.041990634,0.041454114,0.041087005,0.041366335,0.0416981,0.04099556,0.041097045
0.04147174,0.04136213,0.042487726,0.041519925,0.04216794,0.042046137,0.041292485,0.04135242,0.041196924,0.040874332,0.04260894,0.041988026,0.041903008,0.04236228,0.042101584,0.04136209,0.042146735,0.041996974,0.041442964,0.041212764,0.041285116,0.041805353,0.0409676,0.04104488
0.041306555,0.04132397,0.04257222,0.04149167,0.04224996,0.04208025,0.041307148,0.041350182,0.041040555,0.040795937,0.042860612,0.04194198,0.041986365,0.042522397,0.042170547,0.041442126,0.042144716,0.041925628,0.041467734,0.041118592,0.041345943,0.041783065,0.040721033,0.04105084
0.0414054,0.041303337,0.04264527,0.041472763,0.042176876,0.042165183,0.041164614,0.041249827,0.041114926,0.04078103,0.042843033,0.04209495,0.04197411,0.042630427,0.042224195,0.04128341,0.04226152,0.042095985,0.04134344,0.041033916,0.041253716,0.041754946,0.04081475,0.040912405
0.04135405,0.04128155,0.042652458,0.041477222,0.042330567,0.04213664,0.04128948,0.041329842,0.04108796,0.04074398,0.042743076,0.042034276,0.041953318,0.04253028,0.04219051,0.04118479,0.042249415,0.042071052,0.041364368,0.041192535,0.041195925,0.041859373,0.04083797,0.04090942
0.041511517,0.04136995,0.04252571,0.041500866,0.04199406,0.042113956,0.041111015,0.041229982,0.04120392,0.04088965,0.042792715,0.042089343,0.041947823,0.042556174,0.04217636,0.041453034,0.042194366,0.042054754,0.041389473,0.0409774,0.041342605,0.04167033,0.040895727,0.04100929
0.0415406,0.04139502,0.042460125,0.041520335,0.041985992,0.042065296,0.041160468,0.04127027,0.041238803,0.040929552,0.042698223,0.042046595,0.041918863,0.042447563,0.042126365,0.041488662,0.04214703,0.042014312,0.041430242,0.041047,0.041357316,0.04168824,0.040958628,0.041064493
0.04137597,0.041280553,0.042717002,0.041449305,0.04215,0.04222511,0.04108163,0.041186903,0.041073725,0.040744096,0.042987525,0.042150836,0.042016026,0.042781737,0.04228982,0.04128093,0.04231258,0.042137656,0.041298423,0.040912326,0.04125955,0.04170632,0.040724076,0.040857818
0.041681968,0.041503556,0.042204853,0.04159192,0.0418655,0.04189529,0.04127706,0.041377746,0.04138819,0.041104205,0.042395018,0.041917857,0.041819558,0.042090822,0.041954223,0.041683212,0.041972503,0.041873563,0.041574113,0.04122145,0.041447178,0.041695613,0.041186526,0.0412781
0.041627802,0.041469228,0.04226756,0.041577,0.041955903,0.041923605,0.04130065,0.041385222,0.041342117,0.041048046,0.04242562,0.04192345,0.04183445,0.0421339,0.041980952,0.041597035,0.042008534,0.041896485,0.041548945,0.041245278,0.04140251,0.041736376,0.041142553,0.041226737
0.04149099,0.041370023,0.042493254,0.041514672,0.042089563,0.042067375,0.04122122,0.041305505,0.041202825,0.040887624,0.042679727,0.04202324,0.0419197,0.042431638,0.0421268,0.041413896,0.04215793,0.042012084,0.041428424,0.041117884,0.041316487,0.04174712,0.040940892,0.04104108
0.041682694,0.041577615,0.042011533,0.04164468,0.041855462,0.04173857,0.041449185,0.04151255,0.04141216,0.041210007,0.042242534,0.041731894,0.041774046,0.041816194,0.04181975,0.0419093,0.041789625,0.041668482,0.04174673,0.041381825,0.04156512,0.041721106,0.04123894,0.04149995
0.041382495,0.041340064,0.042576727,0.041485656,0.042100597,0.04212051,0.04117057,0.04126143,0.041090198,0.04082876,0.042922564,0.042029534,0.041995168,0.042618636,0.04220573,0.04148348,0.04218092,0.04198911,0.041420825,0.040974583,0.0413693,0.0416917,0.040739503,0.04102196
0.041278847,0.041390788,0.042414766,0.04153033,0.042198822,0.041957702,0.04141687,0.0414397,0.041026246,0.040885955,0.04284112,0.04178186,0.041979775,0.04235915,0.042081904,0.041721024,0.041979264,0.041723985,0.041626815,0.04116791,0.04150075,0.041754197,0.0406825,0.04125968
0.041502528,0.041367494,0.042572815,0.04147985,0.041879617,0.042172518,0.040976837,0.041136596,0.041172046,0.040883724,0.04299324,0.042154323,0.042001605,0.042741332,0.042248886,0.041544676,0.042228423,0.042079836,0.041355863,0.040776234,0.041402597,0.04156135,0.040782075,0.04098551
0.041613843,0.04144522,0.042357057,0.04154705,0.041886672,0.042008016,0.041163947,0.041285377,0.041306842,0.041010983,0.042612515,0.042016532,0.041886855,0.042340685,0.04206998,0.04159907,0.042082384,0.04196736,0.041479744,0.041061718,0.04141249,0.04165577,0.041040327,0.041149553
0.041608773,0.041423257,0.042452786,0.041513316,0.041780647,0.04210538,0.0409906,0.04116079,0.041273702,0.04097795,0.042836335,0.042129863,0.04194776,0.042586364,0.042173423,0.04162102,0.042164918,0.04204922,0.04140015,0.04083114,0.041434743,0.041547157,0.04092455,0.041066144
0.041603558,0.041411452,0.04249922,0.041497227,0.041737493,0.04215075,0.040913742,0.041104972,0.041256256,0.04096003,0.042939175,0.04218127,0.04197594,0.04269981,0.042221457,0.041626327,0.04220399,0.0420873,0.04136287,0.04072866,0.041442346,0.041500248,0.04087003,0.04102579
0.04160302,0.04143885,0.042367242,0.041544896,0.041907705,0.042011186,0.041173242,0.04129014,0.0412984,0.0410005,0.042612854,0.042014685,0.041888256,0.042342998,0.04207267,0.041581083,0.042087507,0.041969836,0.041476745,0.04107256,0.04140287,0.04166684,0.041034497,0.041141376
0.04162994,0.04147106,0.04226277,0.041578412,0.04195524,0.041920062,0.04130422,0.041388128,0.041344676,0.041050967,0.04241879,0.041920345,0.04183234,0.042126063,0.041977316,0.041599676,0.042005077,0.04189354,0.041551918,0.041250315,0.041403595,0.04173764,0.041147146,0.04123078
0.041466538,0.04136467,0.04246533,0.04152856,0.04221266,0.042019002,0.041350044,0.041392494,0.041201517,0.04087764,0.042542607,0.041953128,0.041885637,0.04229065,0.042072356,0.041344535,0.042125188,0.041974027,0.041464746,0.041288532,0.04127254,0.041844584,0.040998418,0.04106459
0.041321766,0.04125437,0.042722166,0.041456744,0.04234397,0.042187113,0.04124097,0.041289695,0.041050307,0.04070078,0.04283971,0.0420774,0.04198319,0.04264195,0.04224224,0.04114423,0.04229906,0.042112943,0.041321967,0.04112373,0.041178532,0.04184361,0.040772393,0.04085117
0.04146247,0.041345965,0.042548213,0.04149962,0.042120263,0.042103216,0.04119964,0.041284677,0.04117323,0.04084949,0.042735703,0.042051014,0.041938376,0.04250264,0.0421618,0.04136376,0.042196617,0.042044852,0.041396208,0.041088216,0.04129196,0.041750345,0.040898737,0.04099295
0.041653417,0.04147937,0.042267457,0.04157356,0.041875936,0.041941307,0.041231968,0.04134069,0.041354477,0.04106549,0.04248321,0.041957747,0.041847005,0.04219227,0.042001422,0.041647542,0.042017534,0.041911848,0.041535575,0.04115754,0.04143231,0.041680433,0.041126683,0.041225232
0.041384436,0.041287,0.04268413,0.041461725,0.042193547,0.0421913,0.041145485,0.04123256,0.0410925,0.040754914,0.042890336,0.04211507,0.04198932,0.042686023,0.04225069,0.04125498,0.042288158,0.04211758,0.04132131,0.041005697,0.041240588,0.041752595,0.040779985,0.040880065
0.04133488,0.04127719,0.042636592,0.041485414,0.042411596,0.042106543,0.04137215,0.041385327,0.04108372,0.04073577,0.04266068,0.04198859,0.041933324,0.042443547,0.042157233,0.04114199,0.0422286,0.042045366,0.04138787,0.04129969,0.04116898,0.04192142,0.040869325,0.040924244
0.041509185,0.041388176,0.042433247,0.041534223,0.04211898,0.042015087,0.041297548,0.041362517,0.041232273,0.040916484,0.042561073,0.0419706,0.041885544,0.042303197,0.04207088,0.041417886,0.042112183,0.04197148,0.041469764,0.041224677,0.041312847,0.041790783,0.041011512,0.041089866
0.04161906,0.04146914,0.042251166,0.04158398,0.04200379,0.04190033,0.041355994,0.041423127,0.041343123,0.041047137,0.042366106,0.041891295,0.04181929,0.042070433,0.04195561,0.041574437,0.041991014,0.04187671,0.0415675,0.04131767,0.041387547,0.04177577,0.041168276,0.04124154
0.041591,0.041398946,0.042535365,0.041485906,0.041730568,0.04218011,0.04087687,0.041076466,0.041238632,0.040940348,0.042999774,0.04220975,0.041993663,0.042768396,0.04225196,0.04161364,0.042231362,0.042111777,0.04133842,0.04067817,0.04143834,0.04148244,0.040833037,0.040995028
0.041494407,0.04135384,0.04257073,0.04148707,0.041990504,0.04214935,0.041069325,0.041197278,0.04118133,0.0408642,0.042864207,0.04212255,0.041969102,0.04263751,0.042212993,0.04143423,0.042227868,0.042084236,0.041359957,0.0409198,0.041335817,0.041651666,0.040850773,0.04097122
0.041580662,0.041416578,0.042432133,0.041524768,0.041895505,0.042063884,0.041106936,0.041238997,0.041266933,0.04096533,0.042721037,0.042065762,0.041920174,0.04246531,0.0421274,0.041558493,0.042136688,0.04201382,0.041432958,0.040981494,0.041395843,0.041635003,0.04096807,0.041086216
0.041533552,0.041401356,0.042511567,0.041493174,0.04179293,0.04214219,0.040958427,0.041131996,0.04119627,0.040935606,0.04299932,0.04213435,0.041998565,0.042713065,0.042227235,0.041662328,0.04218219,0.042035293,0.04139358,0.04073804,0.041467186,0.04151283,0.040788542,0.041050445
0.04152681,0.041349713,0.042650346,0.04145343,0.041785095,0.0422563,0.04082538,0.04102861,0.0411711,0.04086144,0.043136444,0.042267103,0.04203788,0.04292965,0.042329106,0.041525185,0.042309653,0.042174723,0.041273817,0.040601376,0.04139715,0.041479424,0.04073112,0.040899143
0.041760918,0.041511603,0.042314023,0.041541435,0.04148037,0.042065524,0.04085107,0.041087106,0.041390706,0.041123748,0.04284306,0.04216173,0.04193093,0.04256634,0.04214064,0.041876253,0.0420968,0.042018265,0.041437894,0.040667202,0.041571524,0.041386023,0.04100021,0.04117663
0.04164048,0.041558415,0.04214846,0.04158971,0.04162512,0.041888446,0.041141346,0.041295063,0.041319054,0.041173514,0.042723972,0.041887786,0.04190728,0.042265438,0.042001553,0.042091805,0.041885495,0.041738257,0.041656867,0.04091542,0.041689117,0.04148227,0.040952943,0.041422237
0.041597445,0.0414165,0.042463917,0.041510925,0.041802105,0.042109158,0.040999483,0.041165184,0.041264735,0.040966857,0.042837746,0.042128455,0.041949518,0.042589948,0.042176727,0.041602314,0.042170677,0.042052213,0.041396655,0.040841356,0.04142478,0.041558202,0.040917933,0.04105723
0.041931532,0.041660234,0.042156655,0.0416378,0.0410832,0.04200873,0.04071263,0.041016467,0.041566584,0.04130259,0.042765584,0.04222292,0.04186972,0.0424947,0.042039476,0.042149235,0.042018276,0.04196719,0.041465055,0.040496293,0.041706942,0.0412276,0.041155435,0.04134515
0.04186961,0.041794065,0.042194925,0.0418498,0.041006085,0.04197397,0.040849455,0.041102212,0.041673042,0.041298028,0.042453982,0.042283133,0.041729122,0.04231047,0.041826572,0.04199373,0.042029742,0.04191648,0.04140988,0.04063182,0.041588325,0.041379165,0.041376103,0.04146026
0.041593827,0.0416465,0.042210814,0.04172933,0.041529328,0.041899167,0.04117633,0.041310932,0.041382175,0.04115835,0.042584237,0.041971877,0.04182915,0.042224515,0.04188677,0.04199082,0.041923366,0.04173092,0.041588355,0.04092741,0.04161365,0.041550867,0.041066196,0.041475132
0.041711576,0.041549783,0.04219667,0.041575026,0.041538898,0.04195246,0.041015055,0.04120763,0.041367598,0.04117115,0.042753562,0.04200103,0.041909438,0.042370632,0.04204878,0.042021617,0.041963242,0.0418507,0.04157201,0.0408114,0.04164946,0.04143334,0.040995006,0.04133399
0.04218112,0.041829694,0.041691665,0.041692913,0.040785767,0.0417321,0.04079114,0.041124027,0.041763783,0.041635733,0.04249358,0.04198195,0.04178139,0.04203149,0.041835383,0.04271566,0.041685574,0.041691434,0.04175479,0.0405971,0.04200368,0.041090723,0.041375548,0.041733705
0.04157453,0.041635495,0.04233907,0.04177214,0.041585095,0.041967507,0.041180555,0.041298956,0.041415554,0.041079886,0.04247385,0.042087294,0.041783966,0.042255327,0.04187183,0.041714147,0.042041082,0.041848626,0.041464128,0.04098067,0.04144958,0.041650914,0.04116661,0.04136318
0.0421688,0.041654084,0.041477345,0.041684303,0.0412712,0.04153066,0.041175324,0.04133448,0.041825317,0.041788235,0.042051915,0.041830763,0.04163025,0.04154382,0.041805726,0.04255331,0.041353967,0.04149636,0.041912783,0.041252572,0.042027306,0.04127406,0.041634608,0.041722767
0.042382807,0.041618004,0.041245487,0.041641477,0.041212533,0.041426096,0.041144703,0.041314416,0.041979924,0.042003162,0.041888285,0.041815907,0.041566927,0.04134853,0.041821215,0.04269955,0.04117158,0.041453384,0.041998543,0.041361913,0.042157233,0.041167464,0.041833725,0.041747175
0.04204723,0.04168227,0.04163964,0.041649684,0.041182276,0.04164338,0.04104752,0.04126079,0.041670673,0.041643985,0.042405106,0.041846238,0.04175951,0.041853324,0.04187619,0.04263426,0.04150747,0.04154452,0.041863684,0.04094741,0.042033788,0.041210953,0.0413427,0.041707408
0.042790256,0.04174478,0.04098799,0.041693524,0.040767536,0.04134798,0.04093188,0.041203175,0.04232615,0.04228519,0.04159762,0.041936893,0.041441597,0.041152783,0.04172327,0.042880177,0.041093804,0.04152399,0.04199204,0.041272197,0.04224074,0.040987086,0.04224658,0.04183275
0.04219754,0.04107602,0.041744255,0.041379295,0.041814875,0.041816745,0.040878836,0.040972836,0.04180071,0.041798994,0.042343732,0.042331867,0.041672282,0.04207374,0.04244717,0.04190938,0.041361786,0.04185837,0.041584488,0.04131862,0.041967012,0.041133296,0.041607738,0.04091041
0.042686507,0.04169788,0.04103623,0.04159979,0.040659115,0.041428473,0.04074531,0.04105817,0.042172883,0.042292573,0.042076785,0.041958712,0.041590247,0.041511547,0.04190758,0.04317401,0.041064862,0.04146733,0.042012613,0.040923662,0.0424671,0.040774744,0.04188406,0.041809797
0.042530768,0.041473493,0.041083463,0.041589923,0.040979136,0.041428804,0.04083099,0.041038822,0.042100586,0.042328734,0.042156346,0.042053547,0.04156113,0.041549977,0.042078078,0.043064337,0.040884048,0.041365493,0.042004954,0.041105352,0.042543277,0.040756736,0.041820724,0.0416713
0.042939577,0.04146074,0.041177034,0.041266363,0.040586397,0.041730776,0.0402317,0.04064155,0.04224632,0.042352933,0.042412594,0.042327967,0.04172074,0.04212845,0.042363897,0.04287211,0.041261617,0.04191979,0.041722305,0.040567998,0.042476814,0.04054407,0.041846666,0.04120158
0.042242445,0.04151936,0.041175663,0.041706264,0.040857777,0.04145327,0.040816773,0.040995583,0.041942924,0.04231361,0.04251032,0.042079788,0.041615292,0.041780643,0.04209406,0.043353837,0.040787324,0.041139,0.042035956,0.04085539,0.042751517,0.040643595,0.041502975,0.041826565
0.04220309,0.04182634,0.04168685,0.041337937,0.040755898,0.04191977,0.0406526,0.040959485,0.04172136,0.041725323,0.042637665,0.04190494,0.041947585,0.042466562,0.042032786,0.042542998,0.041784182,0.04187558,0.0416822,0.04047143,0.04213616,0.041153055,0.041221924,0.04135424
0.04265447,0.041488744,0.04149512,0.041329708,0.04076173,0.04188487,0.040350694,0.040684905,0.04211623,0.042100724,0.04240738,0.04239677,0.04173241,0.042325947,0.04232115,0.042424362,0.04149623,0.04202253,0.04154785,0.040613107,0.042227395,0.04080754,0.04175233,0.041057754
0.042804394,0.04150298,0.041493632,0.041122958,0.040804453,0.04196729,0.04030601,0.040668536,0.04214353,0.04205777,0.042299483,0.042311974,0.04180025,0.04239579,0.042356744,0.04217592,0.04168743,0.042266525,0.041491628,0.040653035,0.042095944,0.04093502,0.041814733,0.04084404
0.042358086,0.041738223,0.041541576,0.041776925,0.040984794,0.041711405,0.04063804,0.041034274,0.04180444,0.04206598,0.042326547,0.042620067,0.04186243,0.04203059,0.042132385,0.042105824,0.041334424,0.04178511,0.041508533,0.040468056,0.04217472,0.040964026,0.041768376,0.04126515
0.0424932,0.041085314,0.041889075,0.040801633,0.041477215,0.041334208,0.04116335,0.040214263,0.041561373,0.0415676,0.0426573,0.042758204,0.041717995,0.04206875,0.04241226,0.041554164,0.04260479,0.04271152,0.04113452,0.04118788,0.042564955,0.040557057,0.04166668,0.040816765
0.04224938,0.04183118,0.04190953,0.04165525,0.04048445,0.042025626,0.04041739,0.040773008,0.041935276,0.041713044,0.042556796,0.042434648,0.041761354,0.0425637,0.04200712,0.042322148,0.041881114,0.042008888,0.041390624,0.040275462,0.041963853,0.041017417,0.041508023,0.041314643
0.042450786,0.041056823,0.041742396,0.041567393,0.04083744,0.042109743,0.040331222,0.04069359,0.041965522,0.04194236,0.042826038,0.041911844,0.0419632,0.042370282,0.042629007,0.042431336,0.041898713,0.041903067,0.041520618,0.039907787,0.041950684,0.04065294,0.041996192,0.041341018
0.042030316,0.041975927,0.041630574,0.041495692,0.040691555,0.04196765,0.040577523,0.040566202,0.042066265,0.041411836,0.041918017,0.04270606,0.042280424,0.042691942,0.042633038,0.042072773,0.042291414,0.042163916,0.04080494,0.040171668,0.04201178,0.04055203,0.04211411,0.041174345
0.042155787,0.04174541,0.04224326,0.040681865,0.040493913,0.04252764,0.04004545,0.04098465,0.04219906,0.04164068,0.042338923,0.041995477,0.041876003,0.042701516,0.041932557,0.042493187,0.04243496,0.04272899,0.04151583,0.04042794,0.04152011,0.040830716,0.04125722,0.041228876
0.042550664,0.041767135,0.041999232,0.041295093,0.040496655,0.041912682,0.040317748,0.04056434,0.042128354,0.041790202,0.042334918,0.04239519,0.041792978,0.042644817,0.042072736,0.0419604,0.042110574,0.042331237,0.041401602,0.04054336,0.041787375,0.041195862,0.041777093,0.040829774
0.042534124,0.041746195,0.041771308,0.04131789,0.04060083,0.042068873,0.04033797,0.0407268,0.042003274,0.041784108,0.042435948,0.042309858,0.04184455,0.04258159,0.042148013,0.04213466,0.04196919,0.042266898,0.04139537,0.04039147,0.041924912,0.04107251,0.04161332,0.041020308
0.042489253,0.04179086,0.041823473,0.041431908,0.040853705,0.04205116,0.04053853,0.040835124,0.041911434,0.041985128,0.042339142,0.04217725,0.04167989,0.042258173,0.04216771,0.0421177,0.04164021,0.042084515,0.04156748,0.040721342,0.041922446,0.041126292,0.041452367,0.041034956
0.042171832,0.04184421,0.04180997,0.04151655,0.040682305,0.041961014,0.0406206,0.040917378,0.041814722,0.041700166,0.04252417,0.042131513,0.041837156,0.042465437,0.041976996,0.042367104,0.041828617,0.041914806,0.04154359,0.04046064,0.0420199,0.04116546,0.041380417,0.04134543
0.042245667,0.041790485,0.041793834,0.041610394,0.04065409,0.04194146,0.04047156,0.0407827,0.041976508,0.04181455,0.042512413,0.042384967,0.04172584,0.04243267,0.042050067,0.04233819,0.041759863,0.04200243,0.041413337,0.040411286,0.0420045,0.041048992,0.041568108,0.041266143
0.04231069,0.04159502,0.041635297,0.041660644,0.040750034,0.041825604,0.04053318,0.04079526,0.042015623,0.041956875,0.0424143,0.04246939,0.04164044,0.04227176,0.042136375,0.042452868,0.04147294,0.041771594,0.041563544,0.040620774,0.04221599,0.040907733,0.041658618,0.04132549
0.042169984,0.04164707,0.041453596,0.041797932,0.040893015,0.041659843,0.040546864,0.040796313,0.041776158,0.041599926,0.042105284,0.042586215,0.04163756,0.042379238,0.04206325,0.042070843,0.041922335,0.04183055,0.04182898,0.040815625,0.04224506,0.041221466,0.041534476,0.041418433
0.042148564,0.04163981,0.04146484,0.041842107,0.0409925,0.041484825,0.040154878,0.040633548,0.041562226,0.041733366,0.041940164,0.042916294,0.041752014,0.04244503,0.041993894,0.04216664,0.0419196,0.041868452,0.041924085,0.040908474,0.04238514,0.041002583,0.041480646,0.041640308
0.041795086,0.04150878,0.041463397,0.042356603,0.04033186,0.042396754,0.04033208,0.040293265,0.041057065,0.042742815,0.042549673,0.04272636,0.041841052,0.042541977,0.04145035,0.042585053,0.041997097,0.042520232,0.04195334,0.039726526,0.042141967,0.039930847,0.04117134,0.04258642
0.04216231,0.041906625,0.041758087,0.041639056,0.040643997,0.04183579,0.040701732,0.04093097,0.04184375,0.04179897,0.042352095,0.042088956,0.041712802,0.0422412,0.041859392,0.04247055,0.041719288,0.04180133,0.04164212,0.040591467,0.04200978,0.04121741,0.04153068,0.04154159
0.042105578,0.041761357,0.0417111,0.041517008,0.040841285,0.041867983,0.040745627,0.040978882,0.04177675,0.041780885,0.04252013,0.042053618,0.041816227,0.04233903,0.04200688,0.042486317,0.04162602,0.041743577,0.041656014,0.040620714,0.04214719,0.041146547,0.041346192,0.04140506
0.04247106,0.041870113,0.041479398,0.041412525,0.040662862,0.041803658,0.04069213,0.040993426,0.042005923,0.041926313,0.042160112,0.041958835,0.041769844,0.04209935,0.041902974,0.042464275,0.04167044,0.041900128,0.04169146,0.040718548,0.042096294,0.041180428,0.041677576,0.04139234
0.04200803,0.041950382,0.04131874,0.041787628,0.04102315,0.041432094,0.040550616,0.04082918,0.0418743,0.041415613,0.04233489,0.042486943,0.041580252,0.04224605,0.04202185,0.04202833,0.042132817,0.041976273,0.041736376,0.040605247,0.04220223,0.041610923,0.041512303,0.041335743
0.042176533,0.041750997,0.041782744,0.04162553,0.040710673,0.04191488,0.04061141,0.040878836,0.041891593,0.041798178,0.042480014,0.042289406,0.041739468,0.04238167,0.042017337,0.042395882,0.041667096,0.041828707,0.041529007,0.040528607,0.04208018,0.04106511,0.041493177,0.041362952
0.0425993,0.041543588,0.041633148,0.04141072,0.040515505,0.042108618,0.04041935,0.0406892,0.04217228,0.04212815,0.042200327,0.04240349,0.041676614,0.042308465,0.042253137,0.04222372,0.041630104,0.042050637,0.041345105,0.040653747,0.04218207,0.041085932,0.041798443,0.04096832
0.04245554,0.041720606,0.041942254,0.04143988,0.0405431,0.04211743,0.040281612,0.04067933,0.041969467,0.04174618,0.042555865,0.04239811,0.04181506,0.042619705,0.04216862,0.042137798,0.042045645,0.042234078,0.041319598,0.040258594,0.04189239,0.04099864,0.041588508,0.041071963
0.042409666,0.041731507,0.04188434,0.0416256,0.040575564,0.042047363,0.040388525,0.04071788,0.042105623,0.041803043,0.042288035,0.042593632,0.0416591,0.04247626,0.042062774,0.042020425,0.04186807,0.042155646,0.041285392,0.04046604,0.04186409,0.04105885,0.041805215,0.04110735
0.042304523,0.041534606,0.041640025,0.041404136,0.04092095,0.04154616,0.04099418,0.040893555,0.041988507,0.042050585,0.041921817,0.04231815,0.04177299,0.042339224,0.04195296,0.042596277,0.04159335,0.042127427,0.041588854,0.0407416,0.04242732,0.040886708,0.0415666,0.040889535
0.042611793,0.0418409,0.041941915,0.04182628,0.040246688,0.04157354,0.041287933,0.04134402,0.04233829,0.041959073,0.041627746,0.042184018,0.04096954,0.042379986,0.041589376,0.042538628,0.041979514,0.041938663,0.04089321,0.04036073,0.04284623,0.04039217,0.042193573,0.041136194
0.042386506,0.041650157,0.041784685,0.041688055,0.04053606,0.041836143,0.04051854,0.04071045,0.042010944,0.041957885,0.0424793,0.0424107,0.04172393,0.042289834,0.042115048,0.04256501,0.041609906,0.041783836,0.041592725,0.04031436,0.042225745,0.04076778,0.041539725,0.04150268
0.042805355,0.04135008,0.04171169,0.041483663,0.040474694,0.041522983,0.04062343,0.040728718,0.04240042,0.042189863,0.04266353,0.041958082,0.04190166,0.04193575,0.042539917,0.042386785,0.04158514,0.042277507,0.041814495,0.040451236,0.042415455,0.040390547,0.04125929,0.0411297
0.04233491,0.041740146,0.04185593,0.041513726,0.040418446,0.041779824,0.0405164,0.040795278,0.041841898,0.041848686,0.042994607,0.04197834,0.042137884,0.042328127,0.042169824,0.04250864,0.04196873,0.04203438,0.04166951,0.040298518,0.04207359,0.040887613,0.040946536,0.041358434
0.042224087,0.041751564,0.041600123,0.041541524,0.040563323,0.041804012,0.040936943,0.040957462,0.041698072,0.04154656,0.04263671,0.04209201,0.042121843,0.04269913,0.042115193,0.04247221,0.04175677,0.041656245,0.041517638,0.04065016,0.042095367,0.041020416,0.041229993,0.041312598
0.042274766,0.0416814,0.04150559,0.041239668,0.040464457,0.04154236,0.04102948,0.04113127,0.042005792,0.041466344,0.04307378,0.041740675,0.041960113,0.04242871,0.042176113,0.042934477,0.041861292,0.041837353,0.04207147,0.040616155,0.042067584,0.040673636,0.040793195,0.041424353
0.04253742,0.041657947,0.04167092,0.041387033,0.04060299,0.041739117,0.04073947,0.040978428,0.04205595,0.041973278,0.042421058,0.042012192,0.041500136,0.04237913,0.04202413,0.04283773,0.041685067,0.04182791,0.041429013,0.040389918,0.042624976,0.040667213,0.04159999,0.04125897
0.041785333,0.042167854,0.041010015,0.04057732,0.040027972,0.04134822,0.040978666,0.041159995,0.04220184,0.041191913,0.043657776,0.04158133,0.042602,0.04279154,0.04238266,0.043508716,0.04198051,0.041186694,0.042084128,0.040594835,0.04181731,0.04152602,0.040700387,0.041136928
0.041801978,0.0418683,0.04118948,0.04110166,0.04056945,0.041277744,0.041088022,0.041219115,0.041935533,0.041445505,0.04306532,0.041821156,0.04211687,0.04246378,0.042119864,0.04302158,0.041890834,0.04114317,0.042156644,0.040947475,0.042074166,0.04146451,0.0409665,0.041251265
0.042644218,0.041321956,0.041980214,0.041914962,0.040520646,0.0417303,0.04064051,0.040918056,0.042198416,0.042068385,0.04252133,0.04193392,0.041739486,0.04198604,0.041853443,0.042634044,0.041714612,0.041494694,0.04200417,0.040574126,0.04232842,0.040512677,0.04135377,0.041411553
0.042550012,0.04141336,0.042266883,0.04107361,0.0405233,0.04205266,0.040723767,0.04045972,0.04172312,0.04160197,0.042801395,0.04202723,0.041625403,0.042269684,0.04217592,0.04233444,0.042091195,0.04191062,0.04141404,0.040596448,0.042109746,0.041449443,0.04118218,0.041623883
0.042216163,0.041719988,0.042091556,0.04105369,0.04020859,0.041667875,0.040944047,0.040714007,0.041353155,0.04212997,0.04242267,0.04228814,0.041879714,0.04182346,0.042783152,0.04244668,0.04095809,0.04130905,0.042055886,0.04095312,0.042505104,0.04145653,0.04110003,0.04191929
0.04281402,0.041392155,0.04212654,0.041493427,0.040449265,0.04188678,0.040257055,0.04064333,0.04244033,0.04142477,0.04267536,0.041769624,0.041997723,0.042400293,0.04226935,0.042658575,0.041726124,0.04193664,0.041488167,0.04022111,0.042343587,0.04090164,0.04095833,0.041725807
0.042343777,0.041800234,0.04159409,0.041698176,0.040043972,0.041652076,0.04046512,0.04134421,0.04199907,0.042397067,0.042676367,0.04248573,0.04188316,0.04272294,0.04170337,0.04241347,0.04232753,0.041896082,0.04189654,0.039943106,0.04197485,0.040512275,0.04157826,0.04064848
0.041980386,0.04223526,0.041813333,0.041161425,0.04017976,0.0418499,0.040601708,0.04120104,0.041907266,0.04132996,0.04278815,0.041874032,0.042217042,0.042771395,0.041963346,0.042174052,0.042002685,0.042377464,0.04141926,0.040456057,0.04176809,0.041533027,0.041438352,0.040957045
0.04263261,0.041903872,0.04191261,0.041193794,0.040437534,0.04215174,0.04024035,0.040607776,0.041787516,0.0417244,0.042704202,0.0420526,0.042032283,0.042745788,0.042036418,0.04235905,0.04232253,0.042286966,0.041442674,0.040051755,0.04201383,0.040996607,0.0413293,0.041033786
0.04224323,0.041739795,0.04165856,0.041268025,0.04051718,0.041464314,0.0404629,0.04124574,0.04211243,0.04166493,0.042521905,0.042801548,0.042004734,0.042849027,0.042538673,0.04271462,0.04198412,0.04141291,0.042208727,0.03981377,0.041811295,0.040631697,0.04124648,0.041083377
0.04263468,0.0416215,0.041550517,0.041324355,0.04039138,0.041810215,0.04033162,0.040769644,0.042010225,0.042052343,0.042759985,0.042229258,0.041757368,0.042574607,0.04222684,0.04297921,0.041661114,0.041938223,0.041524462,0.04009982,0.04256091,0.04049135,0.041459985,0.041240398
0.042359192,0.041531622,0.04218428,0.04170666,0.040490534,0.042134766,0.039504193,0.040865246,0.04182388,0.042178493,0.04316197,0.042316817,0.041494545,0.04268945,0.04221367,0.042981356,0.041681994,0.042387675,0.041593753,0.039514642,0.04196503,0.04035838,0.041569315,0.041292533
0.042248014,0.041611362,0.04196204,0.04113413,0.040734578,0.041933678,0.040207684,0.04090702,0.041297045,0.041360244,0.043142848,0.042567722,0.04204863,0.04314769,0.042360667,0.04303547,0.041961707,0.041962747,0.04170256,0.039841257,0.042148698,0.04056402,0.04070561,0.04141463
0.04238385,0.041525923,0.04161977,0.041483946,0.040544722,0.041869365,0.04021613,0.040596273,0.041812073,0.042031698,0.042917896,0.042360887,0.04181746,0.04272223,0.042307172,0.04310641,0.041608512,0.04187643,0.041584183,0.040170714,0.042525113,0.04029274,0.041252792,0.04137369
0.04229899,0.041495234,0.04143892,0.042015295,0.040149886,0.04126784,0.04070941,0.041042592,0.042042106,0.04181376,0.04281176,0.042127233,0.04199206,0.042745773,0.042213365,0.043174896,0.041545987,0.04139552,0.041642286,0.039938867,0.042938754,0.04023718,0.041104633,0.041857682
0.04217161,0.04164853,0.041783147,0.04154887,0.04045188,0.041935343,0.04022257,0.040671393,0.041665025,0.04176979,0.04335283,0.042323973,0.04196999,0.04278154,0.04228942,0.04315731,0.041603483,0.041714508,0.041646056,0.039878424,0.042417366,0.040530935,0.04093259,0.041533392
0.042100526,0.041236077,0.041645918,0.041485026,0.04076444,0.04231567,0.040428482,0.04080933,0.0416266,0.04178242,0.04292882,0.04246536,0.042045992,0.04322954,0.042492203,0.04255255,0.041492548,0.04162111,0.041769918,0.039873756,0.04230543,0.040484425,0.041320547,0.041223258
0.0426291,0.041449483,0.04158609,0.041459378,0.040546194,0.041906584,0.040124003,0.040580247,0.042017467,0.04203226,0.04285045,0.04253423,0.04180201,0.042487837,0.042426236,0.04281234,0.04149074,0.04195886,0.041552752,0.040204972,0.042312432,0.040509757,0.041484885,0.041241743
0.04249742,0.041596077,0.041359257,0.041473396,0.040557016,0.04162895,0.0403643,0.040705185,0.041869488,0.042181764,0.042827297,0.042114727,0.04176677,0.04217741,0.042230126,0.04334381,0.0412331,0.04158909,0.041933894,0.040376615,0.04253472,0.040566664,0.04139591,0.041677084
0.04209776,0.04149749,0.041792437,0.04157118,0.040762052,0.041775115,0.040484868,0.04081212,0.0417236,0.041605663,0.04308009,0.042189874,0.041996986,0.042699907,0.042355914,0.042891517,0.041608926,0.041751347,0.041646965,0.04008777,0.042445432,0.04068854,0.04096058,0.041473858
0.04182214,0.04080452,0.041546725,0.041947793,0.040733434,0.041295003,0.04057199,0.040983923,0.04133183,0.041773017,0.042639375,0.042191926,0.042436004,0.043249026,0.042725623,0.0424982,0.042218775,0.042202454,0.041916158,0.040006973,0.04206122,0.040975235,0.041034143,0.04103453
0.04270645,0.042254757,0.04154038,0.041787166,0.04095205,0.04168692,0.040489063,0.040920403,0.041655317,0.04249697,0.042160425,0.042611,0.0411947,0.042138085,0.042059734,0.042665575,0.04061158,0.04233252,0.04161638,0.041055657,0.04162689,0.040908083,0.041383587,0.041146327
0.04228651,0.0416956,0.041668966,0.041679304,0.04064046,0.04179885,0.040526688,0.040879715,0.041886143,0.04183186,0.042644896,0.042281423,0.041746072,0.042245124,0.042046517,0.04278087,0.041548714,0.041724093,0.041651912,0.040419545,0.04218354,0.04082713,0.04143799,0.04156806
0.042198114,0.04160019,0.041925617,0.04164105,0.040675938,0.04199611,0.040330887,0.040707536,0.04178837,0.041737773,0.042960018,0.042512335,0.041800756,0.04263489,0.042252105,0.042595804,0.041661084,0.041882012,0.041485928,0.04020618,0.042118303,0.040750492,0.04122413,0.041314434
0.04248131,0.04189759,0.041591752,0.041521266,0.040510204,0.041872617,0.04043734,0.040852804,0.04187268,0.042020366,0.042669293,0.04211384,0.041759294,0.042278368,0.042071167,0.042867236,0.04145186,0.041823957,0.041785643,0.040400762,0.042219575,0.040835135,0.041219052,0.041446928
0.042735007,0.042365607,0.041804798,0.04190278,0.040361032,0.042011794,0.040385906,0.040810633,0.041965663,0.04250056,0.042427275,0.042510513,0.041309856,0.041952398,0.04206973,0.042673677,0.04092031,0.0419948,0.041869402,0.040694907,0.04185248,0.040820375,0.04088526,0.041175302
0.042691827,0.041384898,0.04164635,0.041203965,0.04029779,0.04162833,0.0411961,0.040858027,0.04177457,0.042001676,0.04250885,0.041904133,0.042100202,0.04166863,0.042045478,0.043587342,0.04125353,0.041861825,0.0420936,0.040204618,0.04261783,0.040571388,0.041039914,0.041859105
0.042129304,0.04188846,0.04191734,0.041801736,0.040805303,0.042123478,0.04050549,0.040756684,0.041908592,0.041859698,0.042320203,0.04264646,0.041544978,0.042357072,0.042306747,0.04239141,0.041416977,0.04181683,0.04134575,0.040780175,0.041978043,0.04083168,0.041396584,0.04117102
0.041749306,0.0412885,0.041838426,0.041623037,0.040768705,0.042264573,0.04082882,0.04060817,0.04157501,0.042633712,0.04241329,0.042726345,0.041373428,0.04286438,0.042060927,0.04291329,0.041483883,0.041411333,0.041699182,0.040942404,0.0421178,0.040886752,0.041030988,0.04089776
0.042206403,0.041517973,0.0416246,0.041916218,0.040615242,0.041864645,0.04065195,0.04072133,0.042122174,0.042025022,0.042376284,0.042370323,0.04157291,0.04222952,0.041995015,0.042639136,0.041224264,0.041706774,0.04174974,0.040490482,0.042284805,0.04087831,0.04155246,0.041664448
0.042227775,0.041849546,0.041439608,0.041591402,0.04070368,0.04175423,0.040693805,0.04102601,0.041830305,0.041883852,0.042494953,0.042056255,0.0416752,0.042058155,0.042026155,0.042863287,0.041499924,0.041586112,0.04182817,0.04064105,0.042285994,0.04089623,0.041433934,0.041654393
0.042474154,0.041623622,0.04143542,0.04148984,0.04063624,0.04175346,0.040469892,0.040812664,0.041983444,0.042069886,0.042583603,0.04221267,0.041760657,0.04221109,0.04216387,0.042891357,0.041373428,0.041717384,0.041736096,0.04049919,0.04238623,0.040737737,0.041523527,0.041454572
0.042582538,0.041226692,0.041540988,0.041512392,0.04095738,0.04137022,0.041311555,0.0407219,0.0417652,0.042315755,0.042446878,0.041629672,0.041974902,0.04144844,0.042380467,0.043184027,0.041315902,0.041135024,0.042440623,0.040296357,0.04291778,0.04017148,0.04109712,0.042256713
0.042298313,0.041588593,0.041670278,0.041538935,0.040800646,0.041855108,0.040527474,0.040831383,0.041887905,0.041878242,0.04261809,0.042299025,0.04176565,0.042337503,0.04217343,0.042585716,0.04153051,0.04180151,0.041609786,0.040528424,0.042195667,0.040877808,0.04145584,0.04134421
0.042434823,0.041794583,0.04133849,0.041690893,0.040384997,0.04162309,0.040944792,0.040959943,0.041852742,0.041916646,0.042362854,0.041853353,0.041989356,0.042151712,0.041981794,0.042961877,0.041342746,0.04141004,0.041921996,0.04040401,0.0425929,0.04072339,0.041348428,0.042014528
0.041821655,0.04178844,0.041771155,0.041423604,0.040923763,0.041858993,0.040820286,0.041076314,0.04150387,0.041639887,0.042909607,0.041745458,0.041982148,0.04248594,0.041999307,0.042836227,0.041682053,0.041529857,0.041815102,0.040452335,0.04227948,0.04114986,0.04092305,0.041581597
0.04210034,0.04190388,0.041947734,0.041558024,0.04076078,0.042031508,0.04056338,0.04100395,0.041665666,0.041651804,0.042542424,0.042026363,0.041810263,0.042393327,0.041832607,0.04236214,0.04199382,0.0420164,0.04156172,0.040328767,0.041929293,0.041224748,0.041357797,0.041433275
0.04199983,0.04187265,0.041547243,0.041506425,0.04086875,0.04171621,0.040961973,0.041167542,0.04164904,0.041790538,0.042545952,0.041703686,0.04187544,0.04214142,0.04186708,0.042835675,0.041495834,0.041492395,0.04190235,0.04070166,0.042296283,0.041201606,0.041169,0.041691463
0.041945145,0.041914552,0.041606274,0.0413876,0.041086983,0.04173802,0.041138604,0.041316673,0.04154005,0.041615088,0.042431056,0.041480377,0.041944772,0.042086832,0.041795045,0.04259298,0.041677754,0.041593667,0.041923717,0.04087525,0.042103793,0.04146624,0.041113514,0.04162611
0.042589765,0.041737176,0.04177047,0.04108007,0.040886514,0.04204387,0.040618364,0.04064537,0.042150076,0.041525055,0.042459376,0.04154798,0.041622184,0.042036355,0.041928105,0.042434968,0.04187046,0.041710854,0.04157128,0.04068338,0.042034008,0.041773003,0.041523796,0.0417575
0.041675016,0.04220685,0.042057052,0.041478254,0.040923316,0.041995622,0.041144323,0.041350115,0.041387603,0.041195985,0.042484246,0.0414972,0.04203593,0.04245391,0.041586585,0.042139642,0.042248253,0.04185294,0.041662946,0.04060415,0.041703384,0.041811258,0.040940385,0.041565042
0.04138299,0.041893847,0.042105116,0.04182694,0.041239187,0.041868802,0.041300125,0.041332193,0.041395366,0.041347638,0.042530704,0.041852113,0.041805305,0.042289544,0.04171325,0.04221552,0.041741986,0.041448936,0.041666888,0.04086476,0.041898094,0.041618157,0.04100142,0.041661095
