Stock_1,Stock_2,Stock_3,Stock_4,Stock_5,Stock_6,Stock_7,Stock_8,Stock_9,Stock_10,Stock_11,Stock_12,Stock_13,Stock_14,Stock_15,Stock_16,Stock_17,Stock_18,Stock_19,Stock_20,Stock_21,Stock_22,Stock_23,Stock_24
0.0008243382348596229,0.09907148538891879,0.0011471600874245942,0.099739335977954,0.09836933564818653,0.06293905654292,0.09908411376710526,0.006827243762581915,0.09689677144312912,0.0026480100725850587,0.0011694205823693353,0.09874131286716414,0.09923020980644556,0.00260665511241544,0.010873653123898592,0.09888488323086715,0.040366324947518364,0.0007715551881094622,0.0009005761113782926,0.005358518703628834,0.0007414793949662999,0.023876462723600923,0.03013392538029527,0.01879817190167745
0.0007739211052636251,0.09919068911828041,0.0011078843260661608,0.09982437392730739,0.09849020808832071,0.0633589547660582,0.09919468318057625,0.0066670109906042906,0.09704740375488712,0.0025620687563994043,0.0011223225632012817,0.09885669012975581,0.09933508937349264,0.002502181667109799,0.010572715090403723,0.09899867606372952,0.04039587154406532,0.0007389402730964537,0.0008634924232131539,0.005279324716853323,0.0007010324490080005,0.023719248633901038,0.029981553810770306,0.018715663247636075
0.0007851080686518233,0.09916395871331753,0.001116695956791046,0.09980525432607146,0.09846301268472232,0.06326368852250333,0.09916984150312921,0.006703137996608897,0.09701348612279535,0.0025813705534762595,0.0011328631982947873,0.0988307496308229,0.09931152912157232,0.0025255734543657435,0.01064049756195167,0.09897310479988294,0.04038922623489779,0.0007462351657624589,0.0008717883242053385,0.005297237655580233,0.0007100324653408093,0.02375495261092442,0.030016213821040093,0.018734441507291266
0.0007970842913226434,0.09913551808633075,0.0011260677119044285,0.0997849394392301,0.09843413849620984,0.0631630647478327,0.09914344381812391,0.006741448687365776,0.09697749029897132,0.0026018836657690655,0.0011440913027378455,0.09880319155632342,0.09928648241980172,0.0025504796338533596,0.010712422071247759,0.09894593219815938,0.04038216663030514,0.0007540052573881846,0.0008806262717801308,0.005316199498261251,0.0007196504876230506,0.023792671413697317,0.030052771935753647,0.018754230080007254
0.0007092314182599176,0.09934871816367934,0.0010557569273915096,0.09993800337868115,0.09865202111023341,0.06393545870868587,0.09934201089110094,0.006451122196669244,0.09724955667031739,0.002447692023477829,0.0010602831429170573,0.09901085422585339,0.09947492110652681,0.0023644359140349283,0.010168580284651934,0.09915055525639867,0.040435431242583676,0.0006960943536857673,0.0008147068599498542,0.005171530932608926,0.000648707830958841,0.023502250294425545,0.029770599313333423,0.018601477753574607
0.0006915243564253296,0.09939307056327021,0.001041121638037187,0.09997007903064727,0.09869776184022216,0.06410150000772691,0.09938352011122552,0.006389804553401254,0.09730679819023948,0.002415506300173561,0.0010429601000557884,0.0990543757195706,0.0995143254900425,0.0023259499206408174,0.010054107071323617,0.09919338254908096,0.040446609102152635,0.0006841555857696044,0.0008010978865404746,0.005140683023379679,0.0006342932725475712,0.023439522242934167,0.029709462654142132,0.01856838879045059
0.000706281241151437,0.09935607816631016,0.0010533304265913932,0.09994331459354461,0.09865959872012368,0.06396284983050071,0.09934889316713949,0.006440975797243763,0.09725903112846288,0.0024423566657637776,0.0010574063023667795,0.09901806692210274,0.09948145162775246,0.002358049293850494,0.010149640825979269,0.09915764925648969,0.04043727678183601,0.0006941132898981236,0.0008124449747445937,0.0051664321362192775,0.0006463097717447801,0.02349190679216859,0.029760523172014695,0.01859601911600061
0.0006769021010085594,0.09942303240290025,0.0010181607281534947,0.09999217789147101,0.09876767445990935,0.06477373948816663,0.09943444779160186,0.006583022415987434,0.09750318731593413,0.0024140949983572917,0.0009695229331442447,0.09909478027381309,0.09954436270059594,0.002438591515011432,0.010426005260876215,0.09926522301264866,0.040700153432794706,0.0006388199583133528,0.0007851632115348873,0.005035962608906249,0.0006213834297029662,0.022203772849849073,0.029557486248180647,0.01813233297113853
0.0006196626076357823,0.09948679074207806,0.0009340720813164437,0.10003268299619124,0.09893727895640997,0.06662787098249057,0.09957607849325686,0.007145997547241763,0.09805660989758933,0.0023588534925945534,0.0007552009241536092,0.0992079793015117,0.09961804952995051,0.0028770826107397994,0.011696949249458029,0.09945754779407007,0.04148552969370064,0.0004994356263341479,0.0007265701906412944,0.004768183323754367,0.0005676602124495991,0.018247674217289216,0.02929630922071393,0.017019930308428497
0.0006270972301092849,0.09955121247188357,0.0009726369433596344,0.10008598591723025,0.09891196415175683,0.06544785626821896,0.09956106599902338,0.0064779381992215454,0.09771502053661191,0.0023276821642222475,0.0009042209585281147,0.09922443867857413,0.0996598223622978,0.0023689337255379727,0.010232798302843783,0.09940132413060108,0.04081600733150223,0.0005953496317504164,0.0007447121328944548,0.004919730458049814,0.0005802765436908934,0.021635351895492212,0.029339662831243472,0.017898911135355994
0.0006361690013951315,0.09941269142129087,0.0009419395234255946,0.09997446315731756,0.09887905483564988,0.06663017295491208,0.0995221277838774,0.007348079851353518,0.09804332804204859,0.0023992752437793923,0.0007448621375392468,0.0991452970533564,0.09955454320220844,0.0030386798173173283,0.012135201366832231,0.09940952151574138,0.04159165315514325,0.0004932993882813577,0.0007374030095089256,0.00477725063256704,0.0005799315339204295,0.017729645889463037,0.02936616917705327,0.01690924030601767
0.0007120503988109672,0.09902784063572305,0.000976065674782875,0.09966622059005671,0.09857475743103543,0.06653646901604635,0.09923538347247764,0.008299698404493011,0.09792403110670896,0.002587781887003712,0.0006998945224728281,0.0988196072594703,0.09922393004149106,0.003855552876341675,0.014255003306910315,0.09914844693083112,0.042041273926791786,0.000466301678443163,0.0007855243967068934,0.004831719750878589,0.0006367786170491654,0.015539871101754222,0.029704511957697455,0.016451285016022717
0.0006853391386239503,0.09918092657957624,0.0009651311245238765,0.09978975537121722,0.09869400896240822,0.06660224512932422,0.09934925172681001,0.007932820196509836,0.09797684514292361,0.00251632805032407,0.0007186865172299046,0.09894778993339871,0.09935462735642356,0.0035309394019725883,0.013415938563609776,0.09925265130507399,0.041870349963053125,0.00047786486618912145,0.0007691411517179769,0.004804552402595491,0.0006162545505084609,0.016379647726826665,0.029557982865550107,0.016610921973609253
0.0006598651404861043,0.09855557692310087,0.0009341156712000328,0.09922044789005481,0.09825435005579111,0.06715714242434612,0.09889997422755133,0.009507045474024233,0.09785943213679302,0.00263423837944806,0.0005286437273043637,0.09844563249524338,0.09881662677229448,0.004934734247904448,0.01743447262011792,0.09885240553909132,0.04303005467980727,0.0003461844645215858,0.0007430792255883907,0.004853440693027837,0.0005886543692942877,0.011587762146670526,0.030303527769216236,0.015852592927122263
0.0006115926026499575,0.09903640842919463,0.0008946792547366108,0.09963116143867166,0.09865679163567767,0.06767544497501823,0.09928596762978557,0.00860042651238283,0.09817660736363931,0.0024715851724621133,0.0005533472465463683,0.0988702022396165,0.09923611529353019,0.004149986828968728,0.015260690900600574,0.09922385749779301,0.04264027767144355,0.0003647348774302095,0.0007069951458801609,0.004716183934687156,0.0005533561721257885,0.012994524963303,0.029769615948948874,0.015919446264907277
0.0006760839393896873,0.09885263996434347,0.0009458471188766455,0.09949668395439158,0.09847800256002226,0.06697336582782086,0.09912525589391093,0.008846737564994636,0.09797059341237127,0.0025961808701319223,0.0005985634275668598,0.09869660642139898,0.09907552295084095,0.0043527082431336845,0.015724890362722597,0.09906158013482251,0.04253588550102431,0.00039584581820090566,0.0007558391054422371,0.004829084818815275,0.0006054397439067235,0.013348986373025017,0.029977847860734305,0.016079808132112378
0.0007324130992550479,0.09887872371610772,0.0009871352329779899,0.09954574523087853,0.0984651815560149,0.06636422261045953,0.09912471071864876,0.00863627970418077,0.09786124445697504,0.002651174749974114,0.0006806742453314931,0.09870046519836029,0.09909748850588447,0.004155323904580804,0.015060617856105418,0.0990474859748371,0.042191902602371587,0.0004531951364621043,0.0007973051935968195,0.004887686460190484,0.00065249467646082,0.01477092546609878,0.029893379012578988,0.016364224691668452
0.0006468527129267946,0.09902014736049954,0.000922348735940924,0.0996335389939074,0.09862341071253099,0.06726026887533515,0.09926190261864218,0.008552159202758211,0.09809798309787625,0.002521705621490518,0.0005956970717949265,0.09884601645015222,0.09922137799628332,0.004099574340911202,0.015051820667441958,0.0991940640437683,0.042440202215366256,0.0003943771747284194,0.0007340401585201831,0.004767724795897085,0.0005828761762189816,0.013686486037574608,0.029769607762656247,0.016075817176778334
0.0006231707408862278,0.099392897972492,0.0009016051755904611,0.09995514476647747,0.09892056577986959,0.06758147133438766,0.09955131694718512,0.007782214993320659,0.09825181697897217,0.002369900946329095,0.0006513943994460583,0.0991744921587323,0.09955438493079509,0.0033546848876720176,0.012958013766878095,0.09945078974882102,0.0421507731417183,0.0004333407472291348,0.0007245902807866948,0.004539120548411739,0.0005571285139357694,0.015870067408315293,0.02914411930005876,0.016106994531689282
0.0007511082169335025,0.09794799716644088,0.0010040499918131105,0.09871806775658915,0.09773542270877826,0.0662099167459482,0.09840770786841582,0.010538536561737356,0.09740021231781074,0.002870203573082817,0.0005347991039364167,0.09790734665261087,0.098291089863138,0.005889008668928572,0.019846250493805655,0.09837250888938681,0.043263480479589334,0.00034901032592375453,0.0008093139708072376,0.005050590346202107,0.0006575559857947989,0.01066992209039928,0.03087512134126754,0.015900778880659782
0.000849996854555486,0.0978230147789009,0.001075242232031016,0.09865718047189512,0.09760344845100016,0.06534121600747157,0.09829832115234698,0.010607609504776998,0.0972052603862659,0.003021207195804002,0.0006112231907616193,0.09778923534383925,0.0981900830673048,0.0059531860846596205,0.01979617608008203,0.0982582257649545,0.04297544986085518,0.0004017824372325331,0.0008791440015164183,0.005178019406692353,0.0007364335548029979,0.011583940149068564,0.0310091557572375,0.016155448265944526
0.0009103912568921016,0.0978590242752787,0.0011167915355945871,0.09871894036216004,0.09760974946010423,0.06486066722775236,0.09831536914548071,0.010424431179030929,0.09714146073719843,0.0030865742019697703,0.0006770848534846291,0.09781219894365592,0.09822401401519057,0.005775997598199802,0.01920731434930333,0.09826759963577858,0.04269740276320088,0.0004479623391912777,0.0009207241057479921,0.005234278375729034,0.0007855915686974706,0.012571952418287317,0.03098767081641981,0.016346808835651514
0.0008212605978780476,0.09858926908112453,0.0010149152481652472,0.09932788458344281,0.09827643503345573,0.06644871635450024,0.09892850302717747,0.00961204690514104,0.09772025659870297,0.0027150022295390802,0.0006538515300221953,0.09852556033354017,0.09888333593484311,0.004615302289193473,0.0162696525743103,0.0988371954649604,0.04311622738662189,0.00043536091418004956,0.0008697989002578662,0.0044729636284362205,0.0006773817452074228,0.014081333659240712,0.029683178012645205,0.015424567967413837
0.0006178449693643956,0.09928101913791407,0.0008977444319103205,0.09985299434554785,0.09883746137436611,0.06757513620516661,0.09946782549416969,0.008014107767721108,0.09824347702918956,0.002408187833266478,0.0006190464977347195,0.09907179220263901,0.0994502289173914,0.0036303359807843237,0.013716209601001169,0.09938570416059102,0.04224796763265036,0.00041062455665317473,0.0007133828728350136,0.004647789012190612,0.0005591698370369158,0.014834868291292432,0.02937351660813037,0.016143565240453288
0.0007771010538824937,0.09850727790133634,0.0010223001084226878,0.0992344972082512,0.09816111766917046,0.06600162670940406,0.09883419811580224,0.009356465075957145,0.09763927739865308,0.0027959125320572713,0.0006518630650171752,0.09838140253129915,0.09877673301517104,0.00479585456298083,0.016785697007602417,0.09877270120868845,0.04249899346395847,0.00043220669036959767,0.0008291914007247831,0.004999232518954968,0.0006851106456805566,0.013453577929869969,0.030358631232174877,0.01624903095457077
0.0009010012240577885,0.09824045167040675,0.001109389964066358,0.09905306860122691,0.09790144147616457,0.06492531820247274,0.09860006838986647,0.009655832343534915,0.09731939149469726,0.002995520430891736,0.000742122013970721,0.0981320735423739,0.09854838336496725,0.00505265664239427,0.01728942815078129,0.0985344720365383,0.04227404081560674,0.0004950657006438935,0.0009151789396268681,0.005170364240045868,0.0007830006005520483,0.014231318581387726,0.030610860017059375,0.016519551556666255
0.0008483337707367139,0.09801290374133081,0.0010739000685186868,0.09882657975957367,0.09775137134982322,0.0653708591273201,0.09844405976783907,0.01023412568466929,0.09730270186167979,0.002982955987737647,0.0006398586032216346,0.09795087123742105,0.09835354500018402,0.005596791406243018,0.01885110025974797,0.0983964869449016,0.04278152967842727,0.0004222959278732684,0.0008784108522362898,0.005149722642586321,0.0007372901545443968,0.01231441482347426,0.030845813190809708,0.01623407815910021
0.0008185490826234787,0.09751687450931577,0.0010531939587147745,0.0983641058731065,0.09737104326571426,0.06555990304712704,0.09806136446889288,0.011242704450086061,0.09707332383343642,0.003034823508926768,0.0005409322394118094,0.09752949412497644,0.09792150196242816,0.006582808458123921,0.021493298938510083,0.09803445516727907,0.04338799985986699,0.0003523230861534722,0.0008564667348974668,0.005182378071012653,0.0007078481204557016,0.010145036049040615,0.0312348424765737,0.015934728713325953
0.0007969158791627789,0.09799775084626222,0.001037434213442861,0.09878730422050694,0.09775883844729708,0.06580756861785948,0.09844124877683597,0.010360989845036306,0.09736697251793303,0.002921842844900004,0.0005857235769019705,0.09794486125600077,0.09833787849928545,0.005717876599145146,0.019284611493560377,0.09839978966734547,0.043015187008495784,0.0003844620952283213,0.0008422510788527318,0.005096680745139934,0.0006953552309285241,0.01150011755062734,0.030849347276004697,0.016068991713246834
0.0008182571847138358,0.09753353687299705,0.001052982609986638,0.09837905420168833,0.09738443241342512,0.06556502788542169,0.09807459926897293,0.011212158972290573,0.0970833651490875,0.0030316338414637894,0.0005427180012681289,0.09754388220056044,0.09793599893391958,0.006551932965053396,0.02141543971856145,0.09804720385351512,0.04337448846575081,0.00035359082761497165,0.0008563008182236609,0.005180062543533524,0.0007077815548385082,0.01019242079894524,0.03122260440074943,0.01594052651741827
0.0008600254056596186,0.0983168237488264,0.001081286387696115,0.09910263454576596,0.09797754427558188,0.06526793888543196,0.09866838595745658,0.009581173203237096,0.09741850807043968,0.002933441749102264,0.0007103140222546879,0.09820416488901858,0.09861355781656919,0.00498983756144636,0.017181299312698933,0.09860465076062896,0.04235905319073204,0.00047281128428994826,0.0008871848195837473,0.005117136210007011,0.0007506533916276061,0.013931118153456202,0.030543269028288255,0.016427187330200918
0.0009586002585736774,0.09844643877103655,0.0011618929778658084,0.09925149596982978,0.09799456382362645,0.0643409535146192,0.0987098664209187,0.008963280735958552,0.09720474942704412,0.0029939384239069436,0.0008962797355265872,0.098263554799763,0.09871543567822454,0.004367246696017344,0.015444312649232298,0.09861148807061823,0.04166397866472685,0.0006020669631247375,0.0009620550960397664,0.005203293638605105,0.0008303145813672022,0.017037446446534783,0.03035589825777084,0.017020848399068946
0.0009374652518077025,0.09869933082385617,0.0011120075374069093,0.09947096767896754,0.09825580220028549,0.06515996474001533,0.0989461133882965,0.008948221780883628,0.09742772121896559,0.002843334221821101,0.0008585350125571835,0.09856738614045508,0.09897636235188907,0.003979724004984891,0.014587397746808258,0.09880414713825814,0.042133765933733705,0.0005815421204573408,0.0009693547565579874,0.004650821246284761,0.0007735567637850588,0.01752688491804091,0.029686489791087723,0.016103103232793937
0.0009932928878731192,0.09881875410987334,0.0011538541989083158,0.09959886395261738,0.09831630775869542,0.06451069284915212,0.09900035161602869,0.008546239204000137,0.09722147929613004,0.00282614689959233,0.0009879363804157315,0.09868076452609609,0.09909598312916792,0.0034334855701358066,0.013229299761307779,0.0987962329718525,0.04188833469239335,0.0006724023811258793,0.0010297647519829768,0.004536036330952254,0.0007991462750801016,0.02018168636466239,0.0294619992056478,0.01622094488630853
0.0009251995260112252,0.09883777187193449,0.0011248374786078552,0.09958911343162723,0.0983388093862178,0.0647538868907788,0.09902392330660857,0.008423495227928178,0.09734997658305516,0.002797969001210291,0.0009325214586402516,0.0986647648087984,0.09908960351169528,0.003565870445914474,0.013520500496491594,0.09886126394021519,0.041758668713773116,0.0006300551291543842,0.0009659565983740995,0.004751264859398885,0.0007728313278274245,0.019092348418255033,0.02967506104970005,0.016554306537782205
0.0009887633733885234,0.09859821811977429,0.0011130264368471843,0.09940429568893673,0.09822662013899039,0.0654847302897255,0.09890317371654556,0.009541018477962987,0.09743102283776038,0.0028358690081173505,0.0008196561702733409,0.09855595245873607,0.09892584531656269,0.00413699961900602,0.015076557570038186,0.09874085432868708,0.042841648008467625,0.0005558730546652469,0.0010166661955794153,0.00427262818844811,0.0007694679257385682,0.017075609266202562,0.0293878357567938,0.015297668052752405
0.0008597698502922503,0.09842252619060139,0.001046053120253664,0.09919788050613515,0.09812433305651282,0.06594414714908169,0.09878757595397408,0.009799867009964412,0.09757112675709839,0.0028117368182089524,0.0006745625227155742,0.09836613851036102,0.09873540905047165,0.004854204471616551,0.01684584318403541,0.09870353981487745,0.04300691395241181,0.00044915407512733616,0.0008928573016443897,0.004633135361910561,0.0007140967362903155,0.013954833420703017,0.02995521412053744,0.015649081065174663
0.0008556577451154801,0.09857124642919321,0.0010785564675418297,0.09932475437639704,0.0981630151845311,0.06525784870086465,0.09885225703665373,0.009012066144808645,0.09750290049047096,0.0028626364412699403,0.0007712791930917883,0.09840884531257144,0.09882992502854675,0.004460093111002199,0.015752869737224607,0.09877076271421814,0.04201402345659652,0.0005161020247196755,0.0008859035807033789,0.005071244150295756,0.0007499649738209282,0.015433011049756544,0.03022604360091055,0.01662899304969511
0.0009162468840213694,0.09865280784746222,0.0011500160036704047,0.09941588756249146,0.09814715898393964,0.06425116231909445,0.09885393999317085,0.008454223636956387,0.0972343038029158,0.002902498844608355,0.0009364070240802894,0.09843053547238716,0.0988893598267511,0.003885495750407012,0.014304278704610617,0.09873830727468913,0.041424484371302854,0.0006272274571366108,0.0009396591386006956,0.005202738749681062,0.0008013804171800627,0.018285814297251762,0.030242416774305718,0.017313648863284996
0.0010564505400228108,0.09844947674597225,0.001271851260478843,0.09928809983272631,0.09788704433329942,0.06264547862712332,0.09861448271057298,0.0083557958407366,0.09670246645409752,0.003088278570794637,0.0011482065536714207,0.09820391986531905,0.0987043252246321,0.003722806901333826,0.013911827315449314,0.0984674666087795,0.04092312572062543,0.0007708407012956415,0.0010434773094726679,0.005466444093932194,0.0009158899035110861,0.020770376477395235,0.03056636704249539,0.01802550136626244
0.0009409443128582352,0.09879609929379032,0.0012260727362646763,0.09954355160575154,0.09812216424928426,0.062381723565684756,0.09884770350368888,0.007342705820600759,0.09666785676075909,0.0028559136276350523,0.001229057907199117,0.09848570098216494,0.09899172313488654,0.0029483974343240764,0.011854295150611522,0.09865653957932739,0.04044953296629071,0.0008170359328563579,0.0009800012903431097,0.005475308950994313,0.0008331986711029915,0.023453242228493255,0.03038844545704244,0.01871278483804566
0.0009480849291246926,0.09871557479465634,0.0012029919070221636,0.0994784265472077,0.09812817644898804,0.06326648610634389,0.09883789472172724,0.00793358631209289,0.09693736245025839,0.0029135006680554433,0.0010921693755549002,0.0984437500930133,0.09893137755214843,0.0033868462757377033,0.013062589646402991,0.09868712401525356,0.0409070797901306,0.0007304605372296427,0.0009725923009373792,0.005343861100382718,0.0008330099362697786,0.02095647740386442,0.030301978961804612,0.01798859812579317
0.0010542923815544617,0.09810468055727833,0.0012149015157718185,0.0989941033799443,0.09771685764981809,0.06375002431622588,0.09844527784071026,0.009574564791332757,0.09698122432326742,0.0031776377409719492,0.0009070444124863284,0.0979759269733625,0.0984295320211965,0.0049372878062577796,0.01681253813394435,0.09835953679420352,0.04178457650824026,0.0006109715254960899,0.0010205788127157997,0.005331980648500246,0.000903911225176092,0.016249801124707735,0.03069080049311457,0.016971949023722947
0.0012539752096145072,0.09705848575083866,0.0013338905473345016,0.09816690035670804,0.09689484385048922,0.062496724453321995,0.09765710057729457,0.011384669070621736,0.09633618522477892,0.0036085605290973794,0.0008690855371910205,0.09710733285222051,0.09756051039653854,0.006718382052459186,0.021030227473663416,0.09761128366397633,0.04233245543323745,0.0005811501378877976,0.0011396736970758752,0.005638052474524245,0.0010472441524498068,0.01367408772936472,0.031649821037885745,0.01684935779142582
0.0012544124257695129,0.09795573970236827,0.0013836651524830245,0.09893458253483806,0.09746187924385455,0.06175414626067618,0.09821802470012066,0.009172211772777817,0.09633689403080417,0.003393826744268578,0.0012183174817233303,0.09777404358009795,0.0982894811555114,0.0044288747722809755,0.015596960986112096,0.09808498355691202,0.04101233527338113,0.0008231628693780018,0.0011646083232782075,0.005649354106040173,0.001063341377433932,0.02006455982208342,0.03098356874157144,0.017981025386235125
0.0012879480863701906,0.09779755878909271,0.00138756593220213,0.09881098913696962,0.09735592814096439,0.06189569127086647,0.09811888114028278,0.009574671678521768,0.09635172046418312,0.0034613050929196815,0.0011688982320606255,0.09765396634943317,0.09816062834973943,0.004831444844214315,0.016503520903872342,0.09800305715299322,0.041206929904426544,0.0007913122698239011,0.001179057349901087,0.005636585212500327,0.0010845087236720065,0.01896216626352585,0.031049986274703893,0.01772567843676044
0.0012729819193172496,0.09790690742613457,0.0013930172647758903,0.09889928554977756,0.09742174005756865,0.06168966477877695,0.09818045118868267,0.009257619216279617,0.09630745514752528,0.003422120453809114,0.001221645899550647,0.09773277176820709,0.09824888738918701,0.004507594634030692,0.015777338073579908,0.0980494562356869,0.041027697328894115,0.0008258997043238614,0.0011753536052920967,0.005663296631203196,0.001076853134745915,0.019957551757781355,0.03101904195888554,0.0179653688759841
0.0011416993550702336,0.0983121265446769,0.0013404960004165646,0.09919726131594635,0.09772327774346078,0.06180929900595719,0.09846077345773811,0.00834851646269305,0.09639303816068852,0.0031991782344755033,0.0012707167890445524,0.0980576725300561,0.09858059568722322,0.0036821754698936984,0.013817508100354137,0.09829729327476587,0.040686180188948526,0.0008545493038549899,0.0011035697885503442,0.00560823584645416,0.0009843789512496966,0.022013781975245353,0.03074251806856941,0.018375157744666762
0.0012401190170650456,0.09808287992205758,0.001396576932524697,0.09903596603564352,0.09752612465486038,0.061382469493836765,0.09827627369851892,0.008732593054178481,0.0962218666542896,0.0033462149541306956,0.0013076887316896381,0.09785834019837233,0.09838870932476418,0.004000771218883265,0.014593214229932662,0.09811896920057438,0.04072843805102326,0.0008819287836757229,0.0011638289108303402,0.005697390600415391,0.0010578255354230907,0.021662518387823373,0.0309457156658298,0.018353576743656883
0.0014217281713685595,0.09797885170834458,0.0015061506635902727,0.09902123962625953,0.09734902362408285,0.05985197992102242,0.09812502141348585,0.008478171482527937,0.09562293755235776,0.003411649702410049,0.0015957653803414884,0.09780046297710349,0.09833861307181067,0.0036127817979955987,0.013540323979062274,0.09785922332881992,0.04045564665340792,0.0010784937118638288,0.001311391920007014,0.005661090693130537,0.001160216484147739,0.025103037978860827,0.031012014470096275,0.01870418368790257
0.0012877398318408206,0.0981514559152764,0.001408902625267629,0.09911872584689736,0.09758271724149484,0.061268062906492234,0.09832240400752813,0.00863905886183963,0.09612879927283599,0.003308639590074889,0.0013741856452848596,0.09796340116297854,0.09847748385052335,0.0037378733622991296,0.01393423082938394,0.09811260299878091,0.04081724339718845,0.0009321292847891197,0.0012140780915001826,0.00545870144587926,0.0010657443283326356,0.022966825828031154,0.030671536338858156,0.01805745733662238
0.0012381525643201702,0.09810990817818234,0.0014014963548891063,0.099057190843854,0.09753437385803011,0.06125238193657843,0.09828353127058655,0.008608041901655445,0.09617413089938888,0.0033366874292576347,0.0013378635684993046,0.09787310527553487,0.0984086237421141,0.003885664912583153,0.014319289503657457,0.09811894993734274,0.04064200871768878,0.0009020383423287586,0.0011647733892086811,0.005715253332239085,0.001057862136739406,0.022169602973513062,0.03093737669907874,0.018471692232729195
0.0011924600745489248,0.09813113700359746,0.0013546148668243665,0.09906266843937116,0.09760122054286385,0.061916027870799036,0.09834805397520988,0.008831905483131303,0.09641677524012858,0.0032945419759240046,0.0012191365038215242,0.09791971519876974,0.09843470943935531,0.004117250752661684,0.014869272913342908,0.0982051322666808,0.04092039898582197,0.000821876803749267,0.0011293248716844507,0.005609478688982294,0.0010187198363529857,0.0206424548710168,0.030859083168727527,0.01808404022663418
0.001115483690389234,0.09824016439249621,0.001293372729009289,0.09913048352211942,0.09773309753439696,0.06265038225687264,0.09847154130881682,0.008856315711139035,0.09667501221733633,0.0031986550739036275,0.0011132588553765996,0.09803638609532035,0.09853185774138304,0.004176530793138573,0.015006672135040554,0.09834288600265345,0.04113831624486244,0.0007496034994432877,0.0010756292224465293,0.005484875980408654,0.0009571767548763881,0.019546405022119184,0.030706138933036673,0.01776975428341471
0.0012051427727697009,0.09783511080191992,0.0013157555181654574,0.09881413920437801,0.09744177311997503,0.06274316489151402,0.09819663974992379,0.009800153357799433,0.09661573858344127,0.003380259920366622,0.0010314413265215695,0.0977163479546535,0.09819788634035127,0.005111679495953036,0.01714054748171955,0.09810186933737776,0.04154505418851784,0.0006979636171417598,0.001119916752809413,0.0054981254824777595,0.0010187981819016244,0.017269894531596542,0.03093221544617941,0.017270381942545675
0.0011700501138654732,0.09797227820312965,0.0013020567836661981,0.09891869314029654,0.09754692370675036,0.06285776483426762,0.09829617872136574,0.009529633786857138,0.09667583639686185,0.0033120501542672908,0.0010411214806480735,0.09782809244333207,0.09831052515124307,0.004842617890161272,0.01652425164030669,0.09819400919581318,0.041462025035596414,0.0007034185851103786,0.0011006863672677533,0.005468760311866075,0.0009924376455429345,0.017772426521323572,0.030825551765112348,0.017352610125348295
0.0011540378551875236,0.09835770520945433,0.0013811803077990769,0.09924120632154051,0.09766538331675159,0.06065703385968951,0.09843168366778009,0.007742817691153013,0.09602548597624425,0.0031559812871981906,0.001455805202869865,0.0980659724578508,0.0986121403400533,0.0032399824803780873,0.012607097036278787,0.09821654477454414,0.040194200273309305,0.0009713542379807356,0.001126854893528384,0.00579907728864443,0.0009999901996631086,0.02471892863606695,0.030942966917220704,0.019236569768813314
0.001188666298368016,0.09828803017074597,0.0014038898713802396,0.09919352175355717,0.09759837572197237,0.06045298813319031,0.09836884238232005,0.007828419194638375,0.09594307106927154,0.0032049256418279597,0.0014840914859918653,0.09800139342969331,0.09855267356489869,0.0033023484620310385,0.012770199752409452,0.09815244207632678,0.04017780773246596,0.0009912182107141307,0.0011492739021011632,0.005839301775378249,0.001026629870473355,0.02479324223530964,0.031013713610592214,0.019274933654342137
0.0011674850728869907,0.09820491844411224,0.0012884757805689464,0.09912662373531031,0.09774992630443433,0.06302561097677856,0.09847924226727947,0.009230207940438582,0.09673586915804852,0.0032017680073814407,0.001079930062535598,0.09807358741000727,0.09853868877425691,0.004315954475104098,0.015324953364905618,0.09833014009337931,0.04152740866622995,0.0007329750754905308,0.001118704805199761,0.005181813115085169,0.0009647169011358398,0.019121953818721508,0.030426330502911436,0.017052715247797643
0.0012996363231729412,0.09780502005007491,0.0014003221758203304,0.09882150400225083,0.09734933975252126,0.06171710693052631,0.09811273232403724,0.009493449829858636,0.09629747394085869,0.0034700250535236303,0.001200513346583371,0.09765312858715508,0.09816555103511793,0.0047400967250697396,0.0163013881624683,0.09799095798499909,0.041126055331319446,0.0008126216901387213,0.0011884032729330878,0.005665552748668235,0.0010947075237881553,0.01938561622708035,0.031070277377942806,0.017838519604090938
0.0015759787552332264,0.0975578794234779,0.0016402120232630324,0.09870259157832263,0.09691254816753575,0.05847785034071773,0.09771849210709223,0.008689568227153863,0.09510436573518521,0.003710758019056757,0.0017831136316408664,0.09733768480570693,0.09793783673491685,0.0039594745216944985,0.0144182348437636,0.09749175138619268,0.04000991513272429,0.001202473103595473,0.0013869622409113697,0.006235827284604675,0.0013194234564234961,0.02550344661036213,0.03168465908955918,0.019638952780865623
0.0016630883958939644,0.09740393387272811,0.0016896211900766737,0.09860098220169669,0.09677154633767322,0.058095177620721014,0.09758320568370077,0.008863291986582486,0.09493298116371537,0.0038157478319938284,0.001846653577430086,0.0972006239045897,0.09781005252260673,0.00409857951534888,0.014752018307309522,0.0973549021654965,0.0399753698530854,0.0012476487677522247,0.001437618620211312,0.0063141444969366,0.0013841402077532528,0.02563908899701302,0.03181168201007023,0.01970790076961439
0.0012893067527967417,0.09809010390647033,0.001468260850854469,0.09905888843327822,0.09740955372236011,0.05988915634206384,0.09819108273677428,0.008068225712542603,0.0957112927727413,0.003343326530910476,0.001564707061561986,0.09781916516382645,0.09838451990149809,0.0034799031522187358,0.01322787446300448,0.09797137354964759,0.04013160962813429,0.0010479469797074355,0.0012132351260622466,0.005951184462613449,0.0011035877718011543,0.02499766648545662,0.03120782606185096,0.01938020243182413
0.0018546184506143014,0.09659491526956601,0.0016840415763821643,0.09798001696625092,0.09632641805549366,0.059453138875481655,0.0971443671144889,0.01114649653510794,0.09530508583189486,0.004194281438077155,0.0014292275795148878,0.0966239239246437,0.09717029074074111,0.00635865789703626,0.019688205286122994,0.09704756993628383,0.041061035723472514,0.0009795494377570157,0.0014987492319539215,0.006108826280372886,0.0014972565706685853,0.018960220594341007,0.031909303577733736,0.017983803105999983
0.0025314411891698635,0.09596382394346845,0.002115820658448139,0.09766557140152135,0.09554903996562646,0.05538876871891272,0.09637644926387953,0.010578427614914761,0.09358439845259363,0.004773543307326143,0.002336000791390724,0.09597170977061442,0.09664123872538416,0.005573831912219628,0.018069931228479514,0.09616823534712915,0.0398179690183811,0.0016070824321803875,0.0018955966503545192,0.006885517577533571,0.0020104266956425965,0.02583842744555668,0.032710334951239275,0.019946412938033238
0.002371160085350285,0.09617108608838378,0.002029120513882665,0.09778635965631205,0.0957595903625286,0.056155240797424816,0.0965749337608154,0.010532324106900684,0.09392875412498215,0.004640257307689426,0.0021691659760555435,0.0961541327080919,0.09680596821997801,0.005518992879261121,0.017989966767011843,0.09638534284995183,0.03998737298181244,0.0014927378145888205,0.0018087119298632742,0.006726164325437545,0.0018948637965866557,0.02499211689776764,0.03249602852426438,0.01962960752505914
0.002083755908493632,0.09642658441536389,0.0018392950699331607,0.09791252479990606,0.09609625363691628,0.05796803648009233,0.09691452123790394,0.010874350995120371,0.09473494425469531,0.004396701547314119,0.0017359322367757253,0.09643303286797694,0.09702619671270254,0.005949518247683183,0.018871657441290525,0.096779854098425,0.04055800875699279,0.0011917004229238164,0.001637382294159479,0.0063805445447982926,0.0016725292920153892,0.02162810127080271,0.03217134474204708,0.018717228725667435
0.0018815561701005722,0.0965060653798697,0.001692590469809235,0.09791549305582631,0.09626253629156248,0.05937307871743664,0.0970834284988242,0.011300702805570162,0.09526693104318765,0.00423859664243868,0.001422719020676605,0.09655547342601954,0.09710093145597255,0.006528916615868183,0.020043881250032477,0.09699144711785572,0.04109804537894865,0.0009758514085925341,0.0015115585446352092,0.006129009801236893,0.0015173440164052768,0.018686560920884387,0.03197035287453407,0.017946929093712267
0.0018063078985495282,0.09578645004980821,0.0016334513694075288,0.09729337810866957,0.0958372411871848,0.05969370607396649,0.09666046436135332,0.012913294123635856,0.09521379104784235,0.004348087899424387,0.0011134366004682918,0.09604177516272183,0.09653795609138224,0.008348131802640197,0.02409769953821468,0.09663090806846966,0.04203332866533877,0.0007513982356950202,0.0014530950474931953,0.006155881770900835,0.0014503999005179003,0.014330096467643348,0.03251363541140849,0.017356085117263498
0.0019111156605400579,0.09251757181002175,0.0016399047466970167,0.09445418156876316,0.09338139853928688,0.05840516364522082,0.09433470422069488,0.018955928521492298,0.09346548254541517,0.005015617773055691,0.0006960501484228502,0.09338717357087767,0.09389070186557119,0.016241070853783166,0.03753882006869088,0.09434211872589052,0.04251189094888716,0.00042875638518239897,0.0014806857642385219,0.006738954140190491,0.0014531238870441943,0.007251474011574979,0.03397216226009821,0.01598594833836003
0.0017344119943985097,0.09286202326734937,0.0015526555394331438,0.09466155083013271,0.09363095354252957,0.05913358520937981,0.09455988678000357,0.018619270700860596,0.09372463903892024,0.004793391770821932,0.0006402391583985116,0.09364224512819791,0.09413518222715554,0.015758047107358862,0.03701968239877969,0.09456401244240681,0.04265310676983581,0.0003920657897448103,0.0013857111217322607,0.006603912575918013,0.0013291537456053598,0.006973611138088296,0.033809496527004886,0.01582116519594379
0.0016872087463654481,0.09286274969612904,0.0016138529540859104,0.09447296974331361,0.09335594020492749,0.05898020100337883,0.09438195705925596,0.0193497214623904,0.09345881868326711,0.004796228351788538,0.0006331495942692434,0.09335464699216635,0.0940591530037226,0.015586841006569657,0.038294619118666884,0.09440033996521575,0.041218156280632974,0.00038396224236195647,0.00157866679021008,0.007166795110675644,0.001322715595242919,0.006811277877072822,0.03316407258018225,0.01706595593810856
0.0017597626782956547,0.09530087567006326,0.0019513718308469756,0.0964091602961164,0.09453305812422504,0.058341924625996626,0.0957385109282667,0.015174847439619232,0.09382223450760598,0.004454173216228181,0.0011547308649043412,0.0947222289720186,0.09599378179129418,0.008422956224435773,0.029250776348001255,0.09587732096025792,0.03770498563033915,0.0007562355982388957,0.0023302393220098324,0.008227192709038893,0.0014712135777035103,0.013313874890970004,0.030569315646637164,0.02271922814688645
0.0016760949988720015,0.09365895935250548,0.0016744799036786902,0.09511357229551311,0.09383104974282035,0.059088714211302504,0.09489217299187595,0.0181183376253204,0.09378429188091646,0.00467453919992978,0.0007243701942000733,0.09387004030946594,0.09469500582318863,0.013309231889832017,0.03571841517271788,0.09492816165014105,0.04046216662337869,0.0004484600010261276,0.001714811627110246,0.007365804280025091,0.001342218297293597,0.00807393506301468,0.0325423675708974,0.018292799294973853
0.001871950496084572,0.0950917610876506,0.0020390673583809953,0.09624873595814017,0.0943079127611109,0.05813828856917749,0.09567528601958998,0.01789328918214021,0.09348365488753169,0.0047262272651783675,0.0011782551942480495,0.09434249184546212,0.09587304885490881,0.009320902913756427,0.029074617191701707,0.095811883783423,0.035629839264207146,0.0007647248702840997,0.002800701103045974,0.009102987208146522,0.0014834634799583684,0.012500993550346211,0.029370889471541078,0.02326902768398552
0.0019191152751285086,0.09489562685843422,0.002066289341052783,0.0960840506038357,0.0941430859172575,0.057993824809369356,0.09555711994910625,0.01901866330666667,0.09333426043159272,0.004843956944188871,0.0011636294132781285,0.0941198259377432,0.09572294517929698,0.009900175594997328,0.02955249198467727,0.09569004727757802,0.035044815100406336,0.0007513088531529498,0.0029473790922803357,0.00938941177751445,0.0014948423096885605,0.01196074781732296,0.02909589685958553,0.02331048936584539
0.0014006678194468727,0.09680315638008354,0.0020940530244821067,0.0973219036868234,0.09500608039326897,0.058451571906939115,0.09651998938333446,0.014547803475569096,0.09362704500400816,0.0037261598890134017,0.0012058827547504277,0.09524413031833755,0.09713641462605183,0.005790353286853372,0.025633981279077078,0.09677928731737419,0.03034112877525623,0.0008446374794218522,0.003231010802763263,0.0102444263954801,0.0012614316203090066,0.01606824762628855,0.025749348415505597,0.030971288339561847
0.0012202000761696548,0.09666911843799877,0.0018967436018943568,0.09715170843884187,0.09508444656349846,0.0593142754143542,0.09654295590591012,0.015340728379592347,0.09419469777799744,0.003621117019266271,0.0009417418430149229,0.09527491721637706,0.09700860251941308,0.006511906596233963,0.028152153246368133,0.0967544168224462,0.030721460364160725,0.0006397698629818384,0.0028880858449453293,0.010124005360948225,0.0011171064834331,0.013045166860967123,0.02597416046213467,0.02981051490105213
0.0015523678797665775,0.09612251745408569,0.001982199200479276,0.09698855131952619,0.09500067140109537,0.06009463246339463,0.0965493256348058,0.020705300126966367,0.09382834297202915,0.004460097617306412,0.0010786836214453927,0.09486266302953332,0.09673233295193898,0.00837870502162092,0.02474931561782582,0.09667155681320114,0.031187646377674967,0.0007068519087863656,0.0034306314112490686,0.010463012080928714,0.0011653334285651445,0.011911415278838693,0.026157950888789087,0.02521989550014693
0.0015477560584156902,0.09621637103852582,0.001998532636070057,0.09705070139344933,0.09502452942682442,0.059897744870728895,0.09657213451410683,0.01987308512968683,0.09382766512165035,0.0043944038751944055,0.0011025567028197143,0.0949313686244248,0.09679550211238083,0.008042955189442105,0.0247924069254326,0.09670626655944659,0.031205689700197953,0.0007287028208639796,0.0033986766689184495,0.010402285607729957,0.001184351120857743,0.01240705741621203,0.026198694322089197,0.025700562164531437
