0,1,2,3,4,5,6,7,8,9,10,11,12,13,14,15,16,17,18,19,20,21,22,23
0.054223813,0.06845107,0.061427638,0.059504457,0.02351926,0.032266237,0.03225798,0.05860502,0.06840176,0.062878475,0.0248322,0.029088821,0.029637592,0.04170996,0.019750627,0.016986502,0.033096027,0.043130644,0.05612672,0.046420153,0.026052088,0.064155355,0.035008524,0.012469121
0.054223813,0.06845107,0.061427638,0.059504457,0.02351926,0.032266237,0.03225798,0.05860502,0.06840176,0.062878475,0.0248322,0.029088821,0.029637592,0.04170996,0.019750627,0.016986502,0.033096027,0.043130644,0.05612672,0.046420153,0.026052088,0.064155355,0.035008524,0.012469121
0.05443248,0.06886268,0.061760772,0.05983662,0.02320616,0.032057777,0.031948317,0.05900937,0.06876183,0.063234,0.024602309,0.028892135,0.029484088,0.041641496,0.019385643,0.016572941,0.03292452,0.0432885,0.056397293,0.046441853,0.025754483,0.0644899,0.03492114,0.012093746
0.05452692,0.0690512,0.06191506,0.05998532,0.023059573,0.031963475,0.031808473,0.059191886,0.06892463,0.06340394,0.024492644,0.028800601,0.02940832,0.041606963,0.019215032,0.016382651,0.032848105,0.043366604,0.05652274,0.046459485,0.025615023,0.06464634,0.034880176,0.011924871
0.054436732,0.068863,0.061759796,0.059839826,0.023201158,0.03205832,0.031951174,0.05901136,0.06876012,0.063235074,0.024603644,0.028895611,0.02948017,0.041638605,0.019386908,0.016572805,0.032916117,0.043290436,0.056398213,0.046438325,0.02575219,0.06449293,0.034922667,0.012094757
0.054437682,0.068886675,0.0617815,0.059858162,0.023189927,0.032046705,0.031927116,0.059039485,0.06878245,0.063260145,0.024584921,0.02887779,0.02946931,0.04163479,0.01936125,0.01654766,0.032913085,0.043305494,0.056411937,0.046450384,0.02573267,0.064512156,0.034916397,0.012072345
0.054615077,0.069213234,0.062044676,0.060121156,0.022931872,0.031883694,0.031678557,0.059355598,0.06906808,0.06354143,0.024397785,0.028724907,0.029346453,0.041580223,0.019068295,0.016224338,0.03277557,0.043434467,0.05663021,0.046457928,0.025500294,0.06478041,0.034848526,0.011777316
0.054691613,0.06936831,0.06217729,0.06024714,0.022814093,0.031798296,0.031554174,0.059510887,0.0692044,0.0636855,0.024308216,0.028642153,0.029286368,0.041549653,0.018927671,0.016067378,0.032715756,0.043489672,0.05674097,0.046476196,0.025383685,0.06491509,0.03481126,0.011634227
0.05467846,0.06933943,0.062143676,0.06021962,0.022833861,0.03181896,0.031575333,0.05948357,0.06917839,0.063658625,0.024324657,0.028664947,0.02929678,0.04155237,0.018960994,0.016101357,0.032726407,0.043479957,0.056711953,0.046465676,0.025415713,0.0648857,0.034820195,0.011663391
0.054795016,0.069567315,0.06234527,0.060407747,0.022656774,0.03169154,0.03139355,0.059723914,0.06937519,0.06386282,0.024193065,0.02855199,0.02920406,0.041507185,0.018746434,0.015868414,0.03263231,0.043579843,0.056872424,0.04648674,0.025231846,0.06507797,0.03477423,0.0114544155
0.054900415,0.06975229,0.0624937,0.06054742,0.02251079,0.03160031,0.03125145,0.059897,0.06953475,0.06403211,0.024088733,0.028454302,0.029131819,0.041477878,0.018577306,0.015685586,0.03256793,0.043648165,0.05699919,0.046499,0.025096754,0.06523141,0.034731477,0.011290157
0.05489542,0.06975129,0.062496487,0.06055614,0.022513144,0.03160109,0.031251352,0.05989671,0.069532275,0.06401834,0.024092514,0.028454628,0.029137999,0.04148369,0.018586356,0.015684605,0.032558642,0.04365001,0.056999117,0.046489224,0.025099017,0.065230004,0.03473002,0.011291951
0.05505244,0.07005351,0.062744215,0.06080078,0.022279276,0.03143252,0.031008981,0.060215484,0.06978832,0.06429532,0.023922315,0.028301107,0.029025577,0.041418094,0.018304093,0.015378031,0.032437436,0.043787535,0.057207093,0.046520013,0.024870118,0.06548235,0.034657862,0.011017489
0.05513596,0.070202425,0.06287223,0.06093962,0.022150587,0.031357393,0.03088041,0.060375165,0.06993105,0.064419985,0.02382351,0.028226344,0.028958397,0.041395128,0.018171003,0.015220042,0.032356,0.0438537,0.057317324,0.046531484,0.024754446,0.065611646,0.034624845,0.010891287
0.05505862,0.07004643,0.06275029,0.060804915,0.022278193,0.031423476,0.031008596,0.06021371,0.06979227,0.06429899,0.023922557,0.028307589,0.029023707,0.041418485,0.018294415,0.015383188,0.032429446,0.043790303,0.05720357,0.04651842,0.024882808,0.065468594,0.03465975,0.011021681
0.055061992,0.07005131,0.062742636,0.060802206,0.022277834,0.031435587,0.031014364,0.060209595,0.06978979,0.064294696,0.023920665,0.028307438,0.029015372,0.041428674,0.01830438,0.015374764,0.032424133,0.043787826,0.05720697,0.04650793,0.02487966,0.065474786,0.034660064,0.011027349
0.05526643,0.070440196,0.06307402,0.06111816,0.021962998,0.031226672,0.030675799,0.060608733,0.07012643,0.06463954,0.023695705,0.028099483,0.028871894,0.04134068,0.017954007,0.014990834,0.032280594,0.043961827,0.057478078,0.0465349,0.024587877,0.065806784,0.034579203,0.010679126
0.05521982,0.070350304,0.06299684,0.06104197,0.022032995,0.0312782,0.030759824,0.060515217,0.07004464,0.064559296,0.02373763,0.028157312,0.028905831,0.041362662,0.018038312,0.015078828,0.03232387,0.043901164,0.057419915,0.046531122,0.024650019,0.06573318,0.03460543,0.010755686
0.05521564,0.070338994,0.06299204,0.06103329,0.02205164,0.031280737,0.030770628,0.060501684,0.07003896,0.064551644,0.023745198,0.028155833,0.028916696,0.041364457,0.018039808,0.015083644,0.032317605,0.04390459,0.057412993,0.046530385,0.02466349,0.06572106,0.034606677,0.010762297
0.055173904,0.07026568,0.06292926,0.06097741,0.022111522,0.031306453,0.030826919,0.06043283,0.06997507,0.06447933,0.023795778,0.028204521,0.028937304,0.04139196,0.018110322,0.015168108,0.032339297,0.043875057,0.057353295,0.04651827,0.024723524,0.06565382,0.03461836,0.010831986
0.055415887,0.07069212,0.063294865,0.061330624,0.021772705,0.031058079,0.030470647,0.060894497,0.0703437,0.064872764,0.023533816,0.027970457,0.028772898,0.04129673,0.017701654,0.014705457,0.032170728,0.044096813,0.057673384,0.0465573,0.024379155,0.06602777,0.034520727,0.01044716
0.05513448,0.0701727,0.062847845,0.060904823,0.022181856,0.031370573,0.0308895,0.060340922,0.06989863,0.06440896,0.023845779,0.028243694,0.028965982,0.041401498,0.018196527,0.015250121,0.03237428,0.04383074,0.057309426,0.046524864,0.024771612,0.06559091,0.03463094,0.010913357
0.055028353,0.07000604,0.06272156,0.060768712,0.022311972,0.03144339,0.03104312,0.06018222,0.06975513,0.06426235,0.023927836,0.028313838,0.029049562,0.04143162,0.018348074,0.015413054,0.03243599,0.04377386,0.057192165,0.046517126,0.024892792,0.065458864,0.034669735,0.011052569
0.055149663,0.07023463,0.06290807,0.060959294,0.022126207,0.031341903,0.030835556,0.06040619,0.06995503,0.06444822,0.023806661,0.028200006,0.028958717,0.04138976,0.018150942,0.015189768,0.03234533,0.04385858,0.057350736,0.04652714,0.024733908,0.06564832,0.03461433,0.01086101
0.05526269,0.07042748,0.06307233,0.061117608,0.02198459,0.031213382,0.030692646,0.060599513,0.070117444,0.06462984,0.023693256,0.028118601,0.028877847,0.041351687,0.017961375,0.014997535,0.03227358,0.04395231,0.05747045,0.046539813,0.024592279,0.06579395,0.034577046,0.010682793
0.055458125,0.07075744,0.06334827,0.061400052,0.021707254,0.03104593,0.03041482,0.060952198,0.07041636,0.064941935,0.023481274,0.027930956,0.028748719,0.041294742,0.017636092,0.0146460105,0.032113735,0.044110477,0.057721928,0.046571955,0.024331618,0.06609044,0.034497134,0.010382526
0.055317197,0.07054137,0.063175306,0.061228495,0.021889735,0.031131377,0.030578803,0.06075438,0.07022016,0.0647354,0.023621302,0.028047008,0.028834885,0.041306987,0.01785269,0.014872459,0.032213174,0.044030763,0.05757013,0.046537817,0.024488507,0.06590256,0.034565046,0.010584421
0.055234727,0.07038039,0.06303032,0.061089274,0.022015195,0.03124459,0.030745782,0.060557332,0.07007402,0.06458855,0.02371155,0.02814062,0.028891906,0.041352574,0.017994743,0.015035922,0.032282963,0.043925457,0.057447664,0.046543412,0.024623638,0.06576332,0.034601614,0.010724401
0.055292506,0.07048394,0.06311668,0.061158154,0.02192952,0.031197919,0.030655043,0.060657486,0.07016345,0.064675935,0.023684844,0.028087411,0.028854119,0.041334745,0.017910779,0.01493813,0.032243565,0.043971986,0.057516832,0.046529345,0.024542747,0.0658477,0.03456648,0.010640625
0.055036597,0.070027515,0.06273869,0.060784012,0.022307623,0.031428277,0.031019188,0.060179487,0.06976511,0.064271405,0.023936609,0.02832428,0.029037537,0.04142497,0.018334342,0.015413988,0.03244,0.04377006,0.057195432,0.046508137,0.02488909,0.065464556,0.03465774,0.011045392
0.055287465,0.07050075,0.06312983,0.061191194,0.021925904,0.031164305,0.030629199,0.060693435,0.0701881,0.06469658,0.023644833,0.028068183,0.02885473,0.041336335,0.017894065,0.014905326,0.032244388,0.043993,0.057535116,0.046553716,0.02451995,0.06586372,0.034555502,0.010624355
0.055089604,0.07013827,0.06282492,0.060883768,0.022202568,0.03138193,0.030923145,0.06030319,0.06986866,0.06437483,0.023868237,0.028251609,0.02899307,0.041411463,0.018233033,0.015287844,0.032394174,0.043821745,0.05727517,0.046531137,0.024803443,0.06556086,0.034634877,0.01094242
0.055154867,0.07023922,0.06290747,0.06096417,0.02212179,0.03134666,0.030859064,0.060399044,0.0699569,0.06444666,0.023818113,0.02820298,0.028947772,0.041396193,0.018140841,0.015187503,0.032339975,0.043842837,0.057345632,0.046519086,0.024731563,0.065645024,0.034629144,0.010857474
0.055319473,0.07052633,0.063148275,0.061188314,0.021892201,0.031186908,0.030604042,0.06070821,0.07020392,0.0647167,0.023641998,0.028056119,0.028838629,0.041321505,0.01787391,0.014889741,0.03223046,0.04400377,0.057536356,0.046529986,0.024524499,0.06588922,0.034570396,0.010599044
0.055083167,0.07009186,0.06279011,0.060845844,0.022238757,0.031421248,0.030979253,0.060242865,0.06982059,0.064315595,0.023897817,0.028294006,0.028984793,0.041424733,0.018271318,0.015332963,0.032411676,0.04380409,0.0572409,0.04651473,0.024826644,0.06552144,0.034655068,0.010990551
0.054961964,0.0698483,0.06258354,0.06062509,0.022431368,0.031522084,0.031177137,0.059993148,0.069622055,0.064103365,0.024028745,0.028401509,0.029116556,0.04146641,0.018493528,0.015567064,0.032515343,0.043709416,0.05707952,0.0464845,0.025027383,0.06532495,0.034715243,0.01120175
0.054752365,0.06946878,0.06226709,0.060320806,0.022742763,0.031721666,0.03145718,0.05963493,0.06929868,0.06377682,0.02424196,0.028594662,0.029253338,0.041523777,0.018832846,0.0159659,0.03266157,0.043545652,0.05682298,0.046458866,0.025314864,0.065001905,0.034799807,0.011540834
0.05489222,0.069754906,0.062494628,0.06056324,0.022512643,0.031588767,0.031237984,0.059919655,0.06954414,0.06402399,0.024076413,0.028451843,0.02915784,0.041473355,0.018568788,0.015671939,0.03255081,0.043661203,0.057001103,0.046487194,0.02510459,0.06523575,0.03474267,0.011284389
0.0548284,0.069611356,0.062385302,0.060437933,0.02261598,0.03168965,0.031354707,0.05974435,0.06940687,0.06389809,0.02415718,0.02852946,0.02917169,0.041515455,0.018718783,0.015818903,0.032593902,0.043584827,0.056917723,0.04650231,0.025198609,0.06513113,0.034765664,0.011421757
0.05487401,0.06972317,0.062466368,0.060535356,0.022540035,0.031617034,0.03127218,0.05988089,0.069511175,0.06399836,0.024104444,0.028483616,0.029151188,0.04148992,0.018601064,0.015705556,0.032557584,0.043641593,0.05697504,0.046488445,0.02512065,0.0652063,0.034740984,0.011315041
0.055034153,0.0700223,0.06271688,0.06077442,0.022311317,0.03144852,0.031026442,0.060179144,0.06976628,0.06426238,0.023923207,0.028324218,0.029024001,0.041438453,0.018339857,0.015397013,0.03244882,0.043765504,0.05719254,0.04651715,0.024896007,0.06545745,0.034678604,0.0110552795
0.055153422,0.070232294,0.06289426,0.06094628,0.022136966,0.031318463,0.030859658,0.060407296,0.06994958,0.064457074,0.023815501,0.028217524,0.02895819,0.04138372,0.018140823,0.015186132,0.0323659,0.04386758,0.057334617,0.046511,0.024743363,0.06562527,0.03463476,0.010860328
0.054873127,0.069683075,0.062436916,0.060481,0.022554249,0.031625524,0.031308357,0.059821498,0.0694725,0.063958906,0.024127092,0.028491901,0.029159721,0.041488282,0.01864602,0.015756095,0.032587033,0.043635894,0.05696572,0.04649824,0.025136959,0.06518361,0.03474816,0.011360185
0.0548771,0.06970483,0.062445067,0.060510594,0.022548584,0.031626754,0.03130083,0.05984845,0.06948698,0.06397206,0.02412137,0.028482217,0.029155917,0.04148994,0.018634778,0.01572958,0.032579105,0.043633323,0.05695625,0.046495892,0.025134921,0.0651855,0.03474397,0.011335972
0.054991554,0.06996034,0.062674664,0.06072767,0.022354608,0.031486895,0.031075144,0.060112733,0.06970841,0.06421533,0.023961324,0.028355988,0.02905328,0.0414489,0.018395506,0.015462801,0.03247555,0.04373751,0.05715257,0.046513528,0.024925658,0.06541026,0.034693208,0.011106567
0.055268195,0.070425764,0.06306452,0.061111614,0.021980558,0.031213831,0.03071039,0.060605686,0.07012187,0.06462787,0.023689743,0.028103357,0.02887991,0.04134246,0.017953746,0.014977305,0.032276727,0.043957,0.057488378,0.046544228,0.024579624,0.06580449,0.034588773,0.010683956
0.05504713,0.0700489,0.06274402,0.060800638,0.022289792,0.031424426,0.030995889,0.06021597,0.06978854,0.064287074,0.023919772,0.028303975,0.029028622,0.04142458,0.018313603,0.015379187,0.032437976,0.043779895,0.057201106,0.046515383,0.024881963,0.065467186,0.034675084,0.011029355
0.05511636,0.07017231,0.06284041,0.0609047,0.022182187,0.031384427,0.030913752,0.06034568,0.06989456,0.06440595,0.02385,0.028248148,0.028974311,0.041388143,0.018189145,0.0152599355,0.032371454,0.043847896,0.057277247,0.04652828,0.024777789,0.06557688,0.034637626,0.010912769
0.05499036,0.06993462,0.06264811,0.060712487,0.02236955,0.0314995,0.031111259,0.06008428,0.069687955,0.064176306,0.02399195,0.028365755,0.029059125,0.041451626,0.018421493,0.01549731,0.032472126,0.043725125,0.057118144,0.04650784,0.024964372,0.06538556,0.03468881,0.011136367
0.05490437,0.069760576,0.06250739,0.06054817,0.022515401,0.031570207,0.031230016,0.059908353,0.069538355,0.064026095,0.0240959,0.028449709,0.029151816,0.041480307,0.01857566,0.015674237,0.03255753,0.043656707,0.057007823,0.046482913,0.025105948,0.06524078,0.034729656,0.011282109
0.055007227,0.069969796,0.06267469,0.060741663,0.022343429,0.031466965,0.031078793,0.060126707,0.0697263,0.06420376,0.023967432,0.02834187,0.029060269,0.04145255,0.018378293,0.015467359,0.032456227,0.043738153,0.05715086,0.04650421,0.024951307,0.06540501,0.034686014,0.011101086
0.054564063,0.06910097,0.061953925,0.06002313,0.023021955,0.031915344,0.031753704,0.05925255,0.06896871,0.0634556,0.02445683,0.028777944,0.02939867,0.041581754,0.019167606,0.016345825,0.032832943,0.043396764,0.05656549,0.046443317,0.02558251,0.0646883,0.034878075,0.011874056
0.054832116,0.06961845,0.062373705,0.060451753,0.022616614,0.03167946,0.031352792,0.059757095,0.069414936,0.06389769,0.02416444,0.028523818,0.029185867,0.04151777,0.018706394,0.01582558,0.03261844,0.043584462,0.056908652,0.046491265,0.02519829,0.06511147,0.034756426,0.011412541
0.054762453,0.06948344,0.06227278,0.06032823,0.022723632,0.03171345,0.031454973,0.059641633,0.06930967,0.06379417,0.024240866,0.028574819,0.029253747,0.04151602,0.018810153,0.015945863,0.032673124,0.04355054,0.056832734,0.046480387,0.02530994,0.0650132,0.034795437,0.011518706
0.05459538,0.06917547,0.062020388,0.060095962,0.02296884,0.031890195,0.031712517,0.05932066,0.0690414,0.06351785,0.024414195,0.028736126,0.029353112,0.04159784,0.019101214,0.016254418,0.032770295,0.043427564,0.05661075,0.046472747,0.02552011,0.06474873,0.034836836,0.011817453
0.055017516,0.06998029,0.06268795,0.060732573,0.022329513,0.031454522,0.031061301,0.060135435,0.069729134,0.06421603,0.023963124,0.028344763,0.029059786,0.041439254,0.01837414,0.015458904,0.03247066,0.04374386,0.057159368,0.046499066,0.024947807,0.06542677,0.03468101,0.011087259
0.054829504,0.06960132,0.06236169,0.060413007,0.022628777,0.031683292,0.03137065,0.059737224,0.06939278,0.06388425,0.0241832,0.028536025,0.029186869,0.041518133,0.018724198,0.015845718,0.032631274,0.043578476,0.056901097,0.046485834,0.025215922,0.06509989,0.034758657,0.011432201
0.054595508,0.06918082,0.062022224,0.06008657,0.022947252,0.031901818,0.03170472,0.059320673,0.069037616,0.063508555,0.024428071,0.02873914,0.029360378,0.041579112,0.019095138,0.016262943,0.03279317,0.043415796,0.056602143,0.046470467,0.025529744,0.06475566,0.034853544,0.011808924
0.054715585,0.0693973,0.062205013,0.060247842,0.022798423,0.031764045,0.03152922,0.05953403,0.069222555,0.06371558,0.024293084,0.028635558,0.029276112,0.041550424,0.018901965,0.016042084,0.03270825,0.043500498,0.056758426,0.04647461,0.025373373,0.06493127,0.03481166,0.011613163
0.05478125,0.069524944,0.06230511,0.06035056,0.022684658,0.031689934,0.03142308,0.059671503,0.06933567,0.06381765,0.02421717,0.028570026,0.029241735,0.04152328,0.0187976,0.015921753,0.03266433,0.043563716,0.056837816,0.04645073,0.025300747,0.06503676,0.034796998,0.011493023
0.054493997,0.06897367,0.06184857,0.05991572,0.023121051,0.032004822,0.031870157,0.059098855,0.06885836,0.063329555,0.024530536,0.028842691,0.02943067,0.041634187,0.019290544,0.016470643,0.032879192,0.043329205,0.056480628,0.046460524,0.025671177,0.064582884,0.034883764,0.0119986115
0.05473735,0.069455124,0.06223842,0.060320824,0.022744112,0.03175455,0.03149271,0.059614923,0.06927988,0.0637616,0.024259977,0.02859867,0.02925636,0.04154234,0.018844504,0.015971834,0.03267317,0.043529984,0.056790512,0.046471536,0.025322711,0.064984456,0.034798745,0.011555745
0.05481026,0.06957373,0.062345956,0.06041417,0.02265614,0.031679586,0.031376183,0.059740946,0.06938163,0.063866965,0.024179827,0.028546112,0.029210057,0.041509878,0.018736208,0.01584697,0.032627884,0.043576647,0.056897078,0.04649951,0.025223374,0.06507573,0.0347716,0.011453611
0.054652814,0.06927654,0.06209704,0.06017206,0.022895424,0.03182247,0.031621642,0.05943956,0.06912023,0.06361911,0.024362499,0.028672943,0.029311687,0.0415715,0.01900953,0.016151363,0.032750607,0.043463945,0.056688376,0.046477176,0.025462205,0.06482738,0.03482109,0.011712842
0.05494038,0.06986782,0.06259915,0.060642205,0.022417044,0.031545073,0.031161563,0.06000179,0.069623716,0.064106755,0.024029769,0.028399577,0.029108953,0.04147774,0.018493434,0.0155698275,0.032496218,0.043698605,0.05707476,0.046500817,0.025013618,0.06533025,0.034702122,0.011198799
0.05471243,0.0694242,0.062217522,0.06028521,0.022774188,0.031753562,0.031510863,0.05957943,0.06923915,0.0637381,0.02427591,0.028605008,0.029271863,0.04153016,0.018883105,0.016017046,0.032710403,0.043521136,0.056782074,0.046466243,0.025338184,0.06495877,0.03482332,0.01158212
0.054615133,0.06924581,0.062074,0.060146134,0.02291826,0.031880025,0.031642865,0.059382822,0.069091074,0.06357199,0.024374502,0.02870417,0.029336866,0.041576292,0.019046148,0.016184838,0.032767747,0.043442994,0.05664636,0.046466142,0.025476512,0.064805776,0.03485116,0.011752425
0.0546984,0.06934208,0.06215962,0.060206275,0.022829328,0.031811565,0.031571757,0.05946601,0.069175206,0.06364883,0.02432337,0.028667027,0.029306365,0.041556973,0.018949682,0.016104825,0.032735124,0.04347671,0.056725085,0.04645891,0.025405359,0.06490001,0.034823395,0.011658032
0.054846715,0.06964716,0.062408928,0.06045919,0.022588512,0.031642318,0.031346824,0.059794527,0.06943758,0.06393186,0.024169063,0.028509304,0.029173072,0.04149393,0.018683571,0.015778823,0.032607228,0.043596696,0.056936853,0.046479248,0.025176886,0.065151684,0.034752186,0.011387801
0.05461316,0.06922494,0.06207253,0.060134515,0.02293905,0.03184322,0.031657934,0.059384644,0.069090165,0.06354957,0.024400117,0.028726095,0.029358441,0.041574746,0.019060357,0.016199881,0.032758772,0.043431785,0.056634247,0.046445254,0.02550305,0.06478884,0.034844052,0.011764607
0.054710865,0.069406755,0.062214613,0.060270395,0.022787953,0.031767387,0.03152114,0.05954922,0.06922752,0.0637134,0.02428767,0.028635724,0.029258424,0.041538924,0.018892221,0.01603373,0.032701887,0.04352249,0.056782734,0.046482127,0.025331572,0.06494028,0.034811314,0.011611672
0.05459512,0.06917366,0.062031075,0.060096603,0.022952724,0.031913303,0.031678993,0.059328794,0.06905085,0.06350406,0.024423655,0.028725144,0.029368956,0.041581944,0.019107455,0.016255429,0.03277367,0.04340381,0.056632303,0.046436824,0.0255165,0.06477865,0.034863386,0.011807081
0.05474029,0.069479555,0.062273625,0.060346916,0.02273103,0.03174492,0.031459358,0.05964012,0.06929806,0.06378395,0.024239222,0.028587623,0.029247923,0.041521292,0.018829785,0.015944326,0.03265232,0.043542728,0.05682108,0.046490543,0.025291959,0.06500765,0.034793336,0.011532426
0.0548062,0.069607444,0.062364757,0.060440905,0.02262104,0.03169266,0.03136761,0.05974529,0.06941562,0.06388068,0.024157552,0.028521655,0.029201757,0.041550864,0.018716738,0.015827939,0.03259961,0.04359552,0.056883387,0.04650363,0.025215713,0.06511649,0.03474626,0.011420689
0.054917376,0.069784544,0.062513806,0.06055888,0.022489108,0.03154528,0.031221867,0.059936132,0.06955987,0.0640383,0.024073027,0.028450167,0.029122217,0.04147131,0.018555436,0.015654888,0.03256054,0.04367256,0.057037864,0.046472684,0.02509172,0.06525533,0.034746397,0.01127068
0.054752186,0.06948199,0.06227965,0.06034666,0.02270828,0.031749208,0.03147231,0.059626777,0.069299184,0.06378904,0.024244409,0.028589005,0.029241517,0.041547343,0.01882181,0.015948858,0.03266651,0.04353486,0.056802515,0.04648536,0.025301399,0.065000385,0.03478326,0.0115274675
0.055095296,0.07013194,0.062809154,0.060839742,0.02221203,0.031398248,0.030936606,0.060272302,0.06985396,0.06435975,0.02388275,0.028270818,0.028990502,0.041412175,0.018237313,0.015313554,0.032425635,0.04381395,0.05725568,0.046509273,0.02481744,0.06554803,0.03465554,0.010958269
0.054928962,0.0697711,0.06251557,0.0605633,0.022498207,0.031561136,0.031232169,0.059912484,0.06955684,0.064041,0.024073962,0.02845155,0.029134033,0.04147751,0.018572224,0.015665216,0.032564305,0.043654595,0.05702223,0.046470355,0.025093723,0.06524549,0.034723416,0.011270588
0.054841105,0.06967888,0.06244739,0.060506374,0.022563582,0.031633735,0.031298723,0.0598288,0.06948108,0.06396717,0.024117319,0.028490135,0.029166972,0.041487437,0.018647572,0.015746914,0.032579962,0.043631103,0.056955453,0.046500307,0.02513889,0.065186776,0.034748018,0.011356278
0.054696944,0.06938976,0.06219007,0.0602665,0.022805594,0.031798765,0.031554237,0.059535045,0.06922554,0.06369523,0.024299901,0.02863429,0.029270431,0.041550323,0.018911647,0.016038071,0.03268701,0.043518003,0.05674883,0.046471234,0.025357548,0.06492621,0.034802906,0.011625907
0.05516832,0.07027843,0.062937535,0.0609994,0.022095779,0.03130079,0.030814951,0.06046497,0.069995284,0.064485416,0.023781272,0.02819181,0.028941056,0.041384332,0.01809252,0.015132089,0.032318696,0.043879338,0.057362564,0.04651969,0.024711007,0.06568461,0.034642573,0.010817573
0.05485691,0.06966337,0.062398773,0.060482733,0.022580951,0.031671792,0.031329747,0.059808727,0.069461316,0.06395128,0.024133937,0.028492436,0.029150952,0.041500323,0.018656377,0.015772093,0.032604646,0.043609947,0.05693835,0.04651635,0.02515941,0.06515304,0.034740303,0.011366284
0.05484854,0.06966582,0.06240839,0.06046635,0.02259049,0.03164019,0.03134978,0.05979335,0.06943653,0.063925676,0.024145992,0.028505132,0.029171236,0.04151022,0.018674292,0.015765108,0.03260016,0.043600045,0.056936678,0.046509027,0.025172688,0.06515129,0.03475335,0.011379677
0.05511109,0.0701467,0.062823646,0.060890526,0.022197174,0.031379092,0.030915746,0.060333982,0.06988357,0.064381234,0.023862965,0.028251583,0.029006029,0.04139211,0.018212616,0.015267326,0.03238983,0.043829408,0.057268925,0.04651144,0.024821704,0.065566234,0.034635007,0.010922106
0.055486176,0.07083508,0.06341936,0.061459668,0.021646952,0.030968642,0.030328168,0.061056856,0.070483156,0.065012686,0.023451315,0.027883284,0.02871763,0.041267272,0.017563112,0.014576345,0.032104116,0.04415502,0.057777584,0.04657109,0.024281327,0.06614761,0.03449163,0.0103158755
0.055244077,0.07038984,0.06303299,0.06107972,0.022001797,0.031237295,0.030714467,0.060559254,0.07009014,0.064599045,0.023726763,0.028124277,0.028905986,0.041348994,0.017995268,0.015044579,0.0322949,0.043933213,0.05745274,0.046524145,0.024618184,0.0657768,0.03458609,0.010719447
0.055322163,0.07055317,0.0631604,0.061204713,0.021883046,0.031151684,0.0305957,0.06074311,0.07021884,0.064751185,0.023635712,0.02803402,0.028826414,0.041320473,0.017846176,0.014867417,0.032238062,0.044009943,0.057563554,0.046554726,0.024489617,0.06589845,0.034558043,0.01057338
0.055193707,0.070329875,0.06297338,0.06105033,0.022052856,0.031279292,0.030753717,0.06052724,0.07003469,0.064544916,0.02375154,0.0281532,0.028914189,0.04135345,0.018040512,0.015086977,0.032328628,0.043924466,0.05741538,0.04652431,0.02465693,0.06571831,0.03462495,0.010767175
0.054751076,0.06943927,0.062246084,0.060299624,0.022760022,0.03175232,0.031504013,0.059577473,0.069261335,0.063743986,0.024258448,0.028630072,0.029240789,0.0415291,0.018862957,0.015989548,0.032681108,0.04352412,0.056803882,0.046471775,0.025313077,0.06497093,0.03481423,0.011574719
0.05496498,0.06988404,0.0625892,0.060663793,0.022418398,0.03151338,0.03115154,0.060056433,0.06965354,0.064143635,0.02401445,0.028379025,0.02909083,0.041454196,0.018455915,0.015538253,0.03249866,0.043732464,0.0570912,0.04651118,0.024998853,0.06533799,0.034691174,0.0111668585
0.055098183,0.070108816,0.06280438,0.06086358,0.022235766,0.031395383,0.030936273,0.0602758,0.06986636,0.06434802,0.023863833,0.028273147,0.029006783,0.041410655,0.018246269,0.015316148,0.03239793,0.04380611,0.057258304,0.04651865,0.024820369,0.065530755,0.034650687,0.010967804
0.055049643,0.07004493,0.06274089,0.06079673,0.02228768,0.03141667,0.031011434,0.060200397,0.06977884,0.06428272,0.023927892,0.028294975,0.029027043,0.04142246,0.01831819,0.0153760575,0.032429166,0.043781515,0.057216413,0.046527132,0.024892846,0.065491006,0.034660544,0.011024867
0.054976486,0.06989138,0.062596574,0.060670853,0.02241105,0.03152107,0.031141253,0.06004358,0.06965367,0.0641478,0.024028454,0.028376285,0.029081192,0.041464742,0.018451465,0.015542558,0.03249567,0.04371056,0.05710743,0.04651577,0.025003595,0.06533117,0.034679174,0.011158259
0.055085335,0.07013999,0.062826045,0.06088668,0.022211242,0.031388532,0.030927783,0.060334478,0.06987834,0.064371854,0.023875078,0.028274972,0.029002573,0.041389465,0.018213319,0.015273044,0.03237,0.043836158,0.057253115,0.04650451,0.024810586,0.0655509,0.03465556,0.01094044
0.05505574,0.07001853,0.062711306,0.060783215,0.022307513,0.031441785,0.031031234,0.06017391,0.06977643,0.06426397,0.023912137,0.028313354,0.029041981,0.041434698,0.018326178,0.015403327,0.03242886,0.043774083,0.05719515,0.046510678,0.024914589,0.06545944,0.0346732,0.011048747
0.054792833,0.06955188,0.062315177,0.060392573,0.022679139,0.03168705,0.031402603,0.059707355,0.06935966,0.063860185,0.024194859,0.028538637,0.029220982,0.041514643,0.018772624,0.0158591,0.032645572,0.043584265,0.05688932,0.046493065,0.025246052,0.06506493,0.03476314,0.011464304
0.055185102,0.07030816,0.06295578,0.061022762,0.022071233,0.03127969,0.03079851,0.060490683,0.070016675,0.06452665,0.023774536,0.028181529,0.028928073,0.04136146,0.0180679,0.015126352,0.03231001,0.043899596,0.057379205,0.04653081,0.024682283,0.065694705,0.034614723,0.010793589
0.054946978,0.069858715,0.062575236,0.06064666,0.022425681,0.03156598,0.03114654,0.060016893,0.069633335,0.06411423,0.024010269,0.028388917,0.02910218,0.041459024,0.018491998,0.015576205,0.032539967,0.043676864,0.05707689,0.046493083,0.025020558,0.06531462,0.03472263,0.011196526
0.0550145,0.06995907,0.06266643,0.060713064,0.022348128,0.031489957,0.031079974,0.060102474,0.06971072,0.064208895,0.023963945,0.028360758,0.029054176,0.041438118,0.018391851,0.015466436,0.03247924,0.043733433,0.057141185,0.04651982,0.024951957,0.065409295,0.03469485,0.011101706
0.055069946,0.07006861,0.06275685,0.060820326,0.022264937,0.03144475,0.03100757,0.06021333,0.06981164,0.0642907,0.023910688,0.028293747,0.029000692,0.041435465,0.01828705,0.015369086,0.03242199,0.043780647,0.05722479,0.046512537,0.024851771,0.06549574,0.03465507,0.011012032
0.05496145,0.069865674,0.06258889,0.060641058,0.022436414,0.03151775,0.031150104,0.060030434,0.06964352,0.0641327,0.024024228,0.028409272,0.02910168,0.04143598,0.018466096,0.01556347,0.032513533,0.043723755,0.057080403,0.046487857,0.024998227,0.06532552,0.034714136,0.011187854
0.055026863,0.07000135,0.06269865,0.06078368,0.022316443,0.031454805,0.031041984,0.06018177,0.069762476,0.06424592,0.023945302,0.028334256,0.029025754,0.04142905,0.018352123,0.015418798,0.032436263,0.04375851,0.057172157,0.046503324,0.024921557,0.065440655,0.034682546,0.011065815
0.05485538,0.06964818,0.062396694,0.06045318,0.022586694,0.031660557,0.031339005,0.05980378,0.06944413,0.063946575,0.024153382,0.028495343,0.029175915,0.041501135,0.018668193,0.015775628,0.03260893,0.043624256,0.056933478,0.04650931,0.025172804,0.06514348,0.0347326,0.011371443
0.055183705,0.07026855,0.06294518,0.060985148,0.02209686,0.03132329,0.03081988,0.06044591,0.06998858,0.06449531,0.023778304,0.028187018,0.028923139,0.041386034,0.018098708,0.015138526,0.03231273,0.04388061,0.057385966,0.046552245,0.024691705,0.06568349,0.03460769,0.0108214645
0.055258643,0.07043889,0.06306385,0.061130952,0.021977358,0.031221252,0.030688778,0.06060723,0.07013667,0.06464091,0.023686972,0.028103927,0.028890494,0.041335262,0.017937718,0.014982011,0.032280114,0.043957498,0.05745925,0.046528906,0.024603646,0.06580288,0.03458799,0.010678837
0.054904036,0.06977256,0.06249535,0.060577434,0.02250001,0.031581007,0.031238185,0.05993107,0.069542035,0.06405546,0.024063416,0.028456463,0.029117282,0.041474327,0.018559134,0.015657492,0.032556977,0.043687195,0.057007972,0.046524335,0.025076516,0.06522313,0.034727942,0.011270707
0.05500979,0.06995211,0.06265835,0.06071471,0.02234444,0.031479474,0.031094223,0.060118496,0.06970898,0.06421593,0.023958223,0.028338809,0.029064476,0.04142644,0.018386874,0.015461457,0.03247004,0.04375854,0.057158303,0.04652554,0.02494767,0.06541889,0.034690395,0.011097791
0.05479999,0.069559045,0.062330168,0.06040485,0.022661183,0.03171765,0.031390958,0.05970636,0.06936641,0.063857205,0.024192732,0.028547563,0.029206213,0.041524287,0.018758923,0.015882827,0.032636564,0.043555807,0.056867123,0.046488527,0.025247639,0.065068,0.034767993,0.011461918
0.0549079,0.06979583,0.06252409,0.060578972,0.022489501,0.031552117,0.031224987,0.059935506,0.06956106,0.064052396,0.024093896,0.028445555,0.029127672,0.041485943,0.018547859,0.015657283,0.032546606,0.043667547,0.057001505,0.04650096,0.025086492,0.06524028,0.03472429,0.011251798
0.054723334,0.06940209,0.062189605,0.060265716,0.022812702,0.031772137,0.03152998,0.05954424,0.069231,0.06372291,0.024285948,0.028640032,0.029274521,0.041532468,0.018896103,0.016022049,0.032718763,0.043509163,0.056767616,0.04646839,0.025346573,0.06493224,0.034804743,0.011607674
0.054647572,0.06926829,0.062082086,0.06018132,0.022897832,0.03183594,0.031638358,0.05943929,0.06911517,0.0636074,0.024360443,0.028682448,0.02934377,0.041554186,0.019006673,0.016167758,0.032757573,0.043469563,0.056662675,0.04647033,0.025455166,0.06481698,0.034826107,0.011713146
0.0545984,0.06921136,0.06204312,0.06012205,0.022950273,0.031873886,0.031670988,0.05936768,0.06906596,0.063546605,0.02440392,0.028719386,0.029341497,0.041573104,0.01906815,0.016218582,0.032779966,0.043434177,0.05664521,0.046469107,0.025484711,0.06478773,0.034846175,0.011778038
0.05478597,0.06950755,0.06228675,0.06036258,0.022718951,0.03170827,0.03145469,0.059660017,0.06932784,0.06381832,0.024225598,0.028549204,0.029235581,0.041538745,0.018790424,0.01591574,0.032640006,0.04356143,0.056836713,0.046497297,0.025295628,0.06501926,0.03476669,0.011496711
0.05475997,0.069503464,0.06229847,0.06034876,0.02270466,0.031728707,0.031426545,0.05964596,0.06932127,0.06378972,0.024237936,0.028577233,0.02924371,0.041535832,0.018818744,0.015921611,0.032663286,0.043539084,0.05684471,0.04648628,0.025275938,0.06502966,0.034778252,0.0115202125
0.05450952,0.06902298,0.061877266,0.05995265,0.023092255,0.031985473,0.031851538,0.059143357,0.06889055,0.06337693,0.024517827,0.028826203,0.029412422,0.041607983,0.019248499,0.016428513,0.032878827,0.043337904,0.056476776,0.04645428,0.025661888,0.06460993,0.03487923,0.011957175
0.0546987,0.069367245,0.06217827,0.060247548,0.022812806,0.03180722,0.031545736,0.059512805,0.06919378,0.06368471,0.024295317,0.028652765,0.029300792,0.04153967,0.018931303,0.016059546,0.032724082,0.043502096,0.05674535,0.046477024,0.025377141,0.064902835,0.034810256,0.011632953
0.054552697,0.06908813,0.06195262,0.060048655,0.023024812,0.03192687,0.031766735,0.05925166,0.06897839,0.06345119,0.024459476,0.028763246,0.029380022,0.04159204,0.019154396,0.016357273,0.032824025,0.04340512,0.056560054,0.04646676,0.02556867,0.06468547,0.034861606,0.011880021
0.054670047,0.06931675,0.06213277,0.06019998,0.022858001,0.031801015,0.031606022,0.059459828,0.06915501,0.06363655,0.024344489,0.028666386,0.029314805,0.04156928,0.018976146,0.016115976,0.03274326,0.04347474,0.05670328,0.046455592,0.025430664,0.06486085,0.03482467,0.011683891
0.054551035,0.069077976,0.061940506,0.059989873,0.023051374,0.03191482,0.031763785,0.059243448,0.068943925,0.06343698,0.024473336,0.028781917,0.029412031,0.04158369,0.01918383,0.016355092,0.03285067,0.04339908,0.05654868,0.046447325,0.025600258,0.064673,0.034889244,0.011888082
0.05480141,0.069567874,0.06234004,0.060411293,0.02264785,0.03170928,0.031390574,0.059702035,0.069371834,0.06384509,0.024192756,0.02855456,0.029200666,0.041515063,0.018757124,0.01587356,0.032643795,0.043569814,0.05688257,0.04647774,0.025227387,0.06507885,0.03477696,0.011461806
0.0546311,0.069249585,0.062091697,0.06015146,0.022901127,0.031872474,0.031655267,0.059384324,0.06910137,0.06358488,0.024378557,0.028710645,0.02932483,0.04157549,0.019026348,0.016190203,0.032745793,0.043444682,0.056645714,0.046481248,0.025456225,0.064828984,0.034830187,0.011737752
0.054689385,0.06934127,0.06216057,0.060221724,0.022834415,0.03180073,0.03158785,0.059480652,0.06917273,0.06365501,0.024320828,0.028665576,0.029305661,0.041553576,0.01894488,0.016089823,0.032711945,0.04347295,0.056731153,0.04647427,0.025398582,0.06490084,0.03482039,0.011665139
0.054541733,0.069084965,0.06194104,0.06000268,0.023049247,0.03190899,0.03176359,0.059246514,0.068955675,0.06343966,0.024474584,0.028781341,0.029412098,0.041586835,0.019184683,0.01634966,0.032852557,0.043397054,0.056540284,0.046443876,0.025606465,0.064666085,0.034883063,0.011887384
0.054550733,0.06908541,0.061941426,0.06001374,0.023024276,0.031958763,0.031788994,0.05922335,0.068946406,0.063422985,0.02447434,0.028789286,0.029390013,0.04160855,0.019192629,0.016358914,0.03282323,0.043375764,0.056548487,0.04646554,0.025584647,0.0646768,0.034858007,0.011897666
0.05487261,0.06970337,0.06245701,0.060533617,0.022538394,0.03162581,0.031292662,0.059854753,0.069501095,0.06397934,0.024119623,0.028464722,0.029148877,0.041500013,0.018622482,0.015729569,0.03255925,0.043644328,0.056977417,0.046494704,0.02511962,0.06519436,0.034732558,0.011333799
0.05459663,0.069193155,0.06202704,0.06009561,0.02296142,0.031876575,0.031703573,0.05933834,0.06904438,0.06352624,0.024429802,0.028737266,0.029359095,0.041583635,0.019080801,0.016236566,0.03278499,0.043428462,0.056603007,0.04646795,0.02553399,0.06475562,0.03484016,0.011795764
0.054975405,0.0699203,0.06262717,0.060705118,0.022379193,0.031510238,0.03111283,0.060081948,0.06968854,0.06416382,0.023991328,0.028364768,0.029079422,0.041451693,0.018426815,0.015508512,0.032481067,0.043734606,0.057105888,0.046501774,0.02497104,0.06537135,0.034705628,0.011141554
0.054863073,0.06965915,0.062416963,0.060461767,0.022583168,0.031627163,0.031310692,0.059804253,0.06944537,0.06395624,0.024126723,0.028497778,0.0291612,0.04148516,0.018667221,0.015786858,0.032601796,0.043619007,0.056960505,0.046493527,0.025172714,0.06516294,0.034757137,0.011379504
0.054103974,0.06826582,0.06128491,0.059372738,0.02366529,0.032349892,0.03239461,0.058424864,0.06823529,0.06270748,0.024955112,0.029177956,0.02971061,0.04175937,0.019919358,0.017184218,0.033183213,0.04305403,0.05597831,0.04640053,0.026206363,0.06399206,0.035036363,0.012637628
0.054303437,0.06859258,0.06153792,0.05960367,0.023392238,0.03219891,0.032142837,0.05873766,0.068519495,0.06299707,0.024750903,0.029029261,0.029587999,0.041686106,0.019638516,0.016853694,0.03304267,0.04316866,0.056220923,0.046422623,0.02595925,0.064278044,0.03499467,0.012340881
0.05455992,0.069086224,0.061934385,0.059987217,0.023038317,0.031945128,0.031786088,0.059210252,0.06894523,0.06342313,0.024487097,0.028791659,0.029385163,0.041609295,0.019185832,0.016362984,0.03284973,0.043366067,0.05654418,0.046459585,0.025591329,0.06467732,0.034877624,0.011896219
0.054161567,0.06833061,0.061333887,0.059407737,0.023618529,0.03232055,0.03233961,0.05849233,0.068296246,0.06277049,0.024907865,0.029147245,0.029677313,0.04172632,0.01985542,0.017111255,0.033145484,0.04308181,0.056051373,0.046406947,0.026137829,0.06406153,0.03503638,0.012581726
0.054424107,0.06884582,0.061741933,0.059829842,0.023213053,0.032066975,0.031964924,0.05900073,0.06874598,0.06323454,0.024607627,0.028898345,0.029480595,0.041641712,0.019392762,0.0165973,0.03293386,0.04328527,0.056380443,0.046461266,0.025751833,0.06446649,0.034920495,0.012114138
0.054331582,0.0686718,0.061608765,0.059682395,0.023363503,0.032137185,0.032075934,0.058841657,0.06859248,0.06305821,0.024718054,0.028978063,0.029554514,0.041665472,0.019564463,0.016761348,0.032997485,0.043217894,0.056292806,0.046413984,0.025894685,0.064338386,0.034963332,0.012276079
0.05440492,0.068791196,0.06170228,0.05977532,0.023254266,0.032094963,0.0319974,0.0589479,0.06869656,0.06318127,0.024638483,0.028925287,0.029509054,0.04164478,0.019449314,0.016638285,0.03295678,0.0432623,0.05635982,0.04643971,0.02579851,0.06443227,0.034939237,0.012160074
0.05435295,0.068735585,0.06165118,0.05973221,0.02329519,0.032153707,0.03205163,0.05887334,0.068652354,0.063111395,0.024688631,0.028962774,0.029526524,0.04167077,0.019500274,0.016718814,0.032967817,0.04322319,0.056287862,0.04644308,0.025865221,0.064374655,0.034944788,0.012216011
0.054454796,0.06890135,0.061800405,0.0598761,0.02317771,0.032039024,0.03190458,0.059053894,0.06879109,0.063268326,0.02457452,0.028876314,0.029468361,0.04163536,0.01934382,0.016520565,0.032892045,0.04332066,0.05642867,0.046435688,0.025713746,0.06453606,0.034924354,0.012062522
0.05427475,0.068555206,0.06149647,0.0595875,0.02343879,0.032216463,0.032186642,0.058699716,0.06849099,0.06296244,0.024775611,0.02903051,0.029602105,0.04170544,0.019660195,0.01688849,0.033057578,0.04317275,0.05618313,0.046431635,0.025988773,0.06423613,0.034986947,0.012371733
0.05450209,0.06900122,0.061868314,0.05994708,0.023089051,0.031981662,0.03182921,0.05916258,0.06888319,0.06336911,0.02450683,0.028824944,0.029417608,0.041605562,0.019255301,0.016433679,0.032873172,0.043353062,0.0565062,0.046461143,0.025641266,0.06461518,0.034903806,0.011968747
0.054183304,0.06839379,0.061381914,0.059461307,0.02356057,0.03229492,0.03229581,0.05854056,0.06835225,0.06282482,0.024876993,0.02911991,0.029665617,0.04172624,0.01980826,0.017064782,0.033123318,0.043084994,0.05607325,0.046401143,0.026116356,0.06410529,0.035019927,0.012524701
0.054371327,0.06874783,0.06166806,0.059744716,0.023284175,0.03212848,0.032023985,0.058896046,0.0686599,0.06313645,0.024647,0.028961986,0.029513445,0.041652426,0.019487796,0.016700365,0.03297771,0.043248292,0.05632232,0.04643719,0.025829462,0.0643979,0.0349574,0.012205732
0.054104283,0.0681942,0.061220564,0.05929081,0.023719426,0.032393377,0.032434586,0.058340926,0.06817662,0.06265297,0.024995668,0.029216014,0.029727532,0.041752625,0.019979743,0.017260434,0.03321916,0.043029543,0.055962514,0.046396423,0.026229437,0.06394081,0.035055246,0.012707032
0.05440997,0.06882771,0.061733402,0.059796788,0.023245806,0.03206772,0.03196486,0.058979366,0.068719245,0.063200936,0.024627892,0.028917357,0.029495317,0.041635934,0.019416798,0.016618531,0.032949146,0.043271758,0.05636819,0.046433873,0.025783362,0.064462356,0.034941297,0.012132419
