0,1,2,3,4,5,6,7,8,9,10,11,12,13,14,15,16,17,18,19,20,21,22,23
0.040694457,0.04101052,0.039685,0.04443827,0.03996854,0.04030133,0.043287143,0.039964844,0.041111037,0.040101223,0.040706616,0.039724987,0.04348807,0.041577224,0.04391291,0.039921027,0.04347782,0.044430535,0.043417364,0.042184327,0.038991153,0.044520278,0.04004705,0.043038283
0.040619366,0.040836263,0.040144734,0.04453512,0.040369615,0.040240858,0.042940162,0.039583743,0.04081901,0.03991361,0.041080713,0.039680228,0.04400688,0.041936517,0.043882173,0.040097907,0.04314928,0.04382681,0.043342542,0.042604413,0.038976118,0.04401601,0.040042475,0.043355484
0.04102567,0.040535804,0.040077303,0.044279736,0.040214494,0.04020059,0.04316069,0.039704543,0.040342156,0.039912973,0.041334394,0.03974739,0.044044115,0.04231482,0.04417727,0.04010761,0.043102503,0.043698914,0.042963337,0.042589482,0.038971703,0.043879155,0.040007222,0.04360809
0.04113317,0.040768318,0.039821852,0.044486586,0.04040862,0.04061407,0.042553414,0.039950147,0.040224727,0.04069608,0.041172888,0.03958017,0.043773565,0.041804932,0.044715095,0.039899167,0.043550212,0.043939974,0.043111928,0.041359346,0.038878586,0.044589814,0.03949033,0.043477006
0.040789198,0.041254453,0.040194105,0.04509695,0.04021666,0.040777147,0.042545017,0.03965873,0.04001579,0.039981227,0.040497374,0.04008602,0.043988172,0.04148561,0.044420168,0.039853066,0.04333078,0.043865394,0.044218678,0.04143622,0.038759854,0.044743877,0.039757054,0.04302848
0.04073057,0.041248992,0.039729428,0.044648457,0.03956335,0.040253095,0.042849522,0.040189102,0.04040021,0.03933219,0.04090963,0.039925527,0.043611865,0.041720584,0.04437066,0.04002033,0.04375245,0.04481232,0.044203185,0.042176828,0.038812384,0.043870166,0.039500613,0.04336856
0.040850595,0.04162169,0.03901012,0.043694474,0.040103704,0.040335458,0.04304824,0.04061856,0.040366188,0.039170012,0.041263834,0.039711557,0.04386885,0.041780405,0.04502437,0.040602114,0.04407955,0.04419723,0.043697774,0.041914467,0.038771674,0.043266326,0.039593145,0.04340965
0.040227164,0.041804824,0.039489035,0.043788902,0.040175524,0.03987424,0.042297043,0.040185012,0.041203715,0.04021215,0.040743355,0.039589196,0.044171557,0.042397358,0.045112804,0.039844763,0.043988924,0.043548085,0.043886017,0.041706376,0.03869462,0.043842938,0.040235173,0.04298125
0.040350586,0.04120123,0.040419724,0.044392843,0.039493363,0.0401459,0.042092986,0.039952017,0.04100121,0.040369112,0.040160052,0.039848454,0.04416575,0.042911325,0.04399518,0.039860714,0.04420224,0.043553278,0.043689698,0.041806538,0.03895547,0.04467967,0.040091544,0.04266109
0.04112217,0.040917072,0.040465318,0.04460568,0.039575372,0.03930644,0.04231537,0.040778935,0.04013491,0.0395381,0.040779483,0.04023063,0.04415843,0.042204384,0.04421173,0.040304445,0.04402875,0.043638043,0.044632908,0.042434853,0.038496427,0.04377077,0.039296087,0.04305367
0.04120757,0.041175734,0.04045639,0.043259863,0.04014314,0.039892104,0.042456865,0.04144984,0.04047764,0.039416775,0.04068852,0.039657187,0.044341993,0.04191912,0.04402233,0.040143352,0.043364353,0.042805795,0.044515092,0.04194135,0.038560502,0.04425188,0.040060855,0.04379175
0.041360244,0.04157151,0.041614734,0.04251526,0.04050793,0.040175136,0.043140337,0.04288847,0.038822033,0.041477524,0.039549656,0.040113837,0.04532905,0.041941054,0.04457486,0.039743647,0.04411733,0.043194413,0.042410605,0.043023966,0.036082618,0.04505313,0.038341418,0.04245128
0.04170117,0.041732453,0.040720753,0.04349023,0.03966165,0.03866429,0.042508155,0.04188095,0.038243722,0.04113207,0.039343562,0.039280824,0.044759355,0.04280497,0.04506204,0.039481454,0.045977674,0.043410446,0.0435277,0.042261895,0.036394335,0.045771275,0.039029084,0.04315992
0.041485876,0.04059751,0.039605383,0.043072406,0.03910374,0.037626967,0.041215897,0.04156847,0.039133836,0.038851168,0.04123792,0.039199907,0.043993272,0.043349832,0.045384236,0.041335307,0.044632073,0.043646302,0.046111815,0.040875915,0.03793814,0.044405673,0.040773753,0.044854537
0.041602936,0.039833877,0.038942713,0.043962482,0.041119684,0.0403665,0.04189049,0.04113592,0.041078392,0.04021792,0.04035945,0.038593955,0.045376204,0.042266656,0.0452401,0.04020726,0.04314671,0.043485466,0.044430744,0.03978591,0.03747428,0.04471113,0.041283462,0.043487784
0.03995586,0.04397828,0.041616015,0.04278048,0.041057494,0.040276464,0.041199733,0.03949972,0.041461773,0.039833687,0.040625896,0.03994384,0.044846065,0.042874694,0.04568713,0.0406024,0.041695654,0.041558303,0.043921784,0.041529913,0.037508436,0.043719757,0.042230662,0.0415959
0.03885472,0.042444095,0.040680937,0.043433793,0.040020216,0.039524492,0.041596368,0.040078763,0.04181198,0.040662225,0.039908707,0.04019116,0.04323776,0.042559184,0.044633232,0.038792923,0.044071864,0.04210801,0.04290609,0.044275086,0.039289165,0.04308089,0.04246934,0.04336896
0.041251406,0.041897073,0.040832173,0.04398108,0.039151583,0.03874025,0.042170335,0.04027477,0.042932242,0.039810065,0.040561046,0.03976161,0.041326873,0.04165703,0.045764722,0.040815514,0.043328788,0.041995265,0.042836364,0.042995434,0.039111108,0.043524213,0.040079556,0.045201506
0.04068296,0.04179271,0.03977324,0.043793723,0.039447017,0.03761695,0.04198898,0.041461375,0.040878296,0.04229118,0.03966282,0.04038725,0.043748774,0.041841093,0.044678394,0.040745027,0.043324158,0.043396596,0.041876793,0.04449855,0.038228516,0.044826623,0.038688373,0.04437061
0.04124476,0.042004976,0.040251166,0.043382686,0.039862487,0.040044203,0.041439902,0.04308939,0.03954606,0.041162558,0.0385949,0.040124387,0.045946635,0.0409186,0.044315536,0.039946787,0.043585546,0.043437477,0.041799545,0.04259123,0.03761843,0.045413274,0.039394334,0.044285122
0.03964468,0.04086375,0.042030174,0.044244923,0.041306295,0.041263558,0.041289315,0.041716106,0.04028425,0.03997354,0.039242174,0.040068872,0.04442142,0.04029794,0.043554377,0.039334707,0.041611005,0.043264117,0.042403158,0.04338352,0.038761925,0.044842497,0.04075648,0.04544119
0.040685154,0.044526502,0.04244012,0.044343162,0.0415726,0.03943777,0.039995827,0.03919669,0.037937447,0.039946463,0.039765824,0.042324733,0.04474415,0.040549442,0.045355916,0.038147017,0.042813357,0.04143227,0.043331403,0.043586552,0.03789427,0.045193944,0.04001295,0.044766463
0.041025504,0.04460576,0.03969477,0.042552818,0.043515157,0.04160993,0.041300233,0.037824515,0.03925073,0.038900763,0.03937969,0.041205175,0.0462128,0.04041007,0.044380635,0.038113486,0.043488327,0.040335443,0.04513748,0.042696014,0.03851122,0.045720138,0.04056798,0.043561384
0.040772066,0.040970158,0.04036027,0.043383524,0.040905565,0.040203497,0.0429147,0.04070712,0.039114263,0.039866883,0.041508976,0.03975917,0.045710303,0.041377433,0.042617157,0.038540877,0.045724507,0.042423025,0.0436845,0.04125793,0.041059263,0.046180334,0.037991036,0.042967457
0.041025817,0.041613866,0.04147309,0.043775614,0.039395656,0.03904365,0.041011285,0.040524825,0.042479035,0.042829797,0.04118024,0.040144995,0.044914886,0.042360254,0.04319411,0.03950017,0.044337798,0.043318044,0.04363841,0.04231692,0.03758016,0.045896996,0.036077794,0.042366523
0.04100448,0.040297333,0.04031244,0.044447478,0.041340746,0.039297,0.04322844,0.040795416,0.043081462,0.04115309,0.040104672,0.039239634,0.043776885,0.04325559,0.04280113,0.03918868,0.04433171,0.04232475,0.0441836,0.04193738,0.038061943,0.043686464,0.039659694,0.04249003
0.040022414,0.038919892,0.041500077,0.044139273,0.04174629,0.040393457,0.042452917,0.04190317,0.041344844,0.040289234,0.039180618,0.038427964,0.043706484,0.041873705,0.043172713,0.03880215,0.04686721,0.041828796,0.044330016,0.042061478,0.03805255,0.045571323,0.04085004,0.042563442
0.039999932,0.039644394,0.041864622,0.044983044,0.04057113,0.039278623,0.042544205,0.040133476,0.04088809,0.04125099,0.039489362,0.039036922,0.04460592,0.040478427,0.04622885,0.040223654,0.044811055,0.04203934,0.043235306,0.041894853,0.038513143,0.043213908,0.03962704,0.045443695
0.040634282,0.04299913,0.04092118,0.044494066,0.03917233,0.039503675,0.041611083,0.038501523,0.041267633,0.039295245,0.04006159,0.04018774,0.044314593,0.04233609,0.043910034,0.041008163,0.043390688,0.040893044,0.044679534,0.044237442,0.038828284,0.04267024,0.03892752,0.04615488
0.039275534,0.04303444,0.041980896,0.045275122,0.040628947,0.03973578,0.043685593,0.039711446,0.04092916,0.038992144,0.03930362,0.03902069,0.044851225,0.04197913,0.042984292,0.03913368,0.042050567,0.04107836,0.04595308,0.044011272,0.038225297,0.042193543,0.04092016,0.045045983
0.037736036,0.04217539,0.04263414,0.045276336,0.040291525,0.039928496,0.045355067,0.041092876,0.042127177,0.039016806,0.03917583,0.03924726,0.045452174,0.0417033,0.042549632,0.037567016,0.04215614,0.042371795,0.04427643,0.04434949,0.038042925,0.042761054,0.04117384,0.043539323
0.03718477,0.043438923,0.0430616,0.042696036,0.040676665,0.038973592,0.042661037,0.04142694,0.04172395,0.041202497,0.038584355,0.037856914,0.045711383,0.04090383,0.04423278,0.0370756,0.041871462,0.04079643,0.04354094,0.046103787,0.03745564,0.044700913,0.04226909,0.045850925
0.03717653,0.043757845,0.041886237,0.042809613,0.04144135,0.038312644,0.04220303,0.041878108,0.039888855,0.042329688,0.03824016,0.037054505,0.045954183,0.0428078,0.04494382,0.038426373,0.043617856,0.03997303,0.044926606,0.044440016,0.037045136,0.04510373,0.041689206,0.044093695
0.039290328,0.043371513,0.041756142,0.046032157,0.038727704,0.038835812,0.04337884,0.04108075,0.039197154,0.04028174,0.03808244,0.037804108,0.04472829,0.044236254,0.043606125,0.038386002,0.0448434,0.043441355,0.044702176,0.04416045,0.03609365,0.044229753,0.041550912,0.042182922
0.039185137,0.042940494,0.04143923,0.04576869,0.039279122,0.039588396,0.04570289,0.04071665,0.038775343,0.040767692,0.03859235,0.039834213,0.044430714,0.04268122,0.04338123,0.03727944,0.043414373,0.04446622,0.046073508,0.04428342,0.036323026,0.04278384,0.04108583,0.041206952
0.0406866,0.041460484,0.04299042,0.044443917,0.03948851,0.04012613,0.043997783,0.042877335,0.03792659,0.040525805,0.03945798,0.042099092,0.043145962,0.042657755,0.044101287,0.037799213,0.04261609,0.04005669,0.044472717,0.04454683,0.038964044,0.043856807,0.03871555,0.042986453
0.040041383,0.04409619,0.040997475,0.0432272,0.040615506,0.0410435,0.043026745,0.043001566,0.038758174,0.039677378,0.039014697,0.041079048,0.042718075,0.042555314,0.04319418,0.03925763,0.04297027,0.041112736,0.04416748,0.044489134,0.03894189,0.042954113,0.040306907,0.042753384
0.039281245,0.04348825,0.040566314,0.04477942,0.041071903,0.040144753,0.043542024,0.04000445,0.040592626,0.041415267,0.038091898,0.03994541,0.042069227,0.041401677,0.042714346,0.03766693,0.041529227,0.04392216,0.047273226,0.043965023,0.038803574,0.043771237,0.04143093,0.04252886
0.039408352,0.044513334,0.041415818,0.04617488,0.039180137,0.038907625,0.044359967,0.03901121,0.040039044,0.041825447,0.039831854,0.039032154,0.044313498,0.039903987,0.0440761,0.0373898,0.042618092,0.04454529,0.0443069,0.042586293,0.037066065,0.045001365,0.04063059,0.043862194
0.0387837,0.0433588,0.04069963,0.045545503,0.041050594,0.03924227,0.041680172,0.041203216,0.03966264,0.04322984,0.03856154,0.038796518,0.045535613,0.040142436,0.04656505,0.03573805,0.042406164,0.041443825,0.04460592,0.04246204,0.037786454,0.046059296,0.03894935,0.046491396
0.040090155,0.041704774,0.041416004,0.044182267,0.040966865,0.041704204,0.041724462,0.040757097,0.041164707,0.041917443,0.03649041,0.037767865,0.04527302,0.040172298,0.04558496,0.03895637,0.043265987,0.042216353,0.045542274,0.042811655,0.03810893,0.046867494,0.0381234,0.043191046
0.039751533,0.040001646,0.04196042,0.04346533,0.04198246,0.040614814,0.04326891,0.040217888,0.040286098,0.042221233,0.037474304,0.038276922,0.0459549,0.04083486,0.04293988,0.04076228,0.04380805,0.041710425,0.044462718,0.043072026,0.03777241,0.046931844,0.038945846,0.043283258
0.039364632,0.04196253,0.041445937,0.044025976,0.04109639,0.0403017,0.04224979,0.04088394,0.04083637,0.040882044,0.038267344,0.039420616,0.044736158,0.041844487,0.043064862,0.039542336,0.044809327,0.041885518,0.044402424,0.043909978,0.037658315,0.044766985,0.039425507,0.04321681
0.03928638,0.04204234,0.04175633,0.043879963,0.041779183,0.040375,0.042766344,0.03954895,0.04040465,0.041073237,0.038168203,0.040455397,0.04542049,0.04276132,0.04263304,0.038584653,0.04496486,0.041636057,0.044313896,0.044809096,0.03695707,0.045426436,0.03895732,0.04199979
0.03974162,0.041072972,0.040406168,0.04400152,0.04139236,0.039729245,0.04346205,0.04008344,0.040232934,0.04017017,0.03954302,0.040669043,0.044038102,0.043651365,0.043186586,0.03883099,0.045108683,0.04273589,0.044035677,0.043664675,0.036945548,0.044589385,0.039558336,0.04315018
0.039592594,0.040648974,0.03939527,0.043775275,0.040823106,0.03861575,0.0436729,0.040408593,0.040878333,0.041564807,0.03979117,0.040195536,0.043509364,0.043703,0.043543737,0.038837522,0.045223564,0.041438103,0.045004178,0.042826045,0.03720986,0.04492504,0.04056238,0.043854937
0.039312266,0.041103948,0.039594945,0.043651663,0.04154238,0.039313074,0.043544352,0.04093445,0.042012494,0.041154493,0.038111474,0.040742133,0.043531436,0.043337878,0.043597553,0.038529493,0.04377785,0.041388236,0.044814795,0.042299353,0.03819916,0.04407515,0.04002249,0.04540894
0.040595412,0.041376237,0.040674258,0.04352361,0.042439215,0.03904596,0.04311009,0.041762073,0.039797053,0.040308215,0.03798788,0.04029554,0.04304836,0.043347646,0.043409996,0.040092114,0.04333641,0.04165884,0.045431897,0.04267733,0.03754745,0.044653658,0.03989808,0.043982666
0.04073353,0.0408639,0.041839097,0.043588582,0.043902576,0.03878724,0.042077936,0.040755987,0.040348876,0.040289953,0.03758186,0.04023711,0.04448683,0.043585487,0.043645084,0.040660962,0.044039205,0.040972047,0.0438163,0.041390926,0.03783438,0.045101896,0.039528552,0.043931715
0.040133126,0.039639417,0.042175714,0.042676546,0.044006355,0.03938121,0.042697113,0.041561194,0.039199356,0.041632026,0.03856053,0.04052533,0.044896297,0.04278962,0.043265447,0.040341407,0.044666335,0.04153145,0.044084527,0.041408222,0.037673254,0.044224434,0.03964498,0.0432861
0.040041845,0.03913967,0.0431674,0.042326275,0.043626208,0.03938723,0.04275998,0.041793473,0.03910902,0.039815947,0.03744294,0.041250948,0.043433014,0.04324716,0.041028924,0.041273743,0.044161532,0.041494522,0.04528205,0.042156957,0.037561152,0.045918223,0.04055838,0.04402341
0.040015228,0.040084187,0.042713992,0.04173432,0.042793635,0.039416514,0.04292021,0.04230911,0.039784215,0.039722368,0.038016923,0.041211866,0.04473848,0.041327965,0.040937725,0.041849837,0.0433374,0.040877312,0.04408926,0.042878684,0.03930672,0.046006113,0.040264416,0.043663584
0.03866692,0.041161384,0.043213207,0.042533267,0.040958997,0.03825532,0.044310413,0.041671827,0.041060545,0.039423853,0.037838478,0.040525045,0.04580617,0.040366463,0.04128007,0.039641958,0.044864327,0.04020489,0.04587359,0.044114027,0.038264427,0.046320047,0.04040947,0.0432353
0.0394327,0.04060658,0.041156255,0.04438013,0.041587967,0.038737833,0.044617653,0.040086742,0.044028275,0.039810427,0.036851924,0.039917156,0.04429954,0.042014673,0.042809907,0.03758794,0.044547133,0.041305568,0.044778023,0.04377055,0.037908066,0.04615058,0.038662195,0.04495215
0.041262925,0.03956195,0.04175922,0.042425156,0.041025884,0.037694387,0.043794796,0.04151422,0.043851558,0.038569953,0.037325837,0.038908627,0.046893444,0.041045465,0.0455867,0.038674198,0.04386894,0.040052217,0.044742666,0.043071117,0.039665863,0.045054566,0.037020497,0.046629816
0.040232338,0.040136922,0.042811897,0.04244686,0.04218131,0.040393356,0.043555453,0.0417238,0.041889142,0.03757589,0.03726801,0.03974332,0.04592604,0.040828478,0.04501109,0.03954545,0.04281267,0.04129615,0.044775113,0.042643987,0.038986333,0.044543136,0.03917114,0.04450205
0.039578866,0.037671752,0.042198163,0.042457733,0.044372644,0.041398913,0.04234951,0.041314747,0.0413044,0.039463654,0.03768823,0.039864503,0.04529194,0.04266566,0.044830568,0.040917844,0.042405143,0.040789656,0.044744596,0.042992864,0.037344053,0.044236258,0.038647916,0.045470364
0.03926377,0.040708706,0.04142615,0.044125892,0.044816952,0.039710484,0.044463817,0.040571894,0.039556332,0.039303355,0.0367198,0.041589934,0.045447517,0.042096626,0.042718787,0.0409824,0.04112733,0.040100932,0.045708317,0.04416895,0.03599627,0.044430133,0.03942918,0.0455365
0.039752997,0.0408128,0.04178346,0.04321954,0.045675077,0.041417237,0.043990377,0.040116813,0.039174017,0.039164025,0.03796398,0.041766606,0.04448695,0.04382913,0.043122534,0.041314762,0.04144476,0.04045892,0.044353038,0.04155298,0.036578525,0.043246914,0.040919483,0.04385514
0.038539235,0.039850194,0.040434074,0.043562446,0.04568378,0.042069778,0.042063802,0.042324267,0.040317394,0.040700465,0.038272515,0.04008861,0.04365676,0.04337116,0.042829525,0.041267734,0.0413454,0.040026885,0.04521285,0.04256379,0.038163047,0.04300114,0.039779395,0.044875797
0.039871946,0.040610816,0.04377021,0.04576488,0.043842576,0.04120571,0.043463957,0.041398242,0.041465808,0.04019271,0.03661327,0.03963264,0.044494048,0.042526472,0.04200612,0.039595537,0.042704392,0.04001095,0.044823043,0.042139184,0.03630823,0.04417078,0.040401667,0.042986795
0.041988976,0.04125345,0.042187303,0.045145147,0.043053046,0.040628333,0.043529786,0.040851615,0.039147288,0.03984874,0.036710244,0.04034841,0.04350203,0.043183055,0.04227685,0.03867519,0.04462724,0.041906044,0.045001764,0.04245609,0.036216628,0.045310237,0.040444665,0.041707873
0.039855767,0.03974948,0.040415354,0.04402583,0.042568136,0.038337987,0.04411257,0.04072398,0.03950777,0.041978016,0.03826736,0.039932568,0.04347837,0.04284442,0.0418435,0.039060716,0.04529339,0.043283656,0.04673029,0.0433533,0.03713484,0.045365587,0.039518416,0.042618692
0.038634915,0.039585736,0.042381864,0.04207581,0.04376119,0.038518798,0.043822583,0.040276285,0.040328525,0.041816738,0.037273128,0.039760992,0.04456053,0.04368721,0.042070486,0.041515935,0.044415127,0.041780356,0.045851734,0.0441095,0.03727663,0.043812837,0.03840556,0.044277526
0.040116824,0.03940507,0.039155465,0.043414887,0.04389499,0.039040554,0.04353625,0.040357716,0.039973423,0.043087352,0.036424927,0.03987818,0.04400968,0.04221062,0.043765206,0.041399855,0.042438913,0.041393027,0.048341658,0.043344516,0.03736542,0.04348307,0.038957313,0.045005083
0.038646027,0.039302506,0.038303576,0.04368228,0.044916604,0.040246543,0.04337324,0.03938318,0.038532674,0.04382675,0.038788725,0.03947654,0.043956738,0.04208523,0.04316767,0.04137683,0.043056242,0.04081378,0.045911938,0.045723274,0.038146276,0.04416527,0.040041123,0.04307693
0.039452624,0.03968629,0.04057456,0.042785376,0.046046317,0.041762233,0.041706257,0.039051723,0.039538592,0.040632892,0.03930255,0.039170887,0.04529101,0.04123178,0.04448457,0.040524222,0.043669768,0.039920863,0.045843586,0.044297438,0.037382565,0.04477824,0.03945372,0.04341197
0.03942386,0.03941094,0.040445182,0.044021923,0.044890817,0.041852318,0.043001533,0.04011603,0.0391375,0.04075689,0.0390558,0.039785936,0.044313617,0.040678594,0.044832822,0.040385634,0.045544013,0.040432546,0.045279186,0.041884147,0.037586596,0.043413386,0.03925556,0.044495173
0.038730767,0.040782895,0.03945432,0.043254744,0.044755585,0.042117905,0.042286538,0.04077428,0.03869627,0.041608177,0.039544832,0.03950464,0.043761536,0.04180438,0.044325538,0.039764967,0.044663973,0.039500527,0.045227658,0.041665506,0.038403306,0.044757817,0.04018539,0.044428423
0.040284786,0.041501824,0.03951633,0.043640707,0.044730574,0.042197112,0.043822013,0.04034326,0.039790884,0.04128975,0.038174108,0.039297417,0.044733845,0.039993487,0.04440063,0.038988844,0.041687895,0.040039077,0.045697894,0.04098014,0.038149364,0.04336558,0.040823802,0.04655062
0.040342886,0.044045407,0.03954889,0.043720305,0.042023465,0.040031232,0.04346093,0.04211046,0.03900113,0.03985037,0.036824085,0.041015923,0.043032117,0.0401447,0.045068964,0.040104732,0.04277731,0.042668395,0.04578287,0.042792007,0.037968963,0.041633673,0.040846474,0.045204706
0.041776005,0.04208809,0.03970574,0.043392293,0.043699708,0.040935375,0.04309548,0.04207807,0.038520776,0.03799587,0.037839938,0.042239808,0.042756397,0.040943548,0.042728357,0.040169463,0.04217088,0.04115555,0.045581907,0.043407407,0.03804964,0.0429821,0.04124718,0.045440394
0.039951626,0.041279025,0.04067467,0.043059375,0.04355769,0.04193616,0.043186504,0.04048778,0.03856532,0.038012177,0.037847754,0.041427284,0.043135118,0.042688563,0.043283522,0.03823959,0.042718835,0.040987153,0.04496614,0.043721605,0.039110802,0.04418915,0.04256284,0.044411294
0.040298745,0.041701313,0.040490713,0.04153106,0.042159192,0.04151911,0.043045573,0.038922664,0.039883457,0.038805712,0.038029134,0.040934253,0.04368566,0.041690804,0.04279921,0.037786145,0.04410565,0.04064494,0.045345444,0.04469772,0.039128393,0.044813752,0.043736596,0.044244707
0.040620875,0.03955172,0.04079991,0.04257895,0.04355075,0.041250177,0.04301629,0.039194442,0.038155664,0.039305393,0.040839,0.04021485,0.04344709,0.041438334,0.043296926,0.038823675,0.043031394,0.041110005,0.045656584,0.0427301,0.04025246,0.042815533,0.042562213,0.04575772
0.040890098,0.04050342,0.042624496,0.0433597,0.04302448,0.040482197,0.042072114,0.038540315,0.040399447,0.038672455,0.03908802,0.039094206,0.044688843,0.04123107,0.042950906,0.040167127,0.04436441,0.040479187,0.046300206,0.04119009,0.039443176,0.044386044,0.042352825,0.043695185
0.041729935,0.040857926,0.04121841,0.043682642,0.04228645,0.04012521,0.043995705,0.03761579,0.041068044,0.039708458,0.038401898,0.040087476,0.04349487,0.04030609,0.042758707,0.039705437,0.04500369,0.040621735,0.047372043,0.043745007,0.039261375,0.042523492,0.040877137,0.04355242
0.041081168,0.040427025,0.041659493,0.04269209,0.042685557,0.0413832,0.0445399,0.040479947,0.04029691,0.038830772,0.03797573,0.04063677,0.044253163,0.03924226,0.04180099,0.04017977,0.043435037,0.04095094,0.045816503,0.043417525,0.039289318,0.04457807,0.039947387,0.044400427
0.04087338,0.039353773,0.042064484,0.042027377,0.042687908,0.04007247,0.042500544,0.03981755,0.04136141,0.038314115,0.037326004,0.04005198,0.044787094,0.04164433,0.04179324,0.041677568,0.0443843,0.041937687,0.043983795,0.04466626,0.036021803,0.04664319,0.041016202,0.0449935
0.04085128,0.03897884,0.04216598,0.041890323,0.04285625,0.04011695,0.042983714,0.040221907,0.041818403,0.03785113,0.037858136,0.040712293,0.0428934,0.041088264,0.03968317,0.042696875,0.043359447,0.042169604,0.046364583,0.04555917,0.037481364,0.044857018,0.04074245,0.04479948
0.039392304,0.040365897,0.043089677,0.043519545,0.043721944,0.041068442,0.0430191,0.039236896,0.04220056,0.037959337,0.038087375,0.039950937,0.044177007,0.041421846,0.041476496,0.04086701,0.04412233,0.042198543,0.045392945,0.04160131,0.0375029,0.045214035,0.040271074,0.044142477
0.03908621,0.041654054,0.041259043,0.044045616,0.045156363,0.040895466,0.04422654,0.03772538,0.04039769,0.039877806,0.040124636,0.03882985,0.045321126,0.04336866,0.042938992,0.03899127,0.044598877,0.04212618,0.044041786,0.03885054,0.03756856,0.046303626,0.039886393,0.042725287
0.04026946,0.041173846,0.04076717,0.044705782,0.044926412,0.040485773,0.04322135,0.036680795,0.039474837,0.04046051,0.040915977,0.040027004,0.044470374,0.04294041,0.042351853,0.039669346,0.043848567,0.042607382,0.043974504,0.040089373,0.03765464,0.045947503,0.04121587,0.0421212
0.040624622,0.039827477,0.04259087,0.04492406,0.044274636,0.03965608,0.04256944,0.039138597,0.04077739,0.039864067,0.040388018,0.039092805,0.04358707,0.04287323,0.0417372,0.040716715,0.04417015,0.040659294,0.044316277,0.040879004,0.037691534,0.0451041,0.0412457,0.043291666
0.04007572,0.03946347,0.04009612,0.044316918,0.04329397,0.038317222,0.04455598,0.040697582,0.039556004,0.041427508,0.039333336,0.039487667,0.04435572,0.043730218,0.041963577,0.040234514,0.043751154,0.04049724,0.046027873,0.04176405,0.03705866,0.045200948,0.0407025,0.044092033
0.042094417,0.040132236,0.042751756,0.043658778,0.04230187,0.03936714,0.043328106,0.039710965,0.039548952,0.03975311,0.038577598,0.04133316,0.04376672,0.04376529,0.042107586,0.040737864,0.04228189,0.04159616,0.04446547,0.04370666,0.037680138,0.04285602,0.040750254,0.04372791
0.04053163,0.04285145,0.0425022,0.043299276,0.04310479,0.04030431,0.042601723,0.04000438,0.03789073,0.03875206,0.039651185,0.040542606,0.04457989,0.043328047,0.041977577,0.040644627,0.04319801,0.04267853,0.043567643,0.042778872,0.03735283,0.044752236,0.04189944,0.041205965
0.038833678,0.042715352,0.041738313,0.044099785,0.04283647,0.040930588,0.042843126,0.040709574,0.039372098,0.040581383,0.039686237,0.039391942,0.04268986,0.043561015,0.043271918,0.039073426,0.044170555,0.04306774,0.043620195,0.042066704,0.03653359,0.04686291,0.040068775,0.041274767
0.039612148,0.04195816,0.04086557,0.04524093,0.040579155,0.03862015,0.043385524,0.038625505,0.04103282,0.04022253,0.039221276,0.039814543,0.045190774,0.042754233,0.043863337,0.039098855,0.045164917,0.04140883,0.04377133,0.043146692,0.036930613,0.046264764,0.04022634,0.04300101
0.04044681,0.04124952,0.04025952,0.044845648,0.040656142,0.037823413,0.0441493,0.03820404,0.03898506,0.041565895,0.039549284,0.039734207,0.0440579,0.04359919,0.044373732,0.039858777,0.04520054,0.041322704,0.043762572,0.043389,0.038267057,0.04493511,0.03935323,0.04441139
0.04049118,0.03971843,0.041094355,0.043756645,0.041526865,0.038207617,0.044272486,0.040635504,0.040725335,0.042390253,0.03856911,0.04088355,0.042845733,0.043388657,0.042665865,0.040433146,0.04518377,0.042429708,0.044437174,0.043149527,0.03763659,0.044722375,0.038666513,0.04216962
0.03847366,0.04050144,0.040292,0.043820024,0.0422029,0.03882228,0.043165293,0.040040936,0.040813617,0.040660188,0.039022017,0.03924982,0.044945687,0.043944474,0.042087834,0.040162276,0.044341914,0.04215527,0.04574868,0.043696992,0.037867136,0.046187494,0.03930515,0.042492915
0.038751606,0.041777115,0.04026262,0.043317538,0.042989917,0.040367704,0.04187954,0.040723164,0.040103123,0.039490405,0.04060431,0.03873957,0.04484185,0.042925365,0.04256601,0.040295992,0.04498176,0.041626,0.045862675,0.04344773,0.03744594,0.04454024,0.041023854,0.041435957
0.040612113,0.040950343,0.040606607,0.043892477,0.040785063,0.0397898,0.04070689,0.04105334,0.041911162,0.040465806,0.04063773,0.03949428,0.044826753,0.04100557,0.042110175,0.038764026,0.043763008,0.042854007,0.046179827,0.043014247,0.039417677,0.04383738,0.04092622,0.042395514
0.04284214,0.040013984,0.04082923,0.042951554,0.040565133,0.039893597,0.041877776,0.04202757,0.04172292,0.04052795,0.03989368,0.03896882,0.044328816,0.04072678,0.043097973,0.040076833,0.0439953,0.042985383,0.045053985,0.042253073,0.03990936,0.044570692,0.037540596,0.043346863
0.042323332,0.0404566,0.041316375,0.04362302,0.04192061,0.04029469,0.042255666,0.041934602,0.04141316,0.040796943,0.03905921,0.039779887,0.043021776,0.040956695,0.043085065,0.040473174,0.044013694,0.041566245,0.044555705,0.041119523,0.038643844,0.0449319,0.039052736,0.043405555
0.04103451,0.040509198,0.04046434,0.044049487,0.041861787,0.041286618,0.043831144,0.043552727,0.03953209,0.039957684,0.038457517,0.0400606,0.042083535,0.04236394,0.043987177,0.04083188,0.04386682,0.04075932,0.044888686,0.041483615,0.03640837,0.04463922,0.04105954,0.04303023
0.040634576,0.04286875,0.040703837,0.04373385,0.042314786,0.039311524,0.043504618,0.043870445,0.039359074,0.040335678,0.03912959,0.03981117,0.044490457,0.042034842,0.043526724,0.039801385,0.044210244,0.041575454,0.04510743,0.042683505,0.034577332,0.044605862,0.040121015,0.04168788
0.042359494,0.0428477,0.03962545,0.0429902,0.043611288,0.039607957,0.04329151,0.04364456,0.037814464,0.0415332,0.038255226,0.04077898,0.043719836,0.04116277,0.04276808,0.03979371,0.04471624,0.041241277,0.045533005,0.043462068,0.034095544,0.04546574,0.039825656,0.041856047
0.04138585,0.040761143,0.03945205,0.043616027,0.042076617,0.040351417,0.0444365,0.042540606,0.03753322,0.04113856,0.03811788,0.04082556,0.042470627,0.041415073,0.04350072,0.040501043,0.044983335,0.04194487,0.0456044,0.043533273,0.035934597,0.044343203,0.04058938,0.042944036
0.038415514,0.04016059,0.040687777,0.042434134,0.0423067,0.040121075,0.044769876,0.042582918,0.04036216,0.038707905,0.039483868,0.03887605,0.044619694,0.042780858,0.04192544,0.0408222,0.044515505,0.043696936,0.04412928,0.043673247,0.035140898,0.04361083,0.0413434,0.044833176
0.03931462,0.041901883,0.04130163,0.0435001,0.039831277,0.04021632,0.04289699,0.04349049,0.0420163,0.039075404,0.03852745,0.03856112,0.044639096,0.042797647,0.045270123,0.040409964,0.044417452,0.042001504,0.043179084,0.04294571,0.035783958,0.044128492,0.04092046,0.04287292
0.04063069,0.040550474,0.04256647,0.043888777,0.042139135,0.039485086,0.044019334,0.04311317,0.040963363,0.039260186,0.037547752,0.038475167,0.042671878,0.04269162,0.043180525,0.039247766,0.043250598,0.04209254,0.0456243,0.04394158,0.037397005,0.042212527,0.041107237,0.04394283
0.040068995,0.039791547,0.04123236,0.041930452,0.044579837,0.04004883,0.043865275,0.04272226,0.039464954,0.040576767,0.039287727,0.038372505,0.04347377,0.04180122,0.043350946,0.03868284,0.04350145,0.0410542,0.046575125,0.0442796,0.038338907,0.044303622,0.040860016,0.041836802
0.0423657,0.04127435,0.041048557,0.04126086,0.04343832,0.040674213,0.044183433,0.041007977,0.0410497,0.041486263,0.0384812,0.03766006,0.04443854,0.043099508,0.044597067,0.038897187,0.044285238,0.03962212,0.044407055,0.0447978,0.03713228,0.045858514,0.038782824,0.040151205
0.040782962,0.04046506,0.04131895,0.043223042,0.040610794,0.03882401,0.04261633,0.04084375,0.039475996,0.040817488,0.0394065,0.039473604,0.044482987,0.044956055,0.044060394,0.03987531,0.043269128,0.043529917,0.04222478,0.043960106,0.038448047,0.044178955,0.040521428,0.042634428
0.04137146,0.037974313,0.042233154,0.044085186,0.04267403,0.040671013,0.041831616,0.04174508,0.042790864,0.039943278,0.037571155,0.040591102,0.044972178,0.04311075,0.042547967,0.03895032,0.042198885,0.04347286,0.04335729,0.042003565,0.03570424,0.042833842,0.042352706,0.04501316
0.04084048,0.039951995,0.043324128,0.042370707,0.044684753,0.043389153,0.041917756,0.041518074,0.04385989,0.03946816,0.036039878,0.040624216,0.04346085,0.043717213,0.04309364,0.038270477,0.04247375,0.04194592,0.044016283,0.042714883,0.03590578,0.044456776,0.03832777,0.04362747
0.04034625,0.040755276,0.041369442,0.042703234,0.043878462,0.039952353,0.042928007,0.0431874,0.04162015,0.038608383,0.038944915,0.041450396,0.043973703,0.040169224,0.040655054,0.038198244,0.04407484,0.04229903,0.043596134,0.043268763,0.0379063,0.046673097,0.040777817,0.042663496
0.039132085,0.04079681,0.042257372,0.042800065,0.04157144,0.038009245,0.042498633,0.043467566,0.04147463,0.040576085,0.040920705,0.041734807,0.04357255,0.039132807,0.042463563,0.039487302,0.045196712,0.04170511,0.043631572,0.042375345,0.03660858,0.04459948,0.04107933,0.044908162
0.041515704,0.041939385,0.040452324,0.042853013,0.03998302,0.03751715,0.0424736,0.042933345,0.040147323,0.04108825,0.038626794,0.04133791,0.045424126,0.038436055,0.042885706,0.041015893,0.043729153,0.04122179,0.04424092,0.043135535,0.037402723,0.045282517,0.03917879,0.047178984
0.04032294,0.043828502,0.039229117,0.04224431,0.041000247,0.038653474,0.04270537,0.044579215,0.041409027,0.03917366,0.035934474,0.03942565,0.04493223,0.039849773,0.043071497,0.040652037,0.043093055,0.040601872,0.046510212,0.043100838,0.036648747,0.045790467,0.041271728,0.045971543
0.038237553,0.041091613,0.03962254,0.04281964,0.043333028,0.040311996,0.04290599,0.043624677,0.040502477,0.04083764,0.03674729,0.039073084,0.04559959,0.042158652,0.04362558,0.04010009,0.043330003,0.042350076,0.045144897,0.043028995,0.035189826,0.045017265,0.0413983,0.043949217
0.039302476,0.042816423,0.04101469,0.043853078,0.04401473,0.042901848,0.0413138,0.0404619,0.040664393,0.04103863,0.038299985,0.041417558,0.046267167,0.042255696,0.044759747,0.039873336,0.042261273,0.041990165,0.043113213,0.043869782,0.035650674,0.042359736,0.03880456,0.041695125
0.039395247,0.043655355,0.04209948,0.043232117,0.043750796,0.04102064,0.04237904,0.03929636,0.03995026,0.037617642,0.038534265,0.042417314,0.04137604,0.040582072,0.04530296,0.039647747,0.043167353,0.040631406,0.045306303,0.046719067,0.036796108,0.043768957,0.041780047,0.0415734
0.04022585,0.04074301,0.04232634,0.042044386,0.042557605,0.038455606,0.041544843,0.04168143,0.039450962,0.039617777,0.040861264,0.039724335,0.04331273,0.04316782,0.045619152,0.040415015,0.044579584,0.041245423,0.044451073,0.044280622,0.037940554,0.043949198,0.03919709,0.042608332
0.04024217,0.039198834,0.042249266,0.041587662,0.0382569,0.0375284,0.043734886,0.043113958,0.04067669,0.042044707,0.04001134,0.040992975,0.046883475,0.042258658,0.04498392,0.038919367,0.04456938,0.04178925,0.045874674,0.04385401,0.03695313,0.043151993,0.03839811,0.04272632
0.039427456,0.038707953,0.0406386,0.04284963,0.03999937,0.03935512,0.045014016,0.04325386,0.043858863,0.040766116,0.03804357,0.040333994,0.044726,0.041208975,0.044041086,0.040141694,0.045471158,0.040644072,0.0464321,0.04011854,0.037807122,0.04226008,0.04051573,0.04438494
0.04090523,0.041787036,0.040992353,0.043843415,0.039898522,0.03865965,0.045970175,0.04363346,0.04187243,0.039552923,0.038817484,0.039083697,0.043620106,0.039405156,0.042438786,0.039964754,0.046502367,0.04170895,0.045012154,0.041343592,0.037818804,0.045135096,0.039824784,0.042209063
0.04086601,0.03967764,0.04203053,0.042607374,0.040905762,0.03945078,0.04399842,0.040337317,0.040957022,0.039882597,0.03930805,0.039374743,0.044778623,0.041088115,0.045658346,0.04052892,0.04400842,0.042240225,0.04514365,0.042089347,0.038021162,0.043830268,0.03954271,0.04367399
0.041687764,0.041508295,0.039769128,0.044459924,0.042457342,0.040518314,0.04276663,0.038426563,0.041625347,0.038944796,0.037480436,0.039708726,0.043625485,0.042676218,0.045910757,0.03924529,0.040606506,0.04357497,0.04437955,0.041581772,0.038322102,0.043083943,0.042549986,0.045090128
0.045285385,0.04008696,0.039855413,0.04176732,0.042087436,0.039825898,0.044641733,0.041986525,0.04016768,0.040704347,0.03768241,0.0403243,0.042923357,0.041333623,0.04192171,0.041873954,0.04229107,0.04167508,0.047960658,0.043207787,0.03621482,0.043412805,0.039346818,0.043422893
0.042443693,0.03973947,0.040402886,0.040034752,0.04268849,0.03960655,0.04390484,0.042665023,0.03963042,0.04068997,0.037595276,0.040893044,0.045178335,0.041177474,0.044043846,0.04052134,0.042610776,0.041768696,0.048733845,0.04171572,0.034910258,0.04278843,0.039219562,0.04703733
0.036651704,0.040552273,0.040484514,0.042661045,0.04468189,0.03932299,0.044028055,0.042633146,0.042220294,0.040850457,0.036716018,0.039643608,0.046060216,0.041321333,0.043538645,0.03858718,0.04391413,0.04262484,0.045510665,0.04147597,0.03607363,0.04355907,0.040985268,0.04590301
0.037587646,0.043593366,0.04091337,0.043342054,0.043617852,0.038843375,0.042328767,0.040385105,0.0394477,0.04004334,0.037911665,0.038339566,0.044863436,0.042376667,0.04357027,0.038815673,0.04386263,0.042754274,0.045303565,0.044695977,0.037436053,0.04674685,0.040511064,0.042709734
0.040041752,0.043069217,0.040155068,0.042128418,0.041426025,0.03977385,0.043554403,0.039395213,0.038744822,0.039328843,0.038788334,0.039627194,0.04268017,0.043834507,0.044629265,0.039346423,0.044970732,0.04280737,0.04272865,0.046498936,0.037521906,0.0473252,0.040069487,0.04155421
0.040142983,0.042869132,0.03913009,0.04279911,0.039345715,0.039622642,0.04540449,0.04116259,0.038786422,0.04143239,0.038728785,0.039487172,0.04425914,0.042352706,0.045616325,0.039664008,0.042611487,0.043031704,0.044973053,0.04316524,0.03471685,0.043953,0.041469608,0.045275353
0.04045731,0.04060347,0.040480375,0.040710706,0.042373832,0.039246645,0.04541707,0.043096643,0.03991592,0.041056696,0.03811962,0.040724706,0.046337545,0.042072315,0.045487236,0.03903525,0.04233823,0.040649895,0.04449933,0.043708853,0.035725668,0.043898236,0.04039794,0.043646555
0.043880682,0.038431823,0.041101497,0.039512623,0.04478347,0.0402684,0.043015853,0.04338382,0.03932045,0.040257502,0.037733685,0.040030625,0.046913285,0.044167563,0.043953788,0.040027544,0.042474944,0.04241733,0.042146035,0.042666752,0.038090687,0.04472242,0.03833375,0.042365525
0.03948849,0.04030377,0.040646784,0.042952016,0.04064122,0.03883382,0.043834973,0.039631635,0.04086871,0.040825438,0.0391208,0.03991522,0.04367204,0.042354934,0.043807972,0.039726578,0.044077475,0.044276096,0.044818275,0.045149438,0.037522197,0.0448299,0.040862452,0.041839797
0.038719416,0.04401723,0.04271768,0.04394333,0.039725177,0.036728833,0.043390986,0.037781313,0.041720465,0.040153917,0.038982164,0.040940616,0.044985577,0.041716933,0.044335693,0.038766257,0.043379992,0.042974558,0.04303277,0.044711668,0.036235552,0.045635793,0.041363865,0.044040177
0.03915238,0.045692727,0.041849844,0.044664692,0.042377636,0.040916715,0.041825127,0.039716423,0.0401278,0.042025983,0.036447443,0.039935283,0.044481,0.042089902,0.044370245,0.036009632,0.043307953,0.042385332,0.042274177,0.042931583,0.037288953,0.046487402,0.039885916,0.043755908
0.03897071,0.042971868,0.04108129,0.042195674,0.042348813,0.040474646,0.042051937,0.040557135,0.04194329,0.04265714,0.036354426,0.040833578,0.04634205,0.040915582,0.043740094,0.037948508,0.044762745,0.041863363,0.043338843,0.043483492,0.038775444,0.045189,0.03738286,0.043817513
0.040181138,0.040122416,0.040814687,0.042042155,0.04282899,0.039255388,0.041339252,0.042165563,0.04075992,0.04021509,0.039133534,0.039839018,0.046507336,0.040571038,0.04166055,0.04060728,0.044813138,0.042318113,0.045135275,0.04324283,0.038245577,0.043876633,0.040306024,0.04401911
0.04014593,0.03977211,0.038865995,0.043025758,0.041395266,0.038565665,0.04193068,0.041771818,0.039832145,0.039812084,0.040475648,0.040415235,0.045970462,0.040844098,0.044085167,0.040489264,0.04331271,0.043227725,0.04514654,0.043454964,0.03913836,0.043855675,0.039517045,0.044949673
0.040414322,0.03966413,0.039225053,0.042302117,0.041493755,0.038533285,0.041694783,0.042185586,0.041161917,0.038997665,0.03936341,0.040635116,0.046054374,0.03987846,0.0441632,0.040120196,0.043369215,0.042966206,0.044989437,0.04351355,0.039938584,0.04484091,0.039614897,0.044879805
0.040693607,0.039355807,0.039395604,0.04255413,0.041909188,0.04015878,0.043554604,0.04201517,0.042132966,0.04098751,0.03943787,0.040465884,0.044161003,0.040932212,0.043121345,0.038562912,0.04236038,0.043481328,0.044398736,0.044583578,0.03903414,0.043327384,0.038969275,0.044406604
0.03938659,0.040474784,0.03922031,0.043592792,0.042379104,0.039778586,0.04449561,0.04061967,0.040464565,0.041528147,0.039328344,0.041040275,0.044223543,0.04115045,0.043005668,0.03892605,0.043004498,0.042873718,0.04445843,0.044758998,0.037493225,0.04428742,0.039435167,0.044074036
0.03862442,0.042360548,0.039454207,0.04335675,0.042688306,0.04012478,0.04344908,0.04061103,0.040023874,0.040138382,0.038311437,0.040790368,0.044237893,0.040503737,0.042366527,0.037849847,0.044863988,0.04206623,0.045703694,0.044865284,0.03660002,0.04639619,0.041139677,0.04347372
0.03930809,0.04338599,0.03965234,0.043936007,0.042279277,0.03935573,0.043518353,0.04238259,0.039701078,0.040661316,0.03986716,0.03945065,0.04416811,0.040232845,0.042112947,0.038357303,0.044045556,0.042576756,0.046165086,0.04220726,0.036733326,0.04492891,0.041513093,0.043460254
0.038570043,0.04228161,0.03970294,0.04426546,0.042177286,0.03997421,0.0456576,0.04290023,0.038832624,0.0408376,0.038947493,0.03931707,0.04469481,0.04004109,0.042202417,0.03724132,0.045170672,0.0446129,0.04456023,0.042713013,0.036634777,0.04538752,0.039840404,0.043436717
0.039153345,0.041600745,0.03946135,0.04409921,0.041376673,0.0393565,0.045556743,0.042516593,0.040339824,0.039739173,0.03760326,0.038969394,0.04348703,0.040962853,0.042816866,0.037411693,0.04493626,0.04241874,0.04705757,0.04442399,0.0367515,0.044156354,0.04117131,0.044633094
0.03893429,0.04095095,0.040831905,0.043649774,0.042131215,0.040360853,0.044344623,0.041935336,0.04088029,0.039868884,0.03842254,0.038915817,0.043849364,0.041361928,0.043198258,0.037562277,0.0442223,0.041354418,0.04764394,0.042636096,0.03678586,0.044030167,0.04133392,0.04479492
