0,1,2,3,4,5,6,7,8,9,10,11,12,13,14,15,16,17,18,19,20,21,22,23
0.05485127,0.054641325,0.058120478,0.026327852,0.059066016,0.042258143,0.05245947,0.05623421,0.009224389,0.062466893,0.03353651,0.032420464,0.05943128,0.05425833,0.02834406,0.015354587,0.06520393,0.059817,0.042347495,0.0262497,0.015022794,0.02548963,0.04441892,0.022455296
0.05485127,0.054641325,0.058120478,0.026327852,0.059066016,0.042258143,0.05245947,0.05623421,0.009224389,0.062466893,0.03353651,0.032420464,0.05943128,0.05425833,0.02834406,0.015354587,0.06520393,0.059817,0.042347495,0.0262497,0.015022794,0.02548963,0.04441892,0.022455296
0.055488624,0.055326916,0.058788963,0.025569096,0.059747655,0.042352177,0.0531772,0.056945734,0.008211385,0.06305012,0.033396684,0.031935044,0.060144298,0.055023756,0.02775122,0.014186773,0.0655943,0.060547445,0.04237905,0.025472255,0.013954715,0.024824833,0.044697996,0.02143376
0.05591114,0.055778056,0.059193425,0.025071014,0.060176726,0.04247872,0.053612784,0.05738411,0.0075952937,0.06340593,0.033286173,0.031677052,0.06056787,0.055490125,0.027345069,0.013439911,0.06579938,0.06098544,0.042472746,0.024977457,0.013278952,0.024407996,0.04490924,0.0207554
0.056143384,0.05605112,0.059421025,0.024801223,0.06043466,0.04256399,0.053870346,0.05764841,0.0072363243,0.06362522,0.033229306,0.03143731,0.060833257,0.055797372,0.027079249,0.013028517,0.06593875,0.061240148,0.042519964,0.024647223,0.012863682,0.024110634,0.045100372,0.020378478
0.056420185,0.056345034,0.059691764,0.024462966,0.060713675,0.042658366,0.054124657,0.057899114,0.006877399,0.06384496,0.033137217,0.031301394,0.061080292,0.05603669,0.026822498,0.012570628,0.06606183,0.06149868,0.04252978,0.024341833,0.012476461,0.023839343,0.045273006,0.019992223
0.056469217,0.056371722,0.059747655,0.024409695,0.06074067,0.042601075,0.054193422,0.057946894,0.006808723,0.063867606,0.033156842,0.03127496,0.06110998,0.05609304,0.026855601,0.012496359,0.06607467,0.061544523,0.04248042,0.024293136,0.012441725,0.023825184,0.0452549,0.019942038
0.056828827,0.056747615,0.06007957,0.023996074,0.06106531,0.042750336,0.05458003,0.05829688,0.0063533573,0.06413291,0.033032198,0.031024989,0.061412875,0.056488726,0.026475525,0.011938771,0.06621857,0.0618747,0.0426209,0.02385964,0.01188742,0.023425046,0.045534596,0.019375104
0.056729175,0.05665793,0.059985444,0.024125895,0.060997665,0.042720143,0.05448236,0.058223512,0.006462373,0.06407945,0.033069875,0.031048432,0.061374635,0.056392413,0.0265073,0.012076615,0.066193946,0.061786916,0.042601123,0.023934709,0.012007595,0.023530371,0.045456402,0.019555705
0.056965176,0.05691377,0.060208693,0.023789892,0.061231885,0.042784292,0.054700274,0.058457702,0.006163534,0.06423493,0.03301897,0.030933715,0.06158608,0.05663648,0.02632997,0.011648121,0.06627086,0.062012907,0.04265072,0.023687271,0.011680455,0.023297878,0.04559815,0.019198285
0.05603597,0.05591278,0.059335973,0.024916843,0.06026238,0.04247379,0.053722866,0.05743315,0.007407218,0.063500114,0.03327078,0.0315992,0.06065673,0.055585932,0.027233567,0.013267487,0.06586114,0.06108723,0.042404123,0.024873715,0.01318117,0.024302684,0.045000214,0.020674959
0.056987856,0.056856815,0.06016265,0.023821032,0.061135266,0.042684723,0.05472398,0.05847837,0.0061912467,0.064182654,0.033174247,0.03093493,0.061585236,0.056669876,0.026388194,0.011727022,0.06624125,0.062000476,0.04258152,0.023764316,0.011745314,0.023331117,0.045488805,0.019143054
0.05669886,0.056586254,0.05996018,0.024151526,0.060912155,0.042670824,0.05444211,0.05822521,0.006470228,0.06401087,0.033187155,0.031094754,0.061370634,0.05642619,0.026619093,0.012099741,0.06615062,0.061757598,0.042543836,0.0240526,0.012095099,0.023542987,0.045365855,0.019565627
0.05683085,0.056779172,0.060071893,0.02402108,0.061117925,0.042655494,0.054620475,0.058404263,0.0062993784,0.0641276,0.033157773,0.030938137,0.06152929,0.056548417,0.026432652,0.0118424045,0.06621916,0.061907407,0.042585395,0.023825,0.011860802,0.023410246,0.045453534,0.019361615
0.056404125,0.05629251,0.059690256,0.024459256,0.06069273,0.042545762,0.054130565,0.057853885,0.006870908,0.06380564,0.033191834,0.03136672,0.061076697,0.05601328,0.0269122,0.012567872,0.06603043,0.06148949,0.042428404,0.024474086,0.012555058,0.02398126,0.045110412,0.020056576
0.055962864,0.055778287,0.059221633,0.02508937,0.06015004,0.04234764,0.053650275,0.057330094,0.0075658793,0.06341367,0.0333883,0.0316008,0.06051627,0.05543036,0.027338468,0.013517197,0.065809,0.06098678,0.04241212,0.024949454,0.0133437,0.02442015,0.044947088,0.020830642
0.055670425,0.05544521,0.05889815,0.025472537,0.05987448,0.042312734,0.053253293,0.057122555,0.007958022,0.063162535,0.03337262,0.031885907,0.060315713,0.055176172,0.02772258,0.013929024,0.06564419,0.06068914,0.042349603,0.02535433,0.01379497,0.02471895,0.04469945,0.021177437
0.05507592,0.054833494,0.05834904,0.02613269,0.059237447,0.04226699,0.05267146,0.056459185,0.00884648,0.06263329,0.033503927,0.032231804,0.059670158,0.05450828,0.028181782,0.014968037,0.0653073,0.06002564,0.04242653,0.026006637,0.01471251,0.025201937,0.044528697,0.022220798
0.055661988,0.055504896,0.058954295,0.025367334,0.059915442,0.042388633,0.053368296,0.05707517,0.007967205,0.06317919,0.03338285,0.031785637,0.060275674,0.055188615,0.027608749,0.013913966,0.065674834,0.060725756,0.0424118,0.025321333,0.013732428,0.02466069,0.04476379,0.02117149
0.055037074,0.054762393,0.058281202,0.026141258,0.059112303,0.042154077,0.052584432,0.056405798,0.008990985,0.062491097,0.033687506,0.032326203,0.059619978,0.054410793,0.028342221,0.015071818,0.06523518,0.059950173,0.042253215,0.026196387,0.014961487,0.025399106,0.04434401,0.022241304
0.053870395,0.053422518,0.057066098,0.0276178,0.057770487,0.04193635,0.051310983,0.055127516,0.010996398,0.061220028,0.03404129,0.033245932,0.05832257,0.053013895,0.029496515,0.017301766,0.06436864,0.05859698,0.042258255,0.027643636,0.01696764,0.026679885,0.043658778,0.024065647
0.05220635,0.051630873,0.055206932,0.029642155,0.055744242,0.041864377,0.04961366,0.0532761,0.014195276,0.059311762,0.034434535,0.034461204,0.05630001,0.051219586,0.031042587,0.020615088,0.0628847,0.056364357,0.0422655,0.029659431,0.019839484,0.02827814,0.0431904,0.02675318
0.052823663,0.05250507,0.0559117,0.028751906,0.05672413,0.04197405,0.050409567,0.054005105,0.012837054,0.06024473,0.034131877,0.03396662,0.05696751,0.052098922,0.03038201,0.019174572,0.06357456,0.05734136,0.042378996,0.028630814,0.01850156,0.027484786,0.04358617,0.02559324
0.053339023,0.05284588,0.056357503,0.02830322,0.056999598,0.041901723,0.050710756,0.054481294,0.012172024,0.06053883,0.034136064,0.03365685,0.057459675,0.052360438,0.030020857,0.01853845,0.06387728,0.05775399,0.042260367,0.028354822,0.01796658,0.027226986,0.043650366,0.025087459
0.05437014,0.05408036,0.057640914,0.02693612,0.058531865,0.04210406,0.05198388,0.055644818,0.010061279,0.061969914,0.03373869,0.032724787,0.05886517,0.053671904,0.0288094,0.01623071,0.064902045,0.059294257,0.04241463,0.02678871,0.015832894,0.02601175,0.0442641,0.023127591
0.053799633,0.053455982,0.056978583,0.02769708,0.05766974,0.04194098,0.051394902,0.05500715,0.011152096,0.06112665,0.034027766,0.033119038,0.05812324,0.052960232,0.029506048,0.017542103,0.06435401,0.058493525,0.042207263,0.02767463,0.017042087,0.026768466,0.043758262,0.024200559
0.055424698,0.055347376,0.058698207,0.02564805,0.05971105,0.042293485,0.053133305,0.05683721,0.008270995,0.06298296,0.03338817,0.031888355,0.060113415,0.054966535,0.027740972,0.0143271135,0.06555641,0.060532518,0.04244411,0.025489537,0.014032521,0.024991661,0.04470446,0.021476923
0.05568375,0.05555616,0.059033494,0.025273195,0.059986565,0.042278666,0.053400703,0.057128202,0.007884694,0.063248895,0.03333986,0.0317858,0.060351573,0.055221647,0.027558578,0.013798761,0.06571643,0.060803145,0.042333752,0.02531788,0.013668192,0.02471906,0.044746928,0.021164078
0.056795422,0.05677224,0.060032863,0.02400285,0.061067987,0.04275177,0.054593552,0.058260918,0.006392145,0.064122915,0.033020064,0.030897705,0.061394017,0.05648013,0.026486157,0.011994587,0.06623577,0.061862215,0.042672545,0.023832845,0.011898838,0.023393387,0.04562948,0.019409642
0.05688466,0.05686808,0.0600964,0.023981757,0.06116902,0.042703517,0.05467597,0.058347385,0.006290999,0.064205416,0.033011965,0.030936128,0.061453592,0.05657701,0.026294304,0.011819418,0.06627225,0.061956216,0.042745933,0.023687994,0.01176943,0.023352718,0.04570705,0.01919273
0.056321245,0.056238126,0.05957153,0.024623113,0.060568716,0.04273087,0.053996325,0.057695877,0.007056889,0.06373959,0.033111747,0.031284768,0.06090378,0.05583479,0.026900291,0.012854744,0.066002406,0.061326787,0.04258103,0.024337167,0.012692894,0.023930829,0.045397475,0.020299038
0.056008827,0.055971153,0.059311274,0.025008015,0.060368758,0.042570822,0.053741705,0.05746685,0.0074828244,0.06348885,0.033160046,0.03145255,0.060602065,0.055555437,0.027196987,0.01331949,0.06586153,0.06103324,0.04245929,0.024778996,0.013083597,0.024308572,0.04511287,0.020656317
0.05516003,0.05508371,0.058496963,0.0258522,0.059530996,0.042353358,0.052932795,0.05654883,0.008681425,0.06291168,0.033327885,0.032036416,0.059729327,0.054658618,0.027869903,0.0147833545,0.06546699,0.060209583,0.042433552,0.02565906,0.014387612,0.025150793,0.04476024,0.021974694
0.05664627,0.056573335,0.059939638,0.02411561,0.060897615,0.042494897,0.054523684,0.058269713,0.006480572,0.063993596,0.033152003,0.031165402,0.061343905,0.056410838,0.026738869,0.012110812,0.06609685,0.061782215,0.042543784,0.024061492,0.012122469,0.023783071,0.04521,0.019543314
0.055824775,0.05568213,0.05914656,0.025166338,0.060134403,0.04243963,0.053491496,0.057340547,0.007666349,0.06338158,0.033278782,0.03164635,0.060564294,0.055506423,0.027388263,0.013547092,0.06580771,0.060920466,0.042535137,0.025004651,0.013386429,0.024417091,0.044911645,0.020811811
0.056194417,0.056187067,0.05951467,0.024733827,0.06055014,0.04264657,0.053997684,0.057591937,0.0071469354,0.063705705,0.03308091,0.031378016,0.060843997,0.05578153,0.026895916,0.012966189,0.06599451,0.06130307,0.04259292,0.024459628,0.012782337,0.024107322,0.045269575,0.02027512
0.05492403,0.05474911,0.058199044,0.026207238,0.059250932,0.04225293,0.05255548,0.056314424,0.009101095,0.062589526,0.033428904,0.032330137,0.059486523,0.054362882,0.028257946,0.015162625,0.0652869,0.059907697,0.042347632,0.026137166,0.0149012245,0.025430085,0.0445109,0.022305563
0.055882398,0.05572256,0.05921357,0.02502568,0.060117636,0.042535383,0.053607855,0.057296347,0.007587441,0.06345545,0.03322074,0.031729724,0.060487453,0.05547631,0.027313601,0.013539175,0.06580514,0.06098727,0.042439118,0.024951465,0.013336875,0.024390247,0.04500368,0.020874893
0.055172987,0.055002872,0.05849576,0.02592449,0.05943438,0.04238116,0.0527794,0.056611534,0.0086154025,0.0628448,0.033364087,0.032273762,0.059854835,0.054669533,0.02790637,0.0147112245,0.06539498,0.060199354,0.042503323,0.025830617,0.014500492,0.025107626,0.044509925,0.021911154
0.05484831,0.05471792,0.058171187,0.026316645,0.059145622,0.04222286,0.052540865,0.056230564,0.009209578,0.06249451,0.033497725,0.032301124,0.059473757,0.05427551,0.02826175,0.015294636,0.06523837,0.059828665,0.042365603,0.026208092,0.0149633875,0.025529305,0.044476077,0.02238793
0.0545627,0.054301936,0.057885062,0.02661056,0.058672726,0.042116765,0.052181177,0.05585883,0.0096952235,0.062100347,0.033636328,0.0327995,0.059100732,0.053906724,0.02865089,0.015953219,0.06498475,0.059500854,0.042256087,0.026613701,0.015666518,0.025899436,0.044128466,0.022917403
0.05451822,0.054180708,0.05769996,0.02679766,0.058570746,0.04208928,0.052040115,0.055783883,0.009891803,0.062059637,0.033711154,0.03271145,0.05897397,0.053839475,0.028837238,0.016085118,0.06495165,0.05935026,0.04232865,0.026730249,0.015732227,0.02583934,0.044197325,0.023079881
0.053824093,0.05344176,0.056998506,0.027671454,0.057849325,0.042070705,0.051310886,0.05512799,0.010990196,0.06134744,0.033921614,0.033182696,0.058218718,0.053132102,0.029422682,0.017306397,0.06442957,0.058558427,0.042355504,0.027485438,0.016824162,0.026625028,0.04382758,0.02407772
0.053498555,0.053149115,0.05660932,0.028002558,0.057473563,0.041863635,0.05104427,0.054980922,0.011498804,0.06095855,0.034016415,0.03341068,0.05809851,0.052812878,0.029770877,0.01781595,0.06412975,0.058213994,0.042259905,0.028028762,0.017352756,0.026878823,0.04363308,0.024498358
0.053623483,0.053228155,0.05681327,0.027814694,0.0575835,0.042019684,0.05116112,0.054852303,0.011362992,0.061114937,0.034026813,0.033432834,0.05805238,0.052768327,0.029593458,0.017717421,0.064248174,0.058376666,0.042246867,0.027830297,0.01719027,0.026849274,0.04372831,0.024364747
0.052933283,0.052574687,0.056030646,0.028604507,0.056754652,0.04203219,0.050462835,0.05398473,0.012798623,0.06031573,0.034066375,0.033765122,0.05703532,0.051986724,0.03016881,0.019260215,0.06368366,0.057301607,0.042388786,0.02846411,0.018484332,0.027458835,0.043752056,0.025692163
0.054762848,0.054514706,0.058031276,0.02645997,0.058955736,0.042173147,0.052375108,0.05611139,0.009438501,0.06232929,0.033623718,0.03254106,0.059292737,0.054176036,0.028529588,0.0154820485,0.065136395,0.05972374,0.04232686,0.026344756,0.015124452,0.025551638,0.04437848,0.022616576
0.05478296,0.054618105,0.058125462,0.02634989,0.059058398,0.04219159,0.052523583,0.056241386,0.009191298,0.062458273,0.033549238,0.03243178,0.05943543,0.054274146,0.028390331,0.015364511,0.06517916,0.05981518,0.042403914,0.02624316,0.01497568,0.02552682,0.04435764,0.022512011
0.055536836,0.055412833,0.058798153,0.02551899,0.059799653,0.042344786,0.053156156,0.05703127,0.008119435,0.06308253,0.03333317,0.03193861,0.060190216,0.055097017,0.02773565,0.014110172,0.06559436,0.060576107,0.04240519,0.025489373,0.013890653,0.02482299,0.044716626,0.021299245
0.055128705,0.055005267,0.058485936,0.025950542,0.059427526,0.042258255,0.052870136,0.05653347,0.008716392,0.06278438,0.033416945,0.032110963,0.059760045,0.054620996,0.028026994,0.014795947,0.06544177,0.06018423,0.042380206,0.025796667,0.01448742,0.025206745,0.044648055,0.021962399
0.055395544,0.055188004,0.0586916,0.025724472,0.059649758,0.04242562,0.05298748,0.05674987,0.008385427,0.06299353,0.033331417,0.032065917,0.059972994,0.05479672,0.027895784,0.014414502,0.06553446,0.060388315,0.04249437,0.025560744,0.014131916,0.024811698,0.044786014,0.021623818
0.056029454,0.05585972,0.059249114,0.025020601,0.060251705,0.042539205,0.053601664,0.057484206,0.007467937,0.06345692,0.033270594,0.03161242,0.060604665,0.05553848,0.027273875,0.013342807,0.06580259,0.06101106,0.042530112,0.024887102,0.0132297445,0.02428836,0.0450204,0.020627238
0.05630267,0.056198556,0.059563585,0.02463823,0.06051424,0.042607162,0.053976882,0.05777801,0.007078467,0.06374211,0.033182763,0.03139623,0.06092475,0.055921316,0.026847811,0.012796685,0.06598055,0.061328415,0.04260098,0.024527095,0.012684192,0.023965044,0.045183383,0.020260876
0.055633057,0.0554864,0.05889272,0.02541473,0.059952386,0.042426072,0.05325992,0.057148207,0.0079872245,0.06315396,0.033386625,0.031808447,0.06035793,0.055176593,0.027622635,0.013870796,0.065645576,0.06070912,0.04231304,0.025403988,0.013717497,0.02475422,0.044729948,0.02114886
0.055596884,0.055471722,0.058886915,0.025451658,0.059851248,0.042328052,0.053304706,0.057005856,0.008073067,0.06313541,0.033372924,0.031887036,0.060209733,0.05509944,0.027621552,0.014017043,0.06564014,0.060606662,0.04248259,0.025308888,0.013855023,0.024685025,0.044807404,0.021301055
0.05548637,0.05522128,0.05871077,0.025653964,0.059562393,0.042249046,0.053053513,0.056881495,0.008282681,0.062969126,0.033548597,0.03206441,0.06007809,0.05489559,0.02785535,0.014340013,0.06553182,0.060499705,0.04233641,0.025629772,0.014143461,0.0249857,0.0445087,0.021511717
0.055727534,0.055522364,0.059038453,0.025307322,0.05996241,0.042365383,0.053421196,0.05719642,0.007888125,0.06323949,0.033336528,0.03183375,0.06034309,0.055245824,0.027505584,0.013770797,0.06569865,0.06079334,0.042473096,0.025269818,0.013580999,0.02453326,0.044857077,0.021089438
0.05574394,0.05563715,0.059021022,0.025307503,0.060032595,0.04244469,0.053428274,0.05733385,0.0077723833,0.063312344,0.033324122,0.03171852,0.060485933,0.055356923,0.02745962,0.013643982,0.06572149,0.0608524,0.04241455,0.025209475,0.013498224,0.024519892,0.044781122,0.020979987
0.05507749,0.054982174,0.05839221,0.02595763,0.05939095,0.042434122,0.052679054,0.05643762,0.008810788,0.06271616,0.033393826,0.032300934,0.059697498,0.05449591,0.028011305,0.014888139,0.065364495,0.060103785,0.04245977,0.025901742,0.014656078,0.025220586,0.044566896,0.022060808
0.054409448,0.054078255,0.057607263,0.026965946,0.0584249,0.042032816,0.05199749,0.05572597,0.010001452,0.061914135,0.03386058,0.032678448,0.05894709,0.053648327,0.028865067,0.016284632,0.064829834,0.0592527,0.042301524,0.026946489,0.015953304,0.026106123,0.04398499,0.023183282
0.056619152,0.05652137,0.059934117,0.024208834,0.060805384,0.042660758,0.05436414,0.058148853,0.0065794676,0.06392905,0.033269215,0.03110528,0.061298087,0.056377023,0.026677383,0.01221617,0.06611747,0.061708327,0.042621363,0.024164807,0.012213332,0.02365438,0.045251675,0.01955437
0.055306364,0.055110063,0.058523297,0.025924038,0.0596103,0.042226806,0.05298678,0.056910615,0.008464775,0.06286786,0.03357103,0.032017577,0.06005227,0.054895516,0.027922254,0.014448272,0.06548802,0.060367882,0.042479597,0.025600143,0.014137102,0.025032103,0.04452187,0.021535512
0.056257177,0.056080855,0.059561975,0.024660802,0.06050288,0.042566877,0.053899143,0.05781291,0.0070481384,0.06365567,0.033283625,0.031497553,0.06098424,0.05584697,0.027101908,0.01274598,0.06592448,0.06137017,0.042415973,0.024620458,0.012733919,0.024159273,0.045043442,0.020225545
0.054337233,0.05418378,0.057642493,0.026951244,0.05861199,0.042242013,0.051954962,0.055750016,0.009978549,0.062023547,0.03361497,0.032749582,0.058996808,0.053760443,0.028796658,0.01615494,0.06492906,0.059296384,0.042312372,0.026838576,0.015773509,0.025912728,0.044125702,0.023062462
0.054311913,0.054001313,0.05738265,0.02716128,0.058212306,0.042316955,0.05170395,0.05542989,0.010367902,0.06186609,0.03361597,0.032852884,0.058575355,0.05334264,0.028887957,0.01680603,0.06474998,0.058965188,0.04241443,0.026913747,0.016096529,0.026067015,0.044387348,0.02357063
0.05343522,0.05311112,0.056588627,0.028096873,0.057362624,0.04208325,0.05081714,0.054760948,0.011705912,0.0608971,0.03398664,0.03344698,0.05783124,0.05264651,0.029707216,0.018068766,0.06408657,0.058028117,0.04241875,0.028029457,0.017538905,0.026942728,0.043753225,0.024656113
0.055325516,0.055163007,0.058671337,0.025715,0.059513282,0.042393774,0.052975286,0.056715854,0.008494724,0.06290185,0.03344852,0.03198532,0.059904184,0.054735247,0.027930474,0.014542187,0.06546695,0.06030094,0.042401705,0.025619363,0.014282325,0.025035756,0.04467553,0.021801898
0.054986067,0.05488771,0.05822089,0.026050283,0.05923205,0.042217948,0.052667536,0.05641605,0.00899768,0.06260911,0.033393003,0.032370258,0.059586022,0.054485373,0.028145803,0.015118153,0.065274015,0.060011048,0.0424888,0.026148278,0.014790603,0.025267065,0.044461817,0.022174433
0.05492059,0.054636642,0.058187585,0.026307454,0.059145555,0.042055614,0.052536845,0.056389507,0.009168483,0.062442433,0.033734072,0.032238044,0.05958133,0.054309465,0.02834657,0.015246633,0.065236144,0.059860826,0.042369813,0.026221791,0.014983351,0.025528168,0.044268936,0.022284165
0.056486696,0.056354,0.059689607,0.024408558,0.060719863,0.042538352,0.054157972,0.058068145,0.0067969626,0.06385995,0.033235725,0.03138324,0.061177533,0.05610331,0.026872244,0.012457223,0.06604435,0.061583694,0.042617086,0.02430484,0.012441832,0.023843963,0.04509715,0.019757638
0.055370476,0.055171516,0.058693662,0.025717197,0.059583925,0.042401724,0.053010378,0.05679743,0.00837497,0.06295896,0.03350711,0.03212889,0.059980653,0.054962862,0.0277757,0.014352193,0.06553073,0.06038996,0.04245045,0.02553906,0.014100069,0.02481091,0.044754036,0.021637173
0.057482153,0.057560563,0.060717158,0.023147786,0.061740216,0.043106567,0.05530195,0.059082374,0.0054917554,0.06464314,0.032893542,0.030504528,0.062097225,0.057351515,0.025554763,0.0107815,0.06647336,0.06250552,0.04280511,0.023074357,0.010759514,0.02256751,0.046068083,0.018289825
0.05735622,0.057337783,0.060567323,0.023306642,0.06160258,0.043044403,0.055130742,0.05887911,0.0056642876,0.064494625,0.03310016,0.030606704,0.061988115,0.057125587,0.02594033,0.011023788,0.06643631,0.062356357,0.04262978,0.023169512,0.011097962,0.02277796,0.045846548,0.018517125
0.05664046,0.05660769,0.059970405,0.024089376,0.060915507,0.04272776,0.05440339,0.058140405,0.006577761,0.0640527,0.03297827,0.031029778,0.061292443,0.056248635,0.026531048,0.012181813,0.066166475,0.06173179,0.042626522,0.02399601,0.012132863,0.02365029,0.045468934,0.019839698
0.05618693,0.056193486,0.059503634,0.024706218,0.06052422,0.042646874,0.05395377,0.057701066,0.0070688715,0.06371807,0.033116452,0.03130624,0.060941014,0.055903718,0.0269553,0.012947675,0.065995514,0.06133142,0.042432718,0.024490748,0.012757702,0.024156278,0.04520421,0.020257888
0.055995088,0.055879585,0.059284724,0.024892217,0.06027757,0.04239742,0.053778518,0.057406735,0.007507548,0.06346251,0.033247232,0.031706985,0.060626086,0.05554697,0.027356138,0.0132861715,0.065814205,0.061077386,0.042549156,0.024891239,0.013233591,0.024343839,0.044874758,0.02056432
0.054903343,0.054559667,0.058177147,0.026295481,0.05908952,0.04231033,0.052391015,0.05638607,0.009015948,0.062485404,0.033606,0.03245425,0.059553973,0.05445932,0.028502176,0.015138273,0.065206215,0.059919048,0.042260565,0.026195176,0.014905675,0.025471045,0.044390257,0.022324082
0.055267803,0.055118095,0.05841309,0.025918445,0.059567068,0.04226349,0.052868996,0.056774527,0.008631839,0.06286025,0.033284154,0.032069627,0.059885446,0.054709837,0.028033322,0.014503309,0.06543405,0.06024897,0.042491496,0.025748927,0.014333811,0.024995526,0.044813644,0.021764267
0.055772953,0.05558688,0.05906924,0.02518056,0.059985884,0.042534027,0.053470373,0.057321887,0.0077590807,0.06324493,0.033542305,0.03177233,0.06051308,0.055411544,0.027533742,0.013597145,0.065737374,0.0608434,0.042389896,0.025078261,0.013421827,0.024464909,0.0448199,0.020948509
0.055024784,0.05483311,0.058326118,0.026079565,0.059277114,0.04238681,0.052612253,0.056343704,0.008910466,0.062651195,0.033461895,0.032365263,0.059615087,0.054450307,0.028026823,0.015079506,0.06531266,0.059964456,0.04245362,0.025963143,0.014744764,0.025351657,0.04458516,0.022180514
0.05448809,0.054135047,0.057773497,0.026770582,0.05861514,0.04208598,0.05202753,0.056071445,0.009690069,0.062087223,0.03384845,0.03277185,0.059189137,0.05391586,0.028785218,0.01589978,0.06492107,0.0594297,0.04209381,0.02684956,0.01564932,0.025917117,0.043959238,0.023025345
0.05585191,0.055668615,0.05916751,0.025106752,0.060030606,0.0424439,0.053544197,0.057294775,0.0076963687,0.063323185,0.033283845,0.03170239,0.0605081,0.05534262,0.02749147,0.013744902,0.06576756,0.060892332,0.04245259,0.025043188,0.013502381,0.024423014,0.044813123,0.020904642
0.05619576,0.056085598,0.059464004,0.024804486,0.060548894,0.042534858,0.05390209,0.057662223,0.0071738577,0.063731186,0.03319956,0.031407457,0.06080929,0.05583101,0.026959067,0.012952984,0.065992855,0.061316635,0.042624712,0.024512284,0.012744254,0.024060642,0.045173164,0.020313121
0.056636773,0.05661403,0.059913907,0.024204854,0.060911097,0.042641256,0.05441808,0.058153447,0.0066045206,0.06399759,0.032988,0.031064242,0.06129212,0.056284454,0.026682837,0.012176262,0.0661257,0.061691936,0.042616922,0.024001231,0.012132264,0.023711128,0.045473907,0.019663457
0.056072842,0.055950664,0.059381284,0.024831148,0.060329802,0.04239525,0.0537432,0.057471424,0.007335361,0.063502364,0.033352893,0.0316824,0.06082527,0.055682007,0.027214888,0.0131675145,0.06590623,0.061163098,0.042386476,0.024875764,0.013071955,0.024354994,0.04482543,0.020477755
0.05483674,0.054657012,0.058026697,0.026399156,0.059021555,0.042329554,0.052431677,0.056096066,0.009342778,0.06245825,0.033494964,0.03231689,0.059283346,0.054093774,0.028344205,0.015609242,0.065179735,0.059717327,0.042518273,0.026193412,0.015130957,0.025421148,0.04457347,0.022523753
0.054952126,0.05459279,0.0581331,0.02641738,0.058930207,0.042050052,0.052410323,0.05639893,0.009177841,0.06237257,0.033714723,0.032454934,0.059513785,0.05434289,0.02847165,0.015272599,0.065128654,0.059782173,0.042275105,0.026437398,0.015090271,0.025493503,0.044220347,0.022366626
0.055516616,0.055146337,0.058641583,0.025715733,0.05960512,0.042373724,0.052885104,0.057021976,0.008353065,0.06287799,0.033655677,0.032038346,0.060172424,0.05482144,0.027913775,0.014321588,0.06545745,0.060394395,0.04236632,0.02562828,0.014163113,0.024878602,0.044530492,0.021520875
0.055462483,0.055208296,0.058785073,0.025637882,0.059644584,0.042475957,0.052999906,0.056988534,0.008141992,0.063054755,0.03341758,0.032079827,0.06020414,0.05503716,0.0276854,0.014194676,0.06554253,0.060465764,0.042450693,0.025641534,0.013980121,0.024782632,0.044630136,0.021488383
0.054617357,0.054398056,0.057810612,0.026659334,0.058686044,0.04214469,0.05215994,0.055850103,0.009787597,0.062151644,0.0337586,0.03251444,0.059066273,0.053929545,0.028628942,0.015958218,0.065031126,0.05945211,0.042300623,0.026593534,0.015569891,0.025775077,0.044247057,0.022909205
0.05606127,0.055919345,0.059465706,0.024839163,0.060387414,0.04244474,0.053865105,0.057693142,0.0072312355,0.06353641,0.033280727,0.031567883,0.060839593,0.055806533,0.027265701,0.012974267,0.065890834,0.061225727,0.042447884,0.024753772,0.012931062,0.024257278,0.044929914,0.020385334
0.054827597,0.054590326,0.05807448,0.026304757,0.05893145,0.0421795,0.05241982,0.056180276,0.00932112,0.06239035,0.03362572,0.03243826,0.059417125,0.054160826,0.028461093,0.015492338,0.065134,0.059766278,0.042309508,0.02632254,0.015213803,0.025548162,0.044332024,0.022558646
0.056428548,0.056286003,0.05979493,0.02454413,0.060697045,0.0425411,0.054231297,0.058108676,0.006813529,0.06378448,0.033352155,0.031143242,0.061195288,0.05621098,0.026813818,0.012408372,0.06604747,0.06151207,0.04256581,0.024380568,0.012316394,0.023852538,0.04513021,0.019841408
0.056288593,0.056293894,0.05957864,0.024503848,0.060687248,0.042604953,0.05410168,0.05776509,0.0070188553,0.06380706,0.0331446,0.031282887,0.06095583,0.055951193,0.026987609,0.012714458,0.06605257,0.06140492,0.042560782,0.024276035,0.012570765,0.023937302,0.045371506,0.020139685
0.056861833,0.056654923,0.06010223,0.023923568,0.060979627,0.042647343,0.054531954,0.058306567,0.006323483,0.0640527,0.033158004,0.031115366,0.06146547,0.056473386,0.026619395,0.0119533045,0.066177025,0.061903544,0.04249836,0.02401909,0.011951909,0.023546873,0.045336697,0.01939738
0.057031605,0.056918915,0.06023122,0.023838459,0.06127565,0.042909633,0.054698776,0.058417942,0.0061593866,0.06430782,0.032952424,0.030839657,0.06157973,0.05663499,0.026275482,0.011685462,0.06631884,0.062021025,0.04265398,0.023604771,0.0115647735,0.023205979,0.04571597,0.019157523
0.056730207,0.056663014,0.06002442,0.024107073,0.061008714,0.04270139,0.05451121,0.058228996,0.0063640745,0.06411611,0.033037096,0.031133989,0.06138022,0.056472655,0.026568009,0.012072629,0.066191114,0.061773885,0.04255039,0.023957497,0.0119757615,0.023479398,0.045387503,0.019564627
0.055939563,0.055640996,0.059150133,0.02505653,0.060106877,0.0424957,0.053465694,0.057428677,0.00764767,0.0633903,0.033369694,0.031837784,0.06053877,0.05542064,0.02741052,0.01343032,0.065746054,0.060919095,0.042452056,0.025030978,0.01337005,0.024382655,0.04494644,0.020822762
0.05653047,0.056461502,0.059887577,0.024176102,0.06071081,0.042542245,0.054310016,0.05802634,0.0066834562,0.06390096,0.03326544,0.031414207,0.061234154,0.056163915,0.026701642,0.012336101,0.06609279,0.061613243,0.042529196,0.024306105,0.012389552,0.02375651,0.045136765,0.019830951
0.05649429,0.056189258,0.059656538,0.024504112,0.060587548,0.042539865,0.05397403,0.057860892,0.0069663757,0.063724995,0.033364143,0.03132126,0.061068032,0.055920415,0.027000131,0.012673803,0.065990984,0.061383754,0.042513542,0.024474498,0.01266861,0.023905892,0.045131456,0.02008556
0.056014232,0.055767577,0.059306327,0.025102707,0.06019076,0.042372145,0.05367585,0.057501785,0.0073934267,0.063430406,0.03347057,0.0316129,0.06068148,0.05566631,0.027320616,0.013280745,0.065842636,0.061062556,0.04246009,0.024846535,0.013161992,0.024364822,0.04489025,0.020583235
0.05655469,0.05649567,0.059813414,0.024183417,0.060859993,0.042585406,0.05429657,0.058167852,0.0066323103,0.06396727,0.03324793,0.03123889,0.061300863,0.056339238,0.026702147,0.012267024,0.06611001,0.06168627,0.042551022,0.02415427,0.012276448,0.023619585,0.045234453,0.01971532
0.056168538,0.055915494,0.05944804,0.02482705,0.06032002,0.042296324,0.053798173,0.05772578,0.0072368477,0.063498914,0.033426177,0.03168064,0.060882144,0.055744566,0.027296973,0.012980606,0.065856814,0.061191484,0.04224112,0.024921812,0.01301377,0.024371073,0.044725,0.020432586
0.055526126,0.055415004,0.05890114,0.025509365,0.059889928,0.042381544,0.053243786,0.056988265,0.008071785,0.063212685,0.033296887,0.0318315,0.060215984,0.055142134,0.0276609,0.014024201,0.06567147,0.06061018,0.04247538,0.02525279,0.013794087,0.024716157,0.044848137,0.021320593
0.05574644,0.055480756,0.05898768,0.025290996,0.059832525,0.042392015,0.05336819,0.057233147,0.00787504,0.06315398,0.033414938,0.03176135,0.060418386,0.055240095,0.027744621,0.013841738,0.06568316,0.060764637,0.042281605,0.02533832,0.013648484,0.024596075,0.044760298,0.021145508
0.05613375,0.055919714,0.05934806,0.024864756,0.06025036,0.04251931,0.053669468,0.05746875,0.0073941792,0.06348974,0.03325639,0.03165198,0.060692675,0.055589773,0.027272735,0.013222806,0.065842025,0.06104595,0.0424842,0.024782278,0.013202732,0.024182169,0.04507544,0.020640787
0.0561546,0.05592491,0.059375256,0.024905607,0.06032263,0.04248556,0.05365442,0.05767729,0.0072636777,0.06348981,0.033355128,0.031608548,0.060851835,0.05566481,0.027284693,0.013056303,0.06582484,0.061162915,0.042277176,0.025020123,0.013073667,0.02439784,0.044713527,0.020454817
0.054647673,0.054243274,0.05782322,0.026566682,0.05874598,0.04202536,0.052115686,0.055981345,0.00963555,0.06211264,0.03373095,0.032697625,0.059214056,0.05386792,0.028763302,0.015845804,0.06494618,0.059440233,0.042265,0.026710195,0.0156121,0.02592265,0.04413644,0.022950072
0.05325095,0.052643884,0.056408647,0.028366704,0.056991007,0.041855276,0.050691444,0.054580666,0.012061044,0.060563117,0.03422531,0.033821534,0.057625446,0.052544035,0.03023354,0.018344479,0.063879795,0.05778007,0.042193454,0.02841371,0.017933104,0.027224477,0.043380108,0.02498818
0.053528607,0.053080797,0.05663307,0.0280156,0.05729354,0.041990865,0.050947126,0.054754727,0.011616118,0.060873717,0.03411965,0.033385232,0.057850458,0.052717626,0.029836128,0.018022573,0.064098895,0.05811556,0.042321958,0.027974391,0.01756507,0.026836975,0.043774247,0.024647053
0.053767126,0.053245924,0.056885313,0.02789573,0.05762924,0.042034827,0.051179502,0.055123698,0.01122609,0.061100975,0.034135822,0.0333783,0.058201894,0.052974507,0.0295433,0.017474605,0.06427529,0.058339793,0.042419054,0.027692992,0.01701851,0.02664525,0.04365385,0.024158414
0.052861266,0.052380197,0.05599254,0.028743455,0.056698527,0.04208119,0.05012314,0.0540049,0.012929532,0.0601831,0.034245778,0.033918492,0.05704657,0.0517711,0.030401297,0.019281268,0.06354331,0.05720739,0.042265616,0.028707763,0.018637192,0.027574979,0.043616746,0.02578468
0.052734625,0.052246455,0.055859543,0.028852046,0.05639002,0.04171969,0.050231367,0.05395044,0.013035216,0.059946988,0.03448352,0.03419202,0.05704391,0.051852837,0.03058463,0.019354606,0.06337405,0.057137094,0.0420315,0.02919451,0.018909354,0.02783668,0.043079086,0.025959827
0.053865913,0.05338299,0.05701065,0.02762572,0.05768127,0.04202735,0.051270213,0.055005953,0.011189882,0.06125033,0.033987466,0.03323147,0.0581026,0.052942187,0.029550202,0.017510455,0.06437799,0.058416776,0.04224307,0.027642976,0.01699047,0.026604755,0.043849356,0.024239935
0.054725483,0.05440482,0.057982598,0.026497623,0.058874775,0.042255294,0.05228898,0.056148116,0.009352107,0.062306777,0.033647966,0.03259586,0.05942686,0.054184116,0.02849679,0.015601025,0.06510961,0.05967577,0.042360418,0.02645103,0.015218326,0.025637936,0.044207722,0.022549998
0.055682383,0.055442575,0.058964953,0.025474794,0.059856154,0.04234405,0.053224973,0.057219412,0.007974598,0.06317285,0.03343444,0.031915486,0.060344763,0.055152092,0.027648576,0.013780771,0.06560525,0.060673695,0.042439297,0.02548257,0.013698117,0.024615189,0.044709213,0.021143785
0.055048138,0.054902557,0.058347307,0.02603409,0.059301827,0.042238347,0.052693408,0.056421075,0.008874371,0.06260088,0.033625472,0.03226646,0.059816025,0.054472953,0.028163755,0.014927697,0.0653424,0.06004602,0.042331923,0.026114725,0.0146559505,0.025379978,0.044348076,0.022046607
0.05508285,0.054791268,0.058262732,0.026062304,0.05914435,0.042324882,0.052516762,0.05639582,0.009025886,0.06255443,0.033599623,0.032290306,0.059538554,0.054385822,0.028222052,0.01512308,0.06529842,0.059937082,0.04238258,0.026040345,0.014857419,0.025251018,0.04457745,0.022334974
0.054128975,0.053792264,0.057350036,0.027234484,0.058171798,0.0421287,0.05163633,0.055445887,0.010457215,0.061701704,0.033842582,0.033083804,0.058650117,0.053439774,0.02913878,0.016657762,0.06463494,0.058946587,0.042281657,0.027198417,0.01633907,0.02638529,0.043820117,0.023533698
0.0519457,0.051417615,0.054909673,0.02996271,0.05549357,0.041894276,0.049390666,0.053084504,0.014765594,0.058920763,0.034426007,0.034553792,0.055949688,0.050858647,0.031189475,0.021160634,0.06257114,0.055974383,0.042450327,0.029911455,0.020240853,0.028529948,0.0432351,0.027163506
0.05451886,0.05433377,0.05778989,0.026602317,0.0587738,0.0423355,0.052134946,0.055858314,0.009760404,0.062239107,0.033553448,0.03269292,0.059072133,0.053883757,0.028507106,0.015953317,0.06505637,0.059478868,0.0423187,0.026656413,0.015520645,0.025723638,0.044347834,0.022887902
0.05462598,0.054287788,0.057763584,0.026725097,0.058602948,0.042141132,0.052057106,0.05597557,0.009809606,0.06203363,0.033848558,0.03259357,0.059086267,0.053846445,0.028675562,0.015964413,0.06493334,0.059359107,0.042330917,0.026658634,0.015651759,0.025847444,0.044214282,0.022967247
0.05596283,0.055812664,0.059172213,0.02500602,0.060222104,0.04248807,0.053585313,0.057443038,0.0075881537,0.06339463,0.03334662,0.031683806,0.06063229,0.05548299,0.027323013,0.013367431,0.06582046,0.061031718,0.042433854,0.024983117,0.013266793,0.024395233,0.04493365,0.020623997
0.05528622,0.055086907,0.0585991,0.02593833,0.059556596,0.042302653,0.052930757,0.056738652,0.008477442,0.062902845,0.033479568,0.03200132,0.0599819,0.054793473,0.02793163,0.014550695,0.06549096,0.060259547,0.04251514,0.025568983,0.0142314425,0.02504506,0.044587158,0.02174361
0.055974744,0.05592248,0.059327066,0.024853365,0.060300305,0.042566437,0.053755525,0.05758795,0.0073962365,0.06349401,0.03333856,0.031520758,0.060732804,0.05573411,0.027217183,0.013170562,0.06585442,0.061141334,0.042450488,0.024927232,0.013015867,0.024383724,0.044832367,0.02050248
0.05500168,0.05480883,0.058265094,0.026141675,0.059214506,0.042268857,0.05262781,0.05641726,0.009000341,0.062596545,0.03354689,0.03226015,0.05958223,0.05441594,0.028208772,0.015096434,0.06529332,0.0599753,0.042327166,0.026068851,0.014787149,0.025333364,0.044528577,0.022233266
0.055979654,0.0558794,0.05924302,0.024946086,0.060278773,0.042563938,0.05362426,0.05744532,0.0075095603,0.06352474,0.033204008,0.031582233,0.060661327,0.05546973,0.02725983,0.013326798,0.06587254,0.061096158,0.042499475,0.024808444,0.013150594,0.024341706,0.045071125,0.020661283
0.05602213,0.055837356,0.059225887,0.025067428,0.06021681,0.042640574,0.0535631,0.05746589,0.007451343,0.06345826,0.033275742,0.031618778,0.060666747,0.0555291,0.027250601,0.013368818,0.06582328,0.061046235,0.042566523,0.02485364,0.013218665,0.024227632,0.045003265,0.0206022
0.055421967,0.055233497,0.058675926,0.025687117,0.059598446,0.04245625,0.05297687,0.056785893,0.008438001,0.06297607,0.033347126,0.032029588,0.059964355,0.054784693,0.02779781,0.014451309,0.06549904,0.06030836,0.042520657,0.02562517,0.01414385,0.024895638,0.04471186,0.021670511
0.055035796,0.05466205,0.058213938,0.026185492,0.05904803,0.04221166,0.052518014,0.056467,0.00906142,0.062398437,0.033779386,0.032398537,0.05961579,0.05437778,0.0284395,0.015174645,0.06518158,0.059868578,0.04231642,0.026249755,0.014932769,0.02540388,0.044219837,0.022239657
0.05482536,0.05466157,0.05806527,0.026397262,0.05910247,0.042334422,0.052352276,0.056260537,0.0092340745,0.06248141,0.033474695,0.032354187,0.0594701,0.054259624,0.028286006,0.015404058,0.065204374,0.059743207,0.04251926,0.02629499,0.015056152,0.025421672,0.044448584,0.02234849
0.05392105,0.053589508,0.057164818,0.027418181,0.058041092,0.042032197,0.05150101,0.05539581,0.010713584,0.061500706,0.034025766,0.033122398,0.058564592,0.05327587,0.029241495,0.016939744,0.06452515,0.058793433,0.042304046,0.027386505,0.01654958,0.026486047,0.043750126,0.023757298
0.05466676,0.054338146,0.05792934,0.026603688,0.05878552,0.042202074,0.05223284,0.056111723,0.009501734,0.062244553,0.03364436,0.03264192,0.059242673,0.054121632,0.028632449,0.015649254,0.065012105,0.05956676,0.042432867,0.02649744,0.015347866,0.025594655,0.044263158,0.022736562
0.05586866,0.055703368,0.059084307,0.025218,0.06003006,0.04252469,0.053388044,0.057430502,0.0077565666,0.06327232,0.033565354,0.03170464,0.060548026,0.055311915,0.027344702,0.013598629,0.06571938,0.060853492,0.04234951,0.02515778,0.013474834,0.024521435,0.04472264,0.020851128
0.05498246,0.054752726,0.058260124,0.02614844,0.05920561,0.042277183,0.052648794,0.056430534,0.009054008,0.06256513,0.033592958,0.03231238,0.059622534,0.05441841,0.02814273,0.015156967,0.06529018,0.059940323,0.042472757,0.026031377,0.014767577,0.02534606,0.044425756,0.022154944
0.05598921,0.055751994,0.05924381,0.02514834,0.060115673,0.042410832,0.053587407,0.057524897,0.0075288033,0.063400194,0.03352091,0.03163954,0.060652897,0.055520143,0.027361091,0.013400897,0.06578488,0.06101599,0.042415056,0.025058093,0.013243612,0.024351992,0.04464697,0.020686785
0.056529365,0.05643989,0.059802953,0.02432953,0.06089119,0.0427511,0.054256868,0.058043126,0.006695218,0.063968375,0.0330885,0.031177277,0.061188933,0.056196988,0.026706716,0.012339711,0.06611215,0.06164607,0.042624783,0.02415691,0.012243145,0.023736658,0.045349702,0.01972485
0.057261925,0.057266,0.06049438,0.023481209,0.061478112,0.04274719,0.05510521,0.05884346,0.0057546194,0.064427175,0.032973517,0.030629307,0.06193588,0.05699755,0.026071193,0.011227388,0.06638752,0.06230137,0.04270689,0.023406869,0.01124047,0.02294232,0.04564189,0.018678619
0.057049792,0.05698591,0.060297213,0.023736048,0.061345164,0.042900804,0.05475761,0.058598947,0.0060212463,0.06430527,0.033006176,0.030881237,0.061704203,0.056762762,0.026237393,0.011485779,0.06629804,0.062095635,0.042752683,0.023543585,0.011490655,0.023180578,0.04561333,0.018949943
0.05653111,0.056403287,0.059776764,0.024351804,0.060756903,0.042644914,0.05427145,0.057996117,0.00670033,0.063946955,0.03311017,0.03129573,0.0611708,0.056173142,0.026736137,0.01239895,0.06609742,0.06159849,0.042602137,0.024215823,0.01231293,0.023733156,0.04533483,0.019840607
0.05618064,0.055925548,0.059429396,0.02478199,0.060245905,0.042572424,0.05371652,0.057666067,0.007308137,0.063484184,0.03336341,0.031667747,0.060798034,0.055696417,0.027246648,0.01309106,0.06582052,0.06114154,0.042575482,0.024848418,0.013012052,0.024128525,0.04490297,0.020396397
0.055732585,0.055597868,0.058990642,0.025276436,0.0600079,0.042478718,0.0533706,0.05720729,0.007886719,0.06324291,0.033252172,0.031825263,0.060347483,0.05521841,0.027454238,0.013805858,0.065711014,0.060728855,0.04240764,0.025200559,0.013640707,0.024643702,0.044864457,0.021107964
