Stock_1,Stock_2,Stock_3,Stock_4,Stock_5,Stock_6,Stock_7,Stock_8,Stock_9,Stock_10,Stock_11,Stock_12,Stock_13,Stock_14,Stock_15,Stock_16,Stock_17,Stock_18,Stock_19,Stock_20,Stock_21,Stock_22,Stock_23,Stock_24
0.06970371991206563,0.0015096250191397864,0.046633447916995176,0.06838212981877677,0.031061660169214734,0.0028609594606854205,0.06425220569392051,0.034506426444839325,0.06294469724134275,0.005040969500037074,0.07084585891963083,0.0015736962730027258,0.06420378869270038,0.0685109571736342,0.0663243544237785,9.526773168568695e-05,0.06619421233152654,0.06713257549784371,0.046440722633783404,0.00031262003319902155,0.015960649867507445,0.0669501482863138,0.06438782233577345,0.014171484622603151
0.06945744148998287,0.0014565457626674737,0.04787193816061278,0.06814513684331999,0.0316073026822098,0.0025816205763322573,0.06452513845177803,0.03461388709264277,0.06346188306267779,0.004961262352060491,0.07052793460355734,0.0013862767155771887,0.06434459930593925,0.06844332267569989,0.06657662095824846,8.075953959858369e-05,0.06588946634708916,0.06728999548870951,0.04599819228573701,0.00028030823213058846,0.01662640387869318,0.06663775448217969,0.06397807168100932,0.013258137331546592
0.0693529705127685,0.0014337934486944467,0.048404350763832704,0.06804536456191368,0.03185010201137765,0.0024669400693422064,0.06463538960032456,0.03466363405097299,0.06366988609730959,0.004926816175448554,0.07039325879184823,0.0013107095589590405,0.06440284157874547,0.06841062017819545,0.06667141531305834,7.507875788790767e-05,0.06576052943304121,0.0673461455945525,0.045806983558787255,0.00026713078333037975,0.01692736628263548,0.06650550877104323,0.06380233750785212,0.012870826598078523
0.06929873958077154,0.0014219281948371727,0.04868218623759073,0.06799375168032448,0.0319789142128698,0.0024083268991103492,0.06469125506167808,0.03469050426160695,0.0637750570346152,0.004908788384915853,0.070323394664853,0.0012724079895624631,0.06443268833605606,0.06839267780568177,0.06671771670821618,7.22396749168059e-05,0.06569366996707185,0.06737277199197844,0.04570688581881144,0.00026041902497886095,0.017088237728538264,0.0664369265857806,0.06371062722437056,0.012669884930863597
0.06900769339305199,0.0013575894857107665,0.050186746138725424,0.0677190082786014,0.0327044801944736,0.0021048369149509927,0.06497404939997159,0.0348472982787343,0.06430511766057194,0.004810130976721914,0.0699490922980385,0.0010777639249492095,0.06458778268145053,0.0682850935625058,0.06693192912816036,5.822666598541878e-05,0.06533591470370297,0.06748618506683068,0.04515889887948144,0.00022588207745083327,0.01800973790865146,0.06606970964298389,0.06321244500528013,0.011594387733014891
0.06886211826186214,0.0014111042025295166,0.0519281474767408,0.06760261750856364,0.03265785174089979,0.0019080719597020551,0.06543228436486613,0.03534930326402093,0.06509806890021379,0.004503451891118327,0.06980761095909185,0.0009794368131936482,0.06496447848406178,0.06844701070436983,0.06731062815774722,4.6358784971118575e-05,0.06511114771133286,0.06774489798482565,0.04336429935140152,0.00020099563563487355,0.019097937325125422,0.06573543296872271,0.0623130274700191,0.010123718078985305
0.06869725177897246,0.0012877617213969633,0.051805541896495125,0.06743033350608636,0.033546203939261186,0.0018026419835323357,0.06524134205690318,0.03503997542775417,0.06480220467557897,0.004701235766972677,0.06955128350985702,0.0008905103585052817,0.06474197044881455,0.06814892534236822,0.06709597547046571,4.5463981282686945e-05,0.0649564822853151,0.06755219166112801,0.044552951047963335,0.0001918804436552802,0.019111905316076636,0.06567983229364233,0.06266880958363386,0.010457325504338547
0.06862258942627882,0.0014751660660914836,0.05477175162019157,0.06741483414843853,0.03293674934388186,0.0015788061511200265,0.06611166952165788,0.03608889315253046,0.0661501999012291,0.004061865148876628,0.06954136270982376,0.0008012888059428112,0.06552592480195038,0.0685926609850532,0.06778775347553925,3.0666698229227326e-05,0.064717450432756,0.0680659187604781,0.040560880804477,0.00016038011277062368,0.02118083191589544,0.06517150337505284,0.060713368410702406,0.007937484231032594
0.06865690247140487,0.0017343694098802445,0.057911382033683,0.06751974295558459,0.03231215442636443,0.0013460172417180606,0.06705697112557828,0.0372751038940599,0.06741208450527893,0.003407033970648264,0.06965208475783059,0.0007022452132842336,0.06642390138888041,0.06906452831845501,0.06848748932626571,1.9092988148390545e-05,0.06451638871238657,0.06863238253035407,0.03568321847840702,0.00012939326168093977,0.023910016343996622,0.06460472779189312,0.05791428970075661,0.005628479153460147
0.06833631152125029,0.0014093053257570416,0.056645155420327685,0.06715789986783431,0.0339327522287568,0.0012867946926909029,0.06636889922179436,0.036484342902919124,0.0665393459291957,0.0038845005879819578,0.06915951038878106,0.0006273818804018701,0.06572421408062733,0.06842661594210928,0.0678558743505212,2.1650212700915506e-05,0.06432589779987297,0.06806048216122795,0.039394862305750455,0.00012876298518626212,0.02295314349365257,0.06473346372415716,0.059825375558345925,0.0067174574181568915
0.0685641987685731,0.0017270831833290738,0.05898456074945237,0.06744234481570625,0.03273998339695614,0.001197033472651562,0.06723845993127675,0.03759873061170635,0.06763233835052872,0.0032685338284894052,0.06951589094326331,0.0006143118765347459,0.066594284347619,0.06902447046007408,0.06855180806610356,1.5300797194748276e-05,0.06433382059732795,0.06866717549659118,0.0345820754307248,0.00011373827489360837,0.025149996210451435,0.06435405031564558,0.05710506653668354,0.0049847435382227535
0.06893571305177772,0.0019461715432120958,0.05943882224928915,0.06789097462576178,0.03101034918213913,0.001243418813949793,0.06776365663143395,0.03795654497987811,0.06828120626217345,0.0028722413292138933,0.07003487851082893,0.0006918689932210257,0.06716070350172743,0.06960437370993298,0.06910187170043551,1.3980547351563637e-05,0.06489782192197728,0.06915614420613636,0.03199101305775396,0.00011200725897582829,0.024872834601414918,0.06456166232337314,0.055784881428576474,0.0046768595694655045
0.06869967675759249,0.001795707126989054,0.05980824497024103,0.06763085441744299,0.03216729343722266,0.0011132676154339241,0.06758720900337413,0.037906353753036706,0.06805194706766952,0.0029824373205586674,0.0696813994052714,0.0005929859417930149,0.06696733941449187,0.06927187877315051,0.06884638584745759,1.2490300332346282e-05,0.06456084164280756,0.06891284288788192,0.03269337774040919,0.00010182544908332601,0.025671198760646417,0.06437467550305692,0.05607086123832702,0.004498905625729746
0.06951531700184319,0.002209057679720594,0.060669745364038734,0.06868102900837567,0.028228907005802103,0.0012122807504987266,0.06868832699699576,0.03870094240818028,0.06938651953235003,0.0021307319851984214,0.07078725216134586,0.0007457328741791201,0.06815032299034092,0.07047663811590668,0.06998600983179203,9.796779402687068e-06,0.06613125782870466,0.0699136546432867,0.027828754364296913,9.328467177470295e-05,0.024434594504768634,0.0649310278344294,0.05288310385524268,0.004205711811525497
0.06916915023456391,0.0019896927090446554,0.06079056289442891,0.06824314604257573,0.030033872665524992,0.0010751978303873689,0.06832425391059668,0.03848297000242159,0.06892516452545597,0.0023818914705989592,0.07027926572500215,0.0006274534841976835,0.06775927297077805,0.0699656081267846,0.06955309573101529,9.386805702244766e-06,0.06548441832368337,0.06952719820456892,0.0292051308665498,8.79992081894147e-05,0.025405012484682063,0.06467861972168129,0.053929721463428656,0.004071914598137711
0.06918526005562363,0.002025582147444675,0.06041714491310117,0.06824773244774936,0.029877585141745943,0.0011474706374039964,0.0682613446617147,0.038392909812905406,0.06886746140776938,0.0024392827426720693,0.07032732732343602,0.0006692818640007225,0.06769239940813959,0.069987374231226,0.0695346360205324,1.0515288514502403e-05,0.06547764271226911,0.06951705672264495,0.029613279223818307,9.495420850802709e-05,0.025044863378850674,0.06470365876811451,0.05421219791835365,0.00425303896346119
0.06896017654925184,0.0019141271968790004,0.06019999066719378,0.06795811183864005,0.0309807097626479,0.0011145774080103057,0.06796719786894341,0.038175398929499026,0.06850984599677616,0.0026803058670967516,0.07002535075527032,0.0006270091633262822,0.06737699005124151,0.06966040216402769,0.0692297051200476,1.119051526332939e-05,0.06503312410264099,0.06924826550823622,0.030882406514294566,9.70255253419229e-05,0.025415021397340393,0.06455137659612005,0.05507286819885657,0.0043088223030543485
0.06906222242931646,0.001940234388722093,0.06064552948488935,0.06810433927442867,0.030544478869994562,0.0010677291669431725,0.06817623582090665,0.0383686662312153,0.06874953874032655,0.0024982554757395337,0.07013926121829792,0.0006123732199956136,0.06760103835576199,0.06981195648768813,0.06940494700559342,9.788486244645537e-06,0.06527152500724136,0.06939618107217374,0.029853295893624628,8.963752432449811e-05,0.025543729238400585,0.06460799905267695,0.05438445735765788,0.0041165801978362854
0.06915696223899881,0.001630772647192464,0.059269877351229974,0.0678750006789387,0.030388321007262575,0.0009611391400464382,0.06818679146534137,0.037654949969103776,0.06833357796008925,0.002758233757693357,0.07004113097828966,0.0005798893485179464,0.06732668341563804,0.06966481360724422,0.06924360327449489,1.0059047191722326e-05,0.06476117741036702,0.06927004038004755,0.03060164714903496,8.92826578123496e-05,0.02494769833181843,0.06530074077584172,0.056918683136532366,0.00502892427127241
0.0699927997227861,0.002394509952445664,0.059757387834723175,0.06915164542469428,0.025847560044847565,0.001392858734218052,0.06912474828413227,0.0386789314589367,0.06980480510835604,0.001938306337488287,0.07142552500263524,0.00093659974905841,0.06851538643046244,0.07109324841884052,0.07046065663569719,1.0944133440074873e-05,0.06677052228345785,0.07032563426784981,0.026439416396108868,0.00010359551881541977,0.022876290639750576,0.06554227064208222,0.05264684016321832,0.004769516815954919
0.0698102181532775,0.002401789300937752,0.05939540602645329,0.06896707036644227,0.026586955125027074,0.0014872329995625302,0.06879502367019849,0.03853873615113061,0.0695070607418127,0.002107792983004746,0.07125261448356947,0.0009599963450806065,0.06822358134013316,0.07087789346484023,0.07020359279009787,1.292793463377903e-05,0.06650621623218428,0.07010715061018566,0.02778887062555208,0.00011436282553848667,0.022900583776875687,0.06531354043383221,0.05326011631015279,0.00488126730947672
0.06972289544266416,0.00237755297275708,0.05870683408238987,0.06881840460239827,0.026980585258204837,0.0015843739949568357,0.06853560003064847,0.038304932883672364,0.06920001253608501,0.0022879352425060873,0.07115869306518334,0.0010033472492788833,0.06794753712080544,0.07072775135078543,0.0699865521418489,1.5392139581879977e-05,0.06626358103283549,0.06993011005294926,0.028983825331171303,0.00012713474430492427,0.022663442338072368,0.06528619926633347,0.054190473929155124,0.005196833191411186
0.07026268038099795,0.0019262439170425292,0.056732268500430526,0.06881395636610582,0.025455319580758733,0.0012896252335108623,0.06912862384148755,0.03751322087452916,0.06901047875779606,0.0023336091875902254,0.07140076948112307,0.0009485076522596257,0.06801807282953083,0.0709527464611039,0.07020309897854665,1.3219730125075233e-05,0.06600665544108815,0.07013816070043184,0.02774445988714549,0.00011428498211043054,0.021666816177293543,0.06665410923600756,0.05708024398967546,0.00659282781330894
0.06925499917133565,0.0017951814325829817,0.05934760419563713,0.06806259221562924,0.029833609129215254,0.0010677946726650761,0.06825652152120215,0.03784898370011221,0.06854411217530271,0.0026598427927549367,0.07025509810079465,0.0006492616242548967,0.06747624628364918,0.06987439071396054,0.06940959883787033,1.0976102927156772e-05,0.06505844122317096,0.06942141281124994,0.030166620740543378,9.620428535085043e-05,0.024618850060466282,0.06521444013336124,0.05617729511375255,0.004899922962210717
0.0693183680870668,0.002160838433946962,0.059604655538351745,0.0683855344293056,0.029060296691815517,0.0013467032350534896,0.06822724035802649,0.038283867028754796,0.06886826127528779,0.002474428024786731,0.07057279799481775,0.0007967246607050352,0.06766341583960263,0.0701766230290346,0.06960694449595757,1.326306770627514e-05,0.06565676819563583,0.06959590140864637,0.030013124902860077,0.0001118806991710206,0.024081122654059917,0.06483127216816134,0.05448152576714831,0.004668442014097351
0.06952821581014974,0.002139430942910223,0.05838156860010781,0.06845405162129553,0.02818735630101883,0.0014507399369584975,0.0682816039253515,0.03796011292434265,0.06874030204673909,0.0025584061869472806,0.07079031324220293,0.0008963759211333237,0.06758936872176605,0.07033078342702874,0.0696470720293069,1.562064472281733e-05,0.06566913553137772,0.06965130649056554,0.030253697402911818,0.0001251340296173799,0.02310572415211758,0.06528107227670836,0.05559427141731874,0.005368336417400954
0.0696080879467242,0.0023341644802849933,0.05941346004528675,0.06874358509262045,0.027551228844571042,0.0014691450930611049,0.06853153131129358,0.038440775849343245,0.06924035870396962,0.002258242579381466,0.07099681687734881,0.0009119561591074769,0.06798054289172058,0.07060508154614215,0.06995491876750354,1.3575929915634646e-05,0.06618471812038237,0.0698969400417076,0.028815913616559056,0.00011641471041955097,0.02328937334464366,0.06508574733464041,0.05373770944370137,0.004819711269671349
0.06993646434219093,0.0025488695864224727,0.060228540905351374,0.06924733496777358,0.02587568516778301,0.0014659848768560088,0.06910170439553634,0.0389303478155363,0.06994587924851164,0.0018736920888004077,0.07147330608531298,0.0009640113948581365,0.06860687413807151,0.07115212949155601,0.07051811716944255,1.1049409070357404e-05,0.06695940618016444,0.07037037687396912,0.026321644432343205,0.00010500454822233186,0.02301372199794183,0.06526080194066579,0.051595110167872084,0.004493942775747604
0.06959936121828601,0.002280712841011905,0.06047235234168585,0.06878638776422993,0.02774379814854462,0.0012809875603904339,0.06874447428569921,0.03871505717756594,0.06947138342344636,0.002096356976665246,0.07092811153478618,0.000797627030559741,0.0682131754791373,0.07060768700936078,0.070077771220708,1.0374749024807955e-05,0.06628225408970397,0.0699948916520614,0.02767397689119605,9.760849790828798e-05,0.0240610117800792,0.06500021763499712,0.05274939424291389,0.004315026450037762
0.06986959937380834,0.002454007904426122,0.06070169980427513,0.06916097261945973,0.0263589478228566,0.001338894065926947,0.06911600987805741,0.038985380440336476,0.06992265983178558,0.0018643440067872474,0.07132425378563571,0.0008724779249186183,0.06861260750165318,0.07102881897372568,0.07046925570059258,9.718110490382576e-06,0.06684039415941645,0.07033238557726589,0.026150223223934715,9.583077664093889e-05,0.023558328728607632,0.06518882998934214,0.05147821774633981,0.004266142053716679
0.0691541363943857,0.0020204693742793085,0.06022938820546827,0.06820063423482534,0.03000294764348288,0.0011714913794621494,0.06818543514028896,0.038320731770759946,0.06878215259779416,0.0025019801263832797,0.07029549366170722,0.0006789858052487201,0.06761154566646967,0.06994032276312598,0.06947441141265386,1.1114285483502836e-05,0.06540001453596801,0.06946694599970038,0.029989993202869353,9.820727685950893e-05,0.02496617897567601,0.06468839846281572,0.054472909296955405,0.004336111787336684
0.06874542290970537,0.001841675855863361,0.05940652785955367,0.06766264312344078,0.03191669849179908,0.0011959407433979276,0.06754179387774925,0.03782602607824211,0.06800344065890164,0.0030440193460637968,0.06976591008526561,0.0006402746802508186,0.06691922555902637,0.06932169092357764,0.06884964747948862,1.4080634537419725e-05,0.06458033002627647,0.06893109008599017,0.0330084084249198,0.00011056907197547763,0.02525863227975878,0.06442218342835332,0.05629403989393024,0.004699728481932281
0.0696988851449672,0.0015129981992914653,0.05637195806637013,0.06818583012751411,0.028204937359776066,0.001075700375013966,0.06840055648212533,0.03675647682692638,0.06806363741002794,0.002838986784956299,0.07057605234142919,0.0007373839970162132,0.06726450469759829,0.07007194477660213,0.06945453758876925,1.3146039095789968e-05,0.06523499363486127,0.06947101906438927,0.031205207757407174,0.00010380046813493452,0.022048685340429666,0.06646040565696852,0.059270441884038974,0.006977909976290434
0.06997849298545623,0.0012589236749995583,0.052810923075041684,0.06830133188065568,0.02743302907352412,0.0011369264171939176,0.06818775528413058,0.035613805948247104,0.06708162515158984,0.003112095800768344,0.07075886526839831,0.0008335041026280405,0.06677394925317491,0.07004745336964398,0.06921734622633983,1.7115611202147275e-05,0.06564779183001153,0.06923585437987351,0.03394623650623316,0.00011395849070995766,0.019293032589988893,0.06737862489212966,0.061974666042818954,0.009846692145240072
0.06960140698344303,0.0014267099721974935,0.05496259704557251,0.06809162389792851,0.028714856836049643,0.0011810370123399889,0.06795731105469346,0.03626773672999456,0.06743928324683383,0.003115740721705871,0.07045813509959757,0.0007870337637591801,0.06680697712214445,0.06982531214463389,0.0691031573877876,1.6767570809618553e-05,0.06528632799525325,0.06915870613759419,0.033739325293497775,0.00011613554431952066,0.020938781897307007,0.06655222601750956,0.06044901092331079,0.008003799601716724
0.07062643940453125,0.001512811216855746,0.05281756596202851,0.06883691879202272,0.024694784256060552,0.001227246147250362,0.06906734560536934,0.03611249923758816,0.0680203270437743,0.002651334140471061,0.07157461763125111,0.0010183598163162897,0.06756221400164483,0.07095750372736576,0.07002498354453991,1.595899593724133e-05,0.0661390608807286,0.06994460587047216,0.02979362476168867,0.00011928159528590768,0.019097089058650697,0.06788997425523889,0.06089593414728752,0.009399519907640421
0.07021437691449568,0.0020235375390641325,0.056645189701271616,0.06883366464858735,0.02553290227924019,0.0014039217917742042,0.0689962186555694,0.03757642045759387,0.06896819768444969,0.0023630713691876726,0.07142428819864427,0.0010097304547432584,0.0679489891724335,0.07095069204067127,0.07014480584421186,1.478576934577239e-05,0.06606799309515221,0.07008831236306418,0.028216050837385508,0.0001233723571859003,0.02154095541603221,0.06649605198020493,0.05684534923167183,0.0065711221980195
0.06923133597237273,0.0022048077044792614,0.057855880273288585,0.06819636977500416,0.029390990084008715,0.0016641788405162754,0.06769286838474037,0.03780460830082921,0.06824384783633936,0.0029080670210058506,0.07054487603405184,0.000955342408578503,0.06711575159558253,0.06998387418418094,0.06921613407272686,2.103357219200691e-05,0.06530312386983075,0.06930814069867658,0.03256072500951965,0.0001499741242672323,0.023117721918297716,0.06484150869904513,0.05617602197552616,0.005512817644939589
0.06915416568026704,0.0020111262874522324,0.05552632585305672,0.06802311954448526,0.030112599493233378,0.0018820663485497192,0.0669330854252222,0.036935998421001655,0.06725564495614589,0.0034767167214554595,0.07042210617170924,0.0010720947751533207,0.0663959720948829,0.06961194346374851,0.06864423966641953,3.1373373488702936e-05,0.06518548119249225,0.06884917372622355,0.036082324244527036,0.0001827708518604775,0.021440748695680405,0.06522546402289534,0.05867616886342207,0.006869290126627132
0.06922294213319446,0.0018550884099723193,0.05316353632827526,0.0680449201355873,0.030323624083984733,0.0021401603765729264,0.06624354727230823,0.036257493810564236,0.06627333273000197,0.003881840425188039,0.07046006005935318,0.0012101235415539712,0.06578762716458962,0.06934810326617341,0.06811187646575999,4.37366197154089e-05,0.06541940728116148,0.06842693985779735,0.03915494713711773,0.00021411187570914377,0.01964862701692336,0.06568321412915178,0.06052034261430989,0.008564397265034206
0.06902791387933521,0.0015536293665434952,0.052048432449695314,0.06778621761286582,0.03176681378349487,0.002032559382399842,0.06564302643138982,0.03560159802880937,0.06539980451537505,0.00431317293199453,0.07007536702483917,0.0010826583526308128,0.06519676636285002,0.06876022137646215,0.06753795861841508,4.7488572258927985e-05,0.06526945077765907,0.06794689832489971,0.04215946031780203,0.00021088847061862743,0.019074789014863456,0.06578936087521432,0.06189662723707156,0.009778896292511713
0.06913246156490778,0.0017865946902630963,0.053380577331096295,0.06794497489351345,0.030738690825284864,0.0020466119494429408,0.06621369642034741,0.03621670764763102,0.06623656448340573,0.0039191695007384664,0.07031265830717603,0.001137633706706194,0.0657350106484347,0.06922046921331015,0.06805601838239937,4.167171799054303e-05,0.06531121326118473,0.0683683863926854,0.03944634338895727,0.00020530504081359938,0.019845070382776688,0.06561075468731223,0.06059060665284385,0.008502808910778176
0.06952894855686562,0.0024180923444864486,0.055231934052373914,0.06850192622872614,0.027963243697087015,0.002293376190243975,0.06727989364927583,0.0373868083545533,0.06776841154507503,0.0030916087667259623,0.07107732689914278,0.0013623387830305291,0.06679622683914029,0.07026531282929818,0.06902454165933421,3.52700218595687e-05,0.06577279193973459,0.06920692806272488,0.03420538029500877,0.00021079112132590686,0.020869607990721874,0.0653302448653336,0.057435399779920154,0.006943595528011415
0.07000389586306976,0.0029842077407333115,0.05449674207999702,0.0692085613717521,0.02505620698833391,0.0029195516391056393,0.06768872626311258,0.03787070264401955,0.06843777471862052,0.002617908370558493,0.07199658402697516,0.0018654660067259187,0.06732406155384603,0.0711758897371254,0.06950484097632037,4.0460542533515965e-05,0.06677512910298385,0.06958134998056537,0.031863832892408794,0.00024704860147176707,0.019649732507611765,0.06562236451204354,0.055800690250497414,0.0072682716295882615
0.06962526188503218,0.002112336515202831,0.051521423612156246,0.06848920865262961,0.02865161019214408,0.002660741404357618,0.0661251904457375,0.03622934976053262,0.06610234616453556,0.003809313591382458,0.07110651664604303,0.0015988217680100616,0.06581921964223938,0.0698069214421235,0.06811520143585642,5.7793825083867663e-05,0.06597460233575647,0.06848214831014818,0.03880874235706258,0.00026476496455075867,0.018434919116521356,0.06611668748520097,0.060698328631091494,0.00938854981660124
0.06994440363833335,0.00216616649495267,0.05117825784734598,0.06874277201406782,0.027207581621108545,0.002646075925391403,0.06663508659916924,0.03628435692830291,0.06641448735187809,0.0035070334052222795,0.07145818309091526,0.0016938662141571395,0.06613564154581635,0.07023729087324075,0.06844961614569026,5.3114806685651736e-05,0.06627308807403096,0.06873414589485898,0.03715834952747213,0.00025725279188793437,0.01812157257137994,0.06651795387812763,0.06053850542592173,0.009645197334043065
0.06989749121332377,0.002009912841943371,0.05079536326952772,0.06863141617737478,0.027746354565423542,0.002511057615141315,0.06651224764329666,0.036034936920725215,0.06610258507184161,0.0036768998668741315,0.07131115813046318,0.0016056074226078636,0.06596466074395985,0.0700388876906333,0.06832124600533145,5.3126864804334785e-05,0.06615463327257738,0.06861981681543841,0.03799006341468186,0.00025026282915918067,0.017956735630972335,0.06662076933325459,0.06118236210895752,0.01001240455168664
0.06963237471488373,0.0017033714590243265,0.05070676032170501,0.06830151383418301,0.0292530210587622,0.0022195555750394187,0.06621143999218272,0.03565970825739443,0.06556938230066738,0.00397692898439542,0.07081744321596585,0.0013505430843247204,0.06558435573195287,0.06948875398980259,0.06798249186761851,5.005790459098585e-05,0.06584282064698946,0.06831851104469698,0.04000562838775995,0.0002265829984225169,0.01798900176122028,0.06654770844478203,0.062038060772324176,0.010523983651311441
0.06975181886454244,0.0017575735236588117,0.0504879138625501,0.0684120950973023,0.028740338537243757,0.0022798423100704674,0.06631697232126835,0.03569197108649087,0.06564615543719145,0.0039027459466937846,0.07098275728041051,0.001421091500175554,0.06567763868950195,0.06965454857411095,0.06807783646734379,5.094535696385052e-05,0.06595757452185663,0.06839989819568079,0.0394843731888276,0.00023216675185475436,0.017836410128465496,0.06666870470681377,0.0619869621347168,0.010581665516265212
0.0705009648983515,0.0013854000962492399,0.044649210511454,0.06886568934915484,0.027695329573803683,0.0024309459225730187,0.06584523786086426,0.03435223135703192,0.06302154084936887,0.004366577116096597,0.07155591678587878,0.0016686493473796783,0.06484514683598055,0.06951445566225052,0.06724522525085011,7.072051509042835e-05,0.06678474667856843,0.06767332699058247,0.04297973498484469,0.0002606563447035962,0.01477455248934612,0.06822671763633188,0.06513190574771438,0.016155117195530463
0.07031607142053242,0.0015490159957349799,0.047231449297841885,0.06875317686968757,0.027375945540779958,0.0022869624951349387,0.06642782933071627,0.03495412475688335,0.06458498486220741,0.003971568840907414,0.07144985409249707,0.001574392158933112,0.06545621963216113,0.06985605625613803,0.06792691364875983,5.636897402558603e-05,0.06649981194568484,0.06822976925728709,0.04025018863409814,0.00023849543451596783,0.016010261527825014,0.06775627840169247,0.06377187759921826,0.013472383026737271
0.06979556535592069,0.0017362718632411706,0.04981202846006042,0.06844868851622574,0.02877360430935324,0.0023717931903270424,0.06612027303942965,0.03554910738482804,0.06531681378512079,0.004008275758305991,0.07102933932631625,0.00147597803526852,0.06551743067761534,0.06959165132492512,0.06790714411235307,5.576105376224407e-05,0.06604430747692246,0.06826804940122959,0.04022561098227844,0.00024322965294140025,0.017438929997017932,0.0667837183325607,0.06236440001412345,0.011122027949872739
0.06955345383342558,0.0018932970399017997,0.05189275500061677,0.06831430700761429,0.029129677311574932,0.002287496668741113,0.06635896660186001,0.036075577324837724,0.06613054285605337,0.003819222118185578,0.0708530165333776,0.0013782720036578237,0.06584202450719714,0.06965023674963408,0.0682017775806883,4.819489092348697e-05,0.06576078519364854,0.06851386285498075,0.03875974656436975,0.00022986101121441342,0.018723784873419476,0.06618871828705847,0.06101681594397577,0.009377607243043222
0.06928566420181859,0.001991389603606591,0.053861921784974065,0.06813688861059047,0.02978919900091557,0.0021360047465574135,0.06655334942586744,0.03654689919290127,0.0667277501667606,0.0036808083339563936,0.07059904818167517,0.001233377303030688,0.06608609628167579,0.06959481192163841,0.0683938567810738,4.0529808964811315e-05,0.06543800260880057,0.0686642773270984,0.03764664142281084,0.00021090199719509968,0.020116395563253238,0.06557971584606952,0.05974894076652024,0.007937529122245046
0.0694789118343329,0.0023073041261196213,0.05478930667653999,0.0684191606863974,0.028376949912695723,0.0022733973735549165,0.06707319640745339,0.03713997820817924,0.06748215215211055,0.003242110923226951,0.070970906331709,0.001344423062918351,0.06660033100705051,0.07010341341475572,0.0688507181100244,3.713949551964373e-05,0.06570269969539749,0.06905977305522042,0.0351439827828048,0.00021291433642513195,0.020605558638211074,0.06542583971329198,0.05812674223436553,0.007233089821695257
0.0694878813036436,0.0022588479363195297,0.054222935791322466,0.0684120063505482,0.028477579611278777,0.0023291259905646863,0.0668965019015934,0.03694551354055883,0.06723863213518608,0.0033518478195507517,0.07096923327726755,0.0013802706391863977,0.0664476758800188,0.0700341642462063,0.06871550863566044,4.0188224597415524e-05,0.06572965247726585,0.068951286045628,0.03587770883516746,0.00022077801201819932,0.020210457664086023,0.06554940565420184,0.058662854969273655,0.007589943058855741
0.06930257293378664,0.0015509846835883568,0.0498208223648458,0.06802886153128555,0.031319052709954845,0.0023720262741457774,0.06511851067935509,0.03517260568377631,0.06452633264174068,0.004586133924490111,0.07040547885383582,0.0012884674437133002,0.06481960528547451,0.06872207203667037,0.06713036017528706,6.43187819704119e-05,0.06565589016483328,0.06767984944351925,0.043835254558628065,0.0002516255760938792,0.017670017018193155,0.06626576453083569,0.06293762827409718,0.011475764429878832
0.06952536509821224,0.0014712636961994707,0.047527870065680884,0.06821025422783096,0.03145313502788892,0.002657420978976571,0.06445165278211319,0.03458290129359164,0.06332291915631372,0.0049834498607881856,0.07061556769876698,0.0014366721470185839,0.06430622502187842,0.06846329920477441,0.0665110591879271,8.460182847474028e-05,0.06597341550543903,0.06725008383078664,0.046121380203992056,0.00028904588948621085,0.016436798168119195,0.06672382881546494,0.06409170264349293,0.013510087666782985
0.0707204076949657,0.001975112433750211,0.04752649087595234,0.06923355426554903,0.025036641822625837,0.0027057296152576374,0.06696630996072123,0.03556400205627035,0.06554238863944123,0.00344557706900768,0.07217351011491287,0.001996019452632925,0.0660700991970208,0.07072813907092253,0.06844258497267272,5.850648763769029e-05,0.06698993911308847,0.06864340261758159,0.03694745748500748,0.0002683390461274284,0.016047638042355566,0.06792200278679708,0.06251134469050351,0.01248480248919811
0.07012132877151829,0.0023900506547190822,0.048854390697054106,0.06906571936389215,0.02680017054938424,0.0035309257414070003,0.06564364990910052,0.03610168122253434,0.06541580837492621,0.0037683575989832,0.07190144215416286,0.002233249188993196,0.0656143875126118,0.07023578173824824,0.06768240373428008,8.46605165647332e-05,0.06679306379570253,0.06816678266401381,0.03936504788545687,0.00034623449503402154,0.016743618800743813,0.06676163826518179,0.061321399093975604,0.011058207271511532
0.07115615873389237,0.0019841733281788154,0.040521647080241044,0.06988674890087272,0.027603510538962792,0.004876061752112978,0.06266309301679128,0.03448025317099262,0.06002261608593485,0.0051811162584533485,0.07288478932780164,0.003131624480893383,0.0636230733198691,0.06909861343029988,0.06445643478068626,0.00020865597635961875,0.06805549897227975,0.06576288648019823,0.047311770774848,0.0005457722228240963,0.013163140039588479,0.0687320125720417,0.0661911164022632,0.01845923235361384
0.07252387329624552,0.0023325708521396405,0.03494015275570081,0.0713891707027946,0.025564572239862443,0.007244792969023679,0.0603325021310423,0.034356646906014046,0.05584727508424189,0.005391359140798927,0.07474832551767911,0.00508745063553875,0.06277535032161527,0.06905551379273006,0.06106689181824385,0.00039051156868007744,0.06997032317669244,0.06298726569819857,0.04952755318229006,0.0008251470339185991,0.011218457682257994,0.0705848800034711,0.06834926775471853,0.023490145736101725
0.07364865066362662,0.002301322449511049,0.03078258138875938,0.07245537488009751,0.02498507082260303,0.008382758972398537,0.0585726384306715,0.033919028813331115,0.051671503346217805,0.005680222581342607,0.07593183708372755,0.006216669751078715,0.0621355812173722,0.06855756172343229,0.05813084157447418,0.0005407035152733066,0.07133489305306105,0.06044526239362932,0.052148641043695175,0.0009758864556732286,0.010070758837340196,0.07217025423940021,0.0704689470486835,0.028473009714599925
0.074218847521394,0.004267027111959807,0.028618539400918137,0.07440437824538207,0.018948555979620082,0.015783430554746312,0.05665468960040855,0.03586466747940854,0.051333206546760685,0.0042317475480395965,0.07872530508483641,0.013130784853927109,0.061676369594060025,0.07063333446033909,0.05277182088984481,0.0008810677755244173,0.07394878664097145,0.054652490483967205,0.04720509596598905,0.0016737807251361663,0.008988410311259775,0.07330601065683792,0.06908832863200583,0.02899332393666298
0.07858389288793202,0.004002614206941285,0.01785099178008922,0.07892329978679652,0.0198360408846156,0.024186876613508226,0.04489661651508283,0.03479199228351887,0.032846602710023126,0.0058626401903324275,0.08327238915142259,0.02143617474444029,0.05763306187924121,0.0638737648418443,0.03530792248537384,0.00292113547942198,0.07941440451731041,0.03866756099921162,0.06046496717756035,0.0030285895738410007,0.006638168945898694,0.07953184249594877,0.07829486960181554,0.04773358024782926
0.07908007740346928,0.004433920609401668,0.016124689787754744,0.07990857494831492,0.018765776736288136,0.028192464391579658,0.04213268687269193,0.03495200189118933,0.029717198962585983,0.005795537781684572,0.0843870581117596,0.02577774787798997,0.05636968892995234,0.06236442025785164,0.031033799953088265,0.003766285066943642,0.0807302425923922,0.03415245497049609,0.06143250068577428,0.0036262771981334157,0.006170596175743347,0.08069899324790658,0.07944483488002595,0.05094217066698244
0.07814045257111919,0.005201295760083221,0.016622703184852438,0.07968569277135576,0.017056078765993365,0.030567639941771942,0.042816435790421326,0.0355255708491792,0.03150826388528638,0.005142603926015022,0.08439778525322639,0.02859168663355612,0.05630032051939373,0.06397039770951952,0.031019410327901363,0.003668142626405151,0.08067419273035163,0.03359273020561098,0.05830556869050824,0.0038676238969888063,0.006157649482717713,0.08018732007342054,0.07808830077179711,0.04891213363252486
0.07652591141314213,0.006222993593404318,0.017689264055536457,0.07856796934713156,0.01704025543894978,0.03185999874364191,0.04497302101673158,0.03741405306405216,0.03470517274548902,0.00469096143541808,0.08361716350443038,0.029685982189736528,0.056956756750296315,0.06550302019205667,0.03225098246412173,0.0034540301068530324,0.0796059435501418,0.03410092011314839,0.0549072846425093,0.003841833430375955,0.006668092173251739,0.07867276038826529,0.07576149186303542,0.04528413777828043
0.0745623941916511,0.007829012933468384,0.018970960010725395,0.07816737284710266,0.014319800315368447,0.03497551742406901,0.04680400469519688,0.038164818756236236,0.03902707335048376,0.0037756459373705126,0.08368515605655981,0.033616491241876566,0.05723518693402786,0.06844048080907884,0.033447711231731174,0.003067212882912361,0.07949145529068281,0.03429377542182702,0.048479881709564535,0.004167360243276901,0.006651637294498932,0.07745343546164409,0.07202488490010796,0.04134873006053873
0.06845791133786701,0.013899375189823614,0.020164039337410896,0.0783153232205005,0.009136300838548914,0.04448438160882623,0.04816193371032151,0.03997852683977182,0.045951469238620604,0.0020618035750544885,0.08455775774960304,0.04567857883490631,0.05854255049395688,0.07481080655198598,0.03350761721187209,0.0025380270224348352,0.08070645696533606,0.03170091931204876,0.03472352204028555,0.005129478004755138,0.00644912449841516,0.07513404825616021,0.060436988455021025,0.03547305970647337
0.06758815086309804,0.014866545180051096,0.020608328737440694,0.07728445236176913,0.01023712447718055,0.04462756348793465,0.049573893982839186,0.04229540682051958,0.046815028008450506,0.002129903981972434,0.08380898490553508,0.04515283448303983,0.058727211579643356,0.07431885036272995,0.034052819729034414,0.0025950177417831577,0.07966653327984873,0.03187292228532907,0.03432531652214597,0.0049633538543552985,0.006973386829251088,0.07402433419637912,0.05933520774508358,0.034156828584585484
0.06576063146878643,0.016614243600776693,0.019006897164318443,0.07700750313931454,0.010624857187668152,0.04739281354727223,0.04929484691119314,0.04555219892935167,0.04588426409997054,0.0019689819041390027,0.08399146364227625,0.04929046830090176,0.05803747726553074,0.07417199323066849,0.03230586981591942,0.002785507926451229,0.08013170325278222,0.027636446824352758,0.032901877306549886,0.004800151746598352,0.00662634316054854,0.07420280281834082,0.05806437077216782,0.035946285984120876
0.0676545160529383,0.015048648621300918,0.016072340831893007,0.07526639966051894,0.01716217872463141,0.047795511994723115,0.046787951458257045,0.04931225363433818,0.03816176322714432,0.003141831363672871,0.08248970647663822,0.04775449094601252,0.055669792700272,0.06675796227889937,0.026642058084904413,0.004964520815032788,0.07839425462470205,0.022686228566622207,0.043194648240586324,0.00478785153648694,0.00726934166099073,0.07465264220354065,0.06650317441344972,0.04182993188244394
0.06613620147295843,0.016373909603229486,0.018024823424653644,0.07662267380388847,0.011952633410690831,0.04827920540583582,0.048370151444447736,0.04658956101008065,0.0434447492091148,0.002242522318082959,0.08372132922797455,0.0496936000045237,0.05710863208752962,0.07226246702449243,0.030220597918994133,0.003379047623387179,0.07981812064824309,0.025858900515347543,0.03548860256383061,0.0049845371722536756,0.006717584133321351,0.07442185048054596,0.06049111250824423,0.037797186988329116
0.06452997711056442,0.017850984454627173,0.014476619855883988,0.07479648184040606,0.017009800675109658,0.051957619443934754,0.046646530307479735,0.05337883020372798,0.03741832033057522,0.002732207020402477,0.08272723169558474,0.053799870419347674,0.05480052866077503,0.0670822289244864,0.02510838696802933,0.005070148912438045,0.07894298041581317,0.018548505831636104,0.03949576838682339,0.00464043428993397,0.006661129118358507,0.07476399917122964,0.06437666744675366,0.04318474851607887
0.06334878127163308,0.01886580002283471,0.014144371985452653,0.07466881130472718,0.016723545718895432,0.0531362491224971,0.0468503059307337,0.054586524587448,0.037619011432030974,0.002571277062782671,0.08284343764878524,0.055597120349807044,0.05466150225423108,0.06755488285961972,0.024989332307722704,0.004943773758716704,0.07913559969765623,0.017595552875945195,0.03783490040396635,0.004561184644489381,0.006467406343024622,0.07475431108164242,0.06330178285224686,0.04324453448311097
0.0645146687824525,0.017283728229386692,0.013545768929470072,0.07306254520470344,0.022356069893327304,0.04924266130033332,0.047818975139416464,0.057192966824024825,0.036253217727819025,0.0029525270160465976,0.0811427259824526,0.05120026198886497,0.055376056479592185,0.06488841886478931,0.02538779439618687,0.004979055316704832,0.07731758426902428,0.016678363229502762,0.042806007427632346,0.003379162987815733,0.007218614126060467,0.07425654700608011,0.0664719472982744,0.04467433158003888
0.06290515136490572,0.01855766033287495,0.014389723166916975,0.07307471178303282,0.020279744538058093,0.049320557474742475,0.05001057167129936,0.05793256975859737,0.03998763572690535,0.0025074694517884175,0.08154278981360805,0.05237371402800438,0.0559848402049578,0.06776386852030382,0.02803008567516734,0.003923246449042021,0.07760278542939407,0.017547805776883925,0.03751680747550702,0.0031637788161211,0.006902954016708238,0.0738165363435531,0.06285686663181381,0.042008125549813806
0.06041404306409717,0.021014415691170782,0.013484207373772327,0.07313779846961609,0.019013152232693554,0.05253280143997977,0.04971989741215379,0.05966038719521626,0.0396740856174452,0.0021867013151211025,0.08202731680874374,0.05672403655469103,0.055622136934986875,0.06874057693840437,0.02699423191207322,0.003868908692003508,0.07832363796972305,0.015427303333235581,0.03438952739015979,0.00321116696986727,0.00638404140045512,0.07407493900519593,0.06076640353834281,0.042608282740851655
0.06134736881767078,0.020050828758302042,0.013932119803015312,0.0730552739297117,0.0195373613485822,0.05100788690730998,0.05013239042326578,0.059111441890925924,0.0402032284200397,0.0022794530374419947,0.08179509144414766,0.054856689731713516,0.05590180533375067,0.06856508961649006,0.027777621448326243,0.003773427914115021,0.07798220614277354,0.016357984518754285,0.035289076139640704,0.003118894794416859,0.006594235706043209,0.07389430906380465,0.06133945089725854,0.04209676391249963
