Stock_1,Stock_2,Stock_3,Stock_4,Stock_5,Stock_6,Stock_7,Stock_8,Stock_9,Stock_10,Stock_11,Stock_12,Stock_13,Stock_14,Stock_15,Stock_16,Stock_17,Stock_18,Stock_19,Stock_20,Stock_21,Stock_22,Stock_23,Stock_24
0.06654433728245916,0.0004853963468927327,0.06643671262556916,0.06643795307229801,0.000205977769640085,0.0665801512059636,0.06645715216605944,0.06642870538290288,0.00015787467678038403,0.0003535630998363789,0.00037922881733003954,0.06653887454590332,0.06642346529063169,0.0665062889645265,0.00038072570256532156,0.00010808982441331436,0.06638624393718491,0.00016397751565464148,0.06652924915638242,0.06654087834446529,0.06650013444037187,0.00041137507382372595,0.06652971432390573,0.06651393043443941
0.019324208846706367,0.042837802849522585,0.04372328496462241,0.06362416673816855,0.04676284088002778,0.04020272966774875,0.034529284815144425,0.02639823576351741,0.03646234864915724,0.05618861239911397,0.05294609915203548,0.015372284078260495,0.028365578188863098,0.0479741244160023,0.03387798383965921,0.04460325866541426,0.07104362154313333,0.04886578059922342,0.02039001864387969,0.05853937658104391,0.031194792659363767,0.06751840150945929,0.043000410723883144,0.026254753826049117
0.01921878427508968,0.04277683683208323,0.04370340922909197,0.06357738021136435,0.04679314842821554,0.04021614994594631,0.03461650788741318,0.026430425697607188,0.03639870160090284,0.0563002423080803,0.05298805142313862,0.015290620972072223,0.028334519652876495,0.04808447976772838,0.03381273365116087,0.04468361164314817,0.0710990152594828,0.04887215080761826,0.02033091885328687,0.058614040179005,0.031113762082144888,0.06750991957928017,0.0429621874346622,0.02627240227860048
0.018992339969085816,0.04281306088879799,0.04380483318473194,0.06366004966266406,0.0466713268232151,0.040177663407472766,0.03462803129099318,0.026414179521494188,0.036354537964469316,0.05649630882497292,0.05325796348770536,0.01506700383196025,0.02838740522355881,0.048122501358458095,0.033844020214070195,0.04449533674322484,0.07140220582813839,0.0489033919907157,0.020234101437025163,0.058614448080538215,0.03097506687023873,0.06779436267590348,0.04284756387001119,0.0260422968505543
0.01901704249806759,0.042907872172203126,0.04383963786371012,0.06382263687421805,0.046652272983241615,0.04013919004216681,0.03448967441724945,0.026297144856598998,0.036394685982386266,0.05644517869557919,0.053282757487694926,0.015053927295503663,0.028354850986369175,0.04802409771950348,0.03387396861250115,0.04440905467617412,0.0714627908272816,0.04894693497604078,0.02021099288272607,0.05860810561838329,0.03100734730696474,0.06793557632638607,0.0428923177492117,0.02593194114983803
0.018953681202110825,0.04277606387043036,0.043785657891488805,0.06362601629826965,0.046697395001814,0.04018840974975682,0.03467597911014471,0.026434430187806408,0.03632323686314942,0.056541353544919126,0.053258870842345075,0.015041406936290183,0.02836703211734361,0.048180129591073304,0.03380608123948014,0.04455446679189386,0.07140694527219796,0.048903677393013587,0.020210430347872115,0.05865450688988207,0.030942057214591735,0.06776551232522998,0.042835334848141636,0.026071324470754616
0.018731415289044286,0.042711232800031834,0.043790224422998195,0.0636130796794779,0.04670724689279693,0.04018976150980461,0.03478540646965813,0.026453126977404158,0.03621881448978829,0.05676066102991241,0.053406299460193624,0.014848941353494812,0.028324121928451677,0.048343158653458396,0.03371756982314362,0.044609749899645224,0.07159144101813558,0.048932805390662894,0.020084249837746853,0.05877203675149882,0.03078222851212704,0.06786449135968982,0.04275293811004794,0.026008998340786963
0.018773246954068894,0.042807263891001916,0.04378961119045265,0.06382461657022377,0.04675475898142119,0.04015013830599028,0.03461522399010686,0.026280776712793174,0.03624905037652615,0.05669061088563958,0.05337392013699115,0.014844794935649908,0.028213219948431692,0.04825562981986452,0.03369530109926443,0.04461330667082943,0.0716216237428526,0.04900340086133343,0.020028680064369715,0.05883156749804478,0.030822722362874286,0.06798719045662023,0.04284628979614784,0.025927054748501537
0.01900618510627569,0.04271960834259216,0.04371427090745203,0.06356479024744732,0.04679212799926021,0.04021611386698284,0.03471837323986202,0.026451342163212606,0.03630360291175732,0.056507839008251924,0.05313630358562077,0.015105483635055284,0.028304287882475566,0.04823234309166877,0.033738328008351144,0.044719222898170374,0.07128172544262254,0.04889745240499871,0.020215642984454087,0.05871486536890158,0.030963300565172328,0.06761213474754416,0.042879617044034694,0.026205038547835856
0.01857280429981809,0.04274655408352546,0.04396438735463892,0.06352861192182167,0.04642374170573593,0.040166204449710745,0.03486382760711926,0.026601856057308654,0.03623959509638705,0.05690606964753909,0.05373025074121488,0.014711748259290752,0.028602631573552223,0.04830319659983322,0.03391250155123647,0.04420177152689535,0.07184687493895045,0.0488683679925431,0.020140813824599795,0.05855228199194673,0.03069581639780229,0.06809297950925006,0.042547309504120584,0.025779803365159223
0.01847983821581611,0.04286295442498059,0.04398188075283769,0.06385787740140246,0.046482948812773185,0.0401005512184409,0.03466645432152896,0.026345999267779127,0.03622100121357457,0.05695121594387588,0.053804439524299266,0.014566642447243929,0.028416942901176086,0.04826607872663954,0.033834158803877426,0.044208679079585075,0.07203867167165416,0.04899735947002997,0.01997123376308765,0.058709091518484094,0.030647646445511025,0.0683761881107039,0.042626341566715416,0.025585804397983004
0.018591182032275288,0.04288904588078167,0.04395843069680905,0.0638819270286029,0.046515916538498486,0.040101335334791446,0.03460507819585129,0.02631312542111858,0.03626251374232147,0.05684066864290925,0.053702843415586114,0.014660893457069583,0.02839570760206426,0.048200569051794914,0.03384551331465432,0.04423663308492215,0.07193452337926087,0.04899620112709904,0.020013561017064297,0.05869036872711992,0.030725393706892878,0.06831313020390846,0.04268936956822466,0.025636068830379118
0.018813282040027884,0.042830668058781635,0.04372051891100489,0.06396721919437405,0.04689537691932099,0.04013879603742005,0.034516317630256435,0.026134283328236647,0.03623511004482332,0.056640537996122266,0.05325728925188196,0.014857968246917297,0.02803480962818488,0.048258968414015085,0.03358725216274064,0.04478988590191542,0.07157292855526702,0.04907268265388881,0.019950640135930783,0.05897497586025323,0.03084570674627546,0.0679812219488929,0.042961073629815036,0.025962486703653313
0.018688155193815587,0.04302474438176143,0.0439178099885629,0.06421595490128966,0.046652348518740706,0.040047348515615665,0.03433324983178088,0.02602193381940407,0.03630236406467843,0.0567041881633835,0.053581653317205276,0.014684370510959718,0.028165361008141446,0.04807963673069464,0.033766777276565865,0.04433589454979666,0.07192305504378707,0.04911724988335188,0.019916514907842235,0.05883119207731926,0.030804660557098247,0.06844385181419903,0.04287599481230098,0.02556569013170485
0.018281369070047595,0.043000311273723446,0.04410759254928477,0.06413680478853553,0.04636823508367248,0.04001990994275245,0.03451985285307935,0.02618065229298818,0.03621130398265259,0.05709504747150367,0.05408456780223569,0.014331311462317031,0.02839989932373736,0.048210256188842254,0.033872244861289924,0.04396588510271141,0.07239167954769372,0.049089382894352634,0.019830779439273732,0.05873660488812142,0.030539900358818737,0.06880134760050644,0.04257638783005783,0.025248673391801736
0.01863089670452416,0.04297929705688421,0.043944013369553656,0.0641014656628933,0.04658812394293236,0.04006316680932694,0.03443381051138009,0.026127850765488063,0.03628426435091156,0.0567731951021727,0.05365410642087146,0.014654529202731472,0.028257271726347278,0.04812636105719608,0.03380078702024307,0.04427748050193792,0.07195703454876623,0.049075320353115646,0.019943863490649208,0.058777257256441964,0.030762381702860206,0.06842448236779496,0.04279528526711289,0.02556775480786458
0.018087458989623523,0.04288920759698798,0.044130132402299536,0.06396378108010582,0.04630828920983688,0.04004727513231984,0.03472781624258697,0.026336314098713308,0.03612049700622889,0.05730947598499881,0.05424246912574939,0.014194121595338265,0.028483441132081514,0.04838066363601281,0.03385006486509679,0.04395551498393633,0.07251660807419427,0.04904968499946967,0.01979315079133237,0.05874771428683209,0.030393017775724493,0.06880268417262748,0.04242885164526979,0.02524176517263317
0.017866710891509433,0.04262678800569777,0.04398753192469209,0.06370187759166437,0.04649240733865817,0.04012752778030565,0.035063273704604485,0.02649155526673899,0.035915374048577295,0.057583368631111576,0.05421294277813013,0.014062781110700993,0.02835244116369623,0.048765667206254505,0.03359590322043417,0.044373473422287896,0.07250114424648618,0.04903815760437895,0.019657992223612426,0.05900469611941863,0.030190432182252494,0.06856358693160651,0.04235258436780133,0.025471782239379737
0.017843770922583962,0.04290162876172889,0.04420134959705725,0.06405605120580646,0.04623967020017102,0.040013814899220436,0.03475483452325841,0.02629970726444652,0.03604572006827627,0.05753334255808641,0.0544888535109642,0.01396075905845377,0.02847604244341117,0.04846860870207854,0.033823610951096775,0.043855041371931885,0.0728014635045771,0.049099507366649475,0.019656900189834663,0.05881760809769608,0.030230444688846694,0.06905887278601079,0.04232947262855238,0.02504292469926086
0.01738315958914713,0.04283249649482931,0.04451375688152825,0.06368667571548713,0.04570220453730283,0.040024773393079395,0.03516224084380983,0.02674340797615525,0.03595884210279274,0.05800140174763452,0.05518116064087676,0.013606479288362094,0.029055042099853164,0.04859743989756967,0.03414010604242266,0.04316965516431034,0.07330706122742688,0.0489259593076557,0.019725981413402698,0.058429320478625625,0.02993917888982667,0.06938651825186155,0.041821964314485344,0.02470517370155448
0.0176161377031464,0.04298011137764223,0.044458904325591485,0.06400004236566699,0.04583782093764013,0.03996743511704824,0.0348251600676986,0.02646528708154039,0.03607874060525044,0.057740685730727236,0.054961974796958454,0.01375463541266461,0.028849467741487222,0.048395136094585324,0.03409804482757148,0.04325959445568708,0.07317859618238796,0.04903014014150981,0.019712682273084765,0.0585222629873395,0.030105786636054437,0.06942633339187919,0.04205084384785715,0.02468417589898089
0.01764200203400165,0.042793336136552305,0.04424660255204435,0.06386071615677381,0.04613907911994759,0.040040034245946654,0.034976978610093565,0.026483493475375527,0.03596145999873236,0.05775778570267791,0.05468245375877252,0.013818798037859091,0.028604591061321488,0.04862974371646957,0.03383284460379361,0.04378765944363524,0.07294518690750607,0.04904597388121333,0.019636077602392023,0.058790440011802135,0.030078914063555718,0.0690780549160384,0.042154025072291115,0.02501374889120396
0.017611489763208057,0.042456504955612,0.04401279967843314,0.06342073435869675,0.04640858505118188,0.0401735804828623,0.03537734758024458,0.026736287454921348,0.03578883204864803,0.05787470564383013,0.054419034154761486,0.013890524994193883,0.02848278733400246,0.04901013591723106,0.033567882736597124,0.044368369273525256,0.072649877535935,0.048969768459238686,0.01962151006204375,0.05900904155079307,0.0299914810191308,0.0685293989813228,0.042141070227525106,0.025488250736061313
0.01746329006373951,0.04244585952016043,0.04407131447697919,0.0634082777995361,0.046326006486817804,0.0401623886516777,0.0354391715605158,0.026776094085021268,0.035747578878356626,0.058019274970135405,0.05459094626205456,0.013759556414966038,0.028540635657938445,0.04906768000231348,0.03358531316880507,0.04426322867642307,0.07281678819759312,0.04897015653036787,0.019573361459243942,0.059001323150287194,0.02989065982633812,0.06866139913091983,0.04204341558867388,0.025376279441135553
0.017696014032267008,0.04258445034385925,0.044049812176381514,0.06361933153481102,0.046389169460296226,0.04012866302240391,0.03518404085696198,0.026590227361967003,0.035862371818185135,0.05775865437455964,0.05440532456348693,0.01392491360458317,0.0284504588885111,0.0488543797321816,0.03362229666284143,0.04426039418434625,0.07266893567488017,0.04901524184975329,0.019625586688826985,0.05897626704329316,0.030071028034562006,0.06866360282250498,0.04221890137738234,0.025379933891153908
0.016943868086058987,0.04233171950169545,0.04431900397906083,0.06310426253306461,0.045907900603202954,0.04016176301179024,0.03583113116355028,0.0271445712762032,0.03561130617879736,0.05855982847951659,0.05525453539535889,0.013343970835865873,0.028956240917973785,0.049300165829176644,0.03375186806046799,0.043768885528522185,0.0733578363654373,0.04886493273699662,0.01952464847313348,0.0588100699227626,0.029528350659366473,0.06900674154864982,0.04157370266958108,0.025042696243766756
0.01678819831349012,0.042291369715996716,0.044365422609436767,0.06304509688901196,0.04583450062611068,0.040161665930870685,0.03593554233724672,0.027216914709495648,0.0355547435392915,0.058722343980693564,0.055418749592097354,0.0132159811028742,0.02901848591906743,0.0493914349850757,0.033755031928693655,0.04369527383205274,0.07350602650507367,0.04885473247842784,0.01947782760830572,0.05881096848478391,0.029414823619158145,0.06909872520947012,0.04146311105756294,0.024963029025712232
0.016572474326286512,0.042268021677632654,0.04450273833127825,0.06292573867802795,0.04560821996750614,0.040152361668412864,0.03608511123631838,0.02738007392025322,0.03551587860758745,0.05894522352850067,0.05573812902527263,0.013039543036477965,0.029240430353319465,0.049454798332267395,0.033869527669939156,0.04340343950718755,0.0737578289341297,0.04880318684592282,0.019474787234559393,0.05868255490374689,0.02926805639968475,0.06928813693177001,0.041245537180232134,0.024778201703686043
0.016891292480076647,0.04265595698171657,0.04376956639806856,0.06400311679066101,0.04630529728151332,0.03959140342636408,0.03482337218900484,0.026652993144326006,0.03614363531452427,0.05801708480468128,0.05455389083130742,0.013530425632852639,0.029282636341273857,0.0484299118612736,0.0334480048610008,0.0439193650850071,0.07311871834980535,0.04954067749052613,0.019771831254345822,0.058921186364886226,0.03021882245028399,0.06925578322114485,0.04252621243276629,0.024628815012589338
0.018026652711509432,0.04281912156793485,0.04377400726245309,0.06413824205775293,0.046669084302583146,0.03989402789548799,0.0345223666854452,0.02621695842928077,0.03621076993561616,0.05720474643776905,0.05382819330779467,0.014267414666320973,0.028417542121181867,0.04831145170822069,0.03350813803127429,0.044425996438822606,0.072297796886224,0.04931056862975666,0.019795762179975064,0.059038031000753846,0.030560023851148817,0.06863867374656554,0.042803071330775266,0.025321358815353093
0.01809938417616198,0.04252861701595332,0.04366679212062209,0.06368257122369989,0.046859285972603595,0.040110314976103116,0.03496499582989853,0.026442837421995706,0.035991743101172945,0.057306306138178685,0.05365583347857897,0.014355471499990119,0.028208991963907956,0.04872214376186169,0.03335338355678889,0.04490418959378029,0.07202130144035364,0.049132892277680126,0.019752090420337015,0.05919039172160674,0.03042754190749863,0.06810991500684208,0.04268746633598297,0.02582553905840104
0.017794866796677602,0.042316522358002415,0.04360109305275052,0.06345861563907007,0.04691822422197486,0.04015024368987604,0.0352714561249481,0.02661655928484559,0.03581692660584219,0.05763523159055668,0.05377780087686678,0.01414644683225075,0.0282003904958881,0.0490466912250227,0.0331821523110928,0.04511487241736404,0.07215147919481868,0.04912900240299437,0.019630611249030313,0.05935940423866078,0.030200134517737745,0.06803412170965123,0.042550199068390034,0.025896954095687617
0.0169575810987526,0.042417112359801896,0.04294035420451482,0.06418640183884786,0.047085284547357664,0.03926700833624732,0.034379176307172056,0.026549020845373108,0.03646552739450098,0.05765179247937342,0.053485400670533145,0.013897556639836913,0.02923408927851633,0.04823980149217285,0.03273106379255101,0.04498908680046627,0.07242124256422944,0.05005290388775675,0.019936833393721685,0.05949867633206611,0.030677996384912237,0.06864889343405763,0.043350128723684905,0.024937067193553004
0.017590691165110757,0.042653917800565114,0.04370631356913454,0.06387021742641115,0.04648746763243714,0.039750511340031505,0.03471315005990919,0.026600090997410626,0.03627230023073251,0.05749673483661779,0.05403583902198248,0.01407597873157078,0.02898182892561839,0.04833395285363521,0.033499635629741856,0.04421696468892632,0.07249873511280865,0.04937622388400694,0.019944621640875206,0.0589033101448539,0.030489159998081036,0.06870502960588074,0.0426829672346938,0.025114357468964385
0.017733064042139975,0.042870705293182314,0.04440804972770217,0.06372303434782112,0.04584079377548287,0.04003040825062538,0.03498240041105594,0.026663854574814395,0.03609417502873913,0.0576647114738802,0.05482771550620132,0.01390976532242503,0.028961790443454923,0.048430733887056716,0.0341318010472726,0.04333271101480072,0.0729623060625618,0.048926344912837066,0.019855277775317696,0.0584213943526245,0.030170206160837664,0.0691353340245996,0.04202345353469818,0.02489996902986869
0.01744900237738956,0.04298667132026626,0.04421873891124236,0.06387736679781125,0.045932288786493136,0.03990225413703557,0.034967253353367006,0.02662495623255603,0.036069909684567,0.057596553553460085,0.05467105753425774,0.013820910521644532,0.02932354686688501,0.04816856189693626,0.03412711700628426,0.04329647748058302,0.07291551123592384,0.049075785247938104,0.01999610297577404,0.058202022425722456,0.03042474231173588,0.0691860054255147,0.0423131871994842,0.02485397671712769
0.01825586305381476,0.04294772933332635,0.0441685764248225,0.06382792008563264,0.04610882561101638,0.03999365198789558,0.034656483497164686,0.0265209663381738,0.036331984112884186,0.0570884803102592,0.0541846182667144,0.014408752831258129,0.02888237753787504,0.048095328793184074,0.03408745340177998,0.04362329607675596,0.07236191154390462,0.04898314194562462,0.020099836743807987,0.058393576859002816,0.03061304444186519,0.06872229571367759,0.0424390361544773,0.025204848935082236
0.018188130668283814,0.04295134951282109,0.04439737191180293,0.06360908032162077,0.04578789134980953,0.04005432076495885,0.034851084821933755,0.026738338294882587,0.036308180942670534,0.05722338740890553,0.05452101174627337,0.014325789111061095,0.02913421266538504,0.0481236766986473,0.03434595413617899,0.04320805006140748,0.07255078767672217,0.0488134150589501,0.020174574458911885,0.058115449848346594,0.030499636662559674,0.06884010391687977,0.04214649715366854,0.02509170480731861
0.017700674712737157,0.04271689174246784,0.044489036744679016,0.06320011923616545,0.04559477732446335,0.04011924412514036,0.03535942666534553,0.027117368607532732,0.036083104679806285,0.05774636664480483,0.054952794344106416,0.013970290759719468,0.029383637247974905,0.048505331234087255,0.034342372028067635,0.04309611414545745,0.07289121829636813,0.048705972292580564,0.020091316103392483,0.058082291432013544,0.030147824402185303,0.06889983660486654,0.041770435426062714,0.025033555199975042
0.017757510118879674,0.04282748830886348,0.04448425097418869,0.06342515265945291,0.0456549120088571,0.040087433891396754,0.03518793137323375,0.02692714723217863,0.03610602858257637,0.057652034846664736,0.05489758298863963,0.01397961241268192,0.029264210284814636,0.048402691062803635,0.03432850677078343,0.04310718785952817,0.07289624442207399,0.04877209356837437,0.020042712923860836,0.058126377663008016,0.03021015650141936,0.06900459892396511,0.04188311596432841,0.024975018657426393
0.018049095148944094,0.04269509972439132,0.0443382743349075,0.06316095073663225,0.045788319069557916,0.04015020286012378,0.03525206134173757,0.027077984012292444,0.036183264576540024,0.05742901308750184,0.05454666077346712,0.014292429730207458,0.029260865692578575,0.048409119385038515,0.034282159798475126,0.043371906789373575,0.07248310974481455,0.04869394203530209,0.02021624950600563,0.05811831831111757,0.03036448048323017,0.0685429451106887,0.04197375602136832,0.02531979172570387
0.018202127240751192,0.04257286038642765,0.04425146572205271,0.06288094644163422,0.04584671486862213,0.04022118184371634,0.0354041480718187,0.027260634734989853,0.03619451855454459,0.05732372427591735,0.05434487291970908,0.014484859048617372,0.029324825069310587,0.04845626613003785,0.03427904611524018,0.043528463505758896,0.07220246055704468,0.0485977996605349,0.02035661796117729,0.05805642099415413,0.030447499526734506,0.06818494429128316,0.04198399815799298,0.025593603921929612
0.017710321891103893,0.042288700090766435,0.0429185125865425,0.0633047936994335,0.046819980370182215,0.03942049346688629,0.03462925604111422,0.027253425854480283,0.03682674101178977,0.05697730696241566,0.05296585292663017,0.01475470065628497,0.029984058376997327,0.047869349332638846,0.03323290636287496,0.04470100151506315,0.07146974565813208,0.04962403287891538,0.020781310730802437,0.05869044687993558,0.031236929486003824,0.06767254093629078,0.04331873192094992,0.025548860363765823
0.01784603726574542,0.042191726275483094,0.04242159617554524,0.0633728617668754,0.047247509005189606,0.0392298790409662,0.034355162903864984,0.027239007964422027,0.037077895695900656,0.056619946352220674,0.05223446290379659,0.015105494220181495,0.030098758451734813,0.04762598596102231,0.03290711467239259,0.04524916954057588,0.0708847727690437,0.049893655634286396,0.021022208645135407,0.05887171789984475,0.03165052537086938,0.0672048645113852,0.04386045168378251,0.02578919528973567
0.017989605157887483,0.042211454284096,0.04291324998724043,0.06308141471434478,0.04690810398746714,0.039586857138275845,0.03479240865762156,0.027316217345667325,0.03675690869780365,0.05684038746296432,0.05277888247417082,0.01496944196448824,0.029802548950150012,0.04799006264426911,0.033254544817172806,0.04490943350841741,0.0711671694936632,0.049460266220843714,0.020821644609765697,0.05868170933371127,0.03126946332437678,0.06730445033425309,0.04328832257030931,0.02590545232104
0.017961441857928716,0.0420503960883554,0.04208245532484754,0.06323068791282276,0.0475116278094044,0.03914886026071257,0.03430616111639202,0.027370626928437516,0.03723059269655349,0.056391629454892456,0.051721600824473066,0.015397415596389144,0.03025184812065379,0.04752404619605627,0.03271475989755588,0.045637876740634686,0.07039536621274138,0.05000319361410485,0.021251560199115355,0.058936356942350956,0.03192414248208974,0.06672942322893897,0.044164406139779934,0.02606352435476912
0.018499650795263164,0.04239343875764622,0.04292702319205235,0.06324420065490478,0.04696560521957114,0.03962359854973726,0.03451297483067827,0.027117214511823716,0.036914989342497845,0.05636864778577008,0.05245799028697969,0.0153534962478502,0.029658414842264207,0.0476973666301242,0.03339463873679861,0.04489301059455894,0.0707927410366786,0.04940864300171342,0.02096911407093594,0.058550358464522556,0.03156626460714935,0.06714470385325466,0.04348588216132976,0.026060031825895016
0.019403023807712156,0.04277857243233048,0.0441002198276893,0.06279364866255571,0.04595588560529509,0.04027045995872377,0.03495967817416522,0.027229789558833924,0.036678851438584716,0.05617448134921186,0.05339531819383198,0.015571907318400904,0.029452857012272304,0.047744117551039474,0.03460984292642135,0.04354208661610311,0.07105276880203197,0.04842470767139868,0.021023932366481878,0.05755232274474647,0.03128098288103482,0.06738832060165773,0.04245792515502857,0.026158299344448552
0.019072081862391066,0.04267116086405859,0.04434358683359068,0.06234287060473873,0.045491374201715354,0.040297545171720475,0.03534614535576279,0.027709009876490186,0.03664286137618221,0.05652382654002585,0.053919658160336593,0.0153444982744663,0.03001100268363328,0.04785035576375592,0.0349004479945044,0.042980084697640954,0.0714029011718332,0.04823365492692383,0.021167680034401684,0.05717035431659444,0.03106940654835412,0.06754158541699758,0.04201701291810891,0.02595089440577286
0.018579820007891275,0.04251948764117424,0.04443793781638,0.062071301797868336,0.04533928027739984,0.04035671983752945,0.03578051174269082,0.027965136752697854,0.036398659183038716,0.057000789901505,0.054328580676198085,0.014952882860807202,0.030191184813968375,0.04817241218345848,0.03490079334752604,0.042871118018335826,0.07177333202648051,0.048158365958125594,0.021043495421647816,0.05714093221876828,0.030756153203923872,0.06767897602790272,0.04171377510222241,0.02586835318245926
0.01828395739547358,0.0427527854467554,0.044554387908399606,0.06243497817307831,0.04531685627149126,0.04037031625747705,0.03579599625964251,0.027673492833872687,0.03616943914771216,0.057130717172465914,0.05456615358711616,0.01461882458854205,0.030113808507363914,0.048124848759900064,0.034981708055238765,0.04269152575682432,0.07209694573349647,0.048203525344618456,0.02084596688130631,0.0570494864882305,0.03070432921519271,0.06809760771481291,0.041743588490420584,0.025678754010568315
0.01896292561805741,0.04274140752600233,0.04436051014469271,0.06256107105074453,0.04552804720543224,0.04025970753907711,0.03524762062579488,0.0275414017981271,0.03660246952696201,0.0565944208302181,0.05400004940937415,0.015205021488885051,0.029885888211871523,0.04785372967563778,0.03484208447958029,0.042985546597006756,0.07156675641842929,0.04831815199136226,0.021030977548986717,0.057281972267408436,0.031011242825723397,0.0677511865183878,0.042052266732442625,0.02581554396979552
0.018916016573707173,0.04280969482198466,0.0443105485617451,0.06286748232330971,0.04568178956662285,0.040209883854664154,0.03506268870222173,0.027277287029145947,0.03657441232170752,0.05661164460175708,0.05396435920247372,0.015109295401905648,0.029617413163312862,0.047863182423926814,0.03468632298777132,0.04315131150260273,0.07166101888843412,0.04845686057000886,0.02084690928492842,0.057524239651139,0.030976509426028337,0.06791829116571842,0.042178862436015194,0.02572397553886861
0.018437660132230457,0.04276602736417861,0.04446154893193681,0.0627056905392226,0.045476019708790276,0.04026414376606045,0.03544151676422779,0.027454884204937673,0.03632936516903329,0.05702950847659997,0.05441169804474952,0.014708587398933324,0.029835204131562564,0.04807570140967324,0.0347831552776988,0.04290013971021115,0.07206467887282417,0.048374345410278026,0.02074208922665603,0.05737903371329431,0.030719867619794332,0.06816156103074833,0.0418992035383112,0.025578369558047064
0.01882575171162586,0.042642291098120066,0.04426358094584984,0.06258220461119604,0.045698893307644387,0.040272825779818174,0.0353187376346493,0.02748853867391124,0.03648989182907809,0.05674435246440954,0.053968457014851375,0.015088087051387667,0.029681473628920974,0.04805413504222363,0.03463143817343876,0.04328129437047845,0.07160905544973797,0.04838570040371186,0.020866356007289557,0.057543696193623976,0.030888997052120986,0.06771408497242201,0.042077667466041364,0.025882489117448875
0.01876323394404873,0.04267798259442136,0.04397252464555876,0.0629746382759721,0.04605339266047966,0.040102621571006344,0.03498337869208948,0.027192072913457432,0.03657128996040181,0.05663658976589788,0.05363072685091459,0.015094529537445205,0.029484449333653122,0.04794127519914557,0.03429916121366207,0.04368723952244026,0.07150536884670602,0.04868987625131661,0.020768618570358974,0.05788847537567264,0.031031116488756394,0.06774231214080374,0.04247012248838061,0.025839003157410632
0.018838899678894027,0.04277944581958661,0.04401616485848261,0.06306487553241266,0.04596045730869778,0.040046862565832377,0.0348390259967068,0.027162068671599586,0.03668400455250224,0.05651641758448272,0.053635663949482375,0.015160118027108907,0.0296115962230974,0.04775171722636965,0.034411874514769306,0.04348659576154161,0.07150386081408938,0.04870472470192082,0.020864526650463455,0.05775009229179115,0.03113789858957073,0.06783817056276988,0.04251017094657771,0.02572476717125021
0.01860232251768442,0.04288084585305389,0.044146104020434236,0.06306837242785936,0.04579161452913421,0.04007586003227332,0.035004190211433105,0.02719459767794498,0.036549729570566014,0.05664434889046663,0.05388595998886135,0.014952984410810667,0.029820257134853756,0.04771632960529063,0.03459243692757926,0.04318668202630008,0.071720486727954,0.0486396446670962,0.020869114954723534,0.05749025027626644,0.031103123402232744,0.06804788114348674,0.04240614490262132,0.025610718101073095
0.019153142839647523,0.043208618582737425,0.044033796742349675,0.06360473729210935,0.04600997895617856,0.03998099712020819,0.03439275626233325,0.026717984047183646,0.03680705449042149,0.055995036820589705,0.05336985617332736,0.015370340235242547,0.02958844781962541,0.04719577604137897,0.03462934371085211,0.04326166504956075,0.07130818794696672,0.04878256538975271,0.02099269271755973,0.05745860515270489,0.03157304179072256,0.0680239529576127,0.04289197877101666,0.02564944308991808
0.01846736868676635,0.04274598448833672,0.04344928616639973,0.06326478845745889,0.046339532334161784,0.03971151810245876,0.03461707343998056,0.027167021542130607,0.03686336136745975,0.05636538358983757,0.0530738467459881,0.015190428601917848,0.03009359546817135,0.04740222912077408,0.03406798767102987,0.04385641864793114,0.0712075552865947,0.04912606319146604,0.02111588818289119,0.05779767538069915,0.0315687754165226,0.06767109170246213,0.04312951969469195,0.025707606713869128
0.01861468551947184,0.0426194179762989,0.043500211333538666,0.06306878507321734,0.04627512269509626,0.03974901646594263,0.03464915701342134,0.02730800609858994,0.036936740854997215,0.05639913085198461,0.053115150655910465,0.015291691929000574,0.03003114257842923,0.04752944998180926,0.034058041922258725,0.04387957672248052,0.07117376929296748,0.04905198304621029,0.02112421119300463,0.05788780216149249,0.03146050670440517,0.06755160580558185,0.0429754523576327,0.02574934176625788
0.01881261137208833,0.04288766786205883,0.04412157096545373,0.06302307001191439,0.04580256353095773,0.040081872171950444,0.03493111875107536,0.0272162835032853,0.03664736023316047,0.05646737041092051,0.05373522443439512,0.015144106515509124,0.029836804899012397,0.047621273394125765,0.03463428957349722,0.04319924969860885,0.07153025082543063,0.04860852184880281,0.02098027647453517,0.0574328474000212,0.031220632705894272,0.0679009831370706,0.04246228533070994,0.025701764949521783
0.018768103859083115,0.04264933024575074,0.044361870235813144,0.06238302916260305,0.045476325832996004,0.04028118047989484,0.03545647960169378,0.02770539741929686,0.036518049209453285,0.056767525859806434,0.05411441205706842,0.015085558182693113,0.030025225760292734,0.04797546234587995,0.0348390841849635,0.04296534828744891,0.07165194904661987,0.048280702441743754,0.02103475463587008,0.05723902035021187,0.03091903923434959,0.06772636675538814,0.04194595897189781,0.025829825839181003
0.01890941601777857,0.042524041717352454,0.04423988715704642,0.06225599984475821,0.04565338310261733,0.04033738869415974,0.035514795721277526,0.027737376813167916,0.03650045832266147,0.0567084635989425,0.0538930188740367,0.015225998978282172,0.02985113770454682,0.04810191894219,0.034694420640166486,0.04329434554076134,0.07142129216603119,0.04826479693313663,0.02102525622461463,0.05740561731095232,0.030929169896431335,0.06743076590906379,0.042004143198575525,0.026076906691448944
0.018570583145420816,0.042446197070544305,0.04435111907490488,0.06211283796489163,0.0454739581525713,0.04033817773196823,0.0357352884642647,0.027911068306403452,0.036395464475399666,0.05704565469986423,0.05425073479432062,0.014943191777340353,0.03001905667793916,0.04827531404133686,0.03473034348984388,0.043101227391805746,0.07175605175128175,0.04823121697586108,0.020947050595723406,0.0573710873270306,0.030698540638739953,0.06763223292032824,0.04176247578638728,0.025901126745827868
0.018514708245151033,0.042346511961352765,0.04439400639872589,0.061820349416886855,0.04534334046656762,0.04038098088216798,0.03594959233860489,0.028165751750637884,0.036379523232842104,0.05713304858231233,0.054346469870108,0.014944249769570303,0.030237826938234603,0.04834783787684908,0.03482060926684581,0.042987404834939125,0.07175329485397426,0.04812313276547276,0.021052519753197708,0.05722135452753086,0.03065221875228638,0.06752048760116355,0.04160956682592271,0.02595521308865549
0.018837609482863404,0.04207743102734489,0.044092668564062125,0.06139213525504761,0.0457003768208861,0.040526889868136996,0.0361922989351574,0.02836397031875215,0.036339160793763176,0.05691180677464275,0.053771667536181254,0.015337891804879043,0.030081510368695545,0.04853243932371703,0.03460654311200232,0.043642619176243756,0.0710942960689633,0.048025524545640644,0.021200112188720685,0.057361252747744965,0.030809354872436516,0.06670707396352014,0.041775607627982034,0.026619758822616173
0.018537967763669897,0.04204716447958225,0.04429597964083813,0.0611822499683535,0.04535435878863783,0.0405172914816752,0.0364085140358003,0.02863000172891138,0.036303633589398004,0.05720519664723876,0.05422231121909135,0.015091125453625148,0.03044414378653424,0.048595894806870016,0.0348043779127274,0.043192726900995425,0.07146283968757187,0.04793175945410518,0.021235573012478526,0.05712604558409961,0.03062114646706395,0.06696974908581631,0.041460439103871094,0.026359509401044617
0.01846045707875213,0.04220205856945871,0.04363600676078658,0.061927671508252825,0.04588342295730189,0.03999049902147258,0.03554576518643378,0.028234589384670203,0.03678120239484179,0.0567288243046697,0.053404685652796505,0.015321000833460411,0.03069030739248618,0.047917982928153635,0.03434085004592002,0.04363062309684315,0.07107224838262102,0.04860041141629189,0.021464151476050044,0.057402867297049624,0.03125476027363376,0.06698847578166267,0.04240157963520097,0.02611955862118993
0.018896992960338452,0.042147060995870525,0.04431178280270861,0.06115105948299287,0.0452875752260134,0.04051880559605901,0.036257353036256684,0.028652145363475663,0.03648424858662781,0.05685467155253043,0.05401557513143598,0.015416691059844233,0.03058486887446056,0.04832003965856883,0.03499352751931395,0.04303722321328392,0.07116571962692923,0.04785696099379101,0.021486335903472868,0.056869621384923026,0.030881831128080496,0.06679830581114657,0.04155806905664843,0.026453535035227443
0.01775510230992773,0.04129174942857668,0.04443227620159496,0.0599433554630068,0.044404127885972956,0.04097139073377526,0.037393538021529574,0.02979361924908371,0.03607020333393058,0.0582184427841371,0.05496889160822973,0.014424837619533282,0.03128656379558329,0.04947471096153188,0.03502544613667426,0.04268786253068681,0.07199735810458739,0.04765479900769807,0.021445610217149056,0.0567173747596784,0.029980123774502192,0.06681144641500401,0.04084220730616679,0.02640896235143948
0.01758094165160336,0.04106727489763238,0.04450662476747294,0.059351909635337416,0.043943364896844625,0.04126681521641506,0.037880018177594524,0.030305082416427355,0.03594104466897778,0.05843125749736784,0.05514537200537982,0.014281333716254847,0.03177903791536894,0.04969483297903463,0.03531894079451812,0.04235590260841465,0.07200722151320066,0.047424196784377544,0.021714381476599907,0.056218823034287074,0.029909680012740206,0.06658652622175788,0.040672318731295114,0.026617098381097323
0.018537358273743608,0.0413925864796108,0.04444837609994322,0.059362673175062525,0.044272951312045505,0.0410938762903767,0.037521387771432775,0.03019272981267584,0.03632555751541367,0.057443988070918585,0.05444166232289883,0.015251579690835392,0.03184884463548934,0.048963527411682084,0.03555322255951228,0.04240382362029395,0.07109637490440157,0.04726432557282173,0.022192019022501428,0.05588333671820183,0.03060573745324504,0.06599956820218414,0.0409235716448679,0.026980921439841245
0.01897316486134535,0.04106815963895301,0.04435181219437819,0.05854285149766402,0.044053500156205336,0.04127389048044675,0.037764785995702425,0.030836670228790837,0.036556238997290366,0.05720764860074053,0.054117256009539844,0.01575348929711555,0.032286570684043794,0.04899887521546969,0.035736493876369145,0.042388586529496154,0.07049390798675623,0.04701607269430439,0.022729392064616473,0.0555329555603611,0.030796509470992547,0.06519353274212858,0.04086709056694653,0.027460544650343154
0.01947427391343375,0.040215213040478835,0.04428324663025685,0.05826894457198817,0.04464672346591079,0.041659831582160745,0.037934432356260296,0.030677186234153674,0.03625818899595253,0.057083899704335535,0.05354523500860899,0.016356658582644255,0.031974405290059994,0.049135984209048716,0.0347712722694912,0.04331965914475714,0.06975623076340537,0.04693878727337184,0.022915093137132143,0.05581768540339089,0.030851341589248807,0.06419688984611435,0.04106700252772107,0.02885181446007404
0.018754771055791115,0.03857430818015093,0.045014695196711224,0.05756681795354807,0.043863935230288933,0.04249300319206104,0.03864931000772793,0.031075437754225853,0.035562584257577,0.05840031913015426,0.054640896762388126,0.015708820590539276,0.03266226903600143,0.049822598319056964,0.03380281968121736,0.04289014113699402,0.07067016138895996,0.046746544306229786,0.02310279489106347,0.0555176738875897,0.02993639835721482,0.06432927392087746,0.040432042973471624,0.029782382790159642
0.018022756967293375,0.03787366191453784,0.04530295304701052,0.05689440228042792,0.043067591708530514,0.04294658294919584,0.039207021684586014,0.03164603587604476,0.03525593566007206,0.05934792601191279,0.05542260155717683,0.015005675939396133,0.03319784775652075,0.050466995384710917,0.03370374869900387,0.04248370245725772,0.07143237600220402,0.04663134364590261,0.023102737277373015,0.055359748396973454,0.029320805227671526,0.06457645117032064,0.039937619182666535,0.02979347920321035
0.01788367830034039,0.037337120017374166,0.045560536816926914,0.05550794475428801,0.041715284346041125,0.043648882761468506,0.03951002917285081,0.03241314484174077,0.03523892334248203,0.05982252437932944,0.055853494515236475,0.015001184702397356,0.034196734807344795,0.05079978258227292,0.03418247175134983,0.04215795773846654,0.07175293277151865,0.04616985456903164,0.023391717839118698,0.055063870989092184,0.029295528655645175,0.06426530553821938,0.03927640031565336,0.02995469449181083
0.016360692489763507,0.03724628266437186,0.045481292577894426,0.0543000843847613,0.04028385763440247,0.04397747183134827,0.04058360472491804,0.03384659379100699,0.03513709929199586,0.06121505208220123,0.056937264416495915,0.01344030229746528,0.03494236961598002,0.05196620155442577,0.03520635368297865,0.04141202011739182,0.07303932264112545,0.04603078958008381,0.023146494757694664,0.05491836381286348,0.02836996039004625,0.06502576029436596,0.038495620882471056,0.02863714448394792
0.015651922610424758,0.03731478763323302,0.04540269519294581,0.05414534912680278,0.03991023960493587,0.04407713317208198,0.04100357237714963,0.034125659264074605,0.03489022529742388,0.06180301863592794,0.057381054534008775,0.012717219205069524,0.03501338675667312,0.05250174617873061,0.03548176534757349,0.041223789857512794,0.07359167863271782,0.04607126300821615,0.02282921472363511,0.05493280052140149,0.02798952275131583,0.06543815358032778,0.03834294107137962,0.028160860916437616
0.015399802434572826,0.03814546642983774,0.04485698396491606,0.054875649625161005,0.04071620432154331,0.04346165127664963,0.04124743361117573,0.0340834839339974,0.03484672977297806,0.06152632928522963,0.05707591101960921,0.012366364056282015,0.03447820312483697,0.05269984527856872,0.035791012000306356,0.0411401557536375,0.07327254060185019,0.046418257852013985,0.02260991834062892,0.054697787229613264,0.02802895708267945,0.06546884672090955,0.03904108507187046,0.027751381211132017
