Stock_1,Stock_2,Stock_3,Stock_4,Stock_5,Stock_6,Stock_7,Stock_8,Stock_9,Stock_10,Stock_11,Stock_12,Stock_13,Stock_14,Stock_15,Stock_16,Stock_17,Stock_18,Stock_19,Stock_20
0.005781441074646223,0.01633583219536617,0.0014637863334416867,0.0019516989405312386,0.09411176651056877,0.0454109353458009,0.09257163628506221,0.09370690103639409,0.08703590651316159,0.0023140420682154776,0.06916261796912006,0.018231068673803606,0.09448574970612324,0.08790274485014034,0.09420957846602854,0.09486376226569655,0.0038245655998868353,0.001215355495349095,0.0015067395821749268,0.09391387108848846
0.005781441074646223,0.01633583219536617,0.0014637863334416867,0.0019516989405312386,0.09411176651056877,0.0454109353458009,0.09257163628506221,0.09370690103639409,0.08703590651316159,0.0023140420682154776,0.06916261796912006,0.018231068673803606,0.09448574970612324,0.08790274485014034,0.09420957846602854,0.09486376226569655,0.0038245655998868353,0.001215355495349095,0.0015067395821749268,0.09391387108848846
0.005781441074646223,0.01633583219536617,0.0014637863334416867,0.0019516989405312386,0.09411176651056877,0.0454109353458009,0.09257163628506221,0.09370690103639409,0.08703590651316159,0.0023140420682154776,0.06916261796912006,0.018231068673803606,0.09448574970612324,0.08790274485014034,0.09420957846602854,0.09486376226569655,0.0038245655998868353,0.001215355495349095,0.0015067395821749268,0.09391387108848846
0.005781441074646223,0.01633583219536617,0.0014637863334416867,0.0019516989405312386,0.09411176651056877,0.0454109353458009,0.09257163628506221,0.09370690103639409,0.08703590651316159,0.0023140420682154776,0.06916261796912006,0.018231068673803606,0.09448574970612324,0.08790274485014034,0.09420957846602854,0.09486376226569655,0.0038245655998868353,0.001215355495349095,0.0015067395821749268,0.09391387108848846
0.005781441074646223,0.01633583219536617,0.0014637863334416867,0.0019516989405312386,0.09411176651056877,0.0454109353458009,0.09257163628506221,0.09370690103639409,0.08703590651316159,0.0023140420682154776,0.06916261796912006,0.018231068673803606,0.09448574970612324,0.08790274485014034,0.09420957846602854,0.09486376226569655,0.0038245655998868353,0.001215355495349095,0.0015067395821749268,0.09391387108848846
0.005781441074646223,0.01633583219536617,0.0014637863334416867,0.0019516989405312386,0.09411176651056877,0.0454109353458009,0.09257163628506221,0.09370690103639409,0.08703590651316159,0.0023140420682154776,0.06916261796912006,0.018231068673803606,0.09448574970612324,0.08790274485014034,0.09420957846602854,0.09486376226569655,0.0038245655998868353,0.001215355495349095,0.0015067395821749268,0.09391387108848846
0.005781441074646223,0.01633583219536617,0.0014637863334416867,0.0019516989405312386,0.09411176651056877,0.0454109353458009,0.09257163628506221,0.09370690103639409,0.08703590651316159,0.0023140420682154776,0.06916261796912006,0.018231068673803606,0.09448574970612324,0.08790274485014034,0.09420957846602854,0.09486376226569655,0.0038245655998868353,0.001215355495349095,0.0015067395821749268,0.09391387108848846
0.005781441074646223,0.01633583219536617,0.0014637863334416867,0.0019516989405312386,0.09411176651056877,0.0454109353458009,0.09257163628506221,0.09370690103639409,0.08703590651316159,0.0023140420682154776,0.06916261796912006,0.018231068673803606,0.09448574970612324,0.08790274485014034,0.09420957846602854,0.09486376226569655,0.0038245655998868353,0.001215355495349095,0.0015067395821749268,0.09391387108848846
0.005781441074646223,0.01633583219536617,0.0014637863334416867,0.0019516989405312386,0.09411176651056877,0.0454109353458009,0.09257163628506221,0.09370690103639409,0.08703590651316159,0.0023140420682154776,0.06916261796912006,0.018231068673803606,0.09448574970612324,0.08790274485014034,0.09420957846602854,0.09486376226569655,0.0038245655998868353,0.001215355495349095,0.0015067395821749268,0.09391387108848846
0.005781441074646223,0.01633583219536617,0.0014637863334416867,0.0019516989405312386,0.09411176651056877,0.0454109353458009,0.09257163628506221,0.09370690103639409,0.08703590651316159,0.0023140420682154776,0.06916261796912006,0.018231068673803606,0.09448574970612324,0.08790274485014034,0.09420957846602854,0.09486376226569655,0.0038245655998868353,0.001215355495349095,0.0015067395821749268,0.09391387108848846
0.005781441074646223,0.01633583219536617,0.0014637863334416867,0.0019516989405312386,0.09411176651056877,0.0454109353458009,0.09257163628506221,0.09370690103639409,0.08703590651316159,0.0023140420682154776,0.06916261796912006,0.018231068673803606,0.09448574970612324,0.08790274485014034,0.09420957846602854,0.09486376226569655,0.0038245655998868353,0.001215355495349095,0.0015067395821749268,0.09391387108848846
0.005781441074646223,0.01633583219536617,0.0014637863334416867,0.0019516989405312386,0.09411176651056877,0.0454109353458009,0.09257163628506221,0.09370690103639409,0.08703590651316159,0.0023140420682154776,0.06916261796912006,0.018231068673803606,0.09448574970612324,0.08790274485014034,0.09420957846602854,0.09486376226569655,0.0038245655998868353,0.001215355495349095,0.0015067395821749268,0.09391387108848846
0.005781441074646223,0.01633583219536617,0.0014637863334416867,0.0019516989405312386,0.09411176651056877,0.0454109353458009,0.09257163628506221,0.09370690103639409,0.08703590651316159,0.0023140420682154776,0.06916261796912006,0.018231068673803606,0.09448574970612324,0.08790274485014034,0.09420957846602854,0.09486376226569655,0.0038245655998868353,0.001215355495349095,0.0015067395821749268,0.09391387108848846
0.006281837193375472,0.016509358695121996,0.0015896159678587447,0.0021660220726119907,0.09401137170510816,0.04520656785853972,0.09233236889135267,0.09361437601567217,0.08696413858618134,0.002552481843650266,0.06871242165905807,0.018722189940149216,0.09440269684334149,0.08716236803623013,0.09409703528878523,0.09479740261230188,0.0041904887993151185,0.0013336388349931931,0.0016281163265782135,0.09372550282977493
0.0069671303911034745,0.01714476078882231,0.0018022342493594164,0.0025602991895193284,0.09384117527330504,0.044316288004035496,0.09206495934846204,0.09347528347223286,0.08658303759847726,0.002871944456397582,0.06851814409487295,0.019394240916911713,0.09427889834806139,0.08613615479272975,0.09394871920602217,0.09469269862976713,0.0046617341648691885,0.0015058094593216633,0.0018090325765432462,0.09342745503918598
0.008353036247952252,0.0189199190816011,0.002273054037312657,0.003685757768084891,0.09334593661530483,0.04146285019717337,0.09171540199203068,0.09312614447059189,0.0850860139701314,0.0034422556898442724,0.06883371903623252,0.021328116012495436,0.0939015903338274,0.08395540368237776,0.09367600045231522,0.094383358749757,0.00559163901207861,0.0019285990821047184,0.0021692997810907055,0.09282190378769328
0.008188574616904235,0.018100895091757996,0.0021391885030851206,0.0034740037767507976,0.09352574871518711,0.042563844182607904,0.09194709191052128,0.09326871283640455,0.08498438380515252,0.003430731250635995,0.06748518425220996,0.021076540405747798,0.09406299019501593,0.08460247356638369,0.09378481007984366,0.0945680821072758,0.005623181999118007,0.0018804513309268285,0.002181743789159567,0.09311136758531124
0.010895004086073246,0.02109835925581019,0.0027957813860805753,0.006345544586609745,0.09256937424260833,0.03717146173696019,0.09183198193212325,0.09264904321576778,0.08033844486343801,0.004546386404537766,0.06476165010648056,0.026744080262086266,0.09314691931797328,0.08108569885707462,0.09351295328175474,0.09396381855518106,0.0076841870512089575,0.0031021417495244582,0.0031206381928062825,0.09263653091590067
0.009827871579888408,0.020379225287305885,0.002596232506562354,0.004049099558737065,0.09308075189460385,0.04076191262570653,0.09085327399031552,0.09320519532120528,0.08390620109176647,0.0046301211687590224,0.06413895103631234,0.023654657402852646,0.09387930860012296,0.08221620084985565,0.09271488233490881,0.09447127894673212,0.007595503528428712,0.0024516514827596994,0.0029224096504558866,0.09266527114272079
0.011170670006693431,0.019528696482136697,0.0027026553368856465,0.006552076778762845,0.09271025674449665,0.038917230760740905,0.09223791644292058,0.09294742486270645,0.07918844801882594,0.004579437511966725,0.06079223568349081,0.027473512225743502,0.09313274509207382,0.08213738372878117,0.09359212342143929,0.09419647392522469,0.008224632463756645,0.003225781736384463,0.0035540027775580138,0.09313629599941173
0.01241462149995032,0.021352810564985846,0.004696828538553574,0.008602148134032855,0.09172891702228647,0.042953937328243284,0.09004361067733621,0.09050579605596924,0.07972144603171075,0.004675185262720267,0.05695165594191747,0.03151603054681415,0.09122531259911847,0.0847911676419982,0.09105358682969457,0.09131516232860087,0.0071660775931386995,0.0029380131515228365,0.006560003619568368,0.08978768863183753
0.01013108197699782,0.022514119619538045,0.004654567373921244,0.006353296846582084,0.09262418171547442,0.03850688726816928,0.08977504458100266,0.09148070422030093,0.08405912473649996,0.003926381389464185,0.062408456847781804,0.03036716005845434,0.09191406346308881,0.08172391357355754,0.09156107262047955,0.091363730033959,0.008184710961024114,0.0026363334198480303,0.004677312826809702,0.09113785646704649
0.011726834525127683,0.021892029745913314,0.004376025767742505,0.007779529752132315,0.09180232042475192,0.04405613514889578,0.0900216789865461,0.09072945222719174,0.08044998568272808,0.004325434191454513,0.05863677612576476,0.029895808207625454,0.0914743189842955,0.0847636998833858,0.09098812876308947,0.09159568562319301,0.006669692418141773,0.0027377118299291726,0.006121105825286586,0.0899576458868045
0.0093413422448491,0.024649612145324594,0.004023688848248437,0.005551096925590552,0.09223771189110436,0.045076893931053456,0.09004012348960176,0.09136811335093405,0.0817655921596912,0.003533653166944629,0.05949469029441038,0.029787053113934394,0.09200241274406616,0.08295801175265435,0.09087908879788183,0.09190348598948497,0.0065803238080043465,0.0024380250968358656,0.00526070258636326,0.09110837766302232
0.007126060812046079,0.025014049082147157,0.0037194101841495322,0.0035868061569229288,0.09278258317248439,0.04286419093190652,0.0902498117127848,0.09202271606245481,0.08491556713609713,0.002841134285642092,0.07022418582456494,0.023459562856575217,0.09326023851766488,0.08315132601549996,0.0909221179245253,0.09244524948931893,0.00548243392288353,0.0014885579198794282,0.0031603912636997042,0.09128360672875267
0.005252538585753288,0.028562080316988064,0.002449368631185677,0.002791211137821662,0.09290848221702488,0.041787622006118255,0.08934540862465258,0.09291627662527717,0.08099623862381314,0.00268040944589384,0.07194899437025128,0.02416543995936765,0.09365535822061358,0.08506683564367658,0.0918621667658445,0.09360710224888093,0.00422446125395536,0.001501256470264928,0.0023575242363528715,0.09192122461626376
0.006264207596319541,0.02224569771891422,0.0021527780052526,0.0024784060158652434,0.09358744194841347,0.04257495652703132,0.08989776849579773,0.09315187624706746,0.08521623544695792,0.0026670787412866226,0.07135017992244015,0.020539033594757995,0.09399286266254855,0.08602294883082849,0.09320534696582365,0.09416704446968044,0.0043155881847056175,0.0014241924230195481,0.0020617472140069247,0.0926846089892825
0.00647648607635857,0.02028067064742704,0.002133445258091412,0.00262348359177073,0.09398517127395466,0.042481722806382224,0.09092680261868263,0.09330594257048704,0.08524043162528215,0.0026709904118857584,0.06977481370232769,0.020130255234532775,0.09414215629280517,0.08641035847937513,0.09381348176316376,0.09441369238872961,0.004516092808206373,0.0014395948968454898,0.0020589202193936475,0.09317548733429815
0.006367748806910401,0.021049551606129372,0.0018863594389035994,0.0019649405492464613,0.09360240927412539,0.04390255150898122,0.09046057119553788,0.09329213872186484,0.0870578664913967,0.002445821757698279,0.07039655874918732,0.019297630972965413,0.0941193541534037,0.0867140602553395,0.09310921836306435,0.09424998959126962,0.003841151031211601,0.0013065849720707964,0.0018754845397437353,0.09306000802094984
0.006104475460558312,0.01785189861692831,0.0016376433829779844,0.001956859244533981,0.0939796932174886,0.044821594006179764,0.09191765199725804,0.09356431480736632,0.08719406138105405,0.0023342465614988156,0.06945968906484512,0.018498015245546517,0.09435801298866514,0.08740971779427266,0.0938576814413105,0.0946607554924811,0.003838523328326244,0.0012360806935153008,0.0016529533116098497,0.09366613196358338
0.005781441074646223,0.01633583219536617,0.0014637863334416867,0.0019516989405312386,0.09411176651056877,0.0454109353458009,0.09257163628506221,0.09370690103639409,0.08703590651316159,0.0023140420682154776,0.06916261796912006,0.018231068673803606,0.09448574970612324,0.08790274485014034,0.09420957846602854,0.09486376226569655,0.0038245655998868353,0.001215355495349095,0.0015067395821749268,0.09391387108848846
0.005781441074646223,0.01633583219536617,0.0014637863334416867,0.0019516989405312386,0.09411176651056877,0.0454109353458009,0.09257163628506221,0.09370690103639409,0.08703590651316159,0.0023140420682154776,0.06916261796912006,0.018231068673803606,0.09448574970612324,0.08790274485014034,0.09420957846602854,0.09486376226569655,0.0038245655998868353,0.001215355495349095,0.0015067395821749268,0.09391387108848846
0.006364060616568053,0.01647438163992829,0.0015282865077009562,0.0021785847329819797,0.0940788984303343,0.04549368719213684,0.09250920931669615,0.09363242885827378,0.08636043254079524,0.002448962570416345,0.06796998730607583,0.018889038622808073,0.09444206014454921,0.08774931761382694,0.09417398990907369,0.0948374597435554,0.004050369787216423,0.0012670077047230916,0.0016986320849741749,0.09385320467736523
0.005781441074646223,0.01633583219536617,0.0014637863334416867,0.0019516989405312386,0.09411176651056877,0.0454109353458009,0.09257163628506221,0.09370690103639409,0.08703590651316159,0.0023140420682154776,0.06916261796912006,0.018231068673803606,0.09448574970612324,0.08790274485014034,0.09420957846602854,0.09486376226569655,0.0038245655998868353,0.001215355495349095,0.0015067395821749268,0.09391387108848846
0.005974074881684361,0.016586609529491685,0.0015498721030734013,0.002078386938948825,0.09408918271767701,0.045080922786954795,0.09245475771393849,0.09362653143277694,0.08693677144474406,0.002386301821761053,0.06888510807307631,0.01865931833013782,0.0944209629013755,0.0876789183875846,0.09412963160641012,0.09478559068715468,0.003968242566233408,0.001273711994718772,0.0015936137413549167,0.09384149034090324
0.006363738949756234,0.02062087975630094,0.0018618554952075502,0.0019609178382940574,0.09366709601275607,0.04401458819150673,0.09067504192437503,0.09333355081411261,0.08710449200057056,0.0024161837410663213,0.07019843302440773,0.019168084990273563,0.09415704284793176,0.08679475274616659,0.0932186842855561,0.0943005847184131,0.003844899193159598,0.0012894079642775064,0.001853842346034116,0.09315592315983383
0.0054276787659922774,0.02641679399862968,0.0018842817350785714,0.0018390369352533212,0.09277638526549463,0.04174157585536886,0.08882685965345394,0.09321337355771823,0.08597715083309379,0.0024338376109578966,0.07168885726279434,0.021557869231873306,0.09397823952844929,0.08676552192509127,0.0920760645624502,0.09380542514630807,0.0037909371160650737,0.0013435189579023249,0.002072737769034954,0.09238385428898997
0.005317818414102983,0.027196043593120712,0.0020306422587275785,0.002229420368048948,0.09290367182511816,0.04193068526661169,0.08895497961441762,0.09305824953521481,0.0836287590015556,0.002592850295826775,0.07286106974872472,0.02177438480721415,0.09387663222449483,0.08618547273425939,0.09202214327118827,0.09386467863952598,0.0038536521113704705,0.0013352359133825262,0.0020516292736312536,0.09233198110346352
0.006828043528109941,0.02214883563417443,0.0024118383965926076,0.003049882275545347,0.09375982171147887,0.04188720513824144,0.09004281494304889,0.09306419695903002,0.08438978031065643,0.003004045716051625,0.06921680703504307,0.021257242650975502,0.09396755998622794,0.08564806862869365,0.09347917034415025,0.09420717486787246,0.005044065649594589,0.001604005128983215,0.002406909672799981,0.09258253142272975
0.009364816419945065,0.024144377516255627,0.0035924185866206093,0.005313222275948004,0.09268129396934364,0.04519192984690098,0.08907846173240642,0.09163161056056232,0.08241093183218802,0.003902271007606731,0.0606282436361322,0.026320479794870073,0.0926044159727003,0.0834173471368069,0.09142302397592895,0.09266942930670534,0.00705516684420995,0.0026701220866943774,0.004844436968991137,0.09105600052918333
0.007318211072652387,0.02642789147390565,0.0034758022080766436,0.0039007422001885307,0.09246033910561607,0.04567979286753517,0.09033542200946532,0.09190706633914461,0.08307949501221076,0.0029764890460212373,0.062034149512275816,0.028768435492014827,0.09254618380264423,0.0820984933302531,0.0910366289723134,0.09229862102910433,0.00583282315164195,0.0019161736544316785,0.004039438264134162,0.09186780145637015
0.008391552421957677,0.02549294111035318,0.0041120018534555125,0.006120024363826665,0.09215632746566352,0.041958953247683124,0.08996899375353523,0.09115044522501121,0.0830426392671614,0.0032788936025767573,0.06123233131994977,0.03198998590145028,0.09159442501954808,0.08315915165642122,0.0909157854411738,0.09149362778449377,0.005919590129450422,0.002127802100979024,0.004931058048321402,0.09096347028698797
0.005652597563193897,0.028476096229992406,0.003829199843216206,0.006231857338730685,0.09157221977221347,0.041376130184428664,0.09055099588621178,0.09095903274438367,0.0840348719449967,0.002248843411065196,0.06018564184702636,0.03619927696867327,0.09104552768191948,0.08482404463176502,0.0903130751696984,0.09094972362340459,0.004357356538956253,0.0012546620222104754,0.005242904702273341,0.09069594189564016
0.006779206143429904,0.02732748235854598,0.004104374448417214,0.006716787886797864,0.09173205002965515,0.04162367336753954,0.09027105991031387,0.09088327765390412,0.08300956608475311,0.002764272506567166,0.05998952579244631,0.0355051907045621,0.0910789835899252,0.08389705834328433,0.09045983327089185,0.09096333664009008,0.0051321092530199,0.0016650942797937962,0.0054234780427837095,0.09067363969327878
0.0058653299849856354,0.029677257764517902,0.0033256279158686126,0.0035659315042406887,0.09201868104122471,0.046837949328932406,0.09092683121163667,0.09182507061191335,0.0818993021698691,0.0022615328004407663,0.060098069477756075,0.032069913654170674,0.09225874923016328,0.0817494143829575,0.0907194106822262,0.0918769369537628,0.005245954842188906,0.001593883959529782,0.004339633394695146,0.09184451908891979
0.009894932195071005,0.02400847975913217,0.0042335293510127004,0.006404214458403156,0.09214923418239111,0.04292607499765293,0.08973191145889486,0.09105868343720494,0.08225856554202196,0.0037559463687454053,0.060387894710208244,0.030753843449343433,0.09165961342563823,0.08338078276822783,0.09103557790332467,0.09157883147120796,0.006383646754702567,0.0024897016402205116,0.005286669659539197,0.09062186646705711
0.008593625029817,0.025577680480037442,0.004881006923657899,0.008014185830069312,0.09279873016898818,0.040591952871893475,0.09001634416282556,0.09053467326593817,0.07936605727399028,0.003949829442824179,0.05875861747891307,0.031811402840604484,0.09175285591484059,0.08459339625897631,0.0921480590705875,0.09168794731196725,0.006659579631485681,0.0025918436492714764,0.004929396836213398,0.09074281555709875
0.00872420030493665,0.02176803974202471,0.0032761807819741183,0.004388506217181303,0.09337397221336269,0.042752563521353634,0.09042108903428785,0.09204846711521605,0.08399288389760876,0.0034816586167868216,0.06368625751032764,0.025010901869454958,0.09310922044945491,0.08448582933873998,0.09252735131622224,0.0931175479800144,0.006066987122253274,0.002147137715404675,0.0034661923902900606,0.09215501286310529
0.008488234492629015,0.024026608315379023,0.0033174292992311986,0.004139858032368112,0.09290431993833174,0.04495215716874463,0.08953307310699558,0.09197446073797058,0.08362404504818703,0.0035772902040273253,0.06352309024605667,0.024916880840638318,0.09294559169694055,0.08345734965411444,0.09163291448664672,0.09286625353249839,0.006315962938426796,0.00229361745807665,0.003811982837961549,0.09169887996477567
0.00874934807599617,0.025700614650471867,0.004327286989153194,0.007496830437964108,0.09345474662655555,0.042715228857513166,0.08960998312707655,0.09099001958091822,0.07929650356555265,0.004122322954512079,0.05784319140414404,0.02806664143494212,0.09251560145986368,0.08366261467818091,0.09268094069675904,0.09268909613611612,0.007256951286019422,0.002733999521968865,0.0050769611683416085,0.09101111734795063
0.007602707489322857,0.02752864022885282,0.004197050520273086,0.008367354101458628,0.09349089563150749,0.042866447701209676,0.09103948697508882,0.09104559827656729,0.07927889840992217,0.00331576943384589,0.05341055314960343,0.0289493093529671,0.09272146564087805,0.08518289540384723,0.09286498413017803,0.09285914698054158,0.0064894825215492625,0.002328885629020412,0.005284390984962172,0.09117603743840401
0.006504335159225648,0.02927107315294633,0.0036733580229041073,0.00690980633676285,0.09346399520652982,0.045447865262653826,0.09131067691503639,0.09156861610003747,0.07983049727003473,0.0028896001971163683,0.05336119956814031,0.027355916217212263,0.09303818984131146,0.08508211008895544,0.09259242975339883,0.09310708128171404,0.006144054552571265,0.0020263829736970563,0.004942231876673765,0.09148058022307805
0.007102201385110763,0.028211110169614726,0.004175520745752091,0.007107723744490038,0.09271400566350081,0.04667108383710309,0.09116921125060908,0.09126933833450578,0.07949056752712744,0.0027732320762273313,0.053316123876388094,0.02999888273413932,0.0921973324745437,0.08468174385319226,0.09177711234463744,0.09214474127143406,0.006197550606323924,0.0020598372179418856,0.005799476524487076,0.0911432043628711
0.005570120333425775,0.02975242112288712,0.003252367276613127,0.00622012340881189,0.09326113226923419,0.04712137944382345,0.09255338963005738,0.09235749089035596,0.08103771524531861,0.001996913556828682,0.04987640383242593,0.027535302071113005,0.09327868477811052,0.08648670563535982,0.092411081213957,0.09330540599868764,0.005349604854120735,0.0015308762452455652,0.005170251885100207,0.09193263030852339
0.00697584905091907,0.027870714071775358,0.004048188430645891,0.0077157005066384315,0.09259020634259976,0.046762166671586725,0.09193791673238735,0.09162806204239372,0.08008052451577831,0.002332251959354807,0.05085698644130553,0.02945343957741692,0.09233969239512917,0.08652964946584968,0.09190661593431353,0.09248726300525587,0.0053809378032167515,0.0017632641384817507,0.006307280648002494,0.09103329026694891
0.007357098599128094,0.027869099744306732,0.004061448744238924,0.007053379628123686,0.09171038193988565,0.04778826981788547,0.09168365136703734,0.09123898452362754,0.08030686562797211,0.0022488709591427297,0.05176228801568643,0.030851729984359973,0.09166046015124965,0.08647161663167478,0.09094071222987753,0.0918533270209181,0.005542961811517102,0.0017738190162688513,0.0070659752448378335,0.09075905894226145
0.00880111232756907,0.026919769267832346,0.004251529472646504,0.006498709533308261,0.09097486173385336,0.047558279180847325,0.09101282753803785,0.09087507421787415,0.0803177609131567,0.0026290144505509904,0.054574607080991176,0.032132671116686724,0.09112565076338192,0.08514626598804927,0.08996199271092925,0.09108532957995165,0.006029292520134863,0.002096206405206572,0.007750084482446266,0.09025896071654575
0.008618653618357874,0.025971460798838428,0.0042124882395612835,0.007575047757370234,0.09115685837776176,0.04546570494842371,0.09040515328762934,0.09052543190452578,0.08113526388026913,0.003061469634697108,0.05655056677113735,0.03354413177307489,0.09082325510565446,0.08558019425721938,0.09016141585105182,0.0909065819979148,0.0054802928175619455,0.0019450622368056155,0.00699274704820203,0.08988821969394303
0.009745417660722861,0.022689750372794453,0.00431781332381904,0.008679397537361754,0.09153078147607764,0.04241334762849866,0.09051930402861805,0.09052429760899497,0.08164814964210194,0.0035180082001147017,0.05668572892650444,0.03327670121860931,0.09091527645776615,0.08729252636801692,0.09083579390231658,0.09112372341058211,0.005403502325219229,0.002101784529926663,0.007230370919983874,0.08954832446197064
0.009466724230011775,0.0247326115198367,0.004676308043060241,0.007826474905871201,0.0913812723685731,0.04316602217178242,0.0901533273149031,0.09032312170992415,0.08100026761456221,0.0034409196945210246,0.057385062205651566,0.03435069113706125,0.09069806684988994,0.08472853877042089,0.09048841264581729,0.09055923723284792,0.006520796231601625,0.0022979669424673613,0.006865344421043644,0.0899388339901526
0.01072160787311567,0.024716844051729768,0.004802443055290699,0.007298291049945645,0.0913621367218522,0.0451219772025381,0.0899742499784512,0.09047096787245851,0.07971670155623067,0.003760758322238773,0.05681523918769354,0.03245698230858226,0.09104414113763955,0.08321422522872639,0.09020002521102356,0.09089353238637056,0.007427920163696218,0.0028783921966757465,0.007020234166693596,0.09010333032904737
0.009443097978444734,0.02518042768513844,0.004281824605907916,0.008016452242182623,0.09103157344997295,0.04654223716401979,0.09045036698228076,0.09049258875492654,0.0805347430566204,0.0032185713210756742,0.055754986013171005,0.032059791667092497,0.09076677303188681,0.08606084609854338,0.09010265530575139,0.09104431268150766,0.00572630974014884,0.0021672296091885335,0.007440038365107309,0.08968517424703278
0.00859576547629435,0.02563898089957898,0.004325260063136222,0.00865008969615136,0.09179351636919421,0.04571612382371782,0.09094619357632558,0.09085046929331912,0.08018156949141685,0.0030162039076331282,0.05377505291442055,0.03112682709322423,0.09131937930457375,0.08674396900936887,0.09113644368984448,0.09166864662177975,0.00538114734918555,0.0020254859925308557,0.0071889735506176465,0.0899199018776867
0.008346552722921381,0.027063318080458486,0.0043378110080668575,0.006441507109577657,0.09201791910026359,0.046530034541158866,0.09055485349253153,0.0910116476045394,0.07930660423486917,0.0031893274725117663,0.056479517536595074,0.031583049245767124,0.09167196730535454,0.0832682068263081,0.09087312711490425,0.09155397296199863,0.006567445330797545,0.00231588415238044,0.005990512394747528,0.09089674176424803
0.00952974269314541,0.026109633194860402,0.004525512042123084,0.008525965146301651,0.09208917697399467,0.04710706245992869,0.09069603909066219,0.09078711388172038,0.07864062504543987,0.00343351394845181,0.05212050273000942,0.030149574739598093,0.09149927902670271,0.08437128355093518,0.09111635067000617,0.09180222045163876,0.006895102197760965,0.002680941103337047,0.00760090629347376,0.09031945475990975
0.007895401080688534,0.027104733549464095,0.004029173506356294,0.005815671618317355,0.09244981961441794,0.046742988938439645,0.09040729070068565,0.09134222090094499,0.07995446016562394,0.0032217520571913303,0.057555823869862945,0.02928797241332079,0.09218373506930308,0.08305943086115568,0.09122428188696909,0.09207350618958057,0.006726792108833832,0.002294718800605628,0.005443680284157281,0.09118654638408134
0.008515427969156773,0.026118920776697044,0.0036010958398868796,0.00604616623570818,0.09261951681937812,0.04636042625085483,0.08993039641715692,0.09169802937860712,0.08076353334524095,0.003648444477566655,0.05630146639953458,0.027640070030051932,0.09263694692236568,0.08344459282471044,0.0913515753748122,0.09273877391536814,0.007277819245604462,0.0026142669363429043,0.005679959829068448,0.09101257101188774
0.00878918455046602,0.025873515702583224,0.0036023115117457573,0.0053881630524863664,0.09220254795531956,0.04657105414744657,0.0902398151146012,0.09181653657751558,0.08119274001524555,0.0033653809597622452,0.05604192842337622,0.028834850004594965,0.09251842877825801,0.08366283008542139,0.09098458987423119,0.09238644914556544,0.006773009413288393,0.0026638504328794685,0.006106669468167702,0.09098614478704516
0.011971517787426026,0.022812931875444316,0.00494025945510768,0.010075282355398044,0.0916750082106603,0.044812749968841645,0.09015821831685181,0.09030506698908244,0.07805053139980862,0.004340132664810787,0.05390484250265859,0.031022305071003477,0.09093521386876986,0.08524550964356462,0.09108726197852456,0.09148105274786275,0.007050420272462887,0.00302090155173499,0.00780888325998904,0.08930191007999758
0.008424540163595918,0.026512615024151674,0.003869060418259844,0.006555299873695061,0.09267320323347161,0.04647919891344175,0.0903642561381055,0.09142959711800216,0.07984034662872869,0.0035039592696865006,0.05560286233011184,0.02836312414424033,0.09233430464437248,0.08355878007149599,0.09143056557872846,0.09251573151937525,0.007099298505727195,0.002566557648561861,0.0058696467699581685,0.09100705200628974
0.00744780407401104,0.025143261239990687,0.0027169176495795947,0.0033030434778337173,0.09263918789838786,0.04378623742089533,0.08890480877188256,0.09267429907143142,0.08446714376736181,0.003220669021668489,0.06391787136202952,0.025307641733472712,0.09341423834092573,0.08484149158888916,0.09173427123975787,0.09323609497588872,0.005823285437512177,0.0021787776623436797,0.0037136334325905116,0.09152932183354738
0.007750767168344761,0.02211219233445595,0.0021535041467270356,0.00303340005062885,0.09340763103646152,0.04247917288619779,0.08994258475092339,0.09336143416956369,0.0851857367621186,0.003366972656141643,0.06389891161174638,0.022799069370774937,0.09408843784579934,0.08620655090457761,0.09280099292955747,0.0944187557764201,0.005613763132688529,0.0018239754891180102,0.002962012459280078,0.09259413451847431
0.009806016819135158,0.01679786402880878,0.0018936442239249785,0.004598835004662362,0.09387659781579116,0.04375213126129962,0.09309755098276573,0.09359278651806414,0.08039154993098901,0.00319046746798138,0.058725863883318984,0.024502777456637873,0.0942724237892876,0.0881680106551998,0.09401011737006001,0.09499494384291868,0.005149523806901867,0.0017512162477656584,0.0034633358645718097,0.09396434302991537
0.011232581534552982,0.01783590299872781,0.0025665997094984918,0.005579626248948265,0.09347638078345882,0.043355736825982594,0.09234585359077938,0.09290668695108728,0.08076080938179922,0.003900106508627758,0.057030854200483413,0.025218635312624322,0.09368541312796769,0.08722314289942654,0.09323887410372729,0.09438081634613027,0.005915665405514636,0.002133092483455571,0.004311505706161269,0.09290171588104638
0.011708083246880838,0.02316312930232598,0.004779478707438698,0.008266445018632716,0.09138426054917882,0.044599044540354675,0.08948568717466712,0.09030522116805585,0.07992844822657637,0.004242238098238503,0.05804123825594868,0.031396771325444585,0.0908628551888437,0.08411224436827586,0.09044383664308815,0.09099549828750277,0.00695737336374565,0.0029836189379119134,0.006826955820433202,0.08951757177645592
0.010255080642330681,0.024746206346038333,0.004618790661872824,0.0074867735921086125,0.09147239098531589,0.044945198034255195,0.08982435012004843,0.09049873590319493,0.07991578309814772,0.0037711860033438796,0.0577718444452574,0.032562622393049113,0.09101591412028237,0.08360050859314298,0.09043818629047122,0.09100011637001633,0.006817013048545512,0.0026803825383358106,0.006525344766018894,0.09005357204822387
0.010649245305312837,0.02412871882488162,0.003993172522794975,0.006769731966759528,0.09138585082175656,0.046404731147596405,0.08985326895269377,0.09106227338059128,0.0813182109071491,0.00359131725815324,0.05494619021169793,0.030413359607218308,0.09151395056779119,0.08432632110254885,0.09013910929951513,0.09163689661509404,0.007063753597706229,0.003113182716572942,0.007709698012842909,0.08998101718132316
0.010713490515931578,0.021964439023274926,0.0033312305389111454,0.00559837751082208,0.09239217566325163,0.04560134708885306,0.08982304297989675,0.09193020767562715,0.08238011690603546,0.003927470232212962,0.05763385411233566,0.027277165100704007,0.09248297494844239,0.08483917237282396,0.09127991439867553,0.09279812572824726,0.006837532789328688,0.0027072559781059348,0.005625621293580716,0.09085648514293912
0.01323826362369529,0.017386923647839073,0.0027237509330281513,0.007544396742183408,0.09290267719646637,0.04155431362199986,0.09340425222628984,0.09325311836579014,0.07632679081000335,0.004020236999086575,0.05246315717593996,0.028587961451795114,0.09343661451642782,0.08849882739161234,0.09340303820683128,0.09448528452472545,0.006329351148136212,0.0022326627189085562,0.005211418439205653,0.09299696026003557
0.013109035018473835,0.01986042344119586,0.0043474785250151565,0.008605111811973447,0.09196756687331621,0.04374771494706501,0.09075048978257712,0.09098550815171924,0.0787600523019284,0.004736062522385386,0.05535503351068633,0.029846428198307903,0.09163103627263154,0.085833203375278,0.09156591049480317,0.09216727416634417,0.0071058761223780735,0.0029575615117623023,0.006423847751180178,0.09024438522097868
0.010472021475649509,0.02315421008363416,0.004256453853814779,0.007024083640967079,0.09211079352162763,0.042407217407996814,0.08977859102823278,0.09092779732901912,0.08209664596600201,0.004034730973613849,0.060020489228523655,0.03066875236740218,0.0916020936433734,0.08401765155498897,0.09113699435389874,0.09155393204012806,0.006338223913081606,0.002543423186202665,0.005502243022806466,0.09035365140903652
0.009576476409613026,0.023218428818781143,0.004163178152131547,0.008578405745118336,0.09143076322612345,0.04338400755800676,0.09047554099456503,0.09057278689586316,0.08156130911681052,0.003502702643634389,0.05758730858750866,0.03216512731357431,0.09094593886160654,0.08757189627937244,0.09068669856471437,0.09124384015638973,0.004867523760537911,0.001977071145190401,0.007093489774861631,0.08939750599559665
0.010579512843882376,0.02321302710549282,0.004613035118714019,0.00877212996052155,0.09150346139428532,0.04285803691410796,0.08984355098119984,0.09033583904195791,0.08068371476200718,0.00415525950187919,0.05806510357565709,0.032798035744413506,0.0908189065636789,0.0854850437325618,0.09064683850206222,0.09090704638141714,0.00597874463596405,0.002479583763978459,0.006899024063220328,0.0893641054129983
0.011727616610455027,0.02194001371828422,0.0045083391636468835,0.0091759381636452,0.0914909293118029,0.04377341443157422,0.0902692634664315,0.09039672095180351,0.07914862323969046,0.004449120992857614,0.05664585929513975,0.031670642280037936,0.09100897470463669,0.08631396552304339,0.09084430500111661,0.0913953841226003,0.006096804715660835,0.0026100508853684583,0.0071221281854747616,0.08941190523672972
0.012409059643639945,0.019761024029721228,0.0036990894425010926,0.007229567750405467,0.09236929662140615,0.04456836821148408,0.09095228033443883,0.09168256703556356,0.08009353716392549,0.004402819433233617,0.05586716098264818,0.027646848511267322,0.09221544809495093,0.08592712505853202,0.09176348165574821,0.09290860563778011,0.0068495675987262335,0.00273355721252924,0.006024751110975461,0.09089584447052283
0.009175864482885161,0.018921892922535485,0.0026204970583851516,0.004053094993975013,0.09351185405279694,0.0438651949095399,0.09151559250323513,0.09273983704576576,0.0839401420927566,0.003338545240461134,0.06313749854088278,0.023111777614701037,0.09362270801101932,0.08638355189328234,0.09313033700650546,0.0938769690049816,0.005390907202364691,0.0018892227618023546,0.00314291574051644,0.09263159692160772
0.011178061541164458,0.017224860678127035,0.002327134834918166,0.005701980421368384,0.09357711731496085,0.043144329667975614,0.09277021296942888,0.09315363903789103,0.07966905132271784,0.0037754570747779463,0.05659241530910309,0.025734513035453876,0.09382581130668542,0.08769349170644154,0.09350628189245071,0.09461195702624117,0.0058040835603045005,0.0020751992905960193,0.004298267020991822,0.09333613498840164
0.012158434557561803,0.018946455084231355,0.003371395369303824,0.006656805193161695,0.09286695384905683,0.043923674525116925,0.0915043352799088,0.09212637725470357,0.08013027873540306,0.004330272028650742,0.056786864806972696,0.026295303800637538,0.09283492860579143,0.08652345961420889,0.0924827310788541,0.09349697064756785,0.0063646421162605925,0.002494542605717545,0.005127805924621342,0.09157776892226942
0.009215284362120702,0.017825252365967843,0.0022312225848821186,0.0037465364933044467,0.09376505296270272,0.04421486898545418,0.09219524092499982,0.09315150701153291,0.08360351728674127,0.003287367045367774,0.0621632041972666,0.02210812220243987,0.0940412085287833,0.08726944560533664,0.09358858091948943,0.09451164781963814,0.005179353890764693,0.0017395187366167392,0.0029595702107717945,0.09320349786581898
0.013195967508100035,0.018663191454963694,0.0036223825431754425,0.008491561954194472,0.09230812515468483,0.0441473787670721,0.0917130865007327,0.09159461467574255,0.07788278916822845,0.004629768075142192,0.05377688744892069,0.028266354297710593,0.09224695975228922,0.0870307355316842,0.09210448095058421,0.09323057591534786,0.006747935750688744,0.002725358680578392,0.006471260067578752,0.09115058580258086
0.011862484000793913,0.018206205847391622,0.002925207094688982,0.006247603064078537,0.09319113898257633,0.04332139668342793,0.0920398339863649,0.09255860073762129,0.08034515417563046,0.004194409446131246,0.05630168460420403,0.02586334227193381,0.0933258960561016,0.08691990415589183,0.09287129277262837,0.09405732855867337,0.006242609507433044,0.0023369615247897046,0.004850343854356858,0.09233860267528217
0.00859010960535054,0.01694508266600828,0.0017860364864041238,0.00349813073541334,0.09390845672980346,0.04487225346838323,0.092708871454304,0.09352200628865172,0.08299152186072492,0.002919379926095676,0.06224010857422627,0.022080610021160737,0.09431487479192975,0.08786064002199426,0.09399319274159744,0.09490406896572721,0.004794325748988277,0.0015680068390825166,0.002677080083544618,0.09382524299060964
0.010026716976297739,0.016694823945595367,0.0019027982469231588,0.004877595587577749,0.09387380694375133,0.043526938554132415,0.0932224292988687,0.09362024496095972,0.07975587511763801,0.003252771395666019,0.05795194824774739,0.025053968158071708,0.09426539391617302,0.08826413808984196,0.09404153088041332,0.09503286902072731,0.0051996355996979235,0.00179381928973073,0.0036348968844758744,0.09400779888571054
0.008700192957532748,0.016960902884401136,0.0017977312802254662,0.0035807117031773084,0.09389838345314915,0.04479950855453183,0.09272482547557982,0.09352088332937296,0.08279139591631912,0.0029447670210412157,0.06196244991431746,0.022266878761813384,0.09430473020860183,0.08787049475949793,0.09398215361183043,0.09490806153255466,0.004834683976300619,0.0015863980983197102,0.0027370051900491945,0.09382784137138404
0.007452467811114566,0.01884375041367339,0.0018585729867807276,0.0025592641379651193,0.09386524597082692,0.04482099925901792,0.09159443957922551,0.09351390128095954,0.08583859663298146,0.00280016518994714,0.06498503767685697,0.020222722783245405,0.0943528938952778,0.08701687013328288,0.09360696491092343,0.09466289987416084,0.00473647442036142,0.0014472614008615033,0.002311675604760149,0.0935097960377773
0.009729384171213317,0.017620109731270785,0.0020985771254790936,0.004412638976293884,0.09376324325408096,0.043698320359289965,0.09249784935018313,0.09338189427033908,0.08198138608130466,0.0034746191988429165,0.05914584560819514,0.023824073482710446,0.09413083789365248,0.08746983594710463,0.09364079042449054,0.094799783993439,0.005449793131754991,0.0018505813466804077,0.003511965583935311,0.09351847006973928
0.011844305887203551,0.0179312932263835,0.002748108061410036,0.006261917042898916,0.09327893205453291,0.04314785924141788,0.09230537944523605,0.09271002633168891,0.07991773417427711,0.0041187965097688,0.05582498776109361,0.026064019362041276,0.09346274839209986,0.08717379157859352,0.09303123440279569,0.0942458139328519,0.006173721230871884,0.002284408802366227,0.00482345362246952,0.09265146893999883
