0,1,2,3,4,5,6,7,8,9,10,11,12,13,14,15,16,17,18,19,20,21,22,23
0.042479787,0.042578515,0.043173645,0.040543087,0.04129388,0.04261057,0.041754995,0.040823545,0.04025363,0.03994046,0.03965952,0.038116425,0.039191514,0.04259881,0.042886503,0.04276808,0.0446537,0.04300805,0.04155863,0.040312786,0.039220314,0.041247964,0.04630878,0.043016825
0.042531997,0.042604692,0.043186795,0.040740445,0.041150045,0.042592857,0.041750535,0.04063959,0.040550273,0.039726097,0.0399964,0.038094983,0.03929515,0.04252609,0.043074947,0.04280642,0.044555973,0.042794246,0.04165779,0.040151104,0.039086375,0.04104615,0.04632612,0.043114968
0.042459887,0.042569987,0.04307396,0.040535264,0.04129213,0.04257754,0.04173119,0.040773544,0.040293813,0.039866403,0.03968941,0.03813871,0.03920687,0.042669516,0.0429634,0.04275369,0.04466302,0.043001615,0.04160294,0.040290907,0.039224144,0.041280933,0.046343043,0.04299806
0.04232504,0.04274401,0.04318814,0.040660456,0.04125471,0.04257174,0.041674584,0.040997323,0.040123362,0.040005162,0.039474145,0.038205687,0.039240714,0.042587873,0.04288135,0.04259273,0.04472377,0.04306049,0.041521702,0.040318828,0.039167732,0.041303776,0.046313047,0.043063607
0.042483713,0.042597227,0.04312974,0.04049826,0.041277327,0.042557932,0.041777696,0.040778633,0.040245723,0.0398956,0.039657746,0.038116317,0.039134804,0.042627905,0.042987853,0.04282841,0.04468521,0.043046318,0.041591894,0.04030354,0.039199233,0.041219972,0.046321273,0.043037683
0.04253051,0.042428236,0.042925708,0.04062323,0.041374404,0.042696975,0.041886725,0.04075695,0.04025775,0.03963201,0.03983327,0.038190093,0.039139107,0.04269503,0.042905975,0.042821717,0.04463968,0.042991403,0.041613664,0.040429793,0.03916104,0.041081484,0.04624284,0.043142352
0.042496573,0.04254029,0.04310946,0.040576,0.04128868,0.042661246,0.041826688,0.040813547,0.040254664,0.039894022,0.039723184,0.038061403,0.039162975,0.042644378,0.04296877,0.042777922,0.044584095,0.04297892,0.0415387,0.04034713,0.039203085,0.041241344,0.046256687,0.04305019
0.042431932,0.04277144,0.043185912,0.040431127,0.041139234,0.04264937,0.04155978,0.040884286,0.040306203,0.040149238,0.039437156,0.03820473,0.039236613,0.0425454,0.043052286,0.04273162,0.04476591,0.043009203,0.041571453,0.040245567,0.039156254,0.04138985,0.046244048,0.0429014
0.04243926,0.042595107,0.043027464,0.04056815,0.041364625,0.042552385,0.04190257,0.04078152,0.0402317,0.039864242,0.03974702,0.038121257,0.03916842,0.04257016,0.043036558,0.04276362,0.044639744,0.043061208,0.041572932,0.040254418,0.039160646,0.041119758,0.046320777,0.043136537
0.042462837,0.04258371,0.043074004,0.040622395,0.04127094,0.042701576,0.04174146,0.040851485,0.040149912,0.03985754,0.039564356,0.038143456,0.03905802,0.0426635,0.042946067,0.042759907,0.04471763,0.043008592,0.04165762,0.04041664,0.039166756,0.041242104,0.046296846,0.043042712
0.04251093,0.04249921,0.04305567,0.040510762,0.04137698,0.042547267,0.04184082,0.04075882,0.04030092,0.039841056,0.03978194,0.038129903,0.039243475,0.042632524,0.04292396,0.042806286,0.044602286,0.042987537,0.04155216,0.04031523,0.039188094,0.04120488,0.04625989,0.043129414
0.04245306,0.042634174,0.043128163,0.040615775,0.041279398,0.042668372,0.0418111,0.040805873,0.040349156,0.039981034,0.03957656,0.0381207,0.03925727,0.042563442,0.042943954,0.042734813,0.044666685,0.042987328,0.041541662,0.040271558,0.03913549,0.041258458,0.046271387,0.042944543
0.04245101,0.042599514,0.043110028,0.040540177,0.041261356,0.042627458,0.041720558,0.040842004,0.040202696,0.03994303,0.039631378,0.038124114,0.039194964,0.04264128,0.04293439,0.042747628,0.044644576,0.04302412,0.04155255,0.040337265,0.039241146,0.041281614,0.046314586,0.043032594
0.04246546,0.042562585,0.043018557,0.04060394,0.041267194,0.042565547,0.04192924,0.04070645,0.04045424,0.039816797,0.039837264,0.038168814,0.03916242,0.04261995,0.04317082,0.0428762,0.044642273,0.04294871,0.04161746,0.040130187,0.03898633,0.041099735,0.046238884,0.043110896
0.042447638,0.042543918,0.04303006,0.04058223,0.041368477,0.042577367,0.04191575,0.04086349,0.04011458,0.03982863,0.039756384,0.03812068,0.03910095,0.042648245,0.04291077,0.042727668,0.044637676,0.04310262,0.041544482,0.04035775,0.039212015,0.041157175,0.046304233,0.043147206
0.0424989,0.042567078,0.043019477,0.040608436,0.041373245,0.04260126,0.041837085,0.040820535,0.040182445,0.039825965,0.03977488,0.038082723,0.039125435,0.042657048,0.04297244,0.04276102,0.04466372,0.043002643,0.04158007,0.04031992,0.039183244,0.041139916,0.04629468,0.043107834
0.04252495,0.04254955,0.043085974,0.040533837,0.041317154,0.042599406,0.041806545,0.040740862,0.040247936,0.039873283,0.039725456,0.038083978,0.03915427,0.042637166,0.042978674,0.0428157,0.044686217,0.04301114,0.0416026,0.04032496,0.039191537,0.041144136,0.046282828,0.04308178
0.04250296,0.042630684,0.043119203,0.040605187,0.04119866,0.04264443,0.041603133,0.040756345,0.040352896,0.039891563,0.03964253,0.03809142,0.03922257,0.04271038,0.04301233,0.042789385,0.04465372,0.042945262,0.041633524,0.040289924,0.039153464,0.04133089,0.04631587,0.042903695
0.042460937,0.04254513,0.04307805,0.040558107,0.04128394,0.04264241,0.04184207,0.04088591,0.04023574,0.039943725,0.03964383,0.03813553,0.03917874,0.042640794,0.042912286,0.042744435,0.044635627,0.04299542,0.041474894,0.04038376,0.039196495,0.041264556,0.046253808,0.043063775
0.042538065,0.04257146,0.043019693,0.04054942,0.041305996,0.04266715,0.041816853,0.04079513,0.04012303,0.039749283,0.039804623,0.03810099,0.039035797,0.0426268,0.042929836,0.042797357,0.044633877,0.043215793,0.04169275,0.040271856,0.03923256,0.041061673,0.046353795,0.043106254
0.04249873,0.042528138,0.04312268,0.040693473,0.041381825,0.042580727,0.04187187,0.040742245,0.04025273,0.039829362,0.039661042,0.038046185,0.039203048,0.042667106,0.0429399,0.04272323,0.044672567,0.0429342,0.041576505,0.04040958,0.03915566,0.041177303,0.046227638,0.043104224
0.042501237,0.042715207,0.043160636,0.04050558,0.041261125,0.0426757,0.041653194,0.040798765,0.040278774,0.040086325,0.039540254,0.03817636,0.039309934,0.04251165,0.04293743,0.042763766,0.04465376,0.042995762,0.041519135,0.0402479,0.039211854,0.04133885,0.046237245,0.04291958
0.04254713,0.042519957,0.043034278,0.040566012,0.041352414,0.042608157,0.041867763,0.04072979,0.040309638,0.03981441,0.0397983,0.038092185,0.03916661,0.04264278,0.043025065,0.042831235,0.04462596,0.042965878,0.041600328,0.04029279,0.039134786,0.041118957,0.046244293,0.043111295
0.042395867,0.04251693,0.04303998,0.04056012,0.04134653,0.042555004,0.041860543,0.040899627,0.040176775,0.03982567,0.039675944,0.038264304,0.039135184,0.04268381,0.04289767,0.042752467,0.044713493,0.04310145,0.04148387,0.0403546,0.03913975,0.041199077,0.04630526,0.043116055
0.04246791,0.04259574,0.043086335,0.04050701,0.041308597,0.042507313,0.041917443,0.0407888,0.040352207,0.039952815,0.03975226,0.038110096,0.03925478,0.04258211,0.042998195,0.042804275,0.04461389,0.0430218,0.04151305,0.040236104,0.039109983,0.041188948,0.046262894,0.043067392
0.04244312,0.04258131,0.043028172,0.04058844,0.041241024,0.042726632,0.041731365,0.040865198,0.04019889,0.039907865,0.03978584,0.03805165,0.03912668,0.04266647,0.042940438,0.042712253,0.04460605,0.04307645,0.04158867,0.04028978,0.039228465,0.041201156,0.04635351,0.043060575
0.04251074,0.042546157,0.043060653,0.040520947,0.04137498,0.042518802,0.04187786,0.040770765,0.04025847,0.039867878,0.039746776,0.0380992,0.03915162,0.042665936,0.042998757,0.042809937,0.044696067,0.043038376,0.041557185,0.040287055,0.039135184,0.041153207,0.046272136,0.04308131
0.042546526,0.042591427,0.043129582,0.040547278,0.04132578,0.042606015,0.04179564,0.040705662,0.040258482,0.039883383,0.039690226,0.038070463,0.039134752,0.04261811,0.043060616,0.042847052,0.044685155,0.04298013,0.04161558,0.040276885,0.0391522,0.04117832,0.04624282,0.043057907
0.042465273,0.042552993,0.043055125,0.040572934,0.041341845,0.042558122,0.04182977,0.040806163,0.040224206,0.039847337,0.039702456,0.038125765,0.039146107,0.042675566,0.042961884,0.04276787,0.044674523,0.043035537,0.04155543,0.040312495,0.039180033,0.041208286,0.046316385,0.0430839
0.042473964,0.042499878,0.0430799,0.040613607,0.041309502,0.042655792,0.041809943,0.04073754,0.04023341,0.03973566,0.039731443,0.038158253,0.039046336,0.042642035,0.04307072,0.04281204,0.044693734,0.042982202,0.041687258,0.04031567,0.039137308,0.041087378,0.04630452,0.043181937
0.04248056,0.04252795,0.043077838,0.0405447,0.041308537,0.04259496,0.04185105,0.040821258,0.04024719,0.03989704,0.039707787,0.038088113,0.039142903,0.042675663,0.042983185,0.042782582,0.044655804,0.042998653,0.04153574,0.04034341,0.039185405,0.041208293,0.046267092,0.043074258
0.0424608,0.042516973,0.04304799,0.040551785,0.041333534,0.0426262,0.041734684,0.040806353,0.040197026,0.039871786,0.039737213,0.038098093,0.039151944,0.042662065,0.04294497,0.042774435,0.044623245,0.042984396,0.041601498,0.040264983,0.03928787,0.0412507,0.046422046,0.043049444
0.042462617,0.0425762,0.043021042,0.04054036,0.041326396,0.042542487,0.04188344,0.040752005,0.04040182,0.03988067,0.039819125,0.038134456,0.03923265,0.04258059,0.043039866,0.04283222,0.044589452,0.042981673,0.041560553,0.040185243,0.039125085,0.041130498,0.046294905,0.043106623
0.04239305,0.042672917,0.043124873,0.040528532,0.041291963,0.04243741,0.041823532,0.04083152,0.0403064,0.039955094,0.039733738,0.038092673,0.039315015,0.04253932,0.042955108,0.042703133,0.044559184,0.043058492,0.041541222,0.040184535,0.039208554,0.04128201,0.046446122,0.043015603
0.04247681,0.04254314,0.043123256,0.040557466,0.04128399,0.042586666,0.04179637,0.04079327,0.040292498,0.039904,0.03969097,0.03812241,0.039165653,0.042665903,0.042996243,0.04280498,0.04467541,0.042950917,0.0415554,0.040287293,0.039155275,0.041220967,0.046292804,0.043058373
0.042511065,0.04261015,0.04306057,0.040583707,0.041328743,0.04268758,0.04182356,0.040791128,0.04018162,0.03989067,0.039664682,0.03805412,0.039140645,0.042611223,0.042960417,0.04274845,0.044642795,0.04306661,0.041582704,0.040351007,0.039245598,0.04121289,0.04626106,0.042989
0.042411383,0.042569675,0.04306702,0.040578745,0.04126762,0.042634144,0.041849338,0.04085466,0.040225707,0.03990403,0.039696638,0.038126513,0.03914624,0.04265152,0.043016117,0.042768054,0.044624988,0.04300394,0.041521348,0.040311214,0.039176613,0.041217122,0.04631282,0.04306462
0.04249533,0.042632803,0.04316974,0.040508054,0.041284,0.04258802,0.041884594,0.040771566,0.04019025,0.039964035,0.0397175,0.03802373,0.039107226,0.042589534,0.042871863,0.04280726,0.04474885,0.043053895,0.04160478,0.0403056,0.039216697,0.041135937,0.046278913,0.043049794
0.04246707,0.04253266,0.04307467,0.040548295,0.041291147,0.04260369,0.041830078,0.040827446,0.040293075,0.03992507,0.039716117,0.03810339,0.039156012,0.042667612,0.043039393,0.04280204,0.044643372,0.042986695,0.04153178,0.04029601,0.03915339,0.041196518,0.046267048,0.04304744
0.042452212,0.04251059,0.043023184,0.04055276,0.04127293,0.04259634,0.04179212,0.040802766,0.04024102,0.039905146,0.039741885,0.03804595,0.039184123,0.04276958,0.04298779,0.042775888,0.044679254,0.042915836,0.04154874,0.04035205,0.039212912,0.041262735,0.046291366,0.043082785
0.042501424,0.042557113,0.043089364,0.040517822,0.04129191,0.042587817,0.041853257,0.040784206,0.04027312,0.039903395,0.0397812,0.03809014,0.03913575,0.04261346,0.0430282,0.042824667,0.044631235,0.043004535,0.04156777,0.040236607,0.039187938,0.04113327,0.046316065,0.04308969
0.04248092,0.04260068,0.043108594,0.040592894,0.041303102,0.042606987,0.04182097,0.04073073,0.040260077,0.039853126,0.039656196,0.038090244,0.039176643,0.042610012,0.042954635,0.042795606,0.044686083,0.043069016,0.04160159,0.040363155,0.039204914,0.041128818,0.046259772,0.04304518
0.04250494,0.04253202,0.04312842,0.04061889,0.04127069,0.0426413,0.04179111,0.040756103,0.04030017,0.039840907,0.039707404,0.038086083,0.039133735,0.042668,0.043059148,0.042784292,0.04464588,0.04291425,0.041617274,0.040294502,0.039158307,0.04120023,0.04629579,0.043050554
0.04247339,0.042502288,0.04303265,0.04056548,0.041286264,0.042609744,0.041668102,0.04075023,0.040356245,0.039717548,0.03966245,0.03830066,0.039233286,0.04269326,0.04297052,0.042811505,0.044701602,0.043037087,0.041641187,0.040359456,0.03912448,0.041175365,0.046269696,0.043057542
0.042521253,0.042588297,0.043020003,0.04050477,0.041385427,0.042584293,0.041911196,0.040785193,0.040180594,0.03993015,0.03971752,0.03805605,0.039143346,0.042679075,0.04289284,0.04279447,0.04468802,0.043030947,0.04151032,0.040339433,0.039210357,0.041231737,0.046225272,0.043069478
0.042421553,0.042570766,0.04303813,0.040584918,0.041309785,0.042640015,0.041800193,0.04082669,0.040297523,0.039905537,0.039670557,0.03814813,0.039181065,0.04264227,0.04306035,0.042763058,0.04458348,0.042960584,0.04153718,0.0403023,0.039144266,0.041279476,0.046300065,0.04303208
0.042523663,0.04254994,0.04309704,0.040535063,0.041307822,0.042631436,0.041789815,0.04079418,0.040235903,0.039915446,0.039766707,0.03805155,0.039145384,0.042657208,0.042967338,0.042809896,0.044655606,0.043019347,0.041560557,0.040300798,0.039201185,0.041174103,0.04628169,0.043028377
0.042573027,0.042479932,0.043045618,0.040529452,0.041289937,0.04272029,0.04182044,0.040831458,0.040189784,0.039882977,0.039723895,0.038076706,0.03912548,0.04267818,0.042879082,0.042833894,0.044626158,0.04300958,0.04154204,0.040424023,0.03923035,0.041191716,0.046223845,0.04307212
0.042440362,0.042549092,0.043107394,0.040559564,0.041255534,0.04260326,0.04173829,0.040817995,0.040276837,0.039872143,0.039710928,0.038143814,0.039178673,0.04269319,0.04298854,0.042799626,0.044645563,0.042952433,0.041550644,0.04029561,0.03920958,0.041279007,0.04631483,0.0430171
0.04260705,0.042540684,0.04309376,0.04055866,0.041350976,0.042674616,0.04181419,0.040643595,0.04027212,0.03982679,0.039633576,0.038047418,0.039094776,0.042625412,0.043006673,0.04281497,0.044713963,0.04308541,0.041730672,0.040358342,0.03912102,0.04111135,0.046197046,0.043076944
0.04240077,0.04255479,0.043056544,0.040607862,0.041297913,0.04267194,0.041835528,0.0408967,0.04021714,0.03995656,0.039664503,0.03814107,0.03920578,0.042652767,0.04293447,0.042707264,0.04464185,0.04297776,0.041455798,0.040348466,0.039188474,0.041272346,0.0462807,0.043032993
0.042490035,0.042610608,0.04318083,0.040523052,0.041317787,0.042557266,0.041640937,0.040767282,0.040193785,0.039938092,0.03961802,0.038084455,0.03917443,0.042672034,0.04296253,0.042811867,0.04474775,0.04298566,0.041634046,0.04027511,0.039226223,0.041264087,0.04633753,0.042986624
0.042380463,0.042618364,0.043031003,0.04051225,0.0411605,0.04275593,0.041791033,0.04099119,0.040238306,0.040075134,0.03985376,0.038001154,0.03907353,0.04270208,0.04310772,0.042771872,0.044617023,0.042985994,0.041473825,0.040236164,0.03913001,0.04119542,0.04627182,0.043025468
0.042407054,0.04258262,0.04306018,0.040560927,0.04124802,0.042649936,0.041792125,0.040866297,0.04024122,0.03996724,0.03970642,0.03810362,0.039165083,0.04268821,0.042974588,0.04274309,0.04469056,0.042995095,0.041506507,0.040331844,0.039155316,0.041218426,0.046270393,0.043075167
0.042509694,0.04256248,0.043141574,0.040533245,0.041249625,0.042640187,0.041825704,0.04078573,0.04029984,0.03991717,0.039712317,0.038058538,0.03916963,0.04262215,0.042977404,0.042798374,0.044632617,0.042966466,0.041566625,0.040336646,0.039188225,0.041194342,0.046259385,0.043051988
0.042366717,0.04267864,0.04300581,0.040664557,0.041279867,0.04270651,0.041805748,0.040866755,0.040242568,0.039916348,0.039734475,0.038093857,0.03915386,0.042593043,0.043113265,0.042708274,0.044576015,0.043033555,0.041606802,0.040186755,0.039097056,0.041207533,0.0463429,0.043019123
0.042480763,0.042577505,0.043111462,0.040534735,0.041269068,0.042649463,0.041792944,0.040822037,0.04021261,0.039936274,0.03967209,0.03807538,0.03911857,0.04264534,0.04300014,0.04278671,0.044668995,0.04301264,0.041575864,0.040337242,0.039210644,0.041209027,0.046283633,0.04301686
0.042406,0.04253243,0.04304922,0.040533673,0.041303884,0.04252585,0.041911334,0.040767316,0.040291198,0.03989787,0.03971707,0.03815168,0.039228216,0.042608984,0.04297021,0.04274201,0.044662908,0.042984743,0.04159815,0.040201902,0.03916929,0.041244853,0.04637002,0.043131217
0.042465623,0.042559702,0.04310518,0.040520612,0.041245107,0.042650726,0.041760705,0.040835682,0.040259212,0.039951146,0.039748978,0.03808428,0.03913554,0.04267878,0.042977817,0.042833604,0.04468021,0.042999275,0.041535165,0.04027657,0.03919097,0.041198548,0.046312947,0.042993605
0.042467035,0.04264231,0.04319383,0.040566556,0.04131735,0.042616103,0.041788906,0.040804133,0.04024072,0.039931186,0.039613195,0.038171608,0.03928254,0.042551197,0.042918216,0.042685807,0.044564262,0.04304144,0.04153587,0.040309947,0.03918971,0.041309137,0.04625443,0.04300446
0.042449176,0.04259987,0.043080244,0.040608782,0.04131806,0.042644586,0.041782387,0.04087213,0.040274825,0.03996731,0.03963901,0.038085017,0.039177492,0.04266601,0.042985257,0.042809818,0.04470677,0.042971697,0.041502543,0.040294472,0.039115828,0.041209202,0.046274513,0.042964987
0.04252349,0.042542167,0.04304698,0.040619016,0.041336983,0.04259132,0.0417582,0.04079554,0.04020506,0.039789684,0.039657053,0.03807741,0.03916768,0.042718418,0.04284204,0.04275678,0.04462152,0.04303156,0.04159715,0.04037326,0.03924151,0.04132583,0.04631768,0.04306367
0.042437963,0.042574156,0.04304234,0.040506225,0.041310832,0.042584404,0.04173136,0.040772934,0.040221903,0.03989523,0.03966662,0.03818491,0.039174467,0.042647798,0.043034337,0.042778816,0.044639573,0.043020505,0.04160499,0.040265348,0.039187886,0.04125928,0.046356693,0.043101452
0.042544954,0.04254817,0.04312572,0.04048811,0.041279048,0.042593498,0.041741632,0.04084581,0.040277664,0.039946556,0.03977949,0.038072772,0.039183706,0.04266018,0.04298014,0.042852614,0.044632014,0.042948604,0.04151182,0.040210072,0.039232537,0.041223284,0.046309367,0.043012235
0.042438988,0.042566273,0.04314578,0.04060621,0.04137221,0.042647425,0.04183652,0.040745046,0.04032492,0.039878946,0.039595027,0.03821601,0.039197393,0.042559784,0.042978115,0.04278243,0.044760548,0.042996448,0.04160894,0.040256936,0.039144248,0.04113119,0.04629967,0.04291091
0.042535476,0.042533506,0.043123554,0.040486377,0.04134562,0.04241778,0.041905396,0.04063415,0.040327918,0.039800026,0.039645966,0.038174417,0.039158672,0.042635147,0.042978942,0.04285111,0.04471785,0.043023005,0.041668072,0.04028147,0.039106052,0.04115354,0.046357777,0.043138206
0.042496137,0.04254163,0.043133672,0.040558808,0.04128961,0.042625852,0.041836616,0.040785585,0.040277526,0.03987285,0.039713718,0.03811396,0.039151464,0.04263471,0.042959478,0.042803995,0.04462737,0.042972703,0.041560426,0.04031558,0.039161634,0.041218884,0.046276335,0.043071482
0.042459443,0.04263395,0.043166924,0.040541563,0.041290544,0.042685665,0.04161764,0.040910654,0.0401744,0.040049445,0.039554033,0.03815416,0.039170284,0.042605173,0.042946354,0.04276092,0.044671316,0.042984523,0.04152344,0.040309742,0.039199717,0.041341037,0.046248347,0.043000776
0.042479053,0.042537034,0.04306287,0.040509697,0.04131027,0.042571325,0.0418036,0.04082259,0.040259402,0.039925084,0.039712097,0.03811474,0.03922823,0.04266299,0.042966325,0.04277001,0.04462196,0.04296929,0.04153924,0.040282656,0.039197765,0.041272692,0.046332527,0.043048553
0.042463675,0.042631447,0.043136567,0.040630918,0.0413467,0.042554665,0.041826464,0.040760513,0.040177915,0.039834913,0.03962544,0.0380879,0.03915565,0.042635597,0.04290345,0.042752415,0.04471515,0.043059614,0.041569885,0.04040383,0.03921242,0.041172158,0.046276823,0.043065906
0.042454556,0.042604093,0.043087993,0.04065022,0.041362073,0.04256498,0.04186978,0.04078017,0.04028046,0.039871052,0.039773874,0.038069572,0.03922968,0.042591717,0.04288633,0.042757884,0.044568714,0.04307212,0.041514046,0.040266413,0.03916264,0.041137505,0.046350162,0.04309401
0.042431623,0.04265764,0.043114655,0.040685296,0.04145811,0.04255932,0.04190874,0.040971015,0.04003901,0.03987191,0.03969717,0.038088173,0.03918513,0.042628895,0.042668615,0.04259871,0.04454966,0.04318647,0.041451212,0.040353462,0.039223637,0.041275427,0.046323918,0.04307214
0.042467594,0.042575173,0.04306723,0.040539496,0.041307725,0.042591847,0.04184164,0.04075417,0.040296108,0.039890725,0.03972891,0.038124204,0.039194956,0.042619176,0.04301292,0.04280813,0.044654965,0.042984422,0.041561134,0.04027894,0.039159082,0.041179094,0.04629895,0.043063425
0.042531267,0.04263773,0.043135844,0.040537726,0.041321907,0.042578425,0.042018075,0.040716846,0.040362403,0.039909147,0.039722897,0.03803779,0.039162748,0.04244634,0.0430095,0.042845126,0.04464486,0.04312488,0.04160657,0.040306296,0.03903683,0.040991567,0.04620661,0.04310861
0.042493194,0.042520463,0.043053605,0.040528953,0.041338995,0.04258574,0.04179823,0.04078742,0.040263765,0.03987949,0.039737802,0.038110264,0.03917731,0.04266199,0.04296543,0.04279427,0.044641122,0.04300148,0.041559454,0.04030822,0.03920853,0.041219234,0.046298943,0.04306614
0.042405006,0.042540353,0.043111667,0.04053695,0.041169237,0.042593,0.041712854,0.04083496,0.040316485,0.039962094,0.039725143,0.0381095,0.03918679,0.04270282,0.0430742,0.042772073,0.044676438,0.04291745,0.041577205,0.040217016,0.03921589,0.041225836,0.046383794,0.043033246
0.042484626,0.042623505,0.043062467,0.040525455,0.04131026,0.04264434,0.041791152,0.040837258,0.04020496,0.039977383,0.039661296,0.038093492,0.039148696,0.042627804,0.042962972,0.042739335,0.044679433,0.042979315,0.041564055,0.04028963,0.039225284,0.041265815,0.046295546,0.043005873
0.042553406,0.042587712,0.04316322,0.040444233,0.041276768,0.042658765,0.04184971,0.04079886,0.040282216,0.040029805,0.03962823,0.038115826,0.039183654,0.042593177,0.042834543,0.04281336,0.044730846,0.042908747,0.041537702,0.04034648,0.039194956,0.041279577,0.04620226,0.042985927
0.042448476,0.042651832,0.043034207,0.040611062,0.041227315,0.042661138,0.041833688,0.040797528,0.040327396,0.039905325,0.03970595,0.038100846,0.039215595,0.042572424,0.043033555,0.04275866,0.044600897,0.042940326,0.041586317,0.040250756,0.039169338,0.04116604,0.04631443,0.043086905
0.042463265,0.042678323,0.04318565,0.040526673,0.04134308,0.042647406,0.041848794,0.040782075,0.04018919,0.03987062,0.039540403,0.038210806,0.039106403,0.042536113,0.04295864,0.04281832,0.04464372,0.043104947,0.041605417,0.040394176,0.039142508,0.041220818,0.046224855,0.042957786
0.042441353,0.04245232,0.04288453,0.040604685,0.041291,0.04253989,0.04159279,0.04075654,0.040332586,0.03975036,0.03978823,0.038170394,0.039325666,0.04286722,0.042984214,0.042705692,0.04470952,0.042911537,0.041586626,0.040226948,0.039255768,0.04135088,0.046395138,0.043076143
0.042577874,0.042557724,0.043098718,0.04054437,0.04133191,0.04271693,0.041684803,0.04081395,0.040300943,0.039981235,0.039622314,0.038087852,0.03910536,0.042636793,0.043087125,0.042808026,0.044623308,0.042929634,0.041601613,0.04029489,0.03911481,0.041280914,0.046202354,0.0429965
0.042440295,0.04258623,0.043064356,0.040612217,0.04126595,0.04267266,0.04183408,0.04073824,0.04021424,0.039825674,0.039738804,0.03809058,0.039167486,0.042633314,0.04299894,0.042812563,0.04464433,0.04303624,0.04158214,0.040346153,0.03918842,0.041095335,0.046317082,0.04309472
0.042429615,0.042644408,0.04299262,0.040609125,0.04133996,0.042542927,0.042013377,0.040805645,0.040297996,0.03983387,0.039837815,0.038119573,0.039173655,0.04253101,0.043055035,0.042783964,0.044614833,0.043090597,0.041551474,0.04020285,0.039058156,0.0410246,0.046283513,0.043163355
0.04248235,0.042562705,0.04308258,0.040525533,0.041291483,0.042631857,0.041770544,0.040820986,0.040240128,0.039935954,0.03965748,0.038109507,0.039149962,0.042665083,0.043000307,0.04279288,0.04465431,0.04297777,0.04154603,0.04033771,0.0392042,0.041262142,0.04627457,0.043023948
0.042510536,0.042561486,0.042985655,0.040585637,0.041398138,0.04255901,0.041848212,0.04085551,0.040238224,0.039877754,0.039737467,0.038083535,0.039179128,0.042635594,0.042952415,0.042716775,0.044648148,0.043036044,0.041548584,0.040289495,0.039204013,0.04118297,0.046303794,0.04306185
0.04245023,0.042620137,0.04306009,0.04056677,0.041384913,0.04253504,0.04185687,0.04081272,0.04021764,0.039878022,0.039629575,0.038142364,0.03917951,0.042645797,0.042900603,0.042730134,0.044716794,0.04306559,0.04154071,0.040345244,0.039148584,0.041233037,0.04628562,0.043054
0.042501807,0.04257893,0.04311808,0.040534113,0.041276775,0.04261055,0.04189142,0.040822256,0.0402005,0.039919645,0.039766006,0.038075376,0.039129153,0.042612303,0.042935584,0.042753126,0.044618703,0.04308349,0.0415641,0.040284745,0.03918397,0.0411492,0.046285566,0.043104585
0.042512383,0.04250272,0.04303978,0.040533207,0.041434906,0.042541582,0.041793723,0.04075014,0.040267423,0.03981996,0.039702088,0.038199313,0.039201308,0.04264264,0.042919945,0.042775273,0.04467046,0.04299456,0.041600928,0.040324673,0.039169606,0.041214947,0.046287253,0.04310121
0.042510834,0.042611416,0.04308585,0.040625244,0.04131479,0.042652108,0.041903984,0.04078092,0.040240187,0.039846286,0.039690435,0.03810138,0.039074972,0.042617723,0.043023568,0.042785387,0.044693075,0.042955562,0.041579016,0.040325608,0.039075743,0.04112537,0.04623986,0.043140694
0.042493723,0.04257454,0.043112423,0.04053836,0.041305054,0.042575546,0.041785207,0.04080797,0.04023921,0.0398809,0.039660957,0.038105346,0.039165463,0.042662416,0.04293487,0.04276605,0.04469109,0.04299713,0.04157609,0.040344056,0.039194584,0.04126257,0.046277724,0.043048754
0.042419087,0.042608757,0.043110184,0.040514413,0.041273605,0.042561878,0.041854136,0.04080678,0.040292326,0.039908007,0.039625827,0.03814434,0.039147917,0.042604532,0.04299958,0.04277236,0.04465728,0.04311257,0.041574646,0.040311053,0.03915112,0.041196253,0.046329137,0.043024234
0.042495936,0.042601053,0.043103833,0.04053764,0.041324224,0.042573437,0.041834738,0.04076164,0.040263653,0.039892863,0.039688356,0.038097374,0.039158367,0.042626265,0.042983208,0.042796865,0.04469119,0.043036733,0.041582834,0.04030031,0.039144155,0.0411862,0.04628209,0.043037087
0.04251906,0.042545594,0.043075863,0.04046702,0.04134766,0.04255867,0.041914873,0.040802747,0.040271673,0.039922845,0.03972996,0.038084444,0.039157666,0.042622402,0.042990394,0.0428159,0.044718362,0.043035828,0.041552704,0.040338464,0.03910015,0.041144226,0.04621183,0.04307165
0.042496562,0.04261507,0.04316947,0.040596254,0.04120084,0.042675376,0.041740067,0.040666528,0.040311687,0.03986319,0.03971978,0.038022745,0.039125927,0.042552643,0.043175053,0.042888172,0.044595785,0.043033075,0.041768562,0.040197816,0.03912831,0.041053,0.046346147,0.043057915
0.04244808,0.042655755,0.04301792,0.04061813,0.04130465,0.042694677,0.041792512,0.040870838,0.0402782,0.040018212,0.039685246,0.03808764,0.039314084,0.042619348,0.04292098,0.042666536,0.04456445,0.042950977,0.041469518,0.040256795,0.039143812,0.041391574,0.04629291,0.04293712
0.042475894,0.042598955,0.04307541,0.04057086,0.04130403,0.04258177,0.04190022,0.040787607,0.04029515,0.039864846,0.039678704,0.03811932,0.039189912,0.042598385,0.0430041,0.04276388,0.044638097,0.043020688,0.041555442,0.040320866,0.03914527,0.04118579,0.046277493,0.043047335
0.04240438,0.04249039,0.042911083,0.04074237,0.04132454,0.0427908,0.041566543,0.040922515,0.04006591,0.039715927,0.039509542,0.038155507,0.03905471,0.042803586,0.042936828,0.042645704,0.044712424,0.04304923,0.04179928,0.040491473,0.03914718,0.041306205,0.046398066,0.043055788
0.042495057,0.042570107,0.043161903,0.040555235,0.041257642,0.042557914,0.041789223,0.040766817,0.04031686,0.03984655,0.039746657,0.038144242,0.039212722,0.042624846,0.042979043,0.042798463,0.044608496,0.042917404,0.04155788,0.040269513,0.039185442,0.04120967,0.046308447,0.04311988
0.04254477,0.042579558,0.043060098,0.04048619,0.041422524,0.042587064,0.041942716,0.040800504,0.04023952,0.03996355,0.039650656,0.038121052,0.03916839,0.042564336,0.042857952,0.042759094,0.044715054,0.043139935,0.04153745,0.040373225,0.039117314,0.041174725,0.04613003,0.043064307
0.04246663,0.042574365,0.043101493,0.040575936,0.04124369,0.042633366,0.04179925,0.04077698,0.040302593,0.03987666,0.039730974,0.038086995,0.03915255,0.04264366,0.043042082,0.042803433,0.044610642,0.04297939,0.041584115,0.040283177,0.039182093,0.041202296,0.046308246,0.04303946
0.042457923,0.042553406,0.0430831,0.04060191,0.04143294,0.042593595,0.041993596,0.040929645,0.040002525,0.039773326,0.039651535,0.03814957,0.038965248,0.04265942,0.042839754,0.042663608,0.044744488,0.04324025,0.041620545,0.040500227,0.039103307,0.04109315,0.046181746,0.0431651
0.042504653,0.04255746,0.04319341,0.040541854,0.041264966,0.042632654,0.04182282,0.04080361,0.040244147,0.039889432,0.03971999,0.038078725,0.039145164,0.042598244,0.04295186,0.0428023,0.044617057,0.042987067,0.04157695,0.04030214,0.03921431,0.041202445,0.046292946,0.04305576
0.042381614,0.04262932,0.043138023,0.040626705,0.041333854,0.042564318,0.041682057,0.040836338,0.04031646,0.039906316,0.039514843,0.0382068,0.039218538,0.042612635,0.043012306,0.042667318,0.04471397,0.042938095,0.041628063,0.0402679,0.039142497,0.041363142,0.0463388,0.04296005
0.042444345,0.042580545,0.04306529,0.04052405,0.041281544,0.042600386,0.041803394,0.04079968,0.040245134,0.039909013,0.03968515,0.038116924,0.039138634,0.042652976,0.043012906,0.042779263,0.044681452,0.04303496,0.041581914,0.040299773,0.039192297,0.04120279,0.046327297,0.043040235
0.042599726,0.04255693,0.043153387,0.040461943,0.041276205,0.042608768,0.041791797,0.040757824,0.04024751,0.03991662,0.03973786,0.038094312,0.0391225,0.04265545,0.042874932,0.042937104,0.04471973,0.04306647,0.041533146,0.040320355,0.039183907,0.041122325,0.046252668,0.043008566
0.042435195,0.042572238,0.04301723,0.040597036,0.041322023,0.042563807,0.041859042,0.040784344,0.04027675,0.0398367,0.039746907,0.038136058,0.039192967,0.042647623,0.04303083,0.042770807,0.044625174,0.042989228,0.04153124,0.040273182,0.039157897,0.04117941,0.046330962,0.043123387
0.042491425,0.04250373,0.043083366,0.040413383,0.041302025,0.042488493,0.041836303,0.040781364,0.04046758,0.039927308,0.03970709,0.038194653,0.03935963,0.04265278,0.04296647,0.042834852,0.044585183,0.04285846,0.041467793,0.040295865,0.03911148,0.04133511,0.046257555,0.043078057
0.04250863,0.042556427,0.043083947,0.04055534,0.04132194,0.042579286,0.041852523,0.040730078,0.04032107,0.03983276,0.039675973,0.038118962,0.03915443,0.042632036,0.042988632,0.04281255,0.04466493,0.043004215,0.041607354,0.040318385,0.03914386,0.04117858,0.0462837,0.043074396
0.042489458,0.042657215,0.043092564,0.040569518,0.04135273,0.042616554,0.041785073,0.040703066,0.04025765,0.039882984,0.03967904,0.03806019,0.039189253,0.042572796,0.04295741,0.042767476,0.044651955,0.04309525,0.04163374,0.040271766,0.039229095,0.041196443,0.046315216,0.042973574
0.042434733,0.042589944,0.04311846,0.040565573,0.041225474,0.042617567,0.041772246,0.040832233,0.040249616,0.039914247,0.039663427,0.03810758,0.039144017,0.042640407,0.042976636,0.04276471,0.04465518,0.04300841,0.041597087,0.04030397,0.039194617,0.041230462,0.046340693,0.043052685
0.042502806,0.042611904,0.043173872,0.04049728,0.041340884,0.0425651,0.041810792,0.04080166,0.04025348,0.039974898,0.039615057,0.03812112,0.039156064,0.042543977,0.042949803,0.04279135,0.044675972,0.043033086,0.041551717,0.04032162,0.039174058,0.041201632,0.04626933,0.043062452
0.04252883,0.042532526,0.043108314,0.040608503,0.041298833,0.042632267,0.041823864,0.040762026,0.040299557,0.039806828,0.039764337,0.03808238,0.03916134,0.04265886,0.04295568,0.042785607,0.044626683,0.042978264,0.04159322,0.0403053,0.039158083,0.041186765,0.04627246,0.04306949
0.042484295,0.042561423,0.043036282,0.04044728,0.04134165,0.04251263,0.041852362,0.040789355,0.040325664,0.03993808,0.03972213,0.038162265,0.039264537,0.042575456,0.042985927,0.04281963,0.044619124,0.043006502,0.041536458,0.040270273,0.039164394,0.04121496,0.04628772,0.043081664
0.042474236,0.042577717,0.043103177,0.04054866,0.04129226,0.042594098,0.041826095,0.04076638,0.040292073,0.03990092,0.039734602,0.03806331,0.039153513,0.04262526,0.04302434,0.04280246,0.044643894,0.043027494,0.041584913,0.040260706,0.039168477,0.0411819,0.046298537,0.043055
0.04252274,0.042585824,0.043192063,0.04045396,0.041245967,0.042572934,0.04184029,0.040703118,0.040339615,0.03988491,0.039668404,0.03817438,0.039197896,0.04255932,0.04295737,0.042904686,0.044667184,0.043020345,0.041582424,0.040332884,0.03914897,0.04116044,0.046237215,0.043046996
0.042563215,0.04250728,0.04303132,0.04063045,0.041338988,0.042666923,0.04181073,0.04075164,0.040268485,0.039787356,0.039724793,0.03803723,0.03911993,0.042698093,0.04298135,0.04277962,0.04466923,0.042964768,0.041632857,0.040352453,0.039143026,0.041185755,0.046252877,0.043101724
0.042526532,0.04260565,0.043092716,0.040508162,0.041370906,0.042554013,0.041817978,0.040724106,0.040312223,0.039928395,0.03969633,0.038098168,0.03921841,0.042546697,0.04296877,0.04279427,0.04463227,0.04303882,0.041591603,0.04027334,0.039165746,0.041178975,0.046278514,0.043077413
0.042510316,0.042561617,0.043105304,0.040565323,0.0413094,0.042633925,0.0418368,0.040780738,0.040233344,0.039881833,0.039669503,0.038069885,0.039118078,0.042635947,0.042967122,0.042799436,0.044646703,0.04302588,0.041582137,0.04036761,0.039187193,0.041206438,0.046245836,0.043059632
0.042485766,0.042519372,0.043054372,0.04062731,0.041516364,0.042660136,0.04160868,0.04078774,0.04028694,0.03989431,0.039574217,0.038343746,0.039378982,0.042560436,0.042773325,0.042583395,0.044860676,0.04301512,0.04160005,0.040248428,0.039222136,0.04120852,0.046286676,0.042903334
0.04260656,0.042580374,0.043129772,0.040246278,0.041089088,0.042569343,0.042027045,0.040880665,0.040163472,0.040044166,0.039628837,0.03792504,0.038884882,0.042689424,0.043020174,0.043007243,0.044421982,0.04301682,0.04154716,0.04051073,0.03916198,0.041267946,0.046170596,0.043410435
0.042444833,0.042546984,0.042979687,0.0405706,0.04130607,0.042559925,0.04175718,0.04079426,0.040326472,0.039860077,0.03984595,0.03810781,0.039226316,0.04271088,0.042958565,0.04276641,0.04466698,0.04299255,0.041543446,0.0402325,0.03918225,0.04119075,0.04633702,0.043092422
0.04251376,0.042556573,0.0431016,0.040568966,0.04126007,0.042654183,0.04183919,0.040781032,0.040267527,0.039868392,0.039743003,0.038059644,0.039145812,0.04266883,0.042991333,0.042797685,0.044612743,0.042994548,0.0415612,0.04032788,0.039167203,0.041212086,0.04626089,0.04304583
0.042426698,0.04258712,0.04307261,0.040585868,0.041295007,0.042610377,0.041560292,0.040737662,0.040329013,0.03987851,0.039636556,0.03822066,0.039248757,0.04267161,0.04306318,0.042753614,0.0447247,0.042950086,0.04163967,0.040202573,0.039193675,0.041293554,0.046386465,0.042931743
0.042465143,0.04256993,0.043113053,0.040555194,0.041292835,0.04261931,0.041806307,0.04077754,0.040242504,0.039886784,0.039641686,0.03812391,0.039136045,0.04263715,0.042975456,0.042808186,0.044675857,0.043023195,0.041596785,0.040340517,0.03917513,0.041206248,0.046292584,0.043038633
0.04250022,0.0425665,0.04318035,0.0404742,0.041332863,0.04250586,0.04196034,0.040811248,0.04022248,0.03997235,0.03968738,0.03807256,0.03918251,0.042518593,0.042850863,0.042812396,0.044661522,0.043112364,0.04154925,0.040294692,0.039200816,0.041155573,0.0462873,0.043087844
0.04248746,0.042575363,0.043052774,0.04054923,0.041322235,0.04258892,0.04185041,0.04075953,0.040282026,0.039858483,0.03970958,0.038106628,0.03918593,0.04261763,0.04300627,0.04277281,0.044626564,0.043020975,0.041575436,0.040310696,0.039188676,0.041201375,0.04629125,0.043059718
0.04245767,0.04259187,0.043027453,0.04054176,0.041280467,0.04262935,0.04188166,0.040837932,0.04021872,0.03983579,0.03969025,0.03812955,0.039052326,0.042680368,0.042951178,0.042820107,0.04466819,0.04302795,0.041588075,0.040357426,0.039151743,0.04123858,0.046298962,0.04304269
0.042490244,0.042580727,0.043127276,0.040526606,0.041257087,0.042648576,0.041821875,0.0408039,0.040277142,0.03994133,0.039642874,0.03805972,0.039145414,0.042619064,0.042998876,0.042776275,0.044651758,0.043013275,0.041583743,0.040349443,0.039195936,0.04122367,0.046250753,0.043014422
0.042462148,0.042617362,0.043246336,0.04053279,0.041318193,0.042567424,0.04187085,0.040802542,0.04027777,0.0399739,0.039614744,0.03805598,0.039141502,0.042524435,0.042979427,0.04280778,0.044685826,0.043075718,0.04157322,0.04029589,0.039153736,0.04113285,0.046275433,0.04301418
0.04250683,0.04258508,0.043123018,0.040557373,0.041302573,0.04260289,0.041841995,0.040733922,0.040283564,0.039860904,0.039644998,0.038097188,0.039140858,0.04261189,0.042953312,0.04281032,0.044668354,0.043063506,0.041616134,0.040339544,0.0391703,0.04116992,0.046278317,0.043037195
0.042408504,0.04260372,0.043116778,0.04052673,0.041336685,0.042535134,0.04189694,0.04080707,0.04027095,0.039902486,0.03959778,0.03817026,0.039129835,0.042570967,0.04298946,0.04276172,0.044703193,0.043130297,0.041595846,0.040281225,0.039131522,0.04115425,0.046338093,0.04304056
0.042489935,0.042597104,0.043082383,0.040538613,0.04130209,0.0426642,0.041852955,0.040788483,0.040277943,0.039968967,0.03970864,0.038054246,0.039216615,0.042583928,0.04300572,0.04275116,0.04457423,0.043040242,0.041529343,0.04029894,0.039183285,0.041221105,0.046247415,0.04302246
0.042517297,0.042652193,0.043190174,0.040520214,0.041186456,0.042675827,0.04187635,0.040794242,0.040306844,0.039970886,0.03971539,0.03807104,0.039149947,0.042588696,0.04302715,0.04287072,0.044664774,0.042947,0.04153344,0.040333103,0.039060853,0.041136175,0.04619489,0.043016296
0.042465117,0.04261493,0.04307939,0.04054437,0.04120685,0.042710923,0.041816175,0.040819675,0.040261872,0.039933693,0.03969734,0.03803002,0.03910711,0.042663626,0.043043748,0.04274362,0.044663608,0.043038685,0.041586034,0.040325563,0.03918744,0.041194823,0.046268586,0.04299682
0.042445324,0.042536333,0.043124754,0.040507633,0.04128319,0.04265939,0.041778255,0.040896337,0.04018062,0.03992892,0.0396119,0.03815915,0.03907473,0.04264911,0.042964786,0.042755056,0.04465061,0.043035906,0.041577853,0.04040291,0.039208345,0.041263398,0.046260756,0.043044694
0.042524483,0.042582605,0.043125268,0.040576655,0.041326065,0.042647984,0.041805904,0.040776506,0.04020846,0.03989445,0.039713617,0.038064636,0.039153818,0.042605564,0.042948958,0.042789884,0.044616956,0.043037534,0.041584175,0.040313214,0.039205547,0.041192457,0.046271145,0.043034103
0.0424457,0.04262507,0.04316964,0.040462516,0.041214466,0.04260588,0.041934483,0.040838223,0.040309098,0.040005792,0.039565258,0.038060356,0.039144747,0.04255252,0.043001223,0.042812523,0.04464404,0.043039557,0.041518807,0.040377997,0.03915354,0.0412555,0.046229467,0.04303364
0.04245906,0.042590816,0.04310504,0.040535692,0.04126454,0.04258129,0.04182305,0.04080155,0.040271524,0.03991207,0.039711002,0.038078893,0.039145734,0.042644512,0.043002505,0.042789865,0.044659,0.04300416,0.041571658,0.040297966,0.03917424,0.04119617,0.046321776,0.04305797
0.042421438,0.042528186,0.04299854,0.04055943,0.041327205,0.042623684,0.041875474,0.040877413,0.04025074,0.03987338,0.039777063,0.03814218,0.039126918,0.042668514,0.042997297,0.042713944,0.044638988,0.043085296,0.041539777,0.04029085,0.039134815,0.041192275,0.046246365,0.043110285
0.042452876,0.04257271,0.043107413,0.040529728,0.041249175,0.042568605,0.041801106,0.0407619,0.040295817,0.03989611,0.039714392,0.038110442,0.03917859,0.04264879,0.043002382,0.04282274,0.0446566,0.043010335,0.041562688,0.04026492,0.03920048,0.04119688,0.046350162,0.043045215
0.042421833,0.042622685,0.043088168,0.0406813,0.041326094,0.04271754,0.041823886,0.040847447,0.040212426,0.0399793,0.039673146,0.038070627,0.039257616,0.042574383,0.042973086,0.042614754,0.044634,0.043010987,0.04151672,0.040309735,0.039190594,0.041204397,0.046240874,0.04300837
0.042480823,0.04260393,0.043081712,0.0405739,0.041296966,0.04265309,0.04178024,0.040751148,0.040265404,0.03990092,0.03968559,0.038090825,0.039151315,0.042607434,0.043080978,0.042815216,0.04464459,0.042987313,0.041619655,0.040292144,0.03914537,0.041167006,0.046276413,0.043048
