Stock_1,Stock_2,Stock_3,Stock_4,Stock_5,Stock_6,Stock_7,Stock_8,Stock_9,Stock_10,Stock_11,Stock_12,Stock_13,Stock_14,Stock_15,Stock_16,Stock_17,Stock_18,Stock_19,Stock_20,Stock_21,Stock_22,Stock_23,Stock_24
0.04202063581996704,0.04178351151465538,0.04191697817062067,0.04142671266938971,0.04133731042430574,0.041811061061996,0.041909288081147175,0.04190056240617112,0.04102611698078882,0.04148508946651085,0.041751205210939404,0.0418656745711306,0.04132992754201482,0.04206009707806429,0.04199007861520991,0.04193284393511432,0.04193799213289973,0.041238439261062076,0.04203264662981482,0.04246418353215105,0.04138122370907305,0.04167881827980646,0.04053419404725832,0.04118540885990866
0.0419625383175928,0.04182279400301785,0.04193696856620936,0.04136552351497092,0.04129174975349541,0.04180008790524799,0.04187514733819879,0.04190842120959797,0.04101437666083858,0.04155180467797536,0.04169200727621684,0.04188235106199486,0.041322511734960196,0.042105820086631565,0.04200664750119419,0.0419751076761008,0.04193934173243929,0.0412613395357098,0.04204123429336776,0.04243459031179213,0.04141173584902033,0.04168806851389368,0.04053106327448763,0.041178769205045894
0.0419253688646198,0.041825309228928284,0.04184724356946833,0.04145759564176991,0.04133289145901577,0.04184678278481276,0.041932934651383896,0.041874558685663796,0.04104794321894375,0.04149330397524001,0.04172530409464765,0.04185867895640451,0.0413175939039181,0.042030601179670654,0.04201491468268628,0.041972458083615195,0.04196383695134963,0.041271567462434745,0.042047437160957095,0.04243352020091697,0.04138904773091118,0.04170003525869683,0.04051003658964606,0.04118103566429881
0.042009936153588986,0.041835437491250634,0.04192944937633759,0.041422669035416734,0.04128268664644478,0.04177581802323123,0.04188346896394867,0.041886342430082234,0.04100102008295454,0.041505999553289964,0.04172514097998953,0.041864736937309036,0.04127485645123083,0.04206283765595821,0.04208393781503206,0.04197180327629586,0.04188827458834445,0.04125846283151368,0.04203350353013613,0.042498856416214176,0.04132813943100055,0.041699953563053296,0.04054493412515722,0.04123173464221962
0.04201760710927245,0.04180257607437384,0.04192139272071032,0.041488527039714264,0.04138364176528012,0.04179312998505197,0.04193936852466893,0.04184594784055228,0.041075777021401014,0.04144885296922475,0.041744240157256036,0.04190679511964501,0.04126416384315734,0.042059250146990836,0.04199277087861705,0.041903847860522564,0.0419170139357284,0.04122782091848269,0.042080153396565186,0.042519790343477866,0.041302980979481846,0.041718091281781396,0.04046427771732443,0.04118198237071941
0.04196562148582088,0.041830147953365364,0.04187070381888435,0.041488932786293974,0.041258504434221896,0.04177528582919011,0.04188708567393153,0.0419101599650745,0.04104654344096927,0.041481759842203154,0.041641615440138634,0.04189592801177829,0.04134592221348336,0.04201072483937534,0.042092440920675114,0.041986555782594207,0.04192381233656226,0.04126508045858692,0.042142344400489244,0.0423794230822864,0.04128649774020062,0.041683236349151775,0.04056473510213445,0.04126693809258834
0.04192235643692268,0.041798214337505336,0.041842253892189485,0.04158373888219237,0.041269821428697055,0.04170470521891959,0.04196309141482943,0.04194828274918077,0.04113459140899811,0.041348977685327575,0.04150765434610457,0.04186154132456494,0.04147472996083586,0.04191279446813649,0.04216636995332541,0.04200223107980915,0.04191082757611156,0.0412468925211621,0.04213638104293018,0.042337132843560374,0.04139324761905243,0.041562053526038416,0.04066113027683069,0.041310980006775425
0.04205537801885158,0.041737236388819,0.041906430094715064,0.04152537396719361,0.041377273126169616,0.04184453358307193,0.041922281942434796,0.04194021929887015,0.041121060206845854,0.04144123533171872,0.04167155029483037,0.04178536656145804,0.041304362057212475,0.04200139752366348,0.04200671780005442,0.04194623309359882,0.041868821586000006,0.04114705476025501,0.04206537459031983,0.04248630554541003,0.04134787537920313,0.04171171491399024,0.040549771999282815,0.04123643193603102
0.041967180647422754,0.041842306645924345,0.04185879270895936,0.04147839216103555,0.04135921991991974,0.04181314394968422,0.04195873451236425,0.04196753731705572,0.041139585732184306,0.04142445330966632,0.04165986022117084,0.041796806498996274,0.04137735558000724,0.04198275026765084,0.04202148855278721,0.041974145612755455,0.04190561055203146,0.04113285359286201,0.04218517019185061,0.0424354878755112,0.0412621166123439,0.04165425258194138,0.04054025195142873,0.04126250300444628
0.041973016346353836,0.041696119123981884,0.041784077277407246,0.04148274255454982,0.04135665020564926,0.04181776896671085,0.04190933464327388,0.04191384404719597,0.04111046648383677,0.04129756958118651,0.041563203204531086,0.04180743698080145,0.04148183819607094,0.041946485194047395,0.04222510193637645,0.04209180692967286,0.041751649212279605,0.04130643972736293,0.04216936372174386,0.04238049302229827,0.041272725738809156,0.04158901334774889,0.04076575971941002,0.04130709383870108
0.042003081498358935,0.041643806306739,0.0419006444927635,0.04154736440521952,0.041459003507623916,0.041806724498661095,0.04191766860648664,0.0419514591930966,0.041140517319562114,0.04130583850774606,0.04157015570997111,0.04178362600675851,0.04144734525978033,0.041924724001696695,0.042194077586808695,0.041969167045962284,0.04180900858376772,0.04124574378267389,0.042028969447777856,0.04241934486112078,0.041382196810611074,0.04164162626889319,0.04066054235075666,0.04124736394716384
0.042049633520756004,0.041664263545545366,0.04194673306170563,0.04137623344974562,0.041520815954302105,0.041864033068440026,0.04191276495756213,0.04200332509281367,0.04102864270679145,0.04147684673633288,0.04171858575002695,0.04179086832938686,0.04138898759564776,0.042089449649832286,0.041842241741635394,0.04187813275567204,0.041955554658638136,0.0410847837461462,0.04199638675814765,0.04252481528226492,0.04147825174910275,0.04177566842051495,0.04052937253410811,0.0411036089348811
0.04224714754115987,0.041624367884259744,0.04222548938858914,0.041312695622797435,0.041763285286564276,0.04180041779522707,0.04185051249266247,0.04197960915408501,0.04115839057629057,0.04146535809836466,0.041930802747582666,0.0418021024833703,0.041158606117273594,0.04212924910092467,0.04160637640588309,0.04181950432089682,0.04193724915721308,0.04094772775642759,0.04184138544689828,0.04262784742180839,0.04155208733046757,0.04191312343200903,0.04037155202403079,0.04093511241521389
0.04204137687187463,0.041857006860635544,0.04194821576057882,0.041331876871354374,0.04141917887116698,0.04177182801454011,0.04201555714253932,0.04180078416465248,0.0410282237735641,0.04145954108862341,0.04184861829764098,0.04202198358447905,0.04119034650314601,0.042130470050377455,0.04190332480917258,0.041970522500449775,0.04185239884906736,0.04128113424074165,0.04199224952273635,0.042412425854988056,0.04138565930314676,0.04180116568819092,0.04042948699304502,0.04110662438328826
0.042319475834965835,0.04161396896950652,0.04187124971900662,0.04153367346101577,0.0416156594534477,0.04203824573672715,0.04187212718427814,0.041634244861938896,0.041163368244140186,0.0413833195388687,0.042086154349066145,0.04188814464355663,0.04118753324112347,0.042095057894985105,0.04181495809099449,0.04182387155177527,0.041825309206739915,0.04132121036568068,0.04188032181757661,0.042456400076770776,0.04134986431635528,0.04175548379233649,0.04044579994927061,0.04102455769987302
0.042182341180281,0.04144312874938356,0.041675716734169366,0.041623642095980184,0.04148021618571339,0.0419612396646787,0.04196500815877733,0.04192617779392688,0.04101429395513936,0.041323389807944574,0.041925994327766815,0.04179347721620657,0.04148649122424209,0.0419549423126981,0.04181653940838118,0.04183577856246365,0.04206887975664315,0.04120807388852661,0.04203017831395923,0.04258783114529318,0.041426852325858896,0.041451226053150735,0.04063605367344165,0.04118252746537382
0.04204821011117731,0.041594625252133435,0.041904889568299915,0.04137828384680853,0.04161938354753972,0.041790277743539266,0.0420028372510874,0.04199057458385314,0.04094728876380351,0.041463787945888814,0.04189064425478687,0.041800988990060385,0.041403332104233075,0.042061647496331754,0.04176479578224123,0.04177298906798829,0.04209239338349995,0.041148172963077476,0.04196928096281903,0.042594478727138514,0.04146018448627713,0.04178459746195056,0.040481153753814954,0.041035181951649735
0.04253216919017505,0.04145822394160185,0.042046006473788776,0.04140674013595679,0.041947310184968924,0.041980028911501585,0.042062437686447005,0.041825775699785454,0.04113020173679008,0.04134822500016637,0.042238324997821104,0.04178675404728739,0.041181383279476104,0.04207767966779101,0.04154884584531114,0.04167462439974726,0.04174527465007327,0.040970222871808994,0.0418005540856629,0.04274749934013766,0.04133121403724245,0.04188730355490525,0.040409175746105024,0.04086402451544857
0.04219074285558569,0.041778602404464994,0.0420419435418376,0.041418333829211285,0.04140925779953367,0.0417398205271748,0.04194179254004425,0.0419274116292474,0.041183823890672606,0.041463976620008794,0.04163638897302187,0.041841027054123126,0.04131915658653978,0.042066453529708454,0.0420151391495219,0.04182414360716073,0.04177135248286066,0.041192966819831874,0.04182280066201051,0.0423860645644271,0.04152241951162927,0.04178448460333331,0.04052240605987795,0.04119949075817234
0.042085035797168414,0.04158048910557233,0.042113971919249704,0.04128983242235162,0.041276518635655256,0.041717922062048794,0.041728691986617314,0.04199503212211743,0.04082262378111106,0.04167877085971899,0.04161575144369501,0.0419899394438946,0.041316970254360055,0.042157992871280914,0.04195756031464904,0.041862136999543796,0.04205776420804712,0.04122012762766839,0.04195153133663622,0.042659750479375584,0.04148374060425638,0.04174908746934436,0.040515220211964006,0.04117353804367362
0.04194938384550425,0.04158983597680048,0.04206423143088766,0.04132161215672593,0.041433330373358494,0.04158814121177627,0.041933402508653135,0.04203175339004356,0.04073517390381588,0.04146962659096036,0.04159611453611532,0.04199739227695033,0.04135164468137281,0.04210131804328882,0.042156417728388844,0.04192886826889537,0.042010489539988316,0.04132737534889891,0.041906905699926646,0.04260297344590871,0.04127953540286459,0.041819397350328545,0.04058013015909361,0.04122494612945315
0.04229804343585199,0.04149663681200836,0.0422094737085264,0.04124851471458812,0.041570813277261705,0.04180515411738365,0.04179133321605141,0.04197646094354144,0.04097598428102161,0.04161295488533963,0.041773265447583384,0.041847999407064004,0.041239609673464406,0.04221831432809496,0.0416899584657633,0.04182306330971592,0.04197625281236325,0.04102058629695592,0.041919978106185814,0.04275952972393582,0.041533260466112304,0.04179353841543931,0.040468907353907096,0.040950366801840186
0.04184735680272992,0.04207755848742229,0.041943445507660694,0.04143440079230996,0.04128343575120152,0.04169001309662543,0.041931332237046835,0.041777293050983016,0.04106213942598907,0.04171253535765226,0.04191922392073589,0.04208971139245942,0.04107677443678388,0.04223351994301501,0.041604060895447596,0.04179702603947177,0.04220276363055251,0.041118881057212175,0.042243329462775925,0.04261330689545552,0.04146539491131212,0.04169507143989608,0.0402615637102286,0.040919861755032524
0.04204070443723441,0.0418496838087981,0.04185487264747526,0.04138335489786439,0.04140458106410538,0.04185289523903955,0.041978745639582093,0.04192214913748727,0.04100329104942748,0.041552344024543914,0.04188540601432344,0.041673198866933076,0.041355175588677774,0.042203337608227705,0.041861672157184025,0.04186326300457216,0.041893999563765855,0.04114993645196563,0.04203471274099687,0.04244104787293681,0.041511616349043455,0.04173800235742273,0.04050474376195101,0.04104126571644163
0.04223929772374323,0.041464737074119955,0.04180166341898208,0.04144771768676653,0.04166203204086129,0.042105468409492926,0.04189474439235734,0.041827737993196626,0.04105821075795673,0.041386818331756677,0.042184564921231626,0.04170699059731414,0.0413588841216862,0.042064139862230836,0.04169124072137169,0.041813257628665154,0.04200134863767689,0.04120251106183313,0.04184032896769848,0.04261872790572838,0.04151983932428827,0.04167234186204654,0.04047426030405136,0.04096313625494392
0.04225257408488773,0.04153169090005965,0.04201454051653433,0.04135747261083755,0.04155066053200086,0.041786270547116054,0.04179967691012088,0.04193662997071698,0.04116391297905488,0.04145396868762278,0.04171667145074754,0.04187217039317879,0.04135875129536814,0.042015660604533996,0.04184562529881507,0.04192248514261503,0.041891330836571275,0.04106631416076557,0.04184442591254994,0.04255840271407036,0.04163796296613398,0.04168642907475661,0.04061154108640636,0.04112483132453563
0.04215640586871021,0.04167986687683362,0.042043104623838416,0.041413140784894296,0.041599807929866936,0.04176099096449325,0.0419252703383432,0.041845161849948936,0.0409684247290227,0.04157702382732363,0.042032512666622154,0.041791003161320235,0.04120287953503745,0.04218481292328366,0.04169099388146773,0.041662393615326726,0.04211702538792814,0.04110114125936246,0.041991323923733476,0.04275189878234528,0.04139442651062656,0.04187813167000236,0.0402755804331247,0.04095667845654386
0.04205996319088093,0.041693557461572925,0.042097057217848816,0.041252587038910375,0.04148390311142245,0.04170886587163355,0.04194473135186193,0.04191713755865456,0.040790534720359865,0.041753121003340055,0.04179876870973968,0.042102196363602414,0.04118736151640699,0.042379943156042627,0.041626917063358214,0.04178773713939492,0.04214998992353271,0.041074248274118624,0.041966427764696314,0.04282905097246353,0.04126515737951211,0.041874621906368995,0.04033952883949959,0.04091659246477784
0.042056494436646386,0.041612592725546266,0.041676089442011434,0.041460248713360154,0.04146963708204472,0.04205621174408695,0.042019590658842955,0.04179580726117512,0.04088829719187073,0.041576618857477834,0.04215529300641149,0.04202934603190294,0.04133497127386081,0.04215044755675231,0.041461491072766116,0.04169700869141002,0.04236314643037893,0.041233720222154595,0.04198843496308148,0.042722106466645114,0.04139185943180923,0.04154146826949479,0.04032609112440413,0.0409930273458655
0.042003220239571086,0.04178696683668553,0.041821989575784584,0.0415039468487264,0.041288198652938576,0.04190222835013117,0.04182478802686519,0.04184678434765983,0.0410444139397317,0.041641303743181916,0.04171981391677251,0.041855739391117766,0.0412595231971312,0.04211218647633805,0.04178117181409383,0.041910182885415155,0.04200861406829105,0.04114167621206773,0.0421564317214762,0.0425128503759194,0.04150390474813492,0.041739432792401325,0.040512262463447954,0.041122369376116935
0.041999252229548104,0.04177421807885572,0.04199521731880726,0.04138797067852643,0.04124314956319987,0.0416744295378834,0.0418366329496653,0.041961116134533724,0.041020338326523,0.041476884763741374,0.04172146223977054,0.041906325512240584,0.041331922550309146,0.041974844732674044,0.04198606822058753,0.0420052427105253,0.042092822552249866,0.04119343352189981,0.04219425971319359,0.04253026133547525,0.041351577268887246,0.04163074853485708,0.040479615729953476,0.041232205796092346
0.04176236957483437,0.042019435196852785,0.041764652159906025,0.04150890360432809,0.04115333527641895,0.04169669450240376,0.04195178947613905,0.04182854473640215,0.04101003003035269,0.041634604227352504,0.04153976058950507,0.0418568567134949,0.04130243858564988,0.04209678066627668,0.04220708745635577,0.042009883989470496,0.04192116025433147,0.041271769752821534,0.042278164481743395,0.042429176547037505,0.04121572758550354,0.041727298967323356,0.04049358896866741,0.04131994665682861
0.041757640026867056,0.04209322799280379,0.04164367161664903,0.04162385770166504,0.04111960619985179,0.04181507015654435,0.042060066069075884,0.04177181051870357,0.041242081859889146,0.04129090069068117,0.0416790928915229,0.041680004559529166,0.04149200276154148,0.0418827515965747,0.042351443091426175,0.04205527981204299,0.0418227796968582,0.04142914721628343,0.042209911588170904,0.04215620740599748,0.04133730409672833,0.041492857450297356,0.04064997826340692,0.04134330673688915
0.04220815045312783,0.04164253428059991,0.04190850140459034,0.041363765246572454,0.04154050851578342,0.041950311053416726,0.041930914671116426,0.041879101669330863,0.040901293765494125,0.041606626907738274,0.042051550344302656,0.04192035061434555,0.041340669707709124,0.04221277998105982,0.04164798749731724,0.041666922415418535,0.042035865523516965,0.0412140399619164,0.04186165534541992,0.04250819646011607,0.0414018732578455,0.0418462384715885,0.04037321249547598,0.04098694995619737
0.042125031158899456,0.04167996613021095,0.04232055497929054,0.04111137651893279,0.04147856396158995,0.04166877423079974,0.04170255305779648,0.04197834742013552,0.04088632223530996,0.04173612875603012,0.04177449532045704,0.04206466723573603,0.04117178998569698,0.042324632417632915,0.04164353176621359,0.04191775064204853,0.04212205854285399,0.04107482325029361,0.04191427268127532,0.042579227073207646,0.041454579904463044,0.04196601601790688,0.04033712398936845,0.04096741272385047
0.04200801830713827,0.04182978129679705,0.041976126392320574,0.04124232003786225,0.04138007656194932,0.04178671705513239,0.04189482356147417,0.041967000261033616,0.041050599441040315,0.04150230578123002,0.04181195511852859,0.0418947888801935,0.04124858248625895,0.042080234642447055,0.04198626818968454,0.0419679862002986,0.0418746886008063,0.04133202317033571,0.04191995758102834,0.04236398697201655,0.041426690680414796,0.04175863512672061,0.04048363481898617,0.04121279883630233
0.04199645865256986,0.04201434789665022,0.04203903535056239,0.04134353095176413,0.041180304596836595,0.0415098494276239,0.041910943807700794,0.04193498758551819,0.04109134856053774,0.04144073594478535,0.04155007918354777,0.04210087281785263,0.041298612263057505,0.04205232973759692,0.04206419318315921,0.042066525271164154,0.041942988974511784,0.04115808044182561,0.04203259858961457,0.0424769480032608,0.0414118819259981,0.041568037746592186,0.04048482495481121,0.04133048413245836
0.0421997929015347,0.04174836647971798,0.041922435968527634,0.04141333427815166,0.04137782674015148,0.04186483259263067,0.04192588681631764,0.04165801971473309,0.04097658635472907,0.04149225754700411,0.04210378892774464,0.04221524734487011,0.0412175061032408,0.04226471941275614,0.041683231727681624,0.04175760840540845,0.04203423153744868,0.04130483833452407,0.04215265114752985,0.04243308211161422,0.04125667520890322,0.041724894765008375,0.04032080380081929,0.040951381778952495
0.042084321635557635,0.04194753261175976,0.04195324412564543,0.04148650248029178,0.0411526860418836,0.041706638491846276,0.04184566654797401,0.04180077196831586,0.041111578498101944,0.04148373093474188,0.041791171869521034,0.041996345497995156,0.041224991429942764,0.042025641155514555,0.042137686890622986,0.04200117031544932,0.04188101551856218,0.04135853336150122,0.0420868133020663,0.04228782094339571,0.04122663602891071,0.041681796130929843,0.04046199162743087,0.041265712592039185
0.042021883055716996,0.042001937517692586,0.04187888881454748,0.04135152165161387,0.04100873993500952,0.041762764543962036,0.04181822444081967,0.0418286680910725,0.04094750306882598,0.041600399735546155,0.04186789993338443,0.042095087740379636,0.0414074995178362,0.04218765307899937,0.04200972936306395,0.041942309082694175,0.04202461912355732,0.04134448569454984,0.04207044330323815,0.0422580721293753,0.041381058297013336,0.041485016483334136,0.040514760730359305,0.04119083466740804
0.04177513681252233,0.042130473108845455,0.04205184792654523,0.041407490412853874,0.04106637351170454,0.041462097149701185,0.0419377312131355,0.04191255629649726,0.04104350658466958,0.04156466400955979,0.04158196402604954,0.04206326405537685,0.041199375127168494,0.04202104171338571,0.042249928905500514,0.04197723448583009,0.04209643273858092,0.041437266450396484,0.04194499692289515,0.042356398546061644,0.04131827869025968,0.041702207312719446,0.04038982548636844,0.04130990851337229
0.04223352940307908,0.04162724412108106,0.041779177269781885,0.041422474141885636,0.04138348095750468,0.04203000351811012,0.041917400599238056,0.041774195936325316,0.040905719035236945,0.04153131256049873,0.041997359675179785,0.0419252517755517,0.0413321261356703,0.04209718956289007,0.041926832915225976,0.04186374098132675,0.041886828594501595,0.04138081928977714,0.041875215396204334,0.042462665785530734,0.04130737064318388,0.0416613551030195,0.04053740766559413,0.04114129893360258
0.04228478229723896,0.04167326083934676,0.04225650129985463,0.041224559458881135,0.04122855714059232,0.04147573969576547,0.041696736692666846,0.04195817120605943,0.04078806165821167,0.04163000463525498,0.04147817942097335,0.041998271867090466,0.041239336515317894,0.04225782395291149,0.04225847784880477,0.04191102134914857,0.04181500268172861,0.04128533957753713,0.041826871882942984,0.042691020074695565,0.04129143269836087,0.0418000671050753,0.04058080142882593,0.04134997867271483
0.04196578761264406,0.041885699456634055,0.04207022415300442,0.04122633173657841,0.04119819934782536,0.04159606958038192,0.04189539720613731,0.04191075115070323,0.04088619481203239,0.04166059577064156,0.04154213265898743,0.0420727303129884,0.041388068207481726,0.042282935719866604,0.041910122134264566,0.041948001801374306,0.04202874869113504,0.04112234343234167,0.04217689444465485,0.042463968632069554,0.04140351625686919,0.041735919250950784,0.04050153392468787,0.041127833705745326
0.041815464985420533,0.042035224617595936,0.042003188617214804,0.04160772132988778,0.040835132665161325,0.04141792734432738,0.04181788700214694,0.0419177939538612,0.041011892832694054,0.04159061862281974,0.04136999221574225,0.04222483534217704,0.04126018917114588,0.042055051474356245,0.04222244304344728,0.041837520691929066,0.042163408243116,0.041385851719950725,0.042286807271176535,0.04238641208992493,0.04130305242830394,0.041496202070985276,0.04050988405090222,0.04144549821571291
0.04180027347839306,0.04219111327571251,0.04211634021907198,0.04120349324900739,0.04084573319855955,0.04141441409366318,0.04178960434988195,0.041944395870355804,0.04096357406968667,0.04165486326219035,0.04139834105651436,0.04217167703602932,0.041319976951512384,0.042207572660133315,0.04219312426279492,0.04214963047567512,0.04194401447625397,0.041293091143918007,0.042325225310794586,0.04220202510956115,0.041323622484745526,0.04168672205261907,0.04055733238977423,0.04130383952315157
0.04140226393359697,0.04217525642091972,0.0414272602038688,0.04154917436086959,0.04083252204348201,0.04189342167593642,0.04199138345015517,0.04180403416048168,0.04090031770083468,0.04149197378960675,0.041553878053430415,0.04186102397061238,0.04164394992267893,0.04198797655844269,0.042496525813497804,0.04212648877448521,0.04215771613564019,0.04179132898352772,0.042321390751317516,0.04195585160281907,0.04120170611979512,0.04139617417664949,0.04057705475590082,0.041461326641450844
0.04201177276097908,0.04184784408791285,0.041625393532770005,0.04155861970847985,0.04113543880044693,0.04188903936940174,0.04193827347988185,0.04190836328693365,0.04115669808340489,0.04140597364589358,0.04157711595372967,0.04175604680642377,0.04149765445852859,0.04191173840564081,0.042288730739824386,0.042104704994280116,0.04174323027635517,0.04131105648595199,0.04201143078859906,0.042198871301822094,0.041453649056177794,0.041473386809850736,0.04079629388771305,0.04139867327899835
0.04189353945504939,0.041660136113592684,0.04215668353086179,0.04131820187777667,0.0414433294294409,0.041613172105860116,0.0418152941785866,0.04212522393660912,0.0410130695716568,0.04150340531656047,0.04136613429216589,0.04176134080107124,0.04139200883012508,0.04201012967232621,0.04228740604579297,0.041952396784432196,0.04189975112741482,0.0412095768671694,0.04188448448129819,0.04252424215355689,0.04141865363527153,0.04184956735330463,0.040608914588965046,0.041293337851111375
0.04154840528243286,0.04221102844060632,0.041992986867731175,0.04110462623121019,0.04099504317552826,0.0416008449395799,0.0420017255721105,0.04194555809464292,0.04071912750179626,0.041903316069562116,0.041521904319237156,0.042094106161263405,0.04128140913094291,0.0424480979973369,0.04189475075217444,0.04199023249152091,0.04228036837552551,0.04130569074064545,0.04215583688420604,0.04233030878303572,0.041452834372633536,0.04187129892307482,0.040272824431366525,0.04107767446183619
0.042389139492183064,0.041613129214617996,0.04203866229270104,0.04158874336487112,0.04174866398318068,0.041734111776908965,0.04195744056103395,0.04171322024099777,0.04109370318029918,0.04133709329101979,0.04215838591071646,0.041964171452081964,0.040961670160282466,0.04197981903900288,0.04171257094296589,0.04172356440124609,0.04196428545097306,0.04108144829950667,0.041785158497751065,0.042960397848397815,0.04125277376339907,0.04179065027041764,0.04033673567402019,0.04111446089142518
0.0422270698666886,0.04179862371618258,0.042072362832991414,0.0412819685011734,0.04118529641902578,0.04186296444558488,0.04169838512967207,0.04189273980353678,0.040884865484495464,0.04190548510315585,0.04183123246371167,0.04208060046737405,0.04111547714264381,0.04239667200957915,0.04149491110229056,0.04185026868074863,0.04210482792965033,0.04108506278599356,0.042009319914898945,0.04254766888804327,0.04148825362747982,0.0418276312850008,0.040333000945859246,0.041025311454219344
0.04177580403172461,0.04196155298600604,0.04170871961906605,0.041565930967333034,0.04131400990873962,0.041734760072523754,0.04206649819504752,0.0418851074964,0.04103987612518608,0.04149639968419058,0.041958647482250096,0.041967359035320395,0.041413082132800004,0.04206550655554037,0.041774440527402285,0.041845496456286976,0.04227317570112731,0.04116964207109147,0.042213399671636426,0.04246332257662294,0.04132363624925525,0.04151794553158214,0.0404264950289409,0.041039191893926144
0.04205679279238975,0.042119436678261665,0.04186493815243744,0.04149797584637112,0.04104583231903973,0.04169525925985989,0.04186826674351089,0.041853723970606646,0.041339771181801974,0.04142215628750013,0.041715983701900536,0.04184078605411282,0.041349638076769696,0.04201998511342128,0.04221136919362362,0.041996496752007145,0.04169950420413064,0.04123376645328573,0.04237030941738088,0.04213576757821578,0.041213440748717425,0.04146166349345525,0.04062401265264831,0.041363123328551646
0.04188544116243124,0.041814451626328984,0.04154727863599732,0.041659023625890745,0.04122901953263637,0.042064794880500765,0.04198428459299326,0.04193687897855613,0.04112347392899875,0.041338114365400865,0.04171033264933273,0.04153362165804505,0.041574832839791104,0.04184648632941832,0.042297899729422675,0.041956906240747285,0.04184227579940039,0.04136618373992626,0.042161305182076385,0.04230708363842648,0.04131060969725435,0.04140694662406452,0.04070650514132341,0.041396249401036624
0.04237078525251189,0.04150023730124983,0.04216139640583658,0.041316264123114975,0.04172559732332216,0.04188689925945811,0.04187398460242957,0.04194032145408635,0.041098188720590206,0.04148475160202803,0.04190501049309691,0.04185759235075812,0.04123229903707534,0.04217746170416553,0.041790547100192595,0.041766654736997866,0.04175285829671229,0.041040895101156515,0.041739666224726475,0.04256788857965103,0.04142138209964631,0.04198286501931885,0.04043877089024417,0.0409676823216303
0.042270640382389146,0.04159087091004845,0.042288041901986886,0.041258405733786335,0.041325731920689106,0.04155005341798147,0.04165621458261368,0.042006737986347846,0.04091586938468953,0.0415256387539147,0.041630461721369076,0.041960029948555466,0.04124465947499843,0.0421865520367625,0.04203758590943993,0.04194173134121999,0.04187581769578271,0.04114487457210433,0.04180269761072849,0.0427276049809057,0.041494079603804024,0.04174626038382464,0.04060848549294018,0.041210954253117375
0.04201051151036062,0.04202272631764336,0.042143749994179885,0.041407636966972014,0.041228957022482915,0.04158536588023715,0.04190288152356153,0.041865231584325494,0.040930689854868474,0.0417950633118327,0.04164997161072731,0.0420389384280393,0.041024354047209464,0.042317328052415455,0.041867094020472416,0.041806183442550354,0.04199852950759625,0.04118114046039699,0.04198481880745083,0.04254825527477085,0.04133835037967643,0.04194238894565687,0.040279652019260204,0.041130181037313134
0.041803520755615026,0.04207999944092089,0.04202059480920654,0.04125013496240506,0.04094991225471813,0.04149340222883811,0.041812079301855015,0.04189415318480803,0.040837076143352746,0.04174067883738994,0.04155493659138764,0.0422326813303538,0.0412372426615586,0.04224230474201138,0.04194617805153536,0.04200053076359416,0.04218299916754517,0.041316723721041344,0.04220750593073699,0.04251073007304281,0.041395073051464004,0.04159409887444295,0.040447097663118915,0.041250345459057376
0.04189922118115338,0.04207366728736637,0.04169190525483635,0.04147042822844281,0.04080597731231585,0.041860301092412205,0.04174533111059688,0.04183421054872371,0.041044201680666435,0.04167759289804391,0.04178953278630408,0.041938369394777596,0.0413638368768426,0.04215068919081173,0.04210960191568168,0.04199980937686404,0.04205382538177852,0.04148324041616743,0.04224218214662034,0.04219039779817037,0.0413741768851282,0.04133303753801398,0.04056319292592276,0.04130527077235879
0.04164473893214907,0.042118218671217234,0.04157373332517654,0.041362792952424905,0.0408438915291924,0.04194486746156489,0.041923711477745394,0.041856660538162886,0.04087916636939552,0.04165633036952405,0.04181450219795384,0.04171352437497281,0.04146729925057095,0.04215320607945468,0.042241338667003483,0.04200502994541793,0.042096502690637,0.041586157324107316,0.04225472407630226,0.0421687125384313,0.04131166970832046,0.04147239869010018,0.0405640467762519,0.04134677605392301
0.04215805140377318,0.04163987803507525,0.04169357750389491,0.0415484962929977,0.041587615308202056,0.04200999762333156,0.04198618734128089,0.04179975273373845,0.041269253109996386,0.04119648460754938,0.041921107885388734,0.04161893132835235,0.041460032623356236,0.04185217399765401,0.04203176674096175,0.04191528660336428,0.04173480208919322,0.0412082980943471,0.04213208105452024,0.04242232769911841,0.04142549879667412,0.04153674721187344,0.04064779285819557,0.041203859057160785
0.04202431479868668,0.041787647824544305,0.041930140353209,0.041568539805286395,0.041341137718340464,0.041711423633650914,0.04191407229971247,0.04188764223391176,0.041135163004830416,0.04137168386073045,0.04149563670868075,0.04178059452362597,0.04133056024354335,0.041925355599917495,0.04233094516852528,0.041961731612518774,0.04172122098562876,0.04128987993424402,0.04202376004468187,0.042437244951536716,0.04126815784774308,0.04177145594202884,0.04061075701597761,0.041380933888444625
0.04190677740863672,0.041737536713498044,0.04189661632828985,0.04141531751056276,0.0414469204025826,0.04187915274553865,0.04200007009708719,0.041968026280566686,0.04094661972055984,0.041547656788361774,0.041575028786858335,0.04174371461071528,0.041435718938582465,0.04212141351051278,0.04199720161072891,0.04192567275746313,0.0419447018699021,0.041116125465819706,0.04196341886724509,0.04255130994445686,0.04136492826228971,0.041767579030037985,0.040594397834747595,0.041154094514955934
0.04208267436157207,0.04172800436654806,0.04224795568527178,0.04123836693446313,0.04143557574579932,0.04153420121999042,0.04197265205575667,0.04188097671550957,0.04072052742534008,0.041589884086984726,0.04176344410090303,0.042140005530660794,0.041306723137711235,0.04233309730473558,0.04193838224409127,0.041672765177861885,0.04207332985195407,0.0412890726727272,0.04192049630737946,0.04264556580884283,0.04118591126946422,0.041855659786799136,0.04033794783395035,0.0411067803756831
0.041930292851849155,0.04198750470526119,0.0420389686156663,0.04128326276395409,0.0410086101906887,0.04163764327082416,0.04179269403343596,0.04197019150451447,0.04096042409433453,0.04166796862530897,0.041577626817634605,0.04204032136432224,0.04127124163487236,0.04222216447851891,0.04203175891129123,0.04203907267325522,0.04195118365160536,0.041268729387368475,0.04205207491674674,0.04232938839121447,0.04146751406806573,0.041710235826902996,0.04056553545463548,0.041195591767728634
0.04210922293440772,0.04188246515747286,0.04198016807235288,0.041457548902341795,0.04112916364245951,0.04180889932725991,0.04176240409723915,0.041886459099218225,0.041042897473917324,0.04163327490624364,0.0415998615697809,0.04189149364613297,0.041292578296154965,0.042139618515879246,0.04195712610074503,0.041912617931071525,0.04204502255071925,0.0412103977417183,0.04207902060818194,0.04237121758448311,0.04141051850394821,0.04167145520543472,0.040422669539017735,0.04130389859381908
0.04161078400672043,0.04227690044234175,0.041799036672807204,0.04137401927650038,0.040898941848526556,0.04157421234495538,0.04192269574964622,0.04188133405714479,0.041197721873270164,0.04154404060016182,0.04160481999740645,0.041992658928675,0.04136954874626295,0.042017446223199216,0.04219339440495382,0.042129603282075566,0.04201503387059464,0.04131692775710813,0.04238117648891034,0.04214200188283378,0.04144559729526035,0.041509854046772765,0.040539905020377714,0.04126234518349456
0.042163945307310866,0.0415002538416854,0.041607058411723054,0.04162914958798235,0.04166968558353147,0.04223172989434376,0.04198675514832596,0.04181642668010561,0.041175750365705206,0.041198111550734655,0.04206637553264153,0.04152273392965951,0.04142740101663653,0.04177070354359584,0.04203483157228205,0.041916508279480805,0.04181092246462589,0.041288782477469234,0.041977223095596004,0.04252550934485367,0.04125489761538683,0.04160423446678746,0.04057062850890176,0.04125038178063457
0.04195983427999492,0.041873159122811913,0.04163079888321822,0.041574694542829076,0.04146154136957606,0.04202955815229011,0.04202072801529533,0.04164718496001091,0.041083786522389865,0.04146059191913558,0.04191168747462916,0.041852985160188774,0.04130767338161152,0.04212756721916997,0.041928485062578826,0.04188265362721675,0.04188775537397006,0.04132149123214745,0.04216489574327653,0.04231296539030036,0.04119619847976375,0.04180591423339004,0.04043757270391958,0.04112027715028524
0.04210291088092036,0.0417271595719049,0.041973925102342165,0.041457439281295305,0.04149301011445018,0.04168916514429374,0.04196167331196194,0.04188619990423134,0.041145541508430174,0.04134432581610411,0.041844741074728686,0.041891379160278,0.04128241759861246,0.04203782572263837,0.041874304962114625,0.04189236544922851,0.041964577660328774,0.041138907600087156,0.041966257820902755,0.042566917704216,0.04144903600031243,0.04164959959307799,0.04054049784332433,0.041119821174215705
0.042124648964664724,0.041833726010291464,0.04205341567098821,0.041225696490675534,0.04116967297663367,0.04173405984191683,0.0419093537907875,0.04190279921800033,0.040785982752303114,0.041648008160329174,0.04185272089469512,0.04208268582671507,0.04133910100397749,0.042334325933295794,0.041992318927517716,0.04188035116864379,0.04192329526306499,0.04130388070318834,0.04198752809464908,0.042441126330554434,0.041191184658449176,0.04171714577427101,0.04046356267283954,0.04110340887154788
0.04210625479252619,0.04178227445696708,0.0420606864598642,0.04135718070788095,0.04128137972979476,0.041519398915619427,0.04188746036671711,0.04190348760991731,0.04101754245470728,0.041456521854335876,0.041715404217707114,0.04211557964389012,0.041298775212748516,0.04214956255516057,0.041986657748850104,0.041863124537187324,0.042038705390779856,0.04122390622405968,0.04189700334325914,0.04260400157678725,0.041443139378920184,0.04164390873319326,0.04048328449006594,0.04116475959906074
0.042001199972325244,0.0419425490498912,0.042043101268675005,0.04126916506525289,0.04099969809083672,0.04168031318067636,0.0417836330734126,0.04196019482800659,0.040939361313338626,0.04172487817753849,0.04147286388770615,0.042078006637842655,0.041235532132947096,0.042230243558575555,0.04214161857870308,0.042009701038830324,0.04187443654441044,0.04130977659583412,0.04213940542976436,0.04232453261537395,0.041258631565550166,0.04174861382857249,0.04052129648859215,0.04131124707734373
0.04208106121806637,0.04192063596284342,0.04191329482073756,0.041581843740719084,0.04111590660293875,0.041688949121699466,0.04190057909078766,0.041805357245510356,0.04111921061224011,0.04145729200177862,0.041553499600955425,0.04198689942974632,0.04129546737230134,0.041966679090963514,0.04223232242949996,0.041892593988847954,0.04183220046350743,0.04128368786087912,0.04211683566360519,0.04244317964678754,0.04131564065248091,0.041566076631864186,0.04055729126122481,0.04137349549001492
0.04167330375435714,0.0420249252497857,0.04167513140158236,0.04165082716056834,0.04103242117647886,0.04168057471946996,0.041941754918604204,0.04187544450925108,0.041108258630378654,0.041439451586564834,0.041430868083471836,0.04193922890211406,0.041442527383114595,0.04189889188584786,0.042281038557019125,0.042012602251692586,0.042003781005871106,0.041391912946814956,0.04239820114540038,0.042252682783673834,0.04127670678297018,0.04151450151767652,0.040620415504501996,0.04143454814278984
0.041704103400286116,0.04202604860002705,0.041742503669153365,0.04145317690775318,0.040965227553696436,0.04182260740257197,0.04187779107499753,0.0419255165574677,0.040991784355579416,0.041453288334893944,0.04159617259557978,0.041890335294889294,0.041450829509321004,0.041932796463997855,0.042411908407712376,0.042182665636772844,0.04190006659851634,0.04143329087736416,0.04233933219669231,0.04220923977176661,0.041148158728774205,0.041471901619719524,0.040657658931273225,0.041413595511193786
0.04197391135323629,0.04211853037969821,0.04186818722553762,0.04133849829101015,0.041156114627946334,0.04170487921509182,0.041994042908662946,0.04174144418746981,0.04114168395622829,0.04144597977807813,0.041889012801589666,0.04189580924642836,0.04143356672346391,0.04208757210251538,0.04209316888313018,0.04195313535008605,0.04184221102498709,0.04133835948688507,0.042099890968616153,0.04212391399683521,0.04140968002072484,0.04166891903211596,0.040482567610999796,0.04119892082866271
0.041886084672277724,0.04183094121047222,0.041910651235637565,0.041396827045009514,0.04122809171853593,0.041778656745653134,0.04182683357008793,0.04190588458901551,0.041086868663755674,0.04143550030580491,0.041573958507347006,0.04188769007093213,0.04142357625684858,0.04201270305874351,0.042202462170682166,0.0420413128483441,0.04188018830067663,0.041349331524016014,0.042035267828719455,0.04237872899701597,0.04149559374679485,0.041590285015267674,0.040583244205010686,0.04125931771335112
0.04207624155613565,0.041779573494407106,0.041992556673701144,0.04128546203259549,0.0412173119740852,0.041689441783926216,0.04191960989762829,0.04194884113409685,0.040907002007966424,0.04147663947259813,0.04167081981636411,0.041903975967969305,0.041277912653249864,0.04211233586473661,0.04223287816992975,0.041970713769759214,0.04176728933858314,0.04137506104975203,0.04191065569449238,0.04253251940370121,0.041348371875380145,0.041640404266365116,0.04064991677670252,0.0413144653258741
0.04205886118377333,0.041673246078167116,0.04220142528233378,0.041304453922583875,0.04139389395870428,0.0415485204492865,0.04180918205330862,0.0420280389237489,0.04095138746041876,0.0415178294637543,0.04158994869753214,0.04189629382484987,0.041297751492848575,0.04212955125939992,0.041998053848222076,0.04196366488501256,0.04196970351165508,0.041123859851312464,0.041874413091560266,0.04274124085564179,0.04145521153096118,0.041733825541014874,0.040579476916425786,0.04116016591748396
