Stock_1,Stock_2,Stock_3,Stock_4,Stock_5,Stock_6,Stock_7,Stock_8,Stock_9,Stock_10,Stock_11,Stock_12,Stock_13,Stock_14,Stock_15,Stock_16,Stock_17,Stock_18,Stock_19,Stock_20,Stock_21,Stock_22,Stock_23,Stock_24
0.0963222819698,0.0046786930523090966,0.004389156970038647,1.8494526003571994e-05,0.09632088095634304,0.00026810746660906206,0.0001354820205890354,1.7432282193990863e-05,0.09633095217602955,9.055197837296868e-05,0.030069366157195302,0.0963320833221403,0.04940513758122968,0.051553545782612016,5.7128620450959184e-05,0.09633237615692024,0.013821520262037978,0.05272524663944744,0.0952069431953151,0.0018150330299975556,0.021708732224903736,0.09632915497434091,8.40521946300182e-05,0.0959876464604898
0.09565924260337869,0.004089339344675685,0.005428291491591956,1.978154305108279e-05,0.09565453814301053,0.00026227223993080897,0.00013080680773963337,1.8233347911743217e-05,0.09566822384589972,9.25866312334695e-05,0.024858362882975542,0.095669546797179,0.059147937090849693,0.05221993206240312,6.666077782276097e-05,0.09566997447539428,0.012019881984705537,0.05590602787382504,0.09472636807068949,0.0010703075015776836,0.020540064580151816,0.09566680395422496,7.028748908839622e-05,0.09534452846068936
0.0956628151688468,0.004935123902065764,0.004057900208161922,1.2999053561121803e-05,0.09565730646705253,0.0001564020804975245,0.00010522133660146476,1.4387634189388158e-05,0.09567165988570282,9.152941837367208e-05,0.019042855022593504,0.09567319388237223,0.05991942109383594,0.05776304376828095,9.678435491965748e-05,0.09567356455071244,0.011810753590947203,0.056599840896032434,0.09492890326044177,0.0010143595745960355,0.019995224594234428,0.09566995481133793,6.378917005251524e-05,0.09538296627458995
0.09879004640019855,0.00608645754700999,0.004019926595404898,1.4731175206252574e-05,0.09878209633562592,0.00030189339650647014,0.00012960960828079668,7.028445975879451e-06,0.09879876202654483,7.745424021596521e-05,0.0150905534585559,0.09879924491935592,0.05707895494446066,0.048071908675617794,9.949064142395927e-05,0.09879993981388893,0.015271308482253967,0.04419913188651561,0.09793334744185163,0.0009005538701042424,0.019360221026870798,0.09879553488922202,7.787824365983896e-05,0.0985139259352492
0.09961789413881655,0.007893604115197505,0.0026040600349939757,1.5955828139531643e-05,0.09961113057787464,0.0003888572489032973,0.0001718829264655055,6.822942512959382e-06,0.09962463988528715,9.667319765968559e-05,0.016580249111688067,0.09962472301948662,0.05533547706149144,0.04381643207487128,7.281071333564097e-05,0.09962571469172306,0.020796046717037737,0.03559833736470366,0.09847615873419582,0.0009765447812118823,0.020042559900217107,0.09962108886733873,9.531632876132943e-05,0.09930701973808684
0.10146063139608481,0.0069534552878958,0.0027090386330687055,1.8164947161035425e-05,0.10145561766503887,0.00035426031710711857,0.0001806545877055797,9.008386481225992e-06,0.10146661884329287,7.983867736734764e-05,0.020275002180201895,0.101466479740984,0.042908535414741746,0.040786747418218056,7.10570881288514e-05,0.10146734459446961,0.025150377836192884,0.031118994825185455,0.10039845826137397,0.0011546731461489809,0.017847446141029948,0.10146321990861516,5.793308768288941e-05,0.10114644161582319
0.10064434201618415,0.0062468131981911245,0.003223949261611345,1.7559495998311144e-05,0.10063942871682555,0.0002587551012638047,0.0001681380233497323,1.0912443874591039e-05,0.10064815147295181,5.744180874063178e-05,0.01757497979030692,0.10064798349690536,0.04672717765773883,0.05220076411883589,7.428440696928177e-05,0.10064890736516081,0.02309116317703979,0.030869965911990985,0.09942019858026226,0.0011984161046650586,0.014726888930911564,0.10064654370222152,5.215056327752606e-05,0.10020508465472315
0.10108754784068966,0.0073979620811458835,0.0036410216317420406,1.7913849927671248e-05,0.10107471952367116,0.0002909720191749898,0.0001595103909217212,1.0698298199320654e-05,0.10109024124496738,8.487838782581267e-05,0.017540415751353594,0.10108999419893742,0.04711030710683641,0.04408375523221649,7.813282610565525e-05,0.10109128968421642,0.02392449791283764,0.030807435302184747,0.10013612537525765,0.0004421189981560424,0.016859981691478974,0.10108903011686934,4.2235832851668895e-05,0.1008492147024323
0.09967871513862289,0.005413409426631579,0.007010933168132185,2.3139687511131277e-05,0.09966484736852378,0.0002572934800714529,0.00011096889813882226,1.143467161771014e-05,0.09968317730458023,6.157016608912514e-05,0.03044014157365264,0.09968301688050453,0.04277753431938883,0.04260293647952277,7.809681670209513e-05,0.09968400319148844,0.01780717638089405,0.03795957747031613,0.09903934201411774,0.0005193610618029889,0.0183307708558057,0.09968195926993142,2.9170444430838106e-05,0.09945142393152293
0.09826809650103589,0.0063599192551813235,0.01205251794758611,1.6644134799755317e-05,0.09825133228713587,0.00021536918821657699,0.00010516000424423973,1.322920233864064e-05,0.09827210304272269,7.505236642240537e-05,0.030648778680303686,0.09827178673680005,0.044305696916561124,0.04174217799395908,5.264150605152244e-05,0.09827278251470466,0.017683668357000637,0.0438812905160979,0.09733870769507497,0.0005439846830145614,0.017253855468267063,0.0982714704308774,3.668562950936743e-05,0.09806704894209449
0.10033387711871725,0.0049432413383666265,0.007657946917597488,2.0537543282506154e-05,0.10032073165566105,0.00023389415010596735,0.000164416968884979,8.970971148444738e-06,0.10033808749450958,7.451587668269814e-05,0.022863922433634287,0.10033734589422798,0.05287285258686401,0.04128008222672542,7.820294582470893e-05,0.10033857790759902,0.023473392271517325,0.0309937484142874,0.09933988753482213,0.0006883157033067194,0.013216743402609515,0.10033721431998446,2.7507987864847713e-05,0.10005598633577559
0.10024087516442794,0.004632851051218462,0.004689776055348767,2.4695186529919985e-05,0.1002332270060059,0.0001638468563828214,0.00019558372627241007,8.559364796542555e-06,0.10024542820873857,7.737486522361452e-05,0.013544766075398295,0.10024387467655908,0.06799288123754374,0.04820738818078693,0.00015849015792550873,0.10024590621863994,0.02880876048746255,0.019354928625652818,0.09909650751028244,0.0007379098598803601,0.01117941175504024,0.10024458571628739,2.4778838262661063e-05,0.09964759317533313
0.0985281925498339,0.003947811796089966,0.005639605286653874,2.7065853303075096e-05,0.09851783840002955,0.000190697245687501,0.00017021799420267452,5.585250404952678e-06,0.0985324798608703,7.354206684628542e-05,0.015294849979205074,0.09853143446174087,0.07318795257376531,0.043157825991494266,0.00016993608881945925,0.0985330377986079,0.03605969804585831,0.01989801250538153,0.0973020979427984,0.000650097305809697,0.015272362151864838,0.09853166350986474,3.3681820265408634e-05,0.0977443135206021
0.09780403936100973,0.002276763716643079,0.00687652846658612,3.482227870275731e-05,0.09778189721895163,0.00019214925226254448,0.0001985038954545762,7.377799045427653e-06,0.09780956032165455,6.0424494829186025e-05,0.013706501884355755,0.09780916388519853,0.07708892279586578,0.04591410143129884,0.00020448250700818034,0.09781025991540046,0.033096940606589756,0.022558397421950406,0.09684234864814002,0.0009924844975855854,0.016013018740017673,0.09780922801462524,3.3632969334707336e-05,0.09707844987748948
0.09844086701107521,0.0027535383887919056,0.005548300653463418,2.8297223176913257e-05,0.09840463952410906,0.00015612321763984054,0.0002364028358658517,7.410967936224249e-06,0.09844379501820125,6.648747243496198e-05,0.014328493324840548,0.09844348402746442,0.07076607712455853,0.0475892900247242,0.0001926059517201844,0.09844447567717243,0.03664582231693879,0.020609464683283146,0.09748605503600136,0.0006630909284251446,0.014214289311425874,0.09844353683721217,2.040803363593661e-05,0.09806704440990263
0.09618917599298821,0.0021047335054205146,0.005542861094340041,3.472885108362974e-05,0.09613088175013411,9.411822528277732e-05,0.0002825381533511677,1.2662814531648718e-05,0.09619446817221063,8.756177139238099e-05,0.020347362647214786,0.09619430762939564,0.07557741079684317,0.05669649209104313,0.0002580869092623219,0.09619503580573502,0.0330190185010314,0.026621705542821245,0.09525517229745888,0.0011326868964125897,0.010074855753642486,0.09619384893563855,1.6627648694490053e-05,0.09574365821407121
0.09467225577741933,0.001919774296859784,0.009289309109860503,3.116757652420214e-05,0.09457270914517472,6.709804180205748e-05,0.00019603745375448053,1.1582735979707566e-05,0.09467704123910546,7.388402962938919e-05,0.02018313611992385,0.09467635276466477,0.07727427528852539,0.0590338898891112,0.0004882299566481753,0.09467770714061367,0.03693596526878948,0.02749181712857028,0.09360023335446141,0.0009734125674113118,0.010434284428982938,0.09467679293684816,1.1746389740200388e-05,0.0940312973595995
0.09384854607806487,0.0022855469432205033,0.009073273155284941,3.126583308304537e-05,0.09368052509101006,7.256761258780901e-05,0.00018429443640863242,1.2108587530551388e-05,0.09385373187646671,9.490234842321044e-05,0.018591786542289254,0.09385348013868022,0.0802876161271304,0.061464577659991096,0.00043655527808519467,0.09385462694415204,0.03255990515997066,0.0335031190955077,0.09275472301903914,0.0010844723988005847,0.011251988176088747,0.09385374306481278,1.642169493921626e-05,0.09335022273843262
0.0932773539862293,0.003032878471390573,0.010330503287675883,3.189937142280271e-05,0.09313766287445398,8.145543692842049e-05,0.00015190706419225555,7.906729329479771e-06,0.09328469356619759,0.00012932673521404362,0.022902781191485616,0.09328547200649727,0.0810497249648095,0.05149655592434103,0.00037543619624177477,0.09328612812046412,0.023930188940138184,0.04319859362082409,0.09247537142778472,0.0006139947863627312,0.017773985574967458,0.09328413753741212,2.4506968719888955e-05,0.09283753521691718
0.09494670927570487,0.0031785284931871304,0.009009787443528372,2.7257879122439034e-05,0.09487067473498002,0.00010450362959234102,0.00020651409146179282,6.075858230468917e-06,0.09495510850589957,0.00013729685044687004,0.018039087249655292,0.09495631971564462,0.08313881224646362,0.0460644205617717,0.00034582868150732346,0.09495663666772745,0.010828764127109704,0.048491659421505226,0.0943275603614937,0.0004735150920144299,0.021238574199318832,0.09495450856088566,4.1996150973525256e-05,0.09469986020177504
0.0975358199368048,0.00223406148565176,0.007482584996924114,4.453343417849413e-05,0.09742613030050849,0.00012217551003456967,0.00027748582539366943,1.0532321432775262e-05,0.09754427370184109,0.00013372239955457613,0.013183004111221756,0.09754447719687291,0.07834229063229052,0.053253318389123325,0.0007158955219528667,0.09754510512439968,0.012138429228012351,0.0334639003970659,0.09688697312076568,0.0008553710167642638,0.018410320533106286,0.09754357600458913,3.0265525375827562e-05,0.09727575328613516
0.09877582388719634,0.0014556605600860608,0.009283077039459782,4.6379674555407514e-05,0.09866345165298408,0.00014984338425296,0.00020977131717474972,1.2238181231866766e-05,0.09878340761460873,0.00010642242322606489,0.01586996234420268,0.09878321919902085,0.07087157541715447,0.04365350413426193,0.0007765106855661319,0.09878399052533375,0.016678624383445317,0.027208200072483476,0.09814119308330145,0.0009067205767627244,0.0234995925041873,0.09878274816005113,1.7861208932820705e-05,0.09854022197051993
0.09875162481218297,0.0015617846340825483,0.008327786414559297,5.8241764141269866e-05,0.09861647495743064,0.00017167899032727562,0.00020643038052416127,2.058829291329001e-05,0.09875926558536423,0.00012107211279316434,0.01792154828483597,0.09875908898814124,0.06447157260345089,0.052594814813559015,0.001027672219731024,0.09876026630296116,0.015615441675305803,0.025881026474419633,0.09806537389022774,0.0007882004987859059,0.02223985368896529,0.09875894182378875,1.4295545200836252e-05,0.09850695524630791
0.0958295295849544,0.0015958148540464857,0.01361870832845434,5.389218758763407e-05,0.09567231452298713,0.00015726933118309942,0.00014307650310789517,2.1136431426144378e-05,0.09583967507203896,0.00010677325399623368,0.031005068390579912,0.09583964079674476,0.06458419423827506,0.04762195095408766,0.0006307853768935914,0.09584062335517862,0.01639339622019596,0.03326580681454773,0.09528246161415545,0.0005908546591452809,0.024410310415230223,0.09583908096693941,1.3798662191851824e-05,0.09564383746605218
0.0943983968153662,0.001146199489380733,0.01541743265202931,5.750130784805739e-05,0.09426496429330854,0.00012348881380091714,0.00011148545799352759,2.1018534430661026e-05,0.09441194772056273,9.806679792661696e-05,0.036223356306432024,0.09441221221082197,0.06780558385757647,0.04945178316125128,0.0006921878907738065,0.09441295503452875,0.014855449939405282,0.033272930886230435,0.09392843701687267,0.0007538281898062686,0.02552904157632683,0.09441157630870933,1.0796267283861627e-05,0.09418935947133372
0.09189991604826303,0.0013916701037768508,0.019713573378256168,4.648158862603607e-05,0.09178756477010372,6.384541621165943e-05,8.558101676252254e-05,1.2014158036053638e-05,0.09191161793680157,7.497754987753311e-05,0.03965104946464435,0.09191170011298513,0.07276115411716458,0.05485995455361215,0.0008064962398725866,0.09191248352593505,0.016736168634820046,0.03781216013471284,0.09142144248029548,0.0007369505357281803,0.020941811488174582,0.09191127827524287,1.1241701910616538e-05,0.0915388667681864
0.09148917571124095,0.001367983975196014,0.01730661301533414,3.270181168254879e-05,0.091400920088051,5.045437956558686e-05,0.00012870748063650248,1.561735119295838e-05,0.09150115255888186,8.003653876607797e-05,0.039948538059945714,0.09150125618370207,0.07774780463182876,0.051405186376438344,0.0005436512574086565,0.0915018615708096,0.021004410185085056,0.04133438640875183,0.09080297760576009,0.0012420443680466518,0.017036806707139394,0.09150065079659453,1.4990148333803427e-05,0.09104207278960787
0.09330380960986019,0.0016951557360839864,0.012082301008326761,6.126442373245284e-05,0.09323005870121813,4.585515582952405e-05,0.0001224926950587086,1.7945498245370775e-05,0.09331241944444375,8.671571769520402e-05,0.03743859757140928,0.09331288108286134,0.0701743900303455,0.05795965997716447,0.0005005272828443846,0.09331332047364435,0.01774427395247777,0.040966613558781964,0.09273181180091848,0.0015322585556685458,0.014199997725179363,0.09331226371100167,1.1646636704108602e-05,0.09284373965050467
0.09141815008135978,0.0028009834562561014,0.010316318734891595,4.764184345973045e-05,0.09137699581177924,4.7320325728632476e-05,0.0001277896744787737,9.329463654910899e-06,0.0914256594276895,8.892417518740423e-05,0.04527050850710304,0.09142635695768239,0.07727903184406429,0.04711464702143195,0.0001461434324167059,0.09142662943033586,0.019653199095430028,0.05060968644424681,0.09078449857734944,0.001635350894152254,0.014689027995987503,0.09142538695503603,2.3323659137277247e-05,0.09085709619114074
0.0905581211471647,0.002734463279276015,0.01071202011600642,3.507739550932144e-05,0.09051552408222718,3.133105625363213e-05,0.0001361421844790838,1.0782871272679218e-05,0.09056500922913914,8.131283603522758e-05,0.042463357333746544,0.09056629939496351,0.07700496694948739,0.05668076339273773,0.00019592166706914623,0.09056646673864785,0.01550247329916805,0.0573483675259216,0.08981263202438274,0.0012974668673675254,0.012547696661285667,0.09056500383095578,2.0596768631242835e-05,0.09004820334827182
0.09035287447146433,0.002784773540800658,0.012239433072293977,3.077547162487917e-05,0.09025840443781008,3.159144711510829e-05,0.00011329671567468424,1.1768359380532198e-05,0.09036021017191115,7.7560759386432e-05,0.04194677392954431,0.09036134122704612,0.07514333908852786,0.05808136160553578,0.0002610044373366546,0.09036167515760977,0.018768198390991666,0.055304793600440494,0.08964339051518115,0.0010191129924699224,0.01257029901513401,0.09035977929376449,1.5107665017113417e-05,0.08990313463393884
0.09132798793618294,0.0024303274786887535,0.008538765079434463,2.8315266599000928e-05,0.09114944006396974,2.7759958544184913e-05,0.00012898935041917497,1.7905962669508567e-05,0.09133625222664579,9.352040946695596e-05,0.029544261319847855,0.09133795081598993,0.07738648924233146,0.06962991366748167,0.0005106112005999417,0.09133844079368536,0.017706579856846538,0.05180909823304489,0.09067710156557918,0.0012873891737484617,0.011400046995938447,0.09133640466415104,1.3125958040798161e-05,0.09094332278009391
0.08994689740720793,0.0027020447464063953,0.014253125788693212,2.780055185998855e-05,0.08960918370239536,1.879285135376275e-05,0.00010977866905638102,1.8910809336582375e-05,0.0899525433052038,9.895870499592646e-05,0.023998063687541656,0.08995413037624538,0.07976950409643678,0.07157608363079432,0.0007385724625191056,0.08995482203896282,0.016628877307714562,0.062218857536294504,0.08922733226510227,0.0010404993238621615,0.008619039676288123,0.08995354594805777,1.1439243470257584e-05,0.08957119587020095
0.09370501376482392,0.00381606116281514,0.006119698244443738,2.590336346279447e-05,0.09358460990438101,2.3685867981451204e-05,0.0001910956055609972,2.05914284432543e-05,0.09370901307657364,0.00011417029631903375,0.01631053386681285,0.09371035362799814,0.07473024565445663,0.07733188731774927,0.0010688998495786797,0.09371130318525715,0.01830571285848185,0.04450706973167849,0.09274720094328795,0.0010364501266596274,0.008240696365747494,0.0937098732637377,1.5008590323348515e-05,0.09326492190342585
0.09594073338981499,0.0035332512530792965,0.004651471754086827,3.918428515430596e-05,0.09583088127724927,3.878680900773597e-05,0.00021777689475163344,1.695135681199195e-05,0.09594829401522167,0.00013319168312904203,0.011331524502316972,0.0959482711388967,0.07616281217747956,0.08012238376339109,0.002289293891346378,0.09595022706468269,0.018705267491152297,0.025088880241638044,0.09493600519658599,0.001579941946750092,0.010381127580921282,0.09594884304702125,1.7265906280500575e-05,0.0951876333332304
0.09454373028579459,0.0045915862736637175,0.006256410433860638,5.206767007230407e-05,0.09438477144803516,2.5247663375248644e-05,0.0002076451243439813,1.1781303635258324e-05,0.09454919685576646,0.00010195998343415145,0.013199362881977492,0.09454826133966818,0.08016669070924254,0.07583267568711953,0.001542674499521289,0.09455029016976084,0.026307811633247503,0.02771989710247164,0.09363197967779507,0.002199116565097327,0.007236360728988634,0.09454948990900207,1.62052803650731e-05,0.09377478677376132
0.09388232567242638,0.004772842553654952,0.009934015434977003,7.742934528871675e-05,0.09364548790703438,2.269268539648355e-05,0.00022810206085343266,6.9281244194443e-06,0.09388814014841329,8.494787126409914e-05,0.00985686030462896,0.0938866179756814,0.08534961294085446,0.07064167488112964,0.001609644499860237,0.09388898517812844,0.02866792968576014,0.031001000767012767,0.09311320872607232,0.0020508003771697795,0.006610633884154854,0.09388806180128739,1.7269945039099443e-05,0.09287478722949234
0.09375881290507926,0.004744220284457665,0.013217684126630982,7.269893514083856e-05,0.09356084131993982,2.446770741440584e-05,0.00019562150040492015,4.409552569658796e-06,0.09376337335488515,7.030693450736078e-05,0.016213949948174763,0.09376193144796123,0.08221903618542831,0.06452494363031147,0.0011319416455685086,0.09376418931771806,0.031895389138501325,0.0287042674803068,0.09302889502953082,0.0014094500461643547,0.00720114026223095,0.09376328952308724,1.5581536836766442e-05,0.09295355818714933
0.0942155877796259,0.004123432088283208,0.015353306390267284,8.023400687703692e-05,0.0940483187031673,2.9133371411796382e-05,0.0001805173893569872,4.108156373538131e-06,0.094221529583376,7.157121643796301e-05,0.019874429356581055,0.09421873277972047,0.08507400477258258,0.05570314092507302,0.0011857633169075968,0.0942219507887458,0.03186333258317593,0.02286568387510378,0.09338030945093645,0.002806306048675346,0.009085983898228516,0.09422119261908014,1.7774866605944204e-05,0.09315365603340638
0.09405153817458922,0.002777632974202433,0.01237162504316742,5.913704202054743e-05,0.09382868035647284,3.453982233384772e-05,0.00022966094656991378,7.016164202371437e-06,0.0940559951067034,5.347197296222035e-05,0.01963648886061157,0.09405105604105235,0.08263378069691321,0.05644048036119157,0.001434033324795365,0.09405638193477368,0.04720180389029458,0.014977377411472525,0.09265274544761735,0.0034290290197493307,0.009141131325839729,0.09405554661039002,1.2283192782577561e-05,0.09280856427929192
0.09424506582198863,0.0028188954792276524,0.007680633183367848,8.73036386508323e-05,0.0939983314305891,4.536665705252703e-05,0.0002007919084108007,7.665507219140999e-06,0.09425057127972022,7.45287295879326e-05,0.02591143681374083,0.0942481893265792,0.08188729068509529,0.05889805533244563,0.0011888474189973156,0.09425121171051758,0.03792461243024157,0.014410268766278213,0.09348620026964272,0.004498357831506039,0.01223913533168453,0.09425021173962346,1.2162567335610304e-05,0.09338486614049733
0.0944126024756035,0.006102908675702246,0.005176429358814492,0.00010760784813114908,0.09412140115278052,2.8721126140752017e-05,0.00023874805424359619,1.3635992679345966e-05,0.09441642370508319,0.00013933418272867813,0.03208955962415321,0.09441489296219883,0.07884865601661122,0.06715249162972767,0.001603315291943297,0.0944176055286336,0.027910282630541464,0.01341550942668752,0.09365579081257182,0.0026599612174472015,0.010803859467662045,0.09441660379248135,1.0819313217516557e-05,0.09384283971421582
0.0952639002988758,0.005381499786947224,0.004008736234212356,0.0001341762030017526,0.09500509337500214,2.4352052417496128e-05,0.0001952366249780464,1.5127402970784584e-05,0.09526656917252305,0.00019553474384289855,0.028190119860421543,0.09526597861324791,0.07851282842101491,0.07079559288099646,0.0029006369312386793,0.09526861341616776,0.02257666656125562,0.009811801649106113,0.09446583893689382,0.002616112286623765,0.01436967851083074,0.0952678979308921,1.0101970677562228e-05,0.09445790613586147
0.0941242962228895,0.004063327196979212,0.007531792823526233,7.737512124753314e-05,0.09357903473652582,3.244582163544951e-05,0.00018012115818510653,1.2295524487997163e-05,0.09412620942108726,0.0001672786048868973,0.026433921710975954,0.09412737641588238,0.07962258490637546,0.0708851938853849,0.002975817090621943,0.09412938499346245,0.02165797868029552,0.018125816458032216,0.09317213507055844,0.002431206428278618,0.014908150917225648,0.09412874539054589,1.4952120812462898e-05,0.09349255930009712
0.09418650935849225,0.004318724708306596,0.006838514433332996,8.172140764775149e-05,0.09330005850454355,7.772643828835231e-05,0.00035060839312573745,6.5328838364876055e-06,0.09419851953341812,0.00018856086930712937,0.031808631051850784,0.09419953020732492,0.08379817408058489,0.051755796613510235,0.002088658695803482,0.09420152348086334,0.02405398283341172,0.02062974383661293,0.09360063853928244,0.004393871120705077,0.018345929624260415,0.09419821071639105,2.784687356000024e-05,0.09334998579553973
0.09282089642611106,0.004662946224804306,0.00965541246687183,9.361213187770752e-05,0.09133378930218355,8.49756524195407e-05,0.00026671529512846854,5.351794704291772e-06,0.09284446756741983,0.00011410612959228088,0.02699087724607027,0.09284956477830159,0.08430110490956295,0.05692281749875595,0.0023924874461327267,0.09285216596083624,0.02152354022736123,0.033673796673104696,0.09239444638563071,0.0034290365484714136,0.01614660813780897,0.09284543609283168,3.2821942599588785e-05,0.09176302316141909
0.09506692362913632,0.004895204143249872,0.009300024028624579,9.460617305945234e-05,0.09092814941876948,0.00020398667822875535,0.00043016461301230267,3.6050163905102714e-06,0.09509372318494504,0.00010322193550218129,0.014846894401239215,0.09509169394615917,0.08978684430834613,0.046765485626358946,0.0021194888974408518,0.09509748691274895,0.029546002969394185,0.027810077046200574,0.09472499122545529,0.005365559587578076,0.013277408570471307,0.09509051494708806,3.659998558730318e-05,0.09432134275501344
0.093924850217677,0.004401639580779759,0.0038927626627872944,7.604435858001931e-05,0.08436358620524027,0.00031408798431141173,0.0007177797742381753,1.1148318597203346e-05,0.09395094977289578,6.021100179815854e-05,0.00793121517109569,0.09395910448371092,0.08835218632277564,0.06686232222506393,0.0038453606057928555,0.0939650524939346,0.03261407141053377,0.03524671282262859,0.09314954780784347,0.003845906680177798,0.010928967517725742,0.09395998380348974,3.0512956401689943e-05,0.09359599582192048
0.09322471217110406,0.006598309035969201,0.006789531457340561,6.717371004114208e-05,0.07776407377758121,0.00033936260604952877,0.0004183165934702273,1.3147879189547382e-05,0.09324152366652444,5.656923665676084e-05,0.009109809691592505,0.09325732335897971,0.08785234975033122,0.06415661366759345,0.004659547231849129,0.09327015435482304,0.03243277699236109,0.04488656212751787,0.092403294944139,0.002738083366882663,0.01057627632592484,0.09326304393728246,3.5563206416716536e-05,0.09284588091037961
0.0952694632376553,0.014813163732343908,0.002354239201614448,3.919390066995092e-05,0.06854037641099463,0.0006217244711738235,0.0019293848184897392,1.344626934407638e-05,0.09527962251489476,0.0001672757952628813,0.0068762511166966175,0.09531288448858596,0.09081992140174025,0.06166111387542949,0.005154296239024202,0.09532634496273602,0.018979410599644406,0.05290022592005267,0.09457351297329476,0.002236577952691087,0.006581944582483593,0.09531811185718793,5.08475234988969e-05,0.09518066615449061
0.09567042607059845,0.018451225519079593,0.0015931869029886677,9.701302168384289e-05,0.06013465553517104,0.0005440730876631991,0.0018175245217277435,3.0454258365983386e-05,0.0956944710088473,0.0001928731647713723,0.004855430964511018,0.0957239379008907,0.08896362332438228,0.06492867288514922,0.010328690710250379,0.09575227474361692,0.027233965958531343,0.04162794345315402,0.09481080668673239,0.00438947110906784,0.005878191230735113,0.09574509493532898,3.751135927856556e-05,0.09549848164747402
0.09561514194638611,0.013597328413737026,0.0013867668654638488,9.017047271925956e-05,0.0703095402605412,0.0013050924905664571,0.001178432732708954,6.685327745461018e-05,0.09565722872780592,0.00016195365515579976,0.005881285348905823,0.09571121232853977,0.08340149635454495,0.07549905266940161,0.009150477090270797,0.09572872376186099,0.01721376177840388,0.03467107455709561,0.0947642540406855,0.009006411458400126,0.008370020066681815,0.095723394443281,6.665927656411755e-05,0.09544366798282482
0.09680986180867236,0.013394564391928593,0.0016133777238913857,0.00014148042471626827,0.0740527185947882,0.0024475457765172856,0.0011429875917429958,9.921452352497327e-05,0.09682120820423547,0.0004513745206433123,0.0020148893422408123,0.09688907859887672,0.08276338228714708,0.06851026433563134,0.012466768355752021,0.09692337198180065,0.015245199637706817,0.023094256527069652,0.09610212171964273,0.009466845495643444,0.015967203601810438,0.09691684953750801,0.00010450064976746027,0.096560934368742
0.09564106235790534,0.017793061358379214,0.0012024489485834636,9.959823992530933e-05,0.07931099120575247,0.0017190261892583234,0.0016376230957507439,6.326786524490243e-05,0.09556521168009934,0.000337578885568025,0.003058479425992977,0.09572226001773845,0.07920634557457532,0.06733829953833832,0.009406414205971414,0.09573773031472402,0.019140398112371542,0.0271690713805295,0.09486075678438789,0.0072216356377504815,0.016436859570684536,0.09573080263470171,8.612806802032222e-05,0.0955149489077464
0.09699837771803424,0.010660747707143904,0.002871852292834667,0.00012369471760280808,0.07461305676483337,0.003369121622044851,0.0017102820378274107,5.2030317721816096e-05,0.09709843045234096,0.000618071060370954,0.00408913063611568,0.09715220698710436,0.08558744300711733,0.046373396937643245,0.006996330068601512,0.09716833125988641,0.020637186837511715,0.02567664759248405,0.09660058773843055,0.008221769008272577,0.029305240270791757,0.09714221619308532,0.00012753176168258802,0.0968063170105179
0.09518083964585997,0.009482160698281485,0.0019571835519070434,0.0001329924936161059,0.07944689471950526,0.004375457588082349,0.0015882065579057394,0.000111693114428625,0.09528603748717457,0.0006675463644746867,0.003846938493950716,0.09536326443682965,0.081975167698216,0.057272401842359634,0.009018611390711853,0.09537956373487595,0.016128829105984555,0.023979809268706978,0.09455825990081232,0.00969550981144262,0.03405415126534842,0.0953579886263703,0.00013364059964236316,0.0950068516035128
0.09379237876600922,0.010502025480658563,0.0037844945087932686,0.00013558652866347821,0.07432174040139272,0.0024877293883045016,0.0007986740135046516,0.00011545174825524724,0.09389922576342279,0.00040907064032340333,0.006224320003885264,0.09409191833246683,0.08385752640601846,0.06337927396158277,0.010921459404671674,0.09410828643087363,0.01732322855490718,0.03495901879431561,0.0930487858156662,0.008183993109849536,0.0260742741842882,0.09408899024906438,0.00021057519334865326,0.09328197231973377
0.09153816107203477,0.02048599370698934,0.007636641523165022,0.0001858699975739425,0.06752179913279364,0.0029662908667504664,0.0012557473035306045,0.00015814721873640426,0.09157669742936583,0.00044045378083296057,0.0053247580307371435,0.09166613632934259,0.08152114094777385,0.06441488527676127,0.008502736450387972,0.09171638830786254,0.02122149198616249,0.043998198516865775,0.08989588574007773,0.007868936651460396,0.02717033235588169,0.09170294513823889,0.00033595350130633005,0.09089440873536835
0.08991509860307971,0.023255301951870134,0.009154150253838842,0.00022270173397678572,0.07372014221495479,0.0022751843678124528,0.0027036592089522892,0.00018739820838028741,0.0897967779931608,0.0004561767183351129,0.0077819574620288205,0.08997502095115457,0.07368646742235495,0.06800000509817578,0.007804021830120331,0.09002917967735657,0.01888781551419161,0.05886860880778288,0.08585726194554572,0.00831149961297467,0.019518730865489796,0.09002335702397478,0.00044114514955867577,0.08912833738492965
0.08976592839755249,0.013977506055056446,0.014519327301070195,0.0004576314465873894,0.07473167191577412,0.001413832778823628,0.0044366574366723486,0.00032698489412068054,0.08957142860052673,0.0004043404533109203,0.009612391053232321,0.08985922783719946,0.07607720785383812,0.07227214945903424,0.012985402180779794,0.08992179195644337,0.012159716076393963,0.06379653912573591,0.08507976759037758,0.009253362952733976,0.010554492409828472,0.0899205698334835,0.0003753016325429389,0.08852677075888143
0.09041614337704235,0.012995408476891037,0.006578835445131978,0.0005583648652365953,0.07914711757052124,0.0020535665188295585,0.006707164962116769,0.0006313327402860065,0.09017059554446763,0.0004482030803673251,0.010637085675488293,0.09050071376511293,0.06727942044880561,0.07346273383767642,0.017983177111983335,0.09057273681011176,0.013132932540025228,0.05125674949469814,0.08382561903442742,0.015973072775480657,0.01532920618969504,0.09057079315972198,0.0003947553941629857,0.08937427118171973
0.08913071479189254,0.02052938475415419,0.0029344368177552553,0.0009438297155946918,0.08039533309920016,0.0017403816016011836,0.010942979974433296,0.0009062389751403503,0.08861246045013409,0.0006948675234912207,0.014170746377263533,0.08915485861118251,0.059575759743731894,0.0703303657996071,0.012556900410202904,0.08923094967417945,0.021615630556479398,0.049570931245833574,0.08086320935933373,0.023883572428864762,0.014319383260790616,0.08923196032094417,0.000405817229585833,0.08825928727860353
0.08684477586453282,0.027758281840560176,0.006644908748813251,0.0008888106392886203,0.07665453220362987,0.0017787903910639533,0.008391518735420328,0.0006371844511284786,0.08616020995435306,0.0007402685467972488,0.017882490554575612,0.08686881136559003,0.06707011174581937,0.06993750658257639,0.006855455279374866,0.08696700126087097,0.03089788028215034,0.05415455541090158,0.07742918458196539,0.015190338162002071,0.016638145290502924,0.08697044897618655,0.0007618828703320828,0.08587690626156402
0.08725536354841583,0.0269055841490816,0.006581659006929463,0.0012420576971848897,0.08040359487893158,0.00370849832698291,0.009371449678644846,0.000863983314230798,0.08575683301542926,0.000986660082736591,0.012973654694693044,0.08718909554761903,0.06099323038813499,0.07255998788150035,0.006497734465651631,0.08733530482414723,0.03164014564641247,0.05172962827502043,0.0727322263664817,0.013727554087116178,0.024934003082552877,0.08734041277643619,0.0010362061785629474,0.08623513208710319
0.08927137169275545,0.023351055313451632,0.0038058325961936763,0.001150535770773279,0.08339886374466488,0.0033718856314317387,0.00868158362290254,0.00041137421611578726,0.08725459203159527,0.0018836649529477478,0.013013160272323845,0.0892926649280159,0.058722253888845694,0.0745869723460398,0.015429699899971642,0.08943300088989889,0.01866636229175743,0.03970283920048465,0.0810415522585108,0.013100063222089214,0.02584248645895649,0.08941707627955264,0.0007822011861691523,0.08838890730455186
0.08829267065288289,0.02927309141661716,0.0030316671330150127,0.0003576372721256544,0.08045578829857948,0.0015356636410239046,0.011700880124477774,0.00033089402108293453,0.08743334369892429,0.0010354159067829122,0.017696350590128914,0.08834104839000818,0.06730473594506069,0.071800818164227,0.016868538231164472,0.08844352947700047,0.02022951245208078,0.025118800862674803,0.0776485140446684,0.020087845714349208,0.026465774985079994,0.08843322231962471,0.0004903860780408134,0.08762387058037956
0.08952902995103304,0.026755008027333747,0.0015029565459353134,0.000376768621006057,0.0841328368477098,0.0010520222833200837,0.007848218135854694,0.00016775320017501744,0.08851540256353484,0.0010724810334879812,0.013107752346337523,0.08954686989566743,0.06395272224407648,0.07599854894657639,0.027255031532449535,0.0896617552910721,0.016134826990269226,0.01672806928337573,0.0853311007143225,0.018407653573544,0.02403364151793152,0.08965126403543482,0.0001495257792116908,0.08908876064034049
0.0891619727590301,0.02702029339525188,0.001012080517085418,0.0004897989420532282,0.08579216497714584,0.001005075293673705,0.010590703212368246,0.00018285415671865523,0.0876762055797932,0.0012693289225842942,0.01423689406240882,0.08913291957268148,0.05137507400713902,0.0785307467370212,0.04293006034964052,0.08926735175215245,0.014299230706744725,0.009527827509040356,0.08447175618966163,0.021403349355615758,0.022712445492151772,0.0892608174457722,0.00012835282683299506,0.08852269623743252
0.08856524367200772,0.026756770306943276,0.0007015507997039008,0.00037095917768165224,0.08658099621598433,0.0011021738142796963,0.01672651366903208,0.00014791746465532955,0.08614656266457793,0.0016145198667231082,0.01084459556157219,0.08859592238001442,0.045993081380479486,0.08183977738167851,0.05258361738492188,0.08867430531609839,0.010937070405916995,0.010673203916651913,0.08234687464758667,0.018222552619151088,0.02361293217486853,0.08866496004460359,0.00017647128627011266,0.0881214278485972
0.08731116021619867,0.021899124744553577,0.0005452015931848407,0.00047056615573518067,0.08578975815476626,0.0010916432459957082,0.030816383094642262,0.000196064889610856,0.08583353017543119,0.0011031919525549018,0.011367254052865252,0.08735058160750336,0.0377979656821835,0.07681702537258386,0.050393490979126335,0.08739857920949898,0.01297778930766924,0.007870515162190811,0.08309610376131187,0.03132508368904505,0.02428551528815065,0.08740261200845086,0.00020746249646771882,0.08665339716027909
0.0864002307712683,0.019236608791011887,0.0004877435128597097,0.0006358247704361907,0.08482704219792894,0.0009208421057443776,0.03509934977137456,0.00033496167248758514,0.0849156824963333,0.0008871330965194168,0.016601604486405463,0.08648806098021171,0.03369324085940265,0.07280822988768257,0.04958809904899857,0.08654597463696066,0.014259287567958735,0.006905514733281489,0.08299461983728341,0.03775347115529807,0.026090889235743053,0.08655228507906722,0.00018764148621994872,0.08578566181952217
0.086752842710557,0.018892870772798727,0.0002707208940860393,0.0009158403793034015,0.08477699851051833,0.001453396779338571,0.03333381719366932,0.0008740128808801956,0.0841501921547196,0.0010611979300226885,0.01625259152798473,0.08681283310339089,0.026882883957630246,0.0767779634544329,0.049338761852583735,0.08689529140069113,0.01668029246383693,0.0062201515417416985,0.0825798115190962,0.03846777739863297,0.027327369770233895,0.08689655026644749,0.00018072494380019183,0.08620510659360313
0.08608309906836634,0.020733680082956195,0.0002110891950713346,0.0014713331260264174,0.0842517087253023,0.0017788897056168495,0.03731340553645104,0.0011973931898588898,0.08359232825758839,0.0013121177564662176,0.015375614586534398,0.0860855086978582,0.02106362720695088,0.07563358407386368,0.04761157113741068,0.08617658138948506,0.016806862575469955,0.005095012564291124,0.07870256834443945,0.04846746228487994,0.02912880868143985,0.08618291116247863,0.00024934013657882715,0.08547550251461536
0.08407593282558594,0.020919393576709397,0.0002887979946784386,0.0014994396505557577,0.08157512852268094,0.0016420137695049735,0.04073459631831224,0.0014723967864858625,0.08209185671692898,0.0015946799658143635,0.021959006574887384,0.08420909745458477,0.02485067646847826,0.07224954027633457,0.04656196930325967,0.0842647003562243,0.012744300099731551,0.0051712557313489645,0.0774284572314819,0.05538901031858835,0.03111399318256581,0.08426744332553178,0.00033734001104020027,0.08355897353868562
0.08384567835244665,0.023115890743324374,0.00026193924430501696,0.0015407642250122463,0.08229288552475095,0.0011303652487962535,0.039762807487298255,0.0007414086733204846,0.08218408658784879,0.002178237548176271,0.022901910475537596,0.08407710485743104,0.021654395461256727,0.06921036866353555,0.04652608363884054,0.08410000884119846,0.011981709183414967,0.005940618002530238,0.0809728629559034,0.05440798724889897,0.033493092631316605,0.08409316973571275,0.00031983347560327367,0.08326679119354058
0.08441977779924177,0.023317242746727054,0.0002031553107493907,0.0018722662971718917,0.08130055751898321,0.001180758670333811,0.03513040105508578,0.0011417826803413933,0.0825091085770252,0.002435339213804372,0.02347191221876964,0.08467015921561899,0.019644429104368154,0.07195637254028281,0.04866786130091398,0.08469607588854225,0.010242296404035124,0.005029748129624565,0.08186891677042003,0.05899372925574313,0.02821480473657618,0.08468881033383027,0.0003733934679583231,0.08397110076385265
0.08532011325672424,0.019882051609806495,0.00015484489325285375,0.001749860665896366,0.08245527590399535,0.0015079464804857823,0.03099895587834669,0.001013255833092311,0.0834368386066656,0.0035090209113123206,0.019853976684815314,0.08564628796508016,0.016433240496701727,0.07296540993054654,0.05135209936730942,0.08566922794926576,0.008402614392169192,0.005003727875101489,0.08365252144105896,0.05706967083088832,0.03297187878138535,0.08564552704396625,0.0003228578072587329,0.08498279539487477
0.08459960716030686,0.02048374963170994,0.000126355531920703,0.0012601391413057748,0.08178858149652488,0.0017146528743637293,0.042612329411991605,0.0010789753526638964,0.081484073173386,0.0038520659942362367,0.01877312323834176,0.08495425150278527,0.018775103557925735,0.07363896370250962,0.04913150096438778,0.08496493813788038,0.007291075815400767,0.005726357444372557,0.08111548555772427,0.05512168407957625,0.03167406964320045,0.08494481586241456,0.00045235867939304105,0.08443574204567793
0.08392123173716784,0.014498554925917246,0.00022958432810293527,0.0011576095302933808,0.08177074210486406,0.0014971143402373577,0.043887154370537404,0.0013468915308760057,0.08054372875409462,0.004888226261659282,0.02799231783121019,0.08459915707995927,0.017499021982058934,0.06845289433297079,0.05067427511133811,0.08460129033210732,0.006378671036965699,0.00944453765305025,0.0807048119854437,0.05318167850492168,0.03354474702645328,0.08457046660367033,0.0005254633751470254,0.0840898292609533
