Stock_1,Stock_2,Stock_3,Stock_4,Stock_5,Stock_6,Stock_7,Stock_8,Stock_9,Stock_10,Stock_11,Stock_12,Stock_13,Stock_14,Stock_15,Stock_16,Stock_17,Stock_18,Stock_19,Stock_20
0.08831473665602793,0.0028854687785119237,0.08908076975120889,0.0017403291528478204,0.005552958526386619,0.06860102604451485,0.09650957815158635,0.005670208911181989,0.06904660286582257,0.062073237740177485,0.09554365648953397,0.016352257699166473,0.04580353860735411,0.029599333735443895,0.005283429783026693,0.0959877471504932,0.0961510832497459,0.007235834607349698,0.08910064419713903,0.02946755790248058
0.08831473665602793,0.0028854687785119237,0.08908076975120889,0.0017403291528478204,0.005552958526386619,0.06860102604451485,0.09650957815158635,0.005670208911181989,0.06904660286582257,0.062073237740177485,0.09554365648953397,0.016352257699166473,0.04580353860735411,0.029599333735443895,0.005283429783026693,0.0959877471504932,0.0961510832497459,0.007235834607349698,0.08910064419713903,0.02946755790248058
0.08831473665602793,0.0028854687785119237,0.08908076975120889,0.0017403291528478204,0.005552958526386619,0.06860102604451485,0.09650957815158635,0.005670208911181989,0.06904660286582257,0.062073237740177485,0.09554365648953397,0.016352257699166473,0.04580353860735411,0.029599333735443895,0.005283429783026693,0.0959877471504932,0.0961510832497459,0.007235834607349698,0.08910064419713903,0.02946755790248058
0.08831473665602793,0.0028854687785119237,0.08908076975120889,0.0017403291528478204,0.005552958526386619,0.06860102604451485,0.09650957815158635,0.005670208911181989,0.06904660286582257,0.062073237740177485,0.09554365648953397,0.016352257699166473,0.04580353860735411,0.029599333735443895,0.005283429783026693,0.0959877471504932,0.0961510832497459,0.007235834607349698,0.08910064419713903,0.02946755790248058
0.08831473665602793,0.0028854687785119237,0.08908076975120889,0.0017403291528478204,0.005552958526386619,0.06860102604451485,0.09650957815158635,0.005670208911181989,0.06904660286582257,0.062073237740177485,0.09554365648953397,0.016352257699166473,0.04580353860735411,0.029599333735443895,0.005283429783026693,0.0959877471504932,0.0961510832497459,0.007235834607349698,0.08910064419713903,0.02946755790248058
0.08831473665602793,0.0028854687785119237,0.08908076975120889,0.0017403291528478204,0.005552958526386619,0.06860102604451485,0.09650957815158635,0.005670208911181989,0.06904660286582257,0.062073237740177485,0.09554365648953397,0.016352257699166473,0.04580353860735411,0.029599333735443895,0.005283429783026693,0.0959877471504932,0.0961510832497459,0.007235834607349698,0.08910064419713903,0.02946755790248058
0.08831473665602793,0.0028854687785119237,0.08908076975120889,0.0017403291528478204,0.005552958526386619,0.06860102604451485,0.09650957815158635,0.005670208911181989,0.06904660286582257,0.062073237740177485,0.09554365648953397,0.016352257699166473,0.04580353860735411,0.029599333735443895,0.005283429783026693,0.0959877471504932,0.0961510832497459,0.007235834607349698,0.08910064419713903,0.02946755790248058
0.08831473665602793,0.0028854687785119237,0.08908076975120889,0.0017403291528478204,0.005552958526386619,0.06860102604451485,0.09650957815158635,0.005670208911181989,0.06904660286582257,0.062073237740177485,0.09554365648953397,0.016352257699166473,0.04580353860735411,0.029599333735443895,0.005283429783026693,0.0959877471504932,0.0961510832497459,0.007235834607349698,0.08910064419713903,0.02946755790248058
0.08831473665602793,0.0028854687785119237,0.08908076975120889,0.0017403291528478204,0.005552958526386619,0.06860102604451485,0.09650957815158635,0.005670208911181989,0.06904660286582257,0.062073237740177485,0.09554365648953397,0.016352257699166473,0.04580353860735411,0.029599333735443895,0.005283429783026693,0.0959877471504932,0.0961510832497459,0.007235834607349698,0.08910064419713903,0.02946755790248058
0.08831473665602793,0.0028854687785119237,0.08908076975120889,0.0017403291528478204,0.005552958526386619,0.06860102604451485,0.09650957815158635,0.005670208911181989,0.06904660286582257,0.062073237740177485,0.09554365648953397,0.016352257699166473,0.04580353860735411,0.029599333735443895,0.005283429783026693,0.0959877471504932,0.0961510832497459,0.007235834607349698,0.08910064419713903,0.02946755790248058
0.08831473665602793,0.0028854687785119237,0.08908076975120889,0.0017403291528478204,0.005552958526386619,0.06860102604451485,0.09650957815158635,0.005670208911181989,0.06904660286582257,0.062073237740177485,0.09554365648953397,0.016352257699166473,0.04580353860735411,0.029599333735443895,0.005283429783026693,0.0959877471504932,0.0961510832497459,0.007235834607349698,0.08910064419713903,0.02946755790248058
0.08831473665602793,0.0028854687785119237,0.08908076975120889,0.0017403291528478204,0.005552958526386619,0.06860102604451485,0.09650957815158635,0.005670208911181989,0.06904660286582257,0.062073237740177485,0.09554365648953397,0.016352257699166473,0.04580353860735411,0.029599333735443895,0.005283429783026693,0.0959877471504932,0.0961510832497459,0.007235834607349698,0.08910064419713903,0.02946755790248058
0.08831473665602793,0.0028854687785119237,0.08908076975120889,0.0017403291528478204,0.005552958526386619,0.06860102604451485,0.09650957815158635,0.005670208911181989,0.06904660286582257,0.062073237740177485,0.09554365648953397,0.016352257699166473,0.04580353860735411,0.029599333735443895,0.005283429783026693,0.0959877471504932,0.0961510832497459,0.007235834607349698,0.08910064419713903,0.02946755790248058
0.08831473665602793,0.0028854687785119237,0.08908076975120889,0.0017403291528478204,0.005552958526386619,0.06860102604451485,0.09650957815158635,0.005670208911181989,0.06904660286582257,0.062073237740177485,0.09554365648953397,0.016352257699166473,0.04580353860735411,0.029599333735443895,0.005283429783026693,0.0959877471504932,0.0961510832497459,0.007235834607349698,0.08910064419713903,0.02946755790248058
0.08831473665602793,0.0028854687785119237,0.08908076975120889,0.0017403291528478204,0.005552958526386619,0.06860102604451485,0.09650957815158635,0.005670208911181989,0.06904660286582257,0.062073237740177485,0.09554365648953397,0.016352257699166473,0.04580353860735411,0.029599333735443895,0.005283429783026693,0.0959877471504932,0.0961510832497459,0.007235834607349698,0.08910064419713903,0.02946755790248058
0.08831473665602793,0.0028854687785119237,0.08908076975120889,0.0017403291528478204,0.005552958526386619,0.06860102604451485,0.09650957815158635,0.005670208911181989,0.06904660286582257,0.062073237740177485,0.09554365648953397,0.016352257699166473,0.04580353860735411,0.029599333735443895,0.005283429783026693,0.0959877471504932,0.0961510832497459,0.007235834607349698,0.08910064419713903,0.02946755790248058
0.08831473665602793,0.0028854687785119237,0.08908076975120889,0.0017403291528478204,0.005552958526386619,0.06860102604451485,0.09650957815158635,0.005670208911181989,0.06904660286582257,0.062073237740177485,0.09554365648953397,0.016352257699166473,0.04580353860735411,0.029599333735443895,0.005283429783026693,0.0959877471504932,0.0961510832497459,0.007235834607349698,0.08910064419713903,0.02946755790248058
0.08831473665602793,0.0028854687785119237,0.08908076975120889,0.0017403291528478204,0.005552958526386619,0.06860102604451485,0.09650957815158635,0.005670208911181989,0.06904660286582257,0.062073237740177485,0.09554365648953397,0.016352257699166473,0.04580353860735411,0.029599333735443895,0.005283429783026693,0.0959877471504932,0.0961510832497459,0.007235834607349698,0.08910064419713903,0.02946755790248058
0.08831473665602793,0.0028854687785119237,0.08908076975120889,0.0017403291528478204,0.005552958526386619,0.06860102604451485,0.09650957815158635,0.005670208911181989,0.06904660286582257,0.062073237740177485,0.09554365648953397,0.016352257699166473,0.04580353860735411,0.029599333735443895,0.005283429783026693,0.0959877471504932,0.0961510832497459,0.007235834607349698,0.08910064419713903,0.02946755790248058
0.08831473665602793,0.0028854687785119237,0.08908076975120889,0.0017403291528478204,0.005552958526386619,0.06860102604451485,0.09650957815158635,0.005670208911181989,0.06904660286582257,0.062073237740177485,0.09554365648953397,0.016352257699166473,0.04580353860735411,0.029599333735443895,0.005283429783026693,0.0959877471504932,0.0961510832497459,0.007235834607349698,0.08910064419713903,0.02946755790248058
0.08831473665602793,0.0028854687785119237,0.08908076975120889,0.0017403291528478204,0.005552958526386619,0.06860102604451485,0.09650957815158635,0.005670208911181989,0.06904660286582257,0.062073237740177485,0.09554365648953397,0.016352257699166473,0.04580353860735411,0.029599333735443895,0.005283429783026693,0.0959877471504932,0.0961510832497459,0.007235834607349698,0.08910064419713903,0.02946755790248058
0.08831473665602793,0.0028854687785119237,0.08908076975120889,0.0017403291528478204,0.005552958526386619,0.06860102604451485,0.09650957815158635,0.005670208911181989,0.06904660286582257,0.062073237740177485,0.09554365648953397,0.016352257699166473,0.04580353860735411,0.029599333735443895,0.005283429783026693,0.0959877471504932,0.0961510832497459,0.007235834607349698,0.08910064419713903,0.02946755790248058
0.09011245263764063,0.002331867841400917,0.09051869332097262,0.0014990791549800134,0.004385214251092419,0.07057351683772342,0.09705938282825888,0.004592780870401072,0.0694433137227444,0.06276748566157962,0.09607229151255335,0.014637917984204217,0.04571580464657759,0.028274554279523963,0.0042900303193705545,0.09634512618756938,0.09667667294231207,0.0062696787195205975,0.0907658521421927,0.027668284139381594
0.09283429026024542,0.001559533641102914,0.09315525646597723,0.0012114410722007312,0.002800828801072468,0.07365559352191206,0.09807653316546407,0.0030229194278406537,0.06855250007305243,0.06301707706777286,0.09727482472941985,0.01201131042425132,0.04699202640243334,0.02511299769262013,0.003040948444871989,0.09735673930499643,0.09790763908533856,0.004919261970146782,0.09376481120064546,0.02373346724863529
0.09406358141913251,0.0012365233341484732,0.09441039195469116,0.0010682904011298136,0.002164412889305101,0.07509826493867242,0.09860707541150426,0.0023978949885414685,0.0678089526135171,0.06321547422257472,0.09790012437610418,0.01073563927293425,0.04793429932427082,0.02334611487582202,0.002552151044496029,0.09792603649723448,0.09853052604404237,0.004315216870284097,0.0950927424994625,0.021596287022132243
0.09399321263578489,0.0012536623613408804,0.09434124729648151,0.0010761291997086816,0.0021969673121742792,0.07500974122621336,0.0985767410581952,0.002431326394971335,0.06785166894730879,0.06320903895597435,0.09786481044225033,0.01080646968734825,0.047890636225719214,0.0234452927306346,0.002578178365627406,0.0978925988606511,0.09849589770728934,0.004349934811740883,0.09502025074315328,0.02171619503743233
0.09284652081759397,0.0015562185232190562,0.09316743136520782,0.0012100535924283145,0.002794218800685911,0.07366884045683073,0.09808175208330613,0.0030164875500920513,0.06854623024899248,0.06301872150975105,0.09728104375821292,0.011998829043956036,0.04700169998448406,0.025096016655963928,0.003036028927890014,0.09736223293149554,0.09791391812725424,0.00491344202177645,0.0937780040073996,0.023712309593459695
0.09174880485090363,0.0018707391194957297,0.09207572107828386,0.0013392360746773409,0.003422569918405274,0.07248443171269583,0.09762796030700502,0.0036324697591494665,0.0690465514321303,0.06292752478047937,0.0967374976009117,0.013126585610927298,0.046121015257240786,0.026542320708567692,0.003512666986957357,0.09688371200229409,0.09735740345018347,0.005454364484384946,0.0925620516182824,0.02552637324702441
0.0904160867254486,0.002251159171927625,0.09080150308963339,0.001475404704644252,0.004218941121234427,0.07095260159420311,0.09716243508767912,0.004415333239639535,0.06941769100308691,0.06278987108135606,0.09618593261569448,0.014333403409661065,0.04565131226276389,0.028000014346721575,0.0041440216452301015,0.09643925186515265,0.0967908821126263,0.006125207228417069,0.09108452960151725,0.02734441809336261
0.09103811043933464,0.0020858378101492247,0.09138911021486133,0.0014211698771327396,0.0038722500943345808,0.07165580564279733,0.09736639176087769,0.004063829706675746,0.06932756885970284,0.06287211823646474,0.09642063974456634,0.013780521531786234,0.04563369513391854,0.02737057514317442,0.003850263953411745,0.09661980068312968,0.09702731687187084,0.005826026568482035,0.09174626705345762,0.02663270067387168
0.09052256909833367,0.002223548602235447,0.0909016238923358,0.001467086591596872,0.0041621842148294695,0.07108426860120741,0.0971974561641263,0.004355590344949058,0.06941157968067298,0.06280097465843275,0.09622363478320535,0.01422739939432816,0.04563561766349125,0.02789544185195477,0.004094518595577938,0.09647052970408096,0.09682903546517858,0.006073494801023939,0.09119482782138634,0.02722861807105297
0.09216615324652422,0.0017475652276604573,0.09248998760413363,0.0012894498015860215,0.0031757066495807854,0.07293173949873301,0.09779881497776857,0.00338996257417792,0.06886476755215895,0.06295352319373633,0.09694192126215448,0.012697154622710935,0.04645257629285771,0.02601012036428547,0.0033250184534181558,0.09706349060610944,0.09756943673902618,0.005245112180924489,0.09303306745238654,0.024854431700066685
0.09143005891314822,0.0019699190240088913,0.09176165947061456,0.001378881950818152,0.003621909124624713,0.07210955582521908,0.09750774637176325,0.003827638599634879,0.06916939922576716,0.0629155028727499,0.09659293880516108,0.013441228390361902,0.04585395851322283,0.026928475371201757,0.003665449473276695,0.09675987199444326,0.09720511764135766,0.005621487392772266,0.09219280274142402,0.02604639829842972
0.09225107319714425,0.0017229538490030525,0.09257421309845282,0.0012793197510038734,0.0031265438586717507,0.07302435248256205,0.09783355830891931,0.0033414957433543636,0.06882666571053704,0.06295884268250675,0.0969835425302691,0.012609293246033026,0.046521597634093304,0.025900177497072775,0.00328720377248092,0.09710023998232992,0.0976121829823494,0.0052025270009483145,0.09312818916392242,0.02471602750834556
0.08970500816443863,0.0024512477978391547,0.09013668926465657,0.0015357459296321454,0.0046355346052020735,0.07001253905986506,0.09691577692999333,0.004848847707008908,0.06945433825734366,0.06276765268797559,0.09591248010934271,0.015055187673213979,0.04579408756728768,0.028656026213397662,0.0044951846350915065,0.09621450134421514,0.09652620818516842,0.006468980363343906,0.09033084913935334,0.028083114365630553
0.08847912337387648,0.002842101410583946,0.08919489449078455,0.0017123336345229625,0.0054484559931804,0.0687057649233088,0.09656058443723105,0.005594202137183924,0.0691054868523927,0.06216508419543051,0.09559391304515005,0.01623773103021066,0.04577673279506386,0.02950193936406051,0.005189237392553095,0.09602205469090512,0.09619263786266558,0.007131818501298065,0.08924220367674349,0.029303700192854228
0.0907958201797839,0.002150602016444214,0.09116202348656278,0.0014433129556867996,0.00401065113953797,0.07138552371660066,0.09728696821762839,0.004201046317062171,0.06937631996130246,0.06283432951552427,0.09632665224117261,0.013983991156734649,0.04562127942564058,0.027620015765096873,0.003963479078228265,0.0965493965861708,0.09693302298415277,0.0059416720896406545,0.09148694792311741,0.02692694524391178
0.09340716512332674,0.0014047228267951145,0.09374262034797624,0.0011447487309420444,0.0024920415521747586,0.0743067540631366,0.09832344023348939,0.0027238946465938177,0.06822103398646996,0.06311156178975919,0.09756632996774244,0.011421013513717292,0.04743057207081745,0.024300781757322146,0.0028086220507248,0.09761964492157793,0.09820174846622186,0.004639106082543577,0.09439016180661874,0.02274403606204991
0.09449719186520145,0.0011329330962994617,0.09483129875034935,0.0010205055055591838,0.0019696857568179,0.07566050355427516,0.09879419975474071,0.0021958540740199158,0.06754723805222519,0.06324550049737243,0.09811663360604865,0.010299648361861702,0.04819065197693623,0.022736903424542095,0.0023949753604342165,0.09813470853303816,0.09874150201395507,0.004098959096327329,0.09553106342870372,0.020860043291292096
0.09386172070875982,0.0012866099414383422,0.09420832205492374,0.0010912277432649027,0.0022607121741777176,0.07484888992495582,0.09852005941054347,0.0024955474881022473,0.06793537055259362,0.06318782189624968,0.09779802171661195,0.010944905888999783,0.047791686884460616,0.023636625023164468,0.002629113279834232,0.09783087855139548,0.0984304994734498,0.004414187327373896,0.09487990887688669,0.02194789108281372
0.09709584145383686,0.0005995933285765572,0.09737642138129952,0.0006870178037766966,0.0009974648159753422,0.07925791896932657,0.09996970474552795,0.0011426053739194328,0.06630476043903268,0.06352499268668126,0.09949669994912864,0.0074313169333345705,0.049969312506119384,0.01870078630527544,0.0015438632946852759,0.09949842460484874,0.10001308462759863,0.0027876784127897594,0.0980068668844244,0.015595645483842282
0.09726890861662241,0.000569536979132554,0.09754487817239536,0.0006646295761818129,0.000944092341625528,0.07952909568333295,0.1000495993830764,0.001083491180373583,0.06620762975591733,0.06354720606409694,0.09959098229661112,0.0072323311162996095,0.0501088284607023,0.018399616128013635,0.001490462090583169,0.09959223457932327,0.10009625140794175,0.0027008652332831027,0.09816545915356079,0.015213901780926369
0.09721114701544878,0.0005794931585205324,0.09748868166285907,0.0006720905735831467,0.0009617502884765623,0.07943799665225929,0.10002291062652297,0.0011030606414043282,0.06624046575211788,0.06353979867092246,0.09955949222469863,0.007298823354456711,0.05006186659926471,0.01850068137008422,0.0015082469688858908,0.09956089403586023,0.10006851741444246,0.0027298175645812306,0.09811260145203914,0.015341663973571762
0.09839500252276547,0.00039224772067838207,0.09863960807746563,0.0005226831635300048,0.0006311267239307174,0.08145352940945236,0.10058143836337181,0.0007338136564579287,0.06545839899931882,0.0637189650123256,0.1002160819748862,0.005904591857234233,0.05106880834437467,0.01631467137939394,0.0011564265364941318,0.1002141510683581,0.100641879948401,0.0021375616488903512,0.09918649975601854,0.01263251383665211
0.09858742039712277,0.00036500335635806434,0.09882555112221678,0.0004988886846578823,0.000583664065518888,0.08181206189247489,0.10067347805415137,0.0006805536547785711,0.06530349286878989,0.06375102019316947,0.1003241373910869,0.005674114629467493,0.0512498915025913,0.015934478944977595,0.001101152950898218,0.100321753676043,0.1007347262879186,0.002042840782892802,0.09935825123970714,0.012177518305178364
0.09805726557585016,0.00044212036391658453,0.09831264974594586,0.0005647777032863055,0.0007187069415279327,0.0808465642479435,0.10042077226119485,0.0008317153530228639,0.06571161406331237,0.06366292317604434,0.1000273711725813,0.006307292668399438,0.05076581530849571,0.016962466736995894,0.0012544747766676488,0.10002631976387764,0.10047874393309016,0.002304666850262653,0.09888272955312351,0.013421009804461263
0.09561845515915128,0.000883770050190081,0.09593175515434896,0.000882053337887628,0.0015095355276606298,0.07713388658023372,0.09929428788629294,0.0017047728068217236,0.06700433622751059,0.06333618698008374,0.09870025178238474,0.009102008627605912,0.04890300280729254,0.02109114585631504,0.002012591840345422,0.09870686827771712,0.09929360239353328,0.0035361978519989003,0.09662651696828095,0.018728773884344813
0.09647250385833304,0.0007134962649433188,0.09676832052319238,0.0007684617349053634,0.0012012169463821104,0.07832283037351469,0.09968345070889603,0.0013672966946451587,0.06662568590558021,0.06344503371275753,0.09915896884383905,0.008142168878337549,0.04949430796460746,0.0197465169069874,0.0017388828743657326,0.09916257264707784,0.09971184485348554,0.0031019093908780347,0.09743019514555691,0.016944335771714617
0.09762813898410247,0.0005093340097577578,0.0978960699579759,0.0006186192757792541,0.0008374657655670449,0.0801125730025967,0.10021810440341754,0.0009645023134767558,0.06599086734641019,0.06360062934443352,0.09978929606340818,0.006815067463239894,0.050404953892650046,0.017753825498731984,0.0013821493625253115,0.0997893800505479,0.1002708183317554,0.0025184473703017646,0.09849368045066204,0.014406077112660355
0.09738269001710229,0.000550146896300298,0.09765594726480377,0.0006499899684895516,0.0009097006385871668,0.07971089181792737,0.10010262101970718,0.001045229352265207,0.06614121909745801,0.06356318549822323,0.09965345606716461,0.007100738354114378,0.050201545651917076,0.01819805276878095,0.0014558165289411797,0.0996543551762976,0.1001513107762896,0.0026433388925950333,0.09826958924807656,0.014960174964958944
0.09715851216100095,0.0005886292503647623,0.09743744845394918,0.0006788987129162486,0.000977975080698884,0.07935550658441039,0.0999986131050326,0.0011210310055598555,0.06627002229283172,0.06353303853195225,0.09953081831406095,0.007359342069246273,0.05001942266889737,0.018592292863246037,0.0015244883649080641,0.09953236363430103,0.10004322973475498,0.0027562194041004973,0.09806437529196932,0.015457772475798675
0.0980684589606523,0.0004404254479906321,0.09832349271085158,0.0005633760251151195,0.0007157161371678661,0.0808662411457755,0.10042607465494634,0.0008283835314180377,0.06570358435464946,0.06366478037503666,0.10003360134398166,0.006293986855490699,0.050775575196578375,0.01694138606790644,0.0012512046990570806,0.10003251985235596,0.10048415075524615,0.002299113005630756,0.09889283796891186,0.013395090911237506
0.09845705323785411,0.00038336779189146735,0.09869959572862169,0.0005149966701849727,0.0006156278576560287,0.08156807691258716,0.10061107386848997,0.0007164395441031469,0.06540934529477585,0.06372929090874971,0.10025087612849239,0.005830357592116945,0.05112649741875334,0.01619299333178421,0.0011385544495226762,0.10024880039026766,0.10067182380720004,0.002106979589157737,0.09924198913505666,0.012486260342734224
0.09808626170277157,0.0004377372139984252,0.09834074666831048,0.0005611491731796809,0.0007109722169600509,0.08089761779858223,0.10043452588328201,0.0008230908913036236,0.06569074559531322,0.06366772441292938,0.10004352406139186,0.006272811350057103,0.05079113245746574,0.016907783906038018,0.0012460077344309953,0.10004239443247487,0.10049276185915157,0.002290277564215656,0.09890891997023464,0.013353815107908899
0.09800546796843657,0.0004499989777665286,0.09826243947231272,0.000571270377425327,0.0007326171736130242,0.08075583753654703,0.10039622382060005,0.0008472268608007818,0.06574851909876474,0.06365436262890072,0.09999852739511968,0.006368849414401384,0.05072089715498414,0.017059732581261037,0.0012696238829276057,0.09999762635195407,0.10045369836065678,0.0023303859600679352,0.09883588136376716,0.01354081361969274
0.09757055703033674,0.0005187850781554283,0.09783977262477345,0.000625961494708612,0.0008541544745045799,0.0800172804202923,0.10019097213199345,0.000983172231976585,0.06602693440094055,0.06359183631435149,0.09975738417784774,0.006882211621732819,0.050356535524044316,0.017859013397630866,0.0013993752824690718,0.0997576540832003,0.10024281195337512,0.0025476966017803503,0.0984412357103147,0.014536655445571556
0.09817010499707342,0.0004251671369111689,0.09842196684933283,0.000550668315941869,0.0006888395213319338,0.08104632395443448,0.1004743308060818,0.0007983829584346863,0.06562950439947732,0.06368161406615268,0.10009028716079814,0.006173007539032321,0.050865058972150844,0.016748701981944936,0.0012215726576455558,0.10008892879933835,0.10053328128925669,0.0022487223182989144,0.09898454486984352,0.013158991406518558
0.09754197744691635,0.000523502225480441,0.09781182642801366,0.0006296096395945407,0.0008624971967446731,0.07997023582830831,0.10017751349070234,0.0009925008941165164,0.06604464902229762,0.06358747298957584,0.09974155700367213,0.006915507609218002,0.05033266735900217,0.017910991475563947,0.0014079375836398027,0.09974191684229565,0.10022891044076354,0.0025622249215516567,0.09841517384540073,0.014601327757142082
0.0956743707099797,0.0008721231130564041,0.09598663830006528,0.0008745465880911474,0.0014883236853589902,0.0772088085048485,0.09931968256519151,0.0016816382972632213,0.06698139807335583,0.0633432761588375,0.09873016108459981,0.009039648325811578,0.04893987543851037,0.021005942336937956,0.001994451392799421,0.09873655810480222,0.09932120878809161,0.003507641780175421,0.09667960311479677,0.018614103637426768
0.09680053161604608,0.0006524589772804544,0.09708859759704752,0.000725444666485583,0.0010917491286198512,0.0788071347464253,0.09983380956054318,0.0012467603345959059,0.06646212845306605,0.06348708590335751,0.09933635580656004,0.007769208308413981,0.04973917136046701,0.019203549193048515,0.0016357391491288327,0.09933893434109403,0.0998707346536842,0.00293624487812404,0.09773472690022829,0.016239634425783633
0.09787611002411628,0.00046997240433072063,0.09813694595439837,0.0005874512453578228,0.0007678124283085088,0.08053188362145886,0.10033502994871354,0.0008866362177353896,0.0658343835764196,0.06363582524762414,0.09992665197812894,0.0065221891673466785,0.05061043830484373,0.017300692704565475,0.001307998344188393,0.0999260755716719,0.1003910734681936,0.002394713649092653,0.09871893034476513,0.013839185798740283
0.09839850251441933,0.00039174435878634115,0.09864299084005215,0.0005222506197047286,0.0006302474003918882,0.08145995622567785,0.10058310110757139,0.0007328303563307565,0.06545565562766646,0.06371955030738449,0.1002180408894333,0.005900407285945798,0.051072049637025156,0.016307835705565567,0.0011554154700998624,0.10021610394324558,0.10064356751464898,0.0021358380782524637,0.09918963074024793,0.012624281377549992
0.09758785363080988,0.0005159396484792177,0.09785668329035231,0.0006237552296172715,0.0008491275531923415,0.08004582760524008,0.10019912067364713,0.0009775501291842041,0.06601615603392169,0.0635944757430403,0.09976696460954224,0.006862054308167894,0.0503710292272598,0.01782748583886924,0.00139419771266196,0.09976718054661537,0.1002512214907917,0.0025389101285826993,0.0984569883536529,0.01449747824637179
0.09855101595943452,0.00037009189143234094,0.09879039106137787,0.0005033786590096888,0.0005925093510714144,0.08174347963531457,0.10065603866773383,0.0006904905180252169,0.0653334352617539,0.06374494805579246,0.10030365675411172,0.005717776929350637,0.051215137250387004,0.016007057364465862,0.0011115757100513164,0.10030135761680552,0.10071716442292182,0.00206073121239261,0.09932583726899347,0.012263926409574225
0.09865796657540142,0.0003552290537988435,0.09889365398992228,0.0004901995966050704,0.0005667088949986075,0.08194598037715622,0.1007073223522972,0.0006614860151695895,0.06524457915936084,0.06376279027502572,0.10036385840191073,0.005589420602254319,0.05131795409933413,0.015792944367534412,0.0010809956442143136,0.10036131752491992,0.10076876701981163,0.0020082019990945808,0.0994209883231168,0.01200963572807337
0.09838779895803951,0.00039328417222533006,0.09863263876909384,0.0005235778816211604,0.0006329389420766145,0.08144028125636447,0.10057799765600649,0.0007358457691087859,0.0654640444806519,0.06371776831844606,0.10021203720729024,0.005913208659980027,0.05106215343477084,0.01632875341110071,0.00115850482383421,0.10021012439626639,0.10063840158148328,0.0021411182528437043,0.0991800455842717,0.012649476444524735
0.09823457509598213,0.0004156126780452369,0.09848439058397247,0.0005426275676470992,0.0006720501942403493,0.08116179003035287,0.10050497789553157,0.0007796198271664466,0.06558149529617167,0.06369230850251709,0.10012629286909583,0.006096170630483095,0.05092263339262719,0.016625390860480472,0.0012028404731582534,0.10012476586486159,0.1005644228477684,0.002216810361572599,0.09904256473803587,0.013008660290289758
0.0979812326642414,0.00045370869422371116,0.0982389451129005,0.000574300052815255,0.0007391588972273736,0.08071360364405619,0.1003847529252324,0.0008545396664092365,0.06576509835253296,0.06365070423773724,0.09998505416757567,0.006397609728751251,0.050700020012867844,0.017105091666040344,0.001276771595443976,0.09998420725909525,0.10044197630887047,0.002342425724759801,0.09881398395821996,0.013596815330999193
0.09672492197847044,0.0006663094295114589,0.09701483237387816,0.0007353298753090126,0.001116537821273854,0.07869402059869283,0.09979910860418735,0.0012740924876784867,0.06650083317538141,0.0634773853547861,0.09929540499290478,0.007855387431285008,0.04968176263151839,0.019330103086352753,0.0016594125317832664,0.09929821617272408,0.09983418853959206,0.002974368807813838,0.09766474126069913,0.016403042846157595
0.09405116656247507,0.001239512717384575,0.09439835748385236,0.001069653204543094,0.0021700396988821287,0.07508246852644208,0.09860172314911893,0.002403721901395434,0.06781629625732893,0.06321476579291017,0.09789392868978834,0.010747841238620244,0.047927374028460305,0.023363332954980828,0.0025566405673270935,0.09792010703125593,0.09852445223415453,0.0043213759193840495,0.0950801753844426,0.021617066657253305
0.09490229772117786,0.001039560281674707,0.09522507802115095,0.000975568123575222,0.001795215588646749,0.07620153232726137,0.09897025506133328,0.0020135699422064203,0.06729441042537065,0.06327324861484608,0.09832070907879494,0.009885405439127627,0.048443750033496547,0.022152323832869258,0.002250260029856226,0.0983322547916478,0.09893753923408406,0.003897433526034116,0.0959362725188913,0.020153315407954855
0.09537855709267806,0.0009345282992518642,0.09569608859274191,0.0009143653944774185,0.001602173600447882,0.0768166882185881,0.09918545647117305,0.0018056640685001721,0.06710013973369533,0.06330586227402368,0.09857211103406088,0.009368814323482142,0.04874747365429832,0.021452517611619763,0.00209076515939284,0.09857965202001198,0.0991747466032899,0.0036589239097035075,0.09639802572341695,0.01921744621514624
0.09623752627212136,0.0007587131072851395,0.0965385426598909,0.0007994874384393448,0.0012826938694928652,0.0779858009535526,0.09957607057791569,0.0014567499488029078,0.06673625406222672,0.06341496904856504,0.09903233718292986,0.008407840274125814,0.04932531008363752,0.020126030695513702,0.0018134589070856041,0.09903672068480715,0.09959747448898953,0.0032209750827599483,0.09721062188436558,0.017442422777492732
0.09642830476619925,0.000721906581284114,0.09672512612980813,0.0007742859431522433,0.001216347918236327,0.07825882408198155,0.09966323455511708,0.001383922437073581,0.06664688933188871,0.0634393697457989,0.09913512055783438,0.008192232586715541,0.04946212332147241,0.01981848494002965,0.0017528696232537238,0.09913887325183394,0.09969037585471266,0.0031242790965771636,0.09738898247883306,0.017038446798197597
0.09619791912517951,0.000766457380139447,0.09649977635837023,0.0008047366583608306,0.0012966765877503264,0.07792976133119332,0.09955799839114172,0.0014720847146909935,0.06675438565848824,0.06340990950523055,0.09901102360211143,0.0084525041219417,0.049297318029145935,0.02018926342828332,0.0018260836930543488,0.09901554390686357,0.09957814569396038,0.0032410794069754273,0.0971734868779942,0.017525845529124513
0.09515187624337448,0.0009836650164845536,0.095473142349103,0.0009450566534422706,0.0016921338356226205,0.0765231089252788,0.0990827683330861,0.0019034292039128463,0.06718694481597322,0.06327733316071676,0.09845128408983854,0.009619815931027892,0.048604312884519406,0.021787920731935275,0.002165133903443216,0.0984597426904989,0.09906182124249933,0.0037751699063370103,0.09618103972160953,0.019674300361296238
0.09271242028264816,0.0015927159073211073,0.0930338784981288,0.0012252843875066634,0.0028671382566266405,0.07352417337801294,0.09802451374431737,0.003087359967086616,0.06861444688847358,0.06300073495176835,0.09721288853660566,0.012135506066083454,0.046896207179322996,0.0252815523284896,0.0030901075995960147,0.09730214370761603,0.09784490316624335,0.00497723721037846,0.09363311674082445,0.023943671202949775
0.09368835501336316,0.0013310864189174175,0.09403093965385018,0.001111630177550369,0.002347592407549285,0.07463991850923064,0.09844502694677407,0.002581572534770343,0.06804637672717434,0.0631584650756607,0.09770955325772272,0.011126992351619132,0.04765202455794319,0.02389212427214253,0.0026971855122450913,0.09775005055936913,0.09834362360083601,0.004499935050154871,0.09469401033405755,0.02225353703906926
0.09267801112787444,0.001602143543046176,0.09299959676402517,0.0012291911521198156,0.0028859989300253817,0.07348726260187687,0.09800982644924627,0.0031056613790848967,0.06863176901794948,0.06299613600692308,0.0971954109735636,0.012170519893397172,0.0468693468271305,0.025328929331313952,0.0031040259472586013,0.09728674673581189,0.09782714309522472,0.004993606245265214,0.09359585214031876,0.024002821838544002
0.09307960779019306,0.001492834799993188,0.09340577307823447,0.0011833652719175816,0.0026658658701305096,0.07392731540566112,0.09818191492249827,0.002894020534642105,0.06841654236145463,0.06305794939319187,0.09739981921629813,0.01176148500069946,0.047180000442792865,0.024768245756281945,0.0029400552444343773,0.09746874547073857,0.09803487382515393,0.004801354217956853,0.09403260413723477,0.0233076272604923
0.09185451281498445,0.0018391917038111587,0.09218070659504524,0.0013266221441050065,0.0033592190551041136,0.07259652660957912,0.09767126520440304,0.003570367588428523,0.06900133312606216,0.06293408394196362,0.09678925951889222,0.013018180960404321,0.046203824968080835,0.026408771013238838,0.003464855320077278,0.09692912180381547,0.09741142142627085,0.005401366658291482,0.0926819127500427,0.0253574567973996
0.09315292521690048,0.0014729037714850527,0.09348124448427923,0.0011747280559250672,0.0026264268261208547,0.07401139379478658,0.09821358374854859,0.0028555515726682397,0.0683735399836998,0.06306987959840535,0.0974370638256031,0.011685504190652443,0.04723546679470595,0.024664383186275573,0.0029104678479982163,0.09750243160254592,0.09807239077151948,0.004765061642690044,0.09411295929649373,0.02318209378869628
0.09290221247186378,0.001540981265284504,0.09322429043670459,0.001203679399874964,0.0027633524785496944,0.07373013458144108,0.09810566771200863,0.002987038773475695,0.06851576665999448,0.06302788338908788,0.09730940888925892,0.011942192769384605,0.047044134123256406,0.025018138559977428,0.0030130688324267506,0.09738760263006153,0.09794287701935757,0.004886685667455703,0.09383891584594382,0.023615968494591976
0.09291885200912577,0.0015364357691263987,0.09324132165505321,0.0012017746779154055,0.0027541333031269565,0.07374852040018656,0.09811282197233409,0.0029782605964927965,0.06850655401889588,0.06303068351530323,0.09731788055807288,0.011925272299407338,0.047056780191659285,0.024994812347691082,0.003006200311630504,0.09739519562660899,0.09795152796759715,0.004878682025461272,0.09385713167812862,0.02358715907618258
0.09327723584009304,0.0014393781032688367,0.09360911934362862,0.0011600670080079319,0.00256027124815643,0.0741551307310474,0.09826728764244036,0.0027908245518886337,0.06829959925289072,0.06309017737106026,0.09750024166396734,0.011556342930361159,0.047330268946266234,0.024487286559124744,0.002860542003907441,0.09755965846610842,0.09813577221447319,0.004703463911011223,0.09424879029336651,0.022968541918931523
0.09360988885787402,0.0013514474517632962,0.09395056882373774,0.001120868388419314,0.0023874570775432964,0.0745462517870611,0.0984110885104312,0.0026209379791849448,0.0680957646238393,0.06314529369786999,0.09766955767222511,0.011209196670736037,0.04758961454659586,0.024006854883080103,0.0027281518638273224,0.09771358024872863,0.09830415621377482,0.004538753721452003,0.09460952027994897,0.02239104670190694
0.09248409795561847,0.0016563340899421381,0.09280552399442837,0.0012516590204246008,0.0029936040463202905,0.07327983955929437,0.09792864132056978,0.0032103879276832855,0.06872253304103687,0.06297328911897952,0.09709749898444725,0.012367382235175342,0.04671405460525689,0.02559572770775077,0.0031846937094136035,0.09720090254577647,0.09772844989746124,0.005085867804234332,0.09338661180645605,0.02433290062973035
0.0933595460852323,0.0014173794687506647,0.09369371207568294,0.0011503618602546253,0.0025169416288932578,0.07425101479354866,0.09830286137805146,0.0027483381286455113,0.06824998510800674,0.06310370207057996,0.0975420952119326,0.011470651673713856,0.0473936644956571,0.024369305460332655,0.0028276199044807455,0.09759763748128363,0.09817759948995668,0.004662692050022891,0.0943384171157659,0.022826474519207825
0.09295611865029127,0.001526278402541655,0.09327946368345386,0.001197505912524713,0.002733541308113695,0.07378979164851349,0.09812883423636469,0.002958635759180058,0.06848585234824396,0.06303698160196296,0.09733686943886169,0.011887352724596954,0.047085182816692904,0.02494247872321498,0.0029908276215909846,0.09741222645158754,0.09797088754758036,0.004860755191143489,0.09389788007323244,0.02352253586030832
0.09239147075610152,0.001682647878363159,0.09271345033747357,0.0012626220831118372,0.0030461061803552392,0.07317815451619883,0.09789089571951995,0.0032621305929935738,0.06876368092547587,0.06296755193446534,0.09705223913151778,0.012463596641316318,0.04663694334050751,0.025717373533743017,0.0032251452936481444,0.09716096066114228,0.09768243151111092,0.005132163955542358,0.09328447924237461,0.02448595576503817
0.0914729090341137,0.0019566542810945564,0.09180343787822846,0.0013738842434973947,0.0035940357438210327,0.07216141035884172,0.09752396554667125,0.003800904679391904,0.06915037183845861,0.06291999783683674,0.09661276149543906,0.01340332730422435,0.045882732693850826,0.026877961457792296,0.0036446657311901194,0.09677632939985441,0.09722541384725965,0.005598201370288806,0.09224331097245385,0.025977724286691265
0.09038539375612073,0.002259126323721796,0.09077279447974893,0.0014777852863052613,0.004235314435224314,0.07091454945347711,0.09715234003275394,0.004432675081391227,0.06941952075030525,0.06278643124927981,0.09617506179308548,0.014363701413924818,0.04565614428239713,0.02803009802901645,0.0041583423686165685,0.09643026789921781,0.09677985157871129,0.006140044483359116,0.09105281507400582,0.02737774222933715
0.09096335298217781,0.0021057994658242414,0.09132071603149781,0.0014282432759263562,0.003916321365310722,0.07156462941913534,0.09734273071344075,0.004106732375689919,0.06934694280773529,0.0628589449671401,0.0963919052230191,0.013844313763518896,0.04561978838427319,0.027448293961929663,0.0038851252972088917,0.09659814720595394,0.09699873066796172,0.005862773202367561,0.09166692162130011,0.02672958726858857
0.0916847633767616,0.0018903032203308027,0.09201367704022162,0.0013470691493165058,0.003462066880132748,0.07241233637320718,0.09760378675357624,0.0036702041452571915,0.06907055891360529,0.06292303374528635,0.09670826703585526,0.01319300494338253,0.046066541998971346,0.02662118179850389,0.0035425716897070575,0.09685849821292575,0.09732661669540481,0.0054866106972549095,0.09248968161175676,0.02562922571854217
0.09353826658560822,0.0013701593938225363,0.09387714940391267,0.0011293051357618507,0.0024241457116813904,0.07446122358764058,0.09838011523462038,0.0026571050521385516,0.06814040556179875,0.06313332671906778,0.09763306754705983,0.011284128085507316,0.04753305844123257,0.024111113923856613,0.0027565057395784257,0.09768034221883588,0.09826805126530369,0.004574200866156626,0.09453219048039252,0.022516139046023797
0.09340606406299272,0.0014050152698074625,0.09374148875039014,0.00114487893765497,0.002492618412713675,0.07430546196027336,0.09832295981185335,0.0027244590268893725,0.06822170780232337,0.063111384409582,0.09756576865036437,0.0114221645605663,0.04742971441864495,0.02430236886590066,0.0028090617719698186,0.09761913086083428,0.09820118542260425,0.004639653409421154,0.09438896919801495,0.022745944397198833
0.09381925437125808,0.0012974391585863683,0.09416489927351492,0.001096223706220659,0.0022818435508679996,0.07479743822292814,0.09850167368497825,0.0025164965516931317,0.06796280331782213,0.06318060220760834,0.09777633837657865,0.010989571331310847,0.04775724753821276,0.023699466718997097,0.0026457419441020097,0.09781104818297945,0.09840925259760003,0.004435189049656325,0.09483447468957447,0.02202299552551034
