0,1,2,3,4,5,6,7,8,9,10,11,12,13,14,15,16,17,18,19,20,21,22,23
0.042629,0.042235576,0.040714465,0.041398693,0.04141409,0.04252536,0.041212913,0.04175677,0.040816393,0.040292263,0.042480808,0.041826647,0.04041943,0.042804282,0.04066895,0.042959906,0.04100912,0.040962942,0.040798675,0.04234956,0.042214833,0.042258807,0.04185074,0.04239983
0.04317973,0.04255536,0.040649522,0.041356623,0.042016897,0.04304336,0.041701313,0.04183124,0.03943352,0.040816296,0.042209197,0.041629277,0.0400282,0.041814398,0.041507307,0.042166524,0.041031335,0.04169186,0.04093563,0.041367717,0.042747818,0.041369766,0.04223025,0.042686835
0.042169213,0.04219745,0.041108336,0.040347833,0.04189776,0.042921696,0.040850613,0.042782802,0.04019738,0.040182948,0.04194112,0.042478602,0.04069403,0.042120587,0.041157182,0.04287659,0.04076041,0.041085172,0.040174473,0.041780826,0.043140445,0.041874874,0.0418589,0.043400813
0.043482725,0.041821767,0.03924479,0.041445266,0.042259723,0.043927725,0.042085826,0.0414373,0.039635245,0.039779358,0.043433476,0.042055357,0.040267464,0.042256247,0.04001543,0.042811204,0.040252812,0.040452998,0.041228183,0.041545168,0.043307453,0.041540824,0.041511305,0.044202317
0.04226405,0.041948684,0.04176603,0.040741775,0.041727975,0.04290354,0.041756973,0.041715644,0.0406702,0.041425068,0.04204172,0.040999137,0.041095585,0.04178199,0.041645918,0.041658398,0.04179514,0.041624643,0.040617514,0.0417648,0.041436482,0.041945748,0.042050526,0.042622514
0.042782053,0.04207737,0.039969075,0.04087536,0.041773602,0.043779142,0.041205194,0.04199739,0.040398743,0.039299313,0.042735424,0.04259509,0.04038029,0.042561125,0.040418956,0.04361544,0.04042883,0.04007555,0.040572703,0.041149367,0.044110302,0.04172097,0.04089055,0.044588137
0.041237187,0.04189423,0.0405439,0.041064803,0.04123347,0.04278566,0.04168226,0.04143609,0.04098033,0.040811997,0.042608466,0.04231714,0.040435873,0.0422522,0.041475516,0.042405363,0.040944375,0.041653603,0.04095547,0.041979793,0.04300372,0.04159948,0.04173196,0.042967122
0.043294184,0.042540535,0.039549284,0.041651648,0.042279623,0.044308312,0.041431125,0.04136412,0.039991144,0.041229676,0.042211354,0.041521545,0.04004998,0.04278626,0.041964266,0.042496108,0.04086656,0.04104821,0.040902082,0.041132715,0.042113442,0.040996846,0.041132033,0.04313895
0.04342231,0.042064123,0.041929573,0.04049431,0.04167045,0.042553805,0.042156823,0.042229656,0.04085875,0.04037658,0.041824,0.04077762,0.04114938,0.041491315,0.040719565,0.042295292,0.041415803,0.04066187,0.041119974,0.04148448,0.041674566,0.042467926,0.041740645,0.043421198
0.04275297,0.042831723,0.041516256,0.04101845,0.04210243,0.042997394,0.040323187,0.042916346,0.041298945,0.04168474,0.040350154,0.041333333,0.04090176,0.04221417,0.042766277,0.04182458,0.041541524,0.041436993,0.04035895,0.041293487,0.041363828,0.04112524,0.04166905,0.042378224
0.042415775,0.042302534,0.04097373,0.03995541,0.04237839,0.0435387,0.04175608,0.042496327,0.039333887,0.041558653,0.04183054,0.041611787,0.041176535,0.041144155,0.04230023,0.041893486,0.041335654,0.041509278,0.039823353,0.040885903,0.042565823,0.04109547,0.04244199,0.043676335
0.04298808,0.041487556,0.040589467,0.041051336,0.041615285,0.042967625,0.042127505,0.041733216,0.04001349,0.039595313,0.043261375,0.041879646,0.040161796,0.0419833,0.04040929,0.042921443,0.040499516,0.04090743,0.041171525,0.041391924,0.043677233,0.04209786,0.04165794,0.043810893
0.043237325,0.0423165,0.040232945,0.0411702,0.042563394,0.044248678,0.0423181,0.041658107,0.038449056,0.041394856,0.042049237,0.041282713,0.039899595,0.04115933,0.042194698,0.041373305,0.041238334,0.04225268,0.04083007,0.040827014,0.043093253,0.040539786,0.042202733,0.043468088
0.042812295,0.042280294,0.041277576,0.04027463,0.042246405,0.0438277,0.04166465,0.04202652,0.03982846,0.04106528,0.042058643,0.041217346,0.040868707,0.04144097,0.041611534,0.042081024,0.041178174,0.04155374,0.04048893,0.040866118,0.04264206,0.041415855,0.041792907,0.043480128
0.04256696,0.04182805,0.041140683,0.040969655,0.041702703,0.0424422,0.041211117,0.042190727,0.04072164,0.040390998,0.042418003,0.04165517,0.04090268,0.0424792,0.040570512,0.04251246,0.041116633,0.041107893,0.040637128,0.042010095,0.042322375,0.04242227,0.042076267,0.042604584
0.042059623,0.04215715,0.040090933,0.041201465,0.041932683,0.044036645,0.040952493,0.041767992,0.04141567,0.04086417,0.042317063,0.04164174,0.04106356,0.0426264,0.041362114,0.043324042,0.040820368,0.040213365,0.040580723,0.04095622,0.04205951,0.041897476,0.04115824,0.043500364
0.04136861,0.0419969,0.040169206,0.04127699,0.041908532,0.044315096,0.04120896,0.0409831,0.039637018,0.04072989,0.04255855,0.042144507,0.04022854,0.042238247,0.04218323,0.042475846,0.041524943,0.04159987,0.04103246,0.040950432,0.04406409,0.040641982,0.04147441,0.04328863
0.042264055,0.042225834,0.04208306,0.040112875,0.04217322,0.04326387,0.04149167,0.042325065,0.040647883,0.041578006,0.04118561,0.04060901,0.041693002,0.04118794,0.042211995,0.0412497,0.042012572,0.04113092,0.04030809,0.04153257,0.040968698,0.042131513,0.042143352,0.043469545
0.041141566,0.04251238,0.04122104,0.040453974,0.0411369,0.04210723,0.040096857,0.04245885,0.04145894,0.04029805,0.041709468,0.042213146,0.041092675,0.04186035,0.041762233,0.042844236,0.04135949,0.041670777,0.040836122,0.042295955,0.04266904,0.04226582,0.042637486,0.041897472
0.04270995,0.043035425,0.042131852,0.039736696,0.042407986,0.043319166,0.04121036,0.04276137,0.03996673,0.041294057,0.04089754,0.041526668,0.041186973,0.040845636,0.04185593,0.041465838,0.04165926,0.04182913,0.03957051,0.040868387,0.041973837,0.041577905,0.042269476,0.04389925
0.042848013,0.041863997,0.040729616,0.041271087,0.041511323,0.042492304,0.041804828,0.04177272,0.040428884,0.039843474,0.043043785,0.04185909,0.040336512,0.042475883,0.04039911,0.04295028,0.040731493,0.040885378,0.04092824,0.041823395,0.042892307,0.042195745,0.041817546,0.04309505
0.042985525,0.042060584,0.040717803,0.040505543,0.042018604,0.043505456,0.042461876,0.04195449,0.040457867,0.040784054,0.042030156,0.041636415,0.040914036,0.041542597,0.041337937,0.042021263,0.04107936,0.04083714,0.04081911,0.040977236,0.042368963,0.04145054,0.04109386,0.044439588
0.042311,0.04185379,0.041914746,0.040611964,0.041708533,0.04226899,0.041264378,0.04299351,0.040313076,0.03978306,0.041442696,0.041455053,0.04150598,0.041529126,0.041645505,0.043121543,0.041169446,0.041222997,0.039574042,0.04209312,0.04235657,0.042338345,0.042421382,0.04310115
0.043142296,0.042044133,0.040561035,0.04109969,0.04200847,0.043306593,0.041905396,0.04157952,0.04051724,0.040891122,0.04206421,0.04132182,0.040583417,0.042125527,0.041173924,0.042396072,0.041189704,0.041109625,0.040683564,0.04139961,0.04224019,0.04178358,0.041667935,0.043205343
0.042714395,0.042038746,0.040576514,0.04114316,0.04171479,0.042855933,0.041757904,0.0417501,0.04038917,0.04053401,0.04257061,0.041680306,0.040510755,0.042442195,0.04101908,0.04277124,0.040975437,0.040945664,0.040623955,0.041653022,0.042608228,0.041861936,0.0418867,0.0429762
0.04320944,0.04245207,0.040824655,0.040874336,0.042010345,0.043350577,0.041540276,0.0420251,0.040919214,0.040980715,0.041535467,0.041244753,0.04090316,0.042197697,0.041252386,0.042448822,0.041264616,0.040769808,0.040349938,0.041490305,0.041728128,0.041823097,0.041474763,0.043330424
0.041522857,0.041871354,0.041112125,0.040519647,0.041661486,0.04350495,0.04102644,0.041928884,0.040830128,0.040674753,0.04227498,0.041704565,0.04101233,0.041957326,0.041696753,0.042265385,0.04138115,0.041188303,0.040364265,0.04148239,0.04282424,0.041797608,0.041841567,0.043556467
0.043338254,0.042279165,0.03993438,0.04128409,0.0417353,0.043001216,0.041145165,0.042666297,0.04118243,0.040719345,0.0418846,0.041300118,0.040012427,0.041611765,0.041431144,0.04245428,0.039940502,0.041428845,0.041073676,0.042064764,0.042658523,0.042207565,0.04193826,0.042707864
0.04318566,0.042980973,0.040318992,0.04105212,0.041960716,0.044038076,0.04113849,0.041968264,0.039201677,0.040742572,0.041449867,0.041515592,0.04046352,0.04177402,0.041802347,0.042037096,0.04167602,0.041713025,0.040856432,0.041295096,0.042077016,0.040776018,0.042666048,0.043310415
0.042410478,0.04178414,0.040325165,0.0413363,0.041712966,0.043514453,0.041569375,0.041453954,0.041123,0.04034948,0.042583182,0.041774716,0.040773623,0.04234258,0.040976,0.042897917,0.04105401,0.04047149,0.041190654,0.041452937,0.04243533,0.04186079,0.040876646,0.043730795
0.04280639,0.04205939,0.040078454,0.040741205,0.04174227,0.043042,0.041507322,0.04246161,0.04087118,0.04068557,0.042223144,0.041739356,0.040650424,0.042160142,0.041595813,0.04284442,0.04040904,0.040642127,0.040712073,0.04155134,0.042764824,0.041864686,0.041744146,0.043103088
0.04210186,0.04204884,0.040748052,0.041235656,0.042076435,0.04398,0.04182978,0.04082551,0.039969385,0.04214519,0.04232629,0.04106911,0.040858757,0.041608352,0.042412695,0.041450355,0.04190256,0.041980848,0.040449344,0.041138403,0.042215135,0.040931497,0.041831113,0.0428648
0.042507436,0.04153392,0.04079071,0.04097784,0.041449502,0.043284953,0.04158679,0.042006545,0.041263394,0.040640492,0.04229126,0.04111757,0.04076334,0.041427337,0.042063866,0.041960612,0.040899165,0.041346196,0.041610196,0.041329578,0.04291526,0.041811086,0.04143583,0.042987067
0.04345497,0.041964374,0.041835587,0.039858,0.0418379,0.04258384,0.042054333,0.043008864,0.040619977,0.041035518,0.041385498,0.041162077,0.041319612,0.0411462,0.040928904,0.041590095,0.04126602,0.041142374,0.040718988,0.04148966,0.041630343,0.04222925,0.041891243,0.043846313
0.042010993,0.041328616,0.040074516,0.041491058,0.04157736,0.043796413,0.0413435,0.040207136,0.040695447,0.041271225,0.04218344,0.041750815,0.041283622,0.041885193,0.041873004,0.04196014,0.04172981,0.04212598,0.041284498,0.04150258,0.04241188,0.041412205,0.041918747,0.042881798
0.04198927,0.0426061,0.041503597,0.04015033,0.04179876,0.043153632,0.040921267,0.042518552,0.040666405,0.04074601,0.041559186,0.041529294,0.04120552,0.041679487,0.041574363,0.042386305,0.04137515,0.041425526,0.04009116,0.041489523,0.04231467,0.041846402,0.042079177,0.043390315
0.04227874,0.041736953,0.04076484,0.04125733,0.041603927,0.04312158,0.04160408,0.041528895,0.040353317,0.040367395,0.0426726,0.041788835,0.040560044,0.042147048,0.04150087,0.04239627,0.04125648,0.041231737,0.041159857,0.04115548,0.043269474,0.04155337,0.041652177,0.043038692
0.04168916,0.04191388,0.04127892,0.040488362,0.041792214,0.043424778,0.04130858,0.04184575,0.04015292,0.04064879,0.042381525,0.041778613,0.04081651,0.04175295,0.041688588,0.0421619,0.041399807,0.04145746,0.04042805,0.041223064,0.043139208,0.041614294,0.042016573,0.043598153
0.0430951,0.042114746,0.040813886,0.04110973,0.041384716,0.042285834,0.041159447,0.042719588,0.040925313,0.04028465,0.042166617,0.042165086,0.040395215,0.04297703,0.040100344,0.043717995,0.04042604,0.04068246,0.04046665,0.04241685,0.042228866,0.042266764,0.041580234,0.042516794
0.042522896,0.04178371,0.041098934,0.0408324,0.04173892,0.04375114,0.04164056,0.041816797,0.04102528,0.040537655,0.04223252,0.041549228,0.04096801,0.04241428,0.04148589,0.042675164,0.041449204,0.0404631,0.04045549,0.041123677,0.04229272,0.041476905,0.040967997,0.04369755
0.04207789,0.04188698,0.04192142,0.040493857,0.04151461,0.04257171,0.041376915,0.042002745,0.041522212,0.03994167,0.042365283,0.04108282,0.041026905,0.042434007,0.041458882,0.042609137,0.041410685,0.040623475,0.041213654,0.04175979,0.042060386,0.04230197,0.041359354,0.042983666
0.043149058,0.042487033,0.041494586,0.04007522,0.04217427,0.043221164,0.041646644,0.042720776,0.04019273,0.040737517,0.04155972,0.04143131,0.041063678,0.04134947,0.041124992,0.04221457,0.04105522,0.040980507,0.04008785,0.04130467,0.04216717,0.041855928,0.041949853,0.04395606
0.042112887,0.041607004,0.04070278,0.041099258,0.041365474,0.04295026,0.04133412,0.041853834,0.04113062,0.04020316,0.042765018,0.04177131,0.04044584,0.042171434,0.04110572,0.042679787,0.040792905,0.041030597,0.0409572,0.041847054,0.043106545,0.042165425,0.04172705,0.043074686
0.041932717,0.04252892,0.0404686,0.04048946,0.04212078,0.04443616,0.041554537,0.041413546,0.040179558,0.040888745,0.042461906,0.0414792,0.040806998,0.041723892,0.041953776,0.041875266,0.041882545,0.041183855,0.04055224,0.040838744,0.04296328,0.04095336,0.04145365,0.043858256
0.042384304,0.042042244,0.041025333,0.040853024,0.04144278,0.04270139,0.04117443,0.0420474,0.04156805,0.040405195,0.042097982,0.041567925,0.04070931,0.042298358,0.041318815,0.04251758,0.041114613,0.040957317,0.040683754,0.04199212,0.042261,0.042104453,0.04172936,0.043003276
0.042450394,0.04200653,0.040654324,0.040972076,0.041923113,0.043399233,0.04153741,0.04195692,0.039719988,0.040636633,0.042833608,0.041953985,0.040162217,0.041746147,0.04131807,0.04232404,0.040821597,0.041452184,0.040595673,0.041053366,0.043484014,0.041647162,0.04180183,0.04354942
0.04190928,0.042655677,0.040818546,0.04093327,0.041782636,0.04324435,0.040816925,0.041882463,0.040414825,0.040981952,0.041931417,0.041935362,0.040603448,0.042236418,0.04170901,0.042498294,0.041381136,0.041388076,0.040193148,0.04168602,0.042534318,0.041600354,0.042029485,0.042833608
0.04279524,0.042228244,0.041186277,0.04107698,0.04174787,0.04301938,0.04172962,0.04179914,0.040582564,0.04101853,0.041967325,0.041176204,0.04078667,0.04206013,0.04164497,0.0420905,0.041485976,0.04118624,0.040817138,0.04146065,0.041929357,0.04166675,0.0417612,0.042783
0.04279495,0.042264223,0.040786598,0.040834043,0.042030662,0.04359968,0.041879933,0.041502334,0.039087333,0.040576566,0.0426009,0.041767973,0.040228013,0.041745894,0.041189395,0.042299103,0.04091418,0.041665543,0.04075105,0.041281782,0.043451227,0.04133187,0.04208825,0.04332852
0.042474393,0.04162098,0.039421752,0.041051384,0.041940406,0.04397512,0.041274805,0.041646454,0.040640455,0.040128827,0.04290731,0.041664418,0.040177647,0.041832395,0.04182368,0.043372814,0.041083455,0.041090712,0.041639548,0.04189971,0.042932365,0.041250527,0.04196119,0.042189617
0.042042684,0.04201474,0.042036936,0.0405447,0.04159617,0.042274736,0.041532658,0.042134903,0.04029803,0.040877316,0.04220419,0.041325215,0.040825948,0.041589223,0.04144722,0.04197464,0.041426755,0.041908298,0.040370632,0.041916512,0.042046115,0.04220952,0.04276524,0.042637646
0.042581283,0.042062208,0.040318575,0.04132065,0.0407577,0.04225544,0.041220002,0.043267805,0.041593157,0.039879184,0.04158831,0.04144785,0.040570218,0.04211972,0.040773727,0.043162823,0.04081886,0.04131226,0.04051193,0.043134708,0.041999158,0.04222156,0.042100016,0.04298281
0.040705692,0.041401036,0.041262474,0.040521648,0.041520968,0.04344526,0.04080381,0.041678637,0.040090322,0.04028041,0.042949114,0.04282193,0.040965214,0.0422355,0.041489385,0.042720784,0.04128121,0.04135682,0.040845975,0.04177982,0.0438915,0.04147983,0.041300576,0.04317207
0.042084374,0.04220343,0.042047687,0.04033135,0.0416759,0.04237942,0.041271362,0.04245732,0.040492307,0.04076938,0.04191019,0.04139572,0.04099107,0.041566487,0.041391015,0.04211351,0.041417047,0.04163615,0.04022554,0.041823823,0.0420269,0.042226743,0.042645156,0.04291811
0.0429579,0.042882305,0.040522553,0.040722437,0.0424197,0.044637997,0.040699728,0.042202953,0.040069412,0.041048348,0.041320134,0.04174566,0.041057218,0.041494083,0.041793793,0.042117245,0.0411968,0.041010164,0.040291615,0.04105518,0.042323176,0.04101235,0.041438825,0.043980394
0.04168297,0.0412943,0.040878505,0.040752262,0.04112682,0.042861935,0.04276678,0.041562535,0.04137531,0.040092446,0.04257371,0.042472325,0.039988928,0.04260595,0.040826954,0.042709105,0.04081604,0.040346857,0.04172114,0.04249928,0.043320473,0.04153848,0.04127419,0.042912763
0.044157397,0.042271376,0.039845936,0.041056287,0.04232737,0.0439963,0.04185302,0.042344518,0.04040806,0.040569946,0.04188195,0.041311156,0.040224303,0.04168548,0.041088115,0.042502146,0.040130578,0.04058744,0.040893544,0.04116544,0.042781085,0.041733246,0.04106854,0.044116788
0.04207119,0.042608812,0.040605787,0.04076795,0.041705675,0.04350748,0.040880524,0.042247947,0.040697422,0.040553484,0.04185707,0.041979354,0.040421266,0.04271051,0.041523,0.04280571,0.04104481,0.040866356,0.040302705,0.04178661,0.04260899,0.04154278,0.041802347,0.043102227
0.04208738,0.042407546,0.04071181,0.04090331,0.041633796,0.043219212,0.040637642,0.042297818,0.04120816,0.0405338,0.04181557,0.041808624,0.040668994,0.04227268,0.04144799,0.042700328,0.04100756,0.04087498,0.040443078,0.0417418,0.042763893,0.041939083,0.041657228,0.043217763
0.04243985,0.041613903,0.041979913,0.040315144,0.041346226,0.043123238,0.042057168,0.042222694,0.04118669,0.04074997,0.04189079,0.040754028,0.04151396,0.04161887,0.041183658,0.042169876,0.04168006,0.04059475,0.040829986,0.04150594,0.04165931,0.042294957,0.041549128,0.04371985
0.042617414,0.0423637,0.04099075,0.040647846,0.041879203,0.043145552,0.041191325,0.04239823,0.040610064,0.040783834,0.041809503,0.041501567,0.04068179,0.04172591,0.041468497,0.04230985,0.040943548,0.041291784,0.040390912,0.041612215,0.042432614,0.041916393,0.04201356,0.043273937
0.043096356,0.042238045,0.04040731,0.04085728,0.042081576,0.044105504,0.04165748,0.041827165,0.04046491,0.040639594,0.04193786,0.0415581,0.040748376,0.04226885,0.041218325,0.042617556,0.041065406,0.04050735,0.0404102,0.04096147,0.0427258,0.041417852,0.041028783,0.04415889
0.042965796,0.041600138,0.040256932,0.04160775,0.041702427,0.043850794,0.04225125,0.040970072,0.040325124,0.040762037,0.04269601,0.041325696,0.040405635,0.042634904,0.04120561,0.042416424,0.04124629,0.040904246,0.041182995,0.041103162,0.04281855,0.041365284,0.04111068,0.043292206
0.042080775,0.042132918,0.041397266,0.04047165,0.041758403,0.043321755,0.04093675,0.04235423,0.041074697,0.040448897,0.041797876,0.041827463,0.041216463,0.04215433,0.041355263,0.042740624,0.041321296,0.04055249,0.04010188,0.041649736,0.042406444,0.041791476,0.041399926,0.04370738
0.043218486,0.0425734,0.040793452,0.041137855,0.04191746,0.04324365,0.041129585,0.042448808,0.039955944,0.04014301,0.041883443,0.042104445,0.040590752,0.041613173,0.042017933,0.042317286,0.041093197,0.041007515,0.041357122,0.040582947,0.043515284,0.040967938,0.041235574,0.043151714
0.042508017,0.041988295,0.041136242,0.040594053,0.04165893,0.04334535,0.041374486,0.042074338,0.04117861,0.040259257,0.042106625,0.04164692,0.04111673,0.042270545,0.041027572,0.04275511,0.041234046,0.04037095,0.040423945,0.041391697,0.0424941,0.04198504,0.04117151,0.04388767
0.041592956,0.041325588,0.04153066,0.04051862,0.041262563,0.04318888,0.0423236,0.04131646,0.040866144,0.040954083,0.042481367,0.040949978,0.04165098,0.041764706,0.041700296,0.042224113,0.04191848,0.04095464,0.041133035,0.041293703,0.04229507,0.04183565,0.041506678,0.043411754
0.042723596,0.042933673,0.041592013,0.040592585,0.04193581,0.042998295,0.041019727,0.04250104,0.041260965,0.041700177,0.0408096,0.040865447,0.041241035,0.041954674,0.04189599,0.04192259,0.041648146,0.041227214,0.03993302,0.041886386,0.040728252,0.04192227,0.042046133,0.04266134
0.04184285,0.041841753,0.04117862,0.04091354,0.041454118,0.043247182,0.041467868,0.04147902,0.041216083,0.04066835,0.042343598,0.0414298,0.041039098,0.042467058,0.04149764,0.042481255,0.04155779,0.04079031,0.040723223,0.04160997,0.04229956,0.041882697,0.04132819,0.04324035
0.04247746,0.042818647,0.040255822,0.040796593,0.04196297,0.043878358,0.04084114,0.04232109,0.03997898,0.04030375,0.041794512,0.042246863,0.040480576,0.042218138,0.04135251,0.042802963,0.040832616,0.040916737,0.040071893,0.04123113,0.04335262,0.04145747,0.041706193,0.04390096
0.04172596,0.041266207,0.04153532,0.041044455,0.04122628,0.04319346,0.041441258,0.04203407,0.04065333,0.040880818,0.042350914,0.041136373,0.041208316,0.04268325,0.041388813,0.042494193,0.0417789,0.040916346,0.03992493,0.04050546,0.043123107,0.041914873,0.04231034,0.04326299
0.041740477,0.041950177,0.04044614,0.041152526,0.041777138,0.0434876,0.04129197,0.041259125,0.0408166,0.04089461,0.04231002,0.041599676,0.04089978,0.04238373,0.04165367,0.042450096,0.041545566,0.04130192,0.040601138,0.041202378,0.04284452,0.04129837,0.041842066,0.043250673
0.041768152,0.04201869,0.04166398,0.04041151,0.04137164,0.04284052,0.04094853,0.042316634,0.041425638,0.0404604,0.041874968,0.041638333,0.041206986,0.04217301,0.041303605,0.042640656,0.04145654,0.040872794,0.040306572,0.041864593,0.042107593,0.042310555,0.041786563,0.043231536
0.04173792,0.042266157,0.041959338,0.04026631,0.041356485,0.04223113,0.040962946,0.042677335,0.040982563,0.04022628,0.041871596,0.041677833,0.04092118,0.042085662,0.04129805,0.042667422,0.041277867,0.04117157,0.040325448,0.042192835,0.04231809,0.04226976,0.04243189,0.04282434
0.042678595,0.042281915,0.040234275,0.041436117,0.04193548,0.04406282,0.041819993,0.041288555,0.040494006,0.041523896,0.04184675,0.04098924,0.040588863,0.042157304,0.04180491,0.042081278,0.041394524,0.04118836,0.040796515,0.04138282,0.042184774,0.04128435,0.041315846,0.0432288
0.04265964,0.041112505,0.040443346,0.041395415,0.041761883,0.043735463,0.042435132,0.04159446,0.039985105,0.040882353,0.04265109,0.0412649,0.04073511,0.042178463,0.041532375,0.041408945,0.041871276,0.041165095,0.0414106,0.04107386,0.04279802,0.041243527,0.041053586,0.043607827
0.041477676,0.04249478,0.041202843,0.040450893,0.04200958,0.044122055,0.041011956,0.042186365,0.040358018,0.04111193,0.04129573,0.0415466,0.041418042,0.041695382,0.042419493,0.041610517,0.04177392,0.041306198,0.040183213,0.04101593,0.042555105,0.041159865,0.041807156,0.043786682
0.043303296,0.041641198,0.042011224,0.041019674,0.042167895,0.04293623,0.042777315,0.043082524,0.03872629,0.04036402,0.04229703,0.041611888,0.040006213,0.041512445,0.04187895,0.042075742,0.04108952,0.04107588,0.04097009,0.040862832,0.042966157,0.040650748,0.042240847,0.04273198
0.04183209,0.04176941,0.040821116,0.041020636,0.041598406,0.043365702,0.041478388,0.041449174,0.04017349,0.040373165,0.04280524,0.04190773,0.040480804,0.042149886,0.041494194,0.042434555,0.04126768,0.041310426,0.040873367,0.041296348,0.04343864,0.041545395,0.041777465,0.043336738
0.0423998,0.041488115,0.04097078,0.04083399,0.04149244,0.043018635,0.041781936,0.04184983,0.040738665,0.040017363,0.042835817,0.041643284,0.040634185,0.041988704,0.040930692,0.04263899,0.040877055,0.04092875,0.040992524,0.041482557,0.04314208,0.042130385,0.04156481,0.04361864
0.041487407,0.04229843,0.040653896,0.04063662,0.041810255,0.043963376,0.04093484,0.041872505,0.04049971,0.04081796,0.041905243,0.041817795,0.040554367,0.04226925,0.042126205,0.042378157,0.04129415,0.041214287,0.040422052,0.04149304,0.043191988,0.04119908,0.04174581,0.04341362
0.04226984,0.04129198,0.039925393,0.041467585,0.04142201,0.044065975,0.0417134,0.041045636,0.041256897,0.040029194,0.043068714,0.041844785,0.04068505,0.042685248,0.04129077,0.042912696,0.04112233,0.040157385,0.041494854,0.040942695,0.0434813,0.0415857,0.040328473,0.043911997
0.041023757,0.041430514,0.040517777,0.040995188,0.041544028,0.04346621,0.040848237,0.0413317,0.041328333,0.040841833,0.042338826,0.04193754,0.040923387,0.042204898,0.042254962,0.04229238,0.041565217,0.04154454,0.040882405,0.041274764,0.04342642,0.04153779,0.04163979,0.042849462
0.042304557,0.041323364,0.040935922,0.04078768,0.04181223,0.04395872,0.041989453,0.04135136,0.0413932,0.040518668,0.042528372,0.04131431,0.040918864,0.042169698,0.041971955,0.04221389,0.041216798,0.040809352,0.040987916,0.04081826,0.042395,0.041587878,0.041343324,0.043349244
0.041662578,0.042569492,0.04155949,0.040323723,0.041473806,0.043355808,0.04083812,0.042324822,0.041394882,0.04113662,0.041316677,0.04106813,0.04113268,0.04185028,0.041894317,0.041861925,0.041748285,0.041554682,0.040478345,0.04148255,0.041918285,0.041922584,0.04211231,0.043019634
0.04112534,0.041760877,0.041453924,0.040803764,0.040988818,0.042768933,0.040709313,0.04178614,0.041812252,0.040212072,0.04239755,0.04193899,0.04121252,0.042799417,0.041302927,0.042901278,0.0416256,0.040632304,0.04048699,0.041925173,0.04260085,0.042189464,0.04155418,0.043011364
0.043079827,0.041866582,0.040916998,0.04126987,0.041637953,0.04298107,0.041913208,0.041894566,0.040858954,0.040546045,0.042370018,0.041320458,0.040576637,0.041899033,0.04104504,0.042482726,0.04086827,0.04081893,0.04114722,0.04197714,0.042012554,0.041967727,0.041527152,0.043021996
0.042177223,0.04197496,0.04176159,0.040372577,0.041500717,0.043455586,0.0409872,0.04193325,0.04165571,0.040395457,0.041904736,0.041529696,0.041467078,0.041884158,0.04196649,0.04261968,0.041868977,0.04076345,0.040733036,0.040920477,0.042209096,0.041556958,0.040763974,0.04359788
0.041000605,0.041644175,0.04110072,0.04115169,0.041015808,0.043330014,0.041994557,0.041144717,0.041176517,0.040883664,0.042296287,0.04131193,0.04117846,0.042138837,0.04140485,0.04224366,0.041742448,0.041209437,0.041175283,0.04174984,0.04275281,0.041677717,0.041324154,0.043351766
0.042143673,0.042177364,0.04073726,0.04137387,0.041055758,0.04311188,0.040971167,0.041396372,0.041943587,0.0410773,0.041832417,0.04137675,0.041206952,0.043042652,0.041712396,0.043083537,0.041886453,0.039993517,0.040790074,0.042242665,0.04126929,0.042059615,0.04107291,0.04244248
0.042824037,0.04215568,0.040783733,0.041211586,0.041847914,0.0436752,0.041868556,0.041397933,0.040954474,0.04116861,0.041939612,0.041009255,0.0408288,0.042465895,0.04154734,0.042199947,0.041509174,0.040758617,0.04064603,0.041429844,0.041758522,0.041578062,0.041194294,0.043246914
0.041712947,0.042027354,0.041592408,0.040420603,0.041488826,0.04344932,0.040858638,0.042488035,0.040683057,0.040161848,0.041902132,0.041735128,0.041551314,0.041624993,0.04170361,0.042226642,0.041525837,0.04102467,0.040395103,0.04122781,0.042856824,0.0418032,0.04174049,0.043799274
0.044026576,0.042030066,0.040256206,0.04067163,0.0426798,0.0432504,0.04204585,0.04217224,0.04061678,0.041533154,0.041219845,0.041016605,0.040829673,0.041301504,0.04148935,0.042012572,0.040920112,0.04148291,0.040507223,0.041088652,0.041849855,0.04188183,0.041974254,0.043142814
0.041903514,0.042723082,0.04148233,0.040623218,0.041666694,0.04311977,0.04107153,0.042163488,0.040428065,0.041340962,0.041509327,0.041547544,0.041680463,0.041731253,0.04203662,0.042078674,0.04152096,0.04108923,0.040251423,0.041238923,0.042241536,0.04138097,0.042226814,0.042943574
0.04179159,0.042194415,0.040114976,0.040918566,0.041821457,0.044201102,0.04089865,0.04155696,0.040428802,0.04031094,0.042408142,0.04232514,0.04053149,0.042572305,0.04146729,0.042913392,0.041090157,0.040720582,0.040365905,0.041151945,0.043717608,0.04126389,0.04119798,0.044036657
0.041208353,0.041690197,0.04147211,0.041222736,0.041788295,0.042825665,0.04146713,0.042074837,0.04016292,0.04057708,0.042450882,0.042189237,0.0402557,0.04168741,0.04241114,0.041548736,0.041324217,0.0419273,0.041193824,0.040855303,0.043435074,0.04120109,0.042377405,0.042653345
0.042577576,0.042178866,0.041455794,0.04112301,0.04167893,0.042506255,0.041439373,0.042135425,0.040198255,0.03983654,0.042149737,0.041836284,0.04049346,0.04163789,0.041780606,0.042511083,0.041492302,0.04169258,0.04168262,0.040635478,0.043232836,0.041320547,0.041504238,0.042900342
0.04302648,0.042062566,0.04077319,0.04090064,0.041941218,0.04319194,0.041333817,0.041378178,0.04151038,0.04167525,0.04114625,0.041265693,0.04115613,0.042273033,0.041700505,0.042203568,0.04196479,0.041422453,0.040377956,0.04159986,0.04110775,0.042145293,0.041599672,0.042243432
0.041818712,0.04138787,0.04203808,0.040409762,0.041116197,0.04241818,0.04175971,0.042190656,0.04125659,0.039460093,0.042507473,0.041436434,0.04097005,0.042140856,0.041102253,0.04283156,0.04137026,0.040764723,0.04126168,0.04168602,0.042821527,0.04223516,0.041513428,0.043502722
0.042242747,0.04153682,0.041125342,0.04060014,0.04131646,0.043069437,0.041854285,0.041572228,0.040631488,0.039713882,0.04292183,0.04177477,0.040883314,0.04199185,0.040771022,0.04292197,0.041121464,0.040772427,0.041145355,0.04142026,0.043216776,0.04209678,0.04153602,0.043763302
0.04151667,0.041521937,0.040748313,0.040740542,0.041533027,0.04379378,0.041525677,0.04115246,0.040184837,0.04022938,0.04301035,0.04202406,0.040687084,0.04209613,0.04140085,0.042523827,0.041357525,0.04120493,0.041003577,0.041234244,0.043691266,0.04154132,0.04156377,0.04371441
0.0420734,0.04229409,0.041105933,0.040527392,0.04214418,0.044214424,0.041235767,0.042069092,0.040057648,0.041085552,0.041819777,0.041628852,0.04115037,0.041589256,0.042809255,0.041489236,0.04165772,0.041276358,0.040740136,0.040408272,0.042750932,0.040920697,0.041433938,0.043517727
0.043008775,0.042302504,0.04079995,0.040391732,0.042103056,0.0439383,0.042110864,0.04194085,0.04030737,0.041074947,0.04174976,0.041427076,0.040998608,0.04171599,0.04106095,0.04230125,0.041175965,0.0406622,0.04033357,0.04134603,0.042514868,0.041245446,0.04135025,0.044139717
0.042709634,0.041311786,0.040047552,0.04171393,0.041521594,0.043777242,0.04214008,0.041136406,0.040490724,0.04019401,0.04280655,0.041575924,0.04048806,0.042272653,0.04164028,0.042436413,0.041380793,0.040917628,0.041712288,0.04090274,0.043522794,0.04106923,0.040810972,0.043420725
0.041721486,0.04186717,0.04125807,0.040459678,0.041285682,0.043413572,0.0411217,0.04192891,0.042122092,0.040328525,0.04193524,0.041676644,0.04170364,0.04265285,0.041362703,0.042925887,0.041553445,0.039936014,0.04036634,0.04166349,0.042280555,0.041955076,0.04088556,0.043595586
0.041722227,0.041540097,0.040546678,0.041005213,0.04192021,0.043742865,0.041146416,0.041406322,0.04044586,0.041019462,0.042652078,0.041529916,0.040571995,0.042419508,0.041756738,0.042403705,0.041235283,0.041353703,0.040811315,0.041450854,0.042708144,0.04148113,0.041679304,0.043451
0.042797685,0.042104486,0.041145153,0.0406359,0.041485578,0.042229712,0.041794002,0.042560898,0.04116862,0.040813684,0.041837215,0.041455165,0.040739268,0.041502986,0.041083917,0.042197865,0.04063046,0.041537598,0.040913705,0.042045128,0.042010635,0.042388737,0.041973915,0.04294769
0.04195331,0.04186312,0.040820196,0.041038744,0.041710153,0.04427064,0.041357297,0.041257206,0.041127577,0.04114469,0.041967336,0.04119207,0.041252166,0.04230894,0.041955523,0.04210685,0.041817833,0.04082637,0.040597603,0.04129221,0.042178683,0.041301496,0.041011088,0.0436489
0.041975275,0.041564006,0.041754935,0.04055622,0.041613065,0.043583684,0.041833516,0.041759595,0.040439866,0.04060671,0.042681623,0.0415048,0.040911067,0.04200026,0.04133944,0.042009346,0.041255765,0.041457083,0.040790424,0.041276038,0.042279385,0.04157443,0.041711763,0.04352179
0.04155291,0.04202095,0.04171394,0.040085956,0.042276785,0.04313742,0.041579604,0.042273242,0.04024289,0.04103864,0.04166722,0.041802257,0.040759653,0.041651174,0.04225376,0.041739922,0.041529708,0.041816548,0.040205486,0.041461952,0.042483456,0.041339632,0.042156,0.04321086
0.041671187,0.04197505,0.04192151,0.039814547,0.04157969,0.043571625,0.041755218,0.042341664,0.04187419,0.040672407,0.041072547,0.04082193,0.041589223,0.04258373,0.042089354,0.042259634,0.04169533,0.040314503,0.040847108,0.041791197,0.04188811,0.04150997,0.040966634,0.043393664
0.04126006,0.04200646,0.040950306,0.040409703,0.04165158,0.04398217,0.04069804,0.041870117,0.041139554,0.040465083,0.04207189,0.042066667,0.041236926,0.042381812,0.041754596,0.04266288,0.041503094,0.040631156,0.04015733,0.041172605,0.043188795,0.041514408,0.041142028,0.04408275
0.043059547,0.041989222,0.039989505,0.041743577,0.041912332,0.04327606,0.042016532,0.040961597,0.040473346,0.041128486,0.042332776,0.04131331,0.040157218,0.042560767,0.041227907,0.04244746,0.04121362,0.0413726,0.040970102,0.041645907,0.042242825,0.041649215,0.041783754,0.042532332
0.041517243,0.041558433,0.041726455,0.040435273,0.041479684,0.04301704,0.041471098,0.041805018,0.04077807,0.04052011,0.042520672,0.041520998,0.041125365,0.041871496,0.041517537,0.04218834,0.041574582,0.041263364,0.040567826,0.041435152,0.042741794,0.041997794,0.04191211,0.04345459
0.04289537,0.042871382,0.040695883,0.041678566,0.041957,0.04354833,0.04128925,0.041598547,0.04051323,0.04174252,0.04129683,0.041115437,0.040663056,0.04225519,0.042673416,0.041663647,0.041860856,0.04141502,0.041031618,0.041149426,0.041722972,0.040806096,0.041482106,0.04207425
0.041966286,0.041601144,0.0414556,0.040902466,0.041359283,0.042777188,0.0413944,0.041794363,0.04146927,0.040087588,0.04232538,0.041474096,0.040988874,0.042547192,0.04089239,0.042954106,0.04136062,0.040620074,0.040723108,0.041863076,0.042396117,0.04217484,0.041559972,0.043312546
0.041852575,0.04201072,0.04195585,0.04064548,0.041606944,0.043033555,0.04177475,0.041982647,0.041756008,0.041083585,0.041771278,0.040980913,0.04157744,0.042095102,0.041860066,0.04185634,0.04208798,0.040789183,0.040608868,0.041424043,0.04115723,0.041899,0.041137796,0.043052603
0.0420029,0.040992815,0.04067575,0.041391212,0.041572798,0.043354504,0.042256195,0.040882695,0.040202573,0.04061211,0.04343989,0.041443072,0.040463492,0.042177636,0.041341033,0.042124636,0.041237194,0.04143903,0.04150195,0.04113792,0.043118007,0.04179698,0.041755464,0.04308011
0.041131932,0.041697957,0.0412543,0.04075095,0.041231662,0.04331934,0.041042704,0.04166206,0.041506037,0.040565055,0.042267404,0.041787047,0.041203074,0.04273837,0.04149209,0.042762686,0.041640952,0.040789902,0.04035485,0.04145404,0.04273095,0.04178678,0.041491892,0.04333799
0.04296889,0.04203974,0.04020699,0.041708983,0.041516457,0.043493886,0.042191915,0.040881585,0.04090494,0.04083215,0.042627484,0.04117772,0.04033276,0.042861607,0.040943876,0.04253514,0.041282132,0.040796556,0.041274596,0.041812405,0.04210176,0.04152262,0.04121551,0.042770293
0.04145275,0.041973785,0.04085668,0.041054584,0.041286882,0.04366901,0.041341957,0.041198097,0.04092406,0.040322695,0.042598628,0.041587856,0.040791813,0.042836685,0.04119469,0.042418763,0.04143538,0.041195415,0.040703535,0.04178336,0.043317895,0.041805863,0.04120781,0.04304182
0.04127077,0.041592453,0.041788857,0.04052798,0.04148147,0.043786168,0.041449312,0.04144093,0.04116404,0.04131557,0.04204462,0.04148902,0.041170105,0.041928977,0.04253858,0.041700378,0.041928153,0.04141345,0.040143084,0.041105866,0.042633247,0.04107925,0.041480124,0.043527618
0.04057291,0.041822027,0.041627478,0.040546678,0.041408878,0.042995602,0.04080729,0.04162296,0.041208614,0.04130092,0.041980937,0.04181974,0.04150761,0.04220147,0.04225846,0.04251638,0.04186799,0.04148388,0.04042183,0.041709673,0.042424206,0.04138509,0.04177552,0.042733923
0.041841492,0.041921288,0.041362114,0.04057137,0.041376617,0.04359035,0.041238718,0.041860946,0.041263647,0.040689446,0.041871857,0.04155831,0.041504875,0.042125415,0.041817784,0.041941684,0.04197139,0.040678307,0.040477894,0.041192025,0.042669285,0.041424427,0.041582648,0.043468125
0.041570522,0.041946046,0.041721676,0.040424954,0.04185105,0.043925315,0.041498702,0.041636705,0.04038939,0.041429073,0.04180294,0.041324448,0.04109331,0.041547533,0.042289466,0.04163012,0.041938554,0.041500024,0.040478002,0.041105445,0.042157914,0.041404985,0.04197324,0.04336057
0.042222004,0.04173603,0.04102109,0.040920693,0.041640975,0.043835517,0.04186025,0.04125694,0.04081566,0.041042972,0.042252384,0.0411098,0.04113315,0.042210557,0.041666165,0.042160247,0.041614585,0.040934384,0.04062966,0.04114321,0.0422851,0.041692916,0.04126923,0.043546457
0.042485606,0.04236239,0.040185038,0.041790202,0.041497603,0.04413612,0.041088317,0.040952973,0.041895274,0.04110429,0.042053983,0.041115493,0.040782824,0.043433886,0.041756816,0.042632364,0.041474026,0.040406123,0.040638495,0.041964073,0.04142711,0.041376915,0.040688742,0.04275133
0.042406745,0.041396875,0.04089713,0.040874716,0.041997153,0.04292388,0.041529953,0.04171678,0.041214205,0.040888436,0.041960746,0.04146806,0.041231938,0.04171722,0.041805852,0.042180657,0.041575637,0.04135583,0.04097569,0.040944796,0.042485613,0.041896403,0.04173036,0.042825315
0.04191369,0.04196763,0.040610716,0.040522765,0.041867092,0.04396537,0.041219126,0.04180695,0.0405969,0.040671334,0.042052552,0.041856,0.041038893,0.042119853,0.041710358,0.042461533,0.04140328,0.04086618,0.040345322,0.04103226,0.043108393,0.041474704,0.041456,0.04393315
0.04202272,0.04212733,0.040880486,0.040883053,0.04178534,0.04373234,0.041161627,0.041660156,0.041131824,0.04102393,0.041749544,0.041426223,0.041096956,0.042385094,0.041865725,0.04239359,0.04163656,0.040875573,0.040311273,0.041499805,0.042147867,0.04154356,0.041377295,0.043282147
0.041594382,0.041902713,0.04171621,0.04027588,0.041770104,0.043421816,0.041301645,0.041982826,0.040632807,0.041070107,0.041935265,0.041370504,0.0412573,0.041726552,0.041938644,0.041899007,0.041723073,0.041422386,0.040196028,0.041213535,0.042452082,0.04168562,0.0419818,0.043529678
0.041872337,0.041646063,0.041450653,0.04058196,0.041762035,0.043701038,0.041756127,0.04146779,0.04076084,0.041124765,0.042213127,0.04111729,0.041207083,0.041906416,0.04188622,0.041803345,0.04181224,0.041182563,0.04060645,0.04115772,0.04229936,0.041608285,0.04150575,0.04357053
0.04159449,0.041775636,0.0408984,0.04137169,0.041348055,0.043111935,0.04122836,0.041526217,0.04054163,0.040034167,0.042929985,0.042030826,0.040640082,0.042405486,0.04210545,0.042310193,0.041415676,0.04114112,0.041432925,0.041125562,0.043368015,0.041413594,0.041553725,0.04269673
0.04119633,0.04126711,0.041711688,0.040388137,0.041432153,0.04282082,0.041140642,0.041725866,0.04151395,0.039904203,0.042745117,0.041829173,0.041219793,0.0420831,0.041416503,0.04252783,0.041735414,0.040729225,0.040737644,0.041611087,0.043034088,0.042092633,0.04149191,0.04364559
0.041396577,0.041648526,0.040839743,0.040858887,0.041034114,0.04314183,0.04149186,0.041748244,0.041175913,0.03983076,0.042662337,0.042089734,0.041000977,0.042556588,0.041120607,0.04277019,0.041208465,0.040704887,0.04088807,0.04152247,0.043384127,0.04203247,0.041226782,0.043665886
0.04098172,0.042000167,0.042140402,0.040326294,0.041444317,0.042787258,0.04117943,0.04202197,0.04129602,0.041155543,0.041838314,0.041170843,0.04185552,0.041660435,0.041826416,0.042014908,0.042212266,0.04127823,0.04021743,0.041769225,0.04190969,0.042004466,0.041851092,0.04305801
0.041463513,0.04228322,0.04061766,0.040860534,0.041835986,0.044197354,0.040979184,0.041479487,0.041201063,0.040880796,0.04186601,0.04176699,0.041104887,0.04270959,0.042103324,0.04231865,0.041843127,0.04057811,0.040336862,0.04125969,0.042614914,0.04118822,0.040977314,0.04353357
0.041392237,0.041774858,0.04109325,0.040580243,0.04142234,0.043497268,0.04091563,0.04185693,0.041405436,0.040377907,0.042279422,0.04182478,0.04116632,0.042348944,0.041591767,0.042631045,0.041406002,0.040730394,0.04045913,0.04144503,0.042966634,0.04184781,0.041301988,0.043684646
0.041381948,0.041943695,0.04046186,0.040779687,0.041406017,0.04370692,0.040816415,0.041624445,0.04094982,0.040151034,0.042520586,0.042198073,0.04073488,0.042378914,0.041516315,0.042934712,0.041109063,0.040904123,0.040697757,0.041482504,0.043602042,0.041644532,0.041438613,0.043616056
0.041832842,0.04161636,0.041640103,0.04036935,0.041697077,0.0432292,0.041736573,0.041874293,0.041318696,0.04063873,0.04205037,0.04135339,0.041188743,0.04226976,0.041664314,0.042097688,0.041634038,0.040913086,0.040503964,0.041655984,0.04209807,0.04190947,0.041367672,0.043340243
0.041096516,0.042091694,0.041056283,0.040439297,0.041687597,0.04324982,0.04036612,0.042095266,0.04145183,0.04072056,0.04181525,0.04193714,0.041342296,0.042419627,0.04169764,0.04258107,0.04163851,0.04111888,0.04001038,0.0415449,0.04285271,0.041732535,0.041973904,0.043080214
0.042714376,0.041709747,0.041216247,0.040916864,0.04162034,0.043546457,0.041925427,0.04146314,0.04147218,0.04091446,0.04208034,0.040922295,0.041306667,0.042416573,0.041331388,0.04220677,0.04168784,0.040465076,0.04083518,0.04143244,0.041612487,0.041900206,0.04086276,0.043440785
0.041920584,0.04161344,0.041190162,0.040817786,0.04159733,0.043586113,0.041608524,0.04150823,0.04075137,0.040571075,0.042470533,0.041519273,0.041044224,0.042055774,0.04180467,0.042156346,0.041617222,0.040956557,0.04094984,0.040999588,0.042961344,0.041489273,0.04123947,0.043571208
