0,1,2,3,4,5,6,7,8,9,10,11,12,13,14,15,16,17,18,19,20,21,22,23
0.04250768,0.04237879,0.041199386,0.041749958,0.040790014,0.041817278,0.04252293,0.041118205,0.041172866,0.04148326,0.04135408,0.04114762,0.04235617,0.041595712,0.042036913,0.041312568,0.040114794,0.04185712,0.041760247,0.04171123,0.042395454,0.04231199,0.041691367,0.041614354
0.042214684,0.04245456,0.04045093,0.041844938,0.041828092,0.04159459,0.042974755,0.04026632,0.04210329,0.042034544,0.04049389,0.04049749,0.042859625,0.04258364,0.040860586,0.040207345,0.041565426,0.042205527,0.04105216,0.041234843,0.04210745,0.042930175,0.04207404,0.041561104
0.042005625,0.04279439,0.041684102,0.04178877,0.0414428,0.04150279,0.042752143,0.04198108,0.041312803,0.04043736,0.042306133,0.041391667,0.040940564,0.041652612,0.04177272,0.041132364,0.040446494,0.041802477,0.041654274,0.04211172,0.0428686,0.041191217,0.041047648,0.041979548
0.042012803,0.042427275,0.040722262,0.04125442,0.041156005,0.040877808,0.04243983,0.041191343,0.04129685,0.041329414,0.04178822,0.040903546,0.04263585,0.04177688,0.041704535,0.040829975,0.041255526,0.042014863,0.041859224,0.041928295,0.041843504,0.042104848,0.04203148,0.042615272
0.041878432,0.042777516,0.0405393,0.0413058,0.040389024,0.04095065,0.042934135,0.041538198,0.04118116,0.041108735,0.042100552,0.04129201,0.041826427,0.041479267,0.041527007,0.04058897,0.041600775,0.041861657,0.04225257,0.042260684,0.041810244,0.042226877,0.041965976,0.042604018
0.042185552,0.042253498,0.040626444,0.041364104,0.040292226,0.041383177,0.0421317,0.04134362,0.04089201,0.04110068,0.041737672,0.041713323,0.042394646,0.041046128,0.041934043,0.041712433,0.040968817,0.04169667,0.04205843,0.042454552,0.04191949,0.042169496,0.042198103,0.042423207
0.041857123,0.04215598,0.040524602,0.041017234,0.040564135,0.041186165,0.041719932,0.04170656,0.040728908,0.04081731,0.04216203,0.0420388,0.04302646,0.04095094,0.041573886,0.04129052,0.04147542,0.04184702,0.042303428,0.04210094,0.04180569,0.041863933,0.0419256,0.043357402
0.042045068,0.04228235,0.040234633,0.04154505,0.040508904,0.04018464,0.042309735,0.04109482,0.04113829,0.041755922,0.04137359,0.041439705,0.042565346,0.040958364,0.041655757,0.041083783,0.042238075,0.041662056,0.042359784,0.042545445,0.041375887,0.042211317,0.042777825,0.042653676
0.042272206,0.042282026,0.04070318,0.041615635,0.04068837,0.041771892,0.041544735,0.041535806,0.04040425,0.041361004,0.041299235,0.04192534,0.043022577,0.04089081,0.041691557,0.04159834,0.040834904,0.04219561,0.041777898,0.041714367,0.04167249,0.04267149,0.041591547,0.042934727
0.042154264,0.042189274,0.041202143,0.041736413,0.040930875,0.04145254,0.042345654,0.041510295,0.04125652,0.041020576,0.041955214,0.041108277,0.04254191,0.041565217,0.041866362,0.041361492,0.040403675,0.041630514,0.04178697,0.04179406,0.042582028,0.041918233,0.04187132,0.041816182
0.04243709,0.042413674,0.040982172,0.041526966,0.040574208,0.041707177,0.041637383,0.041754097,0.040796604,0.040917695,0.041484077,0.042211626,0.041733384,0.04045395,0.041907024,0.04199746,0.040646594,0.041901063,0.041684948,0.042246103,0.041944265,0.042393707,0.04176622,0.04288252
0.042047936,0.042431917,0.040671926,0.04143254,0.04128275,0.041669212,0.042199306,0.041592125,0.041570015,0.04057595,0.04217616,0.04130277,0.042507645,0.04203907,0.04162647,0.041315522,0.040665895,0.041172296,0.04166674,0.041746967,0.042933296,0.041739114,0.04214344,0.041490935
0.042316113,0.041617353,0.04050626,0.04157675,0.040254284,0.040608063,0.04138057,0.041377034,0.04086906,0.041471373,0.041338056,0.04183174,0.042810645,0.040807746,0.042238086,0.042243782,0.04109874,0.04130683,0.042577974,0.0426214,0.041585106,0.041789517,0.04315818,0.042615354
0.042285696,0.04232594,0.040928498,0.04159229,0.040657956,0.04109331,0.042176507,0.041442856,0.041080493,0.041252874,0.041486867,0.041624557,0.041974336,0.041065764,0.041968923,0.041567076,0.04096937,0.04154994,0.042112682,0.04246501,0.04207586,0.041838925,0.042255,0.04220927
0.04230117,0.042214695,0.04140148,0.04154315,0.04036068,0.041653313,0.042014487,0.042209905,0.04098312,0.04074063,0.041738205,0.041996613,0.041175205,0.041282717,0.04218099,0.04179726,0.040369794,0.041357163,0.042215977,0.042605385,0.042270634,0.041481424,0.04216784,0.041938126
0.041994553,0.042066008,0.040173694,0.041805077,0.03993879,0.04135127,0.042736966,0.040731132,0.0414111,0.0417295,0.040621027,0.041490223,0.042683106,0.041045334,0.041887358,0.04172417,0.041537624,0.041579764,0.041987594,0.041869152,0.04182637,0.04259518,0.043093167,0.04212178
0.04261759,0.04199379,0.041199703,0.041712545,0.0407611,0.041818127,0.04167861,0.04139287,0.041183602,0.041488033,0.040504407,0.04224555,0.04212238,0.04152786,0.042247206,0.04202793,0.040348098,0.041624006,0.04146461,0.042325806,0.04183861,0.04190466,0.042225014,0.04174793
0.04230686,0.04193191,0.040297676,0.04143993,0.040049475,0.040783655,0.041767016,0.04142667,0.040968437,0.041165978,0.042084355,0.041452873,0.04331856,0.041221622,0.041804764,0.04185597,0.04123464,0.041171987,0.042640723,0.042085044,0.042027224,0.04205502,0.042875987,0.042033646
0.04208607,0.042184677,0.04024821,0.04128515,0.04017975,0.040895045,0.042243406,0.041356474,0.041195408,0.041587353,0.042032164,0.04139673,0.043334,0.042146157,0.04184937,0.04101503,0.040278897,0.042069957,0.04198282,0.041770883,0.042021383,0.042351387,0.04166967,0.04282006
0.042174205,0.042486593,0.040888503,0.041686587,0.041042294,0.041264813,0.04264053,0.04123705,0.041359782,0.041248165,0.041876815,0.04092869,0.042503245,0.041652422,0.041779343,0.040918842,0.04083528,0.0418204,0.041834805,0.041665476,0.04245771,0.042134926,0.04181546,0.041748088
0.042432483,0.0420021,0.040559202,0.041704096,0.039960664,0.041447047,0.041549854,0.042148467,0.04077995,0.040156692,0.04231529,0.042184487,0.041599132,0.040977053,0.042686675,0.042087223,0.039328203,0.041262772,0.042451568,0.043230373,0.042049795,0.04181981,0.042868994,0.04239814
0.042360373,0.041947354,0.04082819,0.04219892,0.041488502,0.040745094,0.042064108,0.041060656,0.041308828,0.041969296,0.040818334,0.041251767,0.042406,0.04123888,0.04192182,0.041400358,0.04141274,0.041983895,0.0415646,0.042093135,0.041799784,0.04192133,0.04232219,0.04189379
0.0415812,0.04289554,0.041259192,0.041825823,0.041179728,0.041548878,0.0415552,0.041571338,0.040101957,0.041218147,0.041868128,0.0414311,0.043191005,0.040868018,0.041387144,0.041270457,0.041936327,0.04201234,0.04177223,0.040972702,0.041056428,0.04266165,0.041696895,0.04313854
0.042240165,0.04240296,0.04041791,0.04147975,0.04039542,0.0410747,0.04263313,0.040928055,0.0411394,0.041608524,0.041680403,0.040963087,0.04312926,0.04154174,0.0417601,0.040937707,0.041064706,0.04176897,0.04220667,0.0417367,0.041930713,0.042715535,0.04219375,0.042050596
0.042279392,0.04204599,0.040858284,0.04193275,0.040709227,0.04167693,0.04154355,0.0418139,0.04064125,0.04123614,0.04119482,0.041902218,0.042301327,0.04112175,0.042039458,0.041933645,0.04061178,0.041843753,0.04180224,0.042079736,0.041653216,0.042262245,0.042078134,0.042438246
0.04185737,0.042295,0.04036685,0.04078278,0.039422523,0.04102212,0.041570745,0.04272824,0.040631987,0.03970488,0.043041408,0.042663876,0.041993015,0.040866505,0.04216941,0.042535078,0.040212817,0.040613543,0.043084595,0.043117877,0.04230428,0.04159573,0.04293822,0.042481057
0.042296,0.04214383,0.0410429,0.041783955,0.041384313,0.041523162,0.04266216,0.041535355,0.04118497,0.041348316,0.0415335,0.04124662,0.042295065,0.041535534,0.041731406,0.041223727,0.04035361,0.041808456,0.04144257,0.041953012,0.04264368,0.04228623,0.04150342,0.04153819
0.042359576,0.042395983,0.04096437,0.041275572,0.040181004,0.041736234,0.042138517,0.041724544,0.040937807,0.04057539,0.04224736,0.041480355,0.04245351,0.041390445,0.042147286,0.041766193,0.039962705,0.041186024,0.042377573,0.04208613,0.04270762,0.041992284,0.042120513,0.041792978
0.042034086,0.04252888,0.04086098,0.04183178,0.04206471,0.0411976,0.04286219,0.040785085,0.04197079,0.04164892,0.041082967,0.040781103,0.041881178,0.041993078,0.04117109,0.040520605,0.04152916,0.041958455,0.04117316,0.041823976,0.04253814,0.042062648,0.04199754,0.041701876
0.042411376,0.042023282,0.040366486,0.04114381,0.03954179,0.041158542,0.041613422,0.041654736,0.04062834,0.040861145,0.041930508,0.04182635,0.04303322,0.04096677,0.042253055,0.042215824,0.040545523,0.040878493,0.042884614,0.042572312,0.04200877,0.04223947,0.04302537,0.042216748
0.042112995,0.041680478,0.0415419,0.041785475,0.040915202,0.04087982,0.04153176,0.042156752,0.041089095,0.041594945,0.041086745,0.041695237,0.041905865,0.041666053,0.042233955,0.04138119,0.041467942,0.04184272,0.041987,0.042375218,0.041575905,0.041056402,0.042674255,0.041763067
0.042469155,0.04238438,0.040925495,0.041733954,0.041202467,0.041803006,0.042584732,0.04089456,0.04149262,0.041476674,0.041078735,0.041008472,0.042331055,0.041855633,0.041698422,0.041172694,0.04047938,0.041829657,0.0415257,0.04175634,0.042455588,0.042355612,0.041905053,0.04158061
0.042130776,0.042350754,0.040860362,0.041372295,0.04138869,0.04139341,0.04166317,0.04189727,0.04124814,0.040473126,0.042076964,0.042028386,0.041742127,0.04055281,0.04137956,0.04192381,0.04087499,0.04148757,0.041560844,0.042466342,0.042627096,0.04151107,0.042499963,0.042490494
0.042471766,0.04136839,0.041421577,0.041374464,0.041833527,0.041150767,0.04183937,0.041492686,0.04087008,0.042111572,0.040820833,0.04117224,0.04300309,0.041045785,0.042210173,0.041262362,0.04099974,0.042447787,0.04177804,0.04273287,0.042252254,0.040489007,0.042196844,0.041654784
0.0424962,0.042351287,0.04128869,0.041574355,0.04051116,0.042360578,0.04217182,0.041728284,0.040805906,0.040902752,0.041649424,0.04167919,0.042010237,0.041428212,0.042124666,0.041766662,0.039555255,0.041705452,0.041904245,0.041866556,0.042446025,0.04228197,0.04149199,0.041899066
0.042223908,0.042004503,0.041591257,0.041484885,0.040355675,0.042323735,0.041055858,0.04221991,0.040277455,0.04094075,0.041136168,0.04238932,0.041785683,0.0404211,0.042100858,0.04293618,0.03981309,0.041282296,0.0422921,0.04265555,0.042124756,0.041891463,0.0422676,0.04242587
0.042229045,0.041519053,0.039939,0.0412803,0.041048083,0.040368166,0.04137301,0.041591164,0.04109181,0.04162306,0.041502375,0.041557748,0.043395385,0.041543424,0.042029373,0.04183987,0.041284986,0.042039417,0.041776117,0.042640816,0.041230105,0.041655313,0.04272304,0.042719334
0.04187887,0.042739704,0.04076764,0.041021958,0.040198505,0.040947597,0.042408727,0.041985005,0.041101597,0.040264748,0.04281074,0.041611787,0.04189032,0.041155368,0.041761875,0.04128395,0.041112754,0.041080944,0.04267222,0.042539466,0.042558704,0.041545182,0.04228032,0.042382065
0.042697664,0.04148397,0.041441925,0.042084385,0.041108727,0.04142899,0.041063126,0.041175306,0.04118527,0.041340955,0.04046096,0.041489992,0.04280161,0.040777326,0.042293526,0.04261888,0.040585916,0.041462906,0.041940466,0.042318493,0.04185595,0.042129554,0.042651713,0.04160233
0.042495824,0.042053014,0.04087567,0.041137207,0.04089865,0.040106688,0.041833594,0.041209586,0.041286703,0.040485412,0.04240136,0.041384876,0.04319494,0.04114364,0.041601688,0.04147852,0.040806565,0.041283973,0.042669147,0.042074032,0.041688085,0.042216215,0.04296487,0.042709727
0.042371575,0.04227335,0.041529868,0.041852318,0.04094104,0.04156302,0.04199583,0.04162212,0.041176796,0.04094039,0.041326728,0.04157151,0.041850958,0.041391965,0.0421372,0.04179627,0.04034908,0.041766357,0.041596718,0.042297088,0.042241126,0.04177639,0.041888945,0.041743316
0.042812232,0.041307855,0.040784642,0.04222546,0.041221112,0.04185576,0.041433,0.04132842,0.041131716,0.041694485,0.041426845,0.040995393,0.04252391,0.041830778,0.04208995,0.04166413,0.040273074,0.041616514,0.041257396,0.041782383,0.042177733,0.042419266,0.042487115,0.041660845
0.04251309,0.041693807,0.040525246,0.04222467,0.041218188,0.040776398,0.041886438,0.040776428,0.041185066,0.042310875,0.040519353,0.041119635,0.043149218,0.041300625,0.042048763,0.041539837,0.041312877,0.041974977,0.041650034,0.04189037,0.041553818,0.042437505,0.042601056,0.041791663
0.0425047,0.04220089,0.041149404,0.041812204,0.040303193,0.04157396,0.041518345,0.041839905,0.040748622,0.040878966,0.04125928,0.04188942,0.04162356,0.04094969,0.04247853,0.042408314,0.040374987,0.041232187,0.042063646,0.04281865,0.042168036,0.041510466,0.042672303,0.042020734
0.042003416,0.04217112,0.040216766,0.041288238,0.040873174,0.04189225,0.04239296,0.041788988,0.04096806,0.041282702,0.041354664,0.041442398,0.04288044,0.04183767,0.04136322,0.040878512,0.040592507,0.042542845,0.04169415,0.041458506,0.04154452,0.043010272,0.04159616,0.0429264
0.042274397,0.042709596,0.041035622,0.041502282,0.04064493,0.041587118,0.04291411,0.041131973,0.041307546,0.04122621,0.04169966,0.041192655,0.04213176,0.041489594,0.041794676,0.04093427,0.040601064,0.04181,0.041937996,0.04182267,0.04237695,0.042246725,0.041596502,0.042031746
0.04201281,0.041636817,0.040595878,0.04227323,0.042133816,0.041113123,0.041717008,0.042080704,0.04128569,0.041159507,0.04183413,0.04095103,0.042451493,0.041415002,0.04178261,0.0413186,0.041695196,0.042604238,0.04052338,0.04205833,0.041984268,0.041081265,0.042245246,0.04204662
0.042741608,0.042260293,0.041192498,0.041317098,0.039981224,0.042412527,0.041822597,0.04158301,0.040696945,0.040770814,0.041469157,0.04191554,0.04223859,0.041198783,0.042317398,0.042380143,0.039270885,0.04115558,0.042247992,0.04230136,0.0425741,0.04222001,0.042100903,0.04183099
0.04241229,0.04216887,0.04019811,0.040929843,0.04081409,0.040800087,0.04176751,0.041358333,0.04169315,0.04073226,0.041326664,0.041984018,0.041377623,0.0414562,0.041334867,0.04165101,0.04195612,0.04090858,0.042137627,0.043165494,0.04247455,0.04143499,0.043086793,0.04283087
0.042538937,0.042543136,0.041437376,0.041595336,0.04103114,0.041111413,0.04245246,0.04152799,0.04140418,0.040748943,0.04155038,0.041421663,0.042060077,0.041341815,0.042220216,0.041503143,0.040586617,0.041919664,0.041511375,0.04226153,0.042314954,0.041172154,0.041658875,0.04208659
0.04247399,0.04182587,0.041013896,0.04218788,0.041079085,0.0418565,0.041355748,0.041148204,0.040640675,0.041800912,0.040788244,0.041548,0.043481287,0.040942892,0.041923318,0.042087026,0.040370736,0.041762806,0.041524164,0.04139075,0.04165541,0.04293887,0.042024348,0.04217938
0.04240141,0.041795414,0.04097252,0.042097718,0.041318722,0.040985744,0.041648217,0.041457802,0.04116526,0.04147263,0.04109125,0.041537046,0.042272754,0.041147012,0.042166177,0.04196299,0.040915404,0.04159862,0.041740187,0.04224595,0.04211979,0.041622713,0.042499986,0.041764688
0.042631663,0.04220218,0.041448757,0.041706562,0.03996757,0.042065423,0.041417938,0.042049516,0.040609345,0.04060875,0.04139324,0.042073973,0.04142721,0.040997222,0.042684134,0.042748157,0.039671134,0.04102027,0.042197622,0.042825747,0.042400505,0.04141853,0.042575967,0.041858565
0.041990027,0.042092524,0.041084148,0.041560378,0.040995218,0.041312158,0.04192549,0.041608,0.041342575,0.04047491,0.04182494,0.041392677,0.041628543,0.0416682,0.041695222,0.041320898,0.041901734,0.0413516,0.041615497,0.042507824,0.042976283,0.041159265,0.042905655,0.041666254
0.042035177,0.042474184,0.0413868,0.042042132,0.04127368,0.041387476,0.04205984,0.04143334,0.040955286,0.04115032,0.041893795,0.041019812,0.042515673,0.041389026,0.041865554,0.041240666,0.04145319,0.041747715,0.04151298,0.041693453,0.041640982,0.042077366,0.041559137,0.042192433
0.04287727,0.04139348,0.040254623,0.041058112,0.040338006,0.04146003,0.04207098,0.042077478,0.040525872,0.04081142,0.041254014,0.041797012,0.042429224,0.041286245,0.042757034,0.043128945,0.039872613,0.041068796,0.042609084,0.041748606,0.042228587,0.041794017,0.042318102,0.042840384
0.04249084,0.04232478,0.041482072,0.041598275,0.040846135,0.04188503,0.041966833,0.041775856,0.04109375,0.04072426,0.04150613,0.041870102,0.041345567,0.04117451,0.04217819,0.0420936,0.03994764,0.041334525,0.041893195,0.042537592,0.042711347,0.04141896,0.04196467,0.04183613
0.042348754,0.04199625,0.041033767,0.042160828,0.04155114,0.04095421,0.041858163,0.041310336,0.041295767,0.04163725,0.04101285,0.041478004,0.041949544,0.04113103,0.041888107,0.04155305,0.041303437,0.04179782,0.041534543,0.04224241,0.042015817,0.041669123,0.042247854,0.04202995
0.042585913,0.041982807,0.040921234,0.041536555,0.04036462,0.041751757,0.042525157,0.040924508,0.041346487,0.04208598,0.041299272,0.04105207,0.041919988,0.041061625,0.0419861,0.041833334,0.04029722,0.041377265,0.04197797,0.041696824,0.0426587,0.042702455,0.042588513,0.041523673
0.042833194,0.041718848,0.04073468,0.04195969,0.04061977,0.041829284,0.04182245,0.040902913,0.040925104,0.041835286,0.040893786,0.041057754,0.043596838,0.04161172,0.042382862,0.04195053,0.039790306,0.04170465,0.041803937,0.041482728,0.042151432,0.042796407,0.04231227,0.04128352
0.042257793,0.042654227,0.04228787,0.041260347,0.040204454,0.042116553,0.04182962,0.042720832,0.04092388,0.03982842,0.042179067,0.042755228,0.03985046,0.040924314,0.04226573,0.042424507,0.03968908,0.040804405,0.042355627,0.04319677,0.04303698,0.040485937,0.04203525,0.041912653
0.042112134,0.042549133,0.0407612,0.041391443,0.040624145,0.04096882,0.04244511,0.041412886,0.04123077,0.041096646,0.041723676,0.041534357,0.041882236,0.041184764,0.041694853,0.041234765,0.0413267,0.04150133,0.042204745,0.04250691,0.042112015,0.041862343,0.042282224,0.04235684
0.04181817,0.04146817,0.03986301,0.041820165,0.041004214,0.040147394,0.041579504,0.042091873,0.041141495,0.041116513,0.04204047,0.04136057,0.042952087,0.041547768,0.04184485,0.041434683,0.042099237,0.04151628,0.042286243,0.042150658,0.041504685,0.04191441,0.043109022,0.042188495
0.042400647,0.04237072,0.041263025,0.0416397,0.040598508,0.041871678,0.042191405,0.041441705,0.041057274,0.041152455,0.041525852,0.041752744,0.042176902,0.041326605,0.042197186,0.041975264,0.039636932,0.04153204,0.04180708,0.042164918,0.042397548,0.042094044,0.041805513,0.04162024
0.04204118,0.042291604,0.041505273,0.042248316,0.04179601,0.041462295,0.04242518,0.041115284,0.04151778,0.041517347,0.04152406,0.040682487,0.042228,0.0417433,0.041899014,0.040907804,0.041296456,0.04210575,0.041030966,0.04167218,0.04180779,0.04198973,0.041465823,0.041726403
0.042527474,0.04262358,0.04171725,0.041539576,0.040336505,0.042652857,0.042085536,0.041673273,0.04133485,0.04052733,0.041175548,0.041325938,0.041625723,0.04163287,0.04203591,0.042278875,0.039338406,0.04094995,0.041515864,0.0424256,0.042663824,0.04188795,0.042493198,0.041632116
0.042359382,0.041841645,0.040675752,0.041868716,0.040719386,0.041254677,0.041022085,0.042007703,0.04076814,0.040859316,0.04159058,0.041622836,0.04259323,0.0411084,0.042315222,0.042401977,0.04090525,0.041339703,0.041996673,0.04257987,0.041988377,0.041480586,0.042688217,0.042012244
0.04273884,0.041637607,0.04089391,0.04158749,0.040242724,0.04150821,0.041060574,0.041759748,0.04071321,0.041018847,0.04093866,0.042229377,0.04221511,0.040775683,0.042471066,0.04292939,0.04018521,0.040923502,0.042298734,0.042998478,0.042083178,0.041725885,0.043048065,0.04201646
0.04238796,0.041528083,0.040486615,0.041933518,0.041005757,0.04093006,0.041800555,0.040983826,0.040894583,0.0417969,0.04115811,0.041418716,0.043510344,0.041272085,0.04227613,0.041680876,0.040972702,0.041771404,0.04179912,0.04199437,0.04154204,0.04233833,0.04274256,0.04177539
0.042205524,0.042251304,0.040854994,0.041712057,0.040872693,0.040877093,0.042215083,0.04127572,0.041134022,0.041571952,0.041397873,0.041430883,0.04222596,0.041110754,0.04190673,0.04135265,0.0411989,0.041683894,0.041983422,0.042289514,0.04200385,0.041993003,0.042294912,0.042157244
0.042105105,0.042454686,0.04083159,0.041527215,0.04081225,0.04079423,0.0420682,0.04161063,0.041260798,0.04110896,0.041669734,0.04186628,0.04157921,0.04095997,0.04177269,0.041573506,0.0414659,0.041392054,0.04213287,0.04278514,0.041987013,0.041426595,0.04245308,0.042362273
0.04263631,0.04195101,0.04116137,0.04149179,0.04047913,0.041807793,0.041785505,0.041600157,0.04096424,0.040814634,0.041686438,0.041634258,0.042416193,0.041433986,0.042305317,0.042143594,0.03994142,0.04129716,0.04189952,0.042153317,0.04267979,0.041840024,0.04217665,0.041700374
0.042708416,0.042019952,0.040971495,0.04133301,0.040243156,0.04175769,0.041915197,0.041614495,0.040693853,0.04094137,0.041452978,0.041824598,0.042029113,0.040999472,0.04237741,0.042366505,0.040121313,0.041139778,0.042355463,0.042629663,0.04219934,0.04168496,0.042323705,0.042297114
0.042734202,0.041628793,0.04144872,0.04231473,0.04141299,0.041523747,0.04171676,0.04125753,0.041448344,0.041657478,0.040493846,0.041309956,0.04248326,0.041878857,0.04244707,0.041785717,0.040066864,0.042232472,0.041191433,0.041650742,0.04223251,0.041880764,0.041790117,0.041413072
0.042598754,0.041847516,0.040961094,0.04196062,0.04101129,0.04137228,0.041965064,0.041270167,0.041193563,0.041629512,0.04100135,0.041348375,0.04241854,0.041341018,0.04213713,0.04183201,0.04061449,0.041778937,0.04160983,0.04207672,0.042036965,0.042089544,0.042234655,0.04167063
0.042611085,0.042073935,0.041711513,0.04175295,0.041113954,0.042109165,0.04159216,0.041702233,0.041101705,0.041005332,0.041273754,0.04185004,0.04174659,0.041347347,0.042383663,0.042133912,0.039616644,0.041605085,0.04173324,0.042149723,0.042670608,0.04142861,0.041735627,0.04155111
0.042600684,0.042197976,0.041637477,0.041681632,0.040793903,0.041558836,0.04171972,0.041976217,0.041147776,0.040724248,0.04133648,0.04215292,0.04169702,0.040922165,0.042339917,0.042357337,0.039817378,0.04098741,0.04230242,0.042363867,0.042627733,0.041245714,0.041835953,0.041975196
0.04176392,0.0425202,0.040780082,0.04172803,0.04150101,0.040428475,0.042473342,0.041211218,0.041315183,0.041610453,0.04151596,0.041503135,0.042205863,0.04118576,0.041392464,0.040689647,0.04208079,0.042240627,0.04170553,0.042039074,0.041555535,0.042037576,0.04168751,0.04282863
0.04233433,0.0424811,0.041409153,0.0413121,0.041008737,0.04272429,0.042165767,0.041879393,0.04132724,0.039900206,0.042263884,0.041526955,0.04163447,0.041852504,0.04194102,0.0419716,0.03933781,0.04123869,0.041614044,0.042029034,0.043509416,0.04153347,0.041617837,0.041386966
0.042187463,0.042250916,0.040753316,0.04153333,0.041146114,0.041004088,0.04239949,0.04129304,0.04149591,0.041268203,0.041302115,0.04136862,0.04176133,0.0413827,0.041617066,0.04123526,0.0414272,0.041490998,0.04199821,0.042542342,0.04211064,0.04186756,0.042475097,0.04208903
0.04261165,0.04175129,0.041192483,0.041484762,0.0409971,0.041229803,0.04094834,0.0424108,0.04078408,0.040389717,0.042012062,0.042110763,0.042130366,0.041168313,0.042155806,0.042512763,0.04027566,0.041531462,0.042307157,0.042599764,0.042833894,0.04083559,0.041954726,0.041771613
0.042626232,0.0413548,0.040728986,0.042212058,0.04102846,0.040982693,0.041451897,0.041161936,0.040773064,0.04189844,0.040642012,0.041818943,0.042427454,0.04096961,0.0425572,0.042463306,0.04096574,0.041462906,0.04170511,0.042634852,0.04163145,0.04167076,0.04282787,0.042004254
0.0423741,0.042049456,0.041110482,0.042631313,0.04156442,0.040916827,0.041822568,0.040650588,0.04124913,0.040479794,0.041580696,0.041356117,0.04201495,0.04198589,0.041255996,0.041885752,0.041429985,0.041768916,0.041030075,0.042527076,0.043238856,0.041364834,0.042023744,0.04168845
0.042381413,0.042367607,0.04108555,0.041757148,0.04095754,0.041416228,0.042437464,0.041207094,0.041232932,0.04142909,0.04134538,0.041275617,0.04215828,0.04141566,0.04195054,0.041294087,0.040623818,0.041864697,0.041769832,0.041985244,0.04224652,0.04207901,0.041851033,0.04186812
0.042633146,0.042109758,0.041783605,0.041952133,0.041073006,0.04191895,0.04184547,0.041888457,0.040927272,0.040666513,0.041414544,0.041802436,0.041105013,0.04118224,0.042374168,0.042376406,0.039688583,0.041486826,0.041726787,0.042469542,0.042829428,0.041137822,0.04182038,0.04178747
0.042391974,0.04196704,0.040693298,0.041462425,0.040250823,0.041112296,0.04156901,0.041680694,0.040840615,0.041062806,0.04154166,0.04184725,0.0425279,0.041092895,0.042273138,0.042177655,0.040545084,0.041293498,0.042314455,0.042600706,0.041963164,0.04182735,0.04269411,0.042270124
0.042447384,0.041953895,0.04114565,0.04215477,0.042063378,0.041499842,0.04169008,0.04130667,0.041697633,0.041240428,0.04068911,0.041431013,0.041604783,0.04161648,0.041726045,0.041889075,0.04093383,0.041499227,0.04116402,0.042368665,0.042522095,0.041350745,0.04244136,0.04156383
0.042244386,0.04211426,0.041056387,0.0415579,0.040750325,0.04123183,0.04184938,0.041993067,0.041010685,0.040875785,0.041654624,0.04197549,0.04153971,0.04112408,0.042116806,0.041925382,0.040636715,0.04150294,0.04207386,0.04268538,0.042112432,0.04144536,0.042201456,0.042321786
0.042481333,0.042045552,0.04101113,0.04183889,0.04099301,0.041519243,0.04197168,0.0413187,0.04094139,0.041372374,0.041301467,0.041357975,0.042503767,0.041422296,0.042023018,0.04169998,0.040527567,0.041744318,0.04169553,0.041950427,0.042251345,0.042034447,0.042093426,0.04190117
0.042656664,0.04122381,0.04134399,0.042330835,0.041118786,0.041563693,0.041049007,0.041762587,0.04081731,0.041621048,0.04059625,0.042216126,0.042126667,0.040999785,0.042608347,0.04288145,0.040122677,0.0412817,0.041667916,0.042070895,0.042159766,0.04153597,0.04261572,0.04162902
0.04268651,0.04134528,0.040825747,0.042097464,0.041713707,0.040972605,0.04188413,0.04115183,0.0414611,0.041665807,0.040535636,0.041627973,0.0420886,0.04149095,0.042036258,0.042143185,0.04100864,0.041813895,0.041689795,0.04197548,0.042026024,0.041554466,0.04248634,0.041718546
0.042349037,0.04221326,0.04096938,0.041732196,0.04080142,0.041405544,0.04247586,0.041328073,0.041143626,0.04152859,0.041624285,0.041432966,0.04208429,0.041502297,0.041659683,0.041377492,0.04087289,0.042036653,0.041942578,0.041778445,0.042029236,0.042006712,0.04169499,0.04201053
0.042406034,0.041720875,0.040542334,0.042086594,0.040682618,0.04078103,0.041613817,0.040942084,0.04119084,0.04247449,0.04047219,0.041649554,0.04296173,0.041390494,0.04191163,0.04139011,0.042031232,0.041494112,0.041688845,0.042189687,0.041031152,0.04237749,0.043054245,0.041916806
0.04206518,0.04286572,0.040814906,0.04132277,0.041509666,0.041373804,0.042363655,0.041106265,0.04136576,0.041649528,0.041017022,0.04205176,0.041844096,0.041347016,0.04152739,0.041090664,0.041975025,0.041478563,0.041245177,0.04231114,0.041738648,0.042117402,0.041893356,0.04192552
0.04279073,0.041890893,0.041211993,0.041650552,0.04032362,0.041911483,0.04142402,0.041692615,0.04072914,0.040994685,0.041317713,0.041966237,0.042080805,0.041001707,0.042502873,0.042599868,0.03966621,0.04113985,0.042132813,0.042530213,0.042403653,0.04178171,0.042427965,0.041828614
0.04217006,0.042372026,0.04189751,0.041584898,0.04141868,0.041528743,0.04190082,0.041560877,0.040873617,0.041175447,0.04136492,0.041963544,0.041399322,0.041063044,0.04205447,0.041622553,0.040448926,0.041820817,0.04147403,0.04192728,0.04246298,0.04182397,0.04189353,0.04219799
0.042463865,0.04217102,0.040985372,0.041752856,0.041154414,0.04138332,0.042170584,0.041188166,0.041187283,0.0415664,0.041280683,0.0412894,0.042506292,0.041583184,0.04209159,0.041389547,0.040381387,0.041971967,0.041654777,0.041906677,0.042220645,0.04207861,0.041806966,0.041814968
0.04265856,0.04195039,0.041444097,0.04177504,0.04083112,0.042004928,0.041702412,0.041731752,0.041022096,0.04094609,0.04132752,0.041782867,0.04191159,0.04123165,0.042469665,0.04243413,0.039510947,0.041390024,0.0417508,0.04226706,0.042597868,0.041595224,0.04208015,0.04158403
0.042073406,0.04245393,0.04066012,0.0415613,0.042231724,0.04161559,0.042493857,0.040854294,0.04228148,0.0405196,0.0409345,0.041123334,0.041473586,0.04210064,0.040867183,0.041537676,0.041589856,0.041705683,0.04107286,0.04263485,0.042814728,0.04174276,0.04203112,0.041625906
0.04244704,0.04218286,0.0414637,0.041788712,0.041003466,0.041545365,0.041836053,0.04178411,0.04106667,0.04094113,0.041394547,0.041878536,0.04140568,0.041015614,0.042245276,0.04210471,0.04025937,0.04144468,0.041850813,0.042568572,0.04250226,0.04132178,0.042047456,0.041901585
0.04296603,0.041614566,0.04088503,0.042580564,0.04121939,0.042155564,0.0414256,0.041383598,0.04113023,0.04165284,0.041285627,0.040763024,0.042259883,0.04209482,0.042178232,0.041503366,0.040212963,0.041832536,0.04100058,0.041500542,0.042213112,0.042325262,0.042289436,0.041527215
0.042583216,0.041636888,0.04124545,0.042226806,0.041560918,0.041151416,0.04089596,0.042138267,0.041048676,0.040958077,0.041264478,0.04165889,0.042269748,0.041376278,0.04253771,0.042324718,0.040267415,0.04137152,0.04148743,0.042155888,0.04244579,0.04131628,0.04234079,0.04173739
0.042313494,0.042688802,0.041681368,0.041712176,0.041828945,0.042302907,0.042539075,0.041638754,0.041663386,0.040701848,0.04126818,0.041243985,0.040796224,0.042060204,0.04150082,0.04141139,0.039891187,0.04154733,0.041276705,0.042261522,0.043201562,0.041308,0.04147648,0.041685708
0.042490702,0.042074185,0.04151334,0.041645013,0.04058344,0.041772008,0.041562155,0.042060465,0.040812712,0.040608793,0.04166343,0.04205461,0.041489143,0.040941395,0.04242589,0.04246443,0.039979674,0.04117372,0.042072948,0.04270701,0.042403568,0.04138511,0.042125847,0.041990414
0.04228675,0.041973952,0.04082234,0.0416233,0.04101656,0.04091879,0.042031,0.041371524,0.041202445,0.04144441,0.04134149,0.041577186,0.04240168,0.04135337,0.042034574,0.041658513,0.04085982,0.0418453,0.041803177,0.04221671,0.041861378,0.041815054,0.04220818,0.04233247
0.042045034,0.042303406,0.040781837,0.041683827,0.041368764,0.040789127,0.041985206,0.041319925,0.04149329,0.04118529,0.041024935,0.041726302,0.041686468,0.040998034,0.041382417,0.041473277,0.04198733,0.04150758,0.041897424,0.042703085,0.041921984,0.041676015,0.04260776,0.042451747
0.042394023,0.042193122,0.04117155,0.042045847,0.041502275,0.041621555,0.042358182,0.041231412,0.041401125,0.041353434,0.041541904,0.040843472,0.042582713,0.041803613,0.042016674,0.04124967,0.04026246,0.041914996,0.041443095,0.041394874,0.042698737,0.04203297,0.041675985,0.041266296
0.04257841,0.042525712,0.041908138,0.04149464,0.040595822,0.042517334,0.041971177,0.04204054,0.040843073,0.040358044,0.04181954,0.042065427,0.0411195,0.041080542,0.042353943,0.042292386,0.039103404,0.0413002,0.041932456,0.04239853,0.043051604,0.04140948,0.041447725,0.041792385
0.042351574,0.042197827,0.040695813,0.0411824,0.04075691,0.04127888,0.04129192,0.04178848,0.04162137,0.041081574,0.04150657,0.04252739,0.04179684,0.041305777,0.041874155,0.04242506,0.04072911,0.040902965,0.041828096,0.043011613,0.041793615,0.041293975,0.0427091,0.042048976
0.042303294,0.041781377,0.04067139,0.041555326,0.04095312,0.040958922,0.04111841,0.042073946,0.041267324,0.040374856,0.04200387,0.041892685,0.041878227,0.04117814,0.041947097,0.04230878,0.041115858,0.040646337,0.042216875,0.042850733,0.042629965,0.041040104,0.043186817,0.042046577
0.04288428,0.042177677,0.04114399,0.042165495,0.04072966,0.041971583,0.04139283,0.04150266,0.040324215,0.041279778,0.041126207,0.041421276,0.043011736,0.041194968,0.042536758,0.041811354,0.040795326,0.041962717,0.041492566,0.04225064,0.042295057,0.04107311,0.041820273,0.04163589
0.04223024,0.042405363,0.04145182,0.041568466,0.040354986,0.041578066,0.042122,0.041947894,0.04095273,0.0406871,0.04187613,0.041996833,0.04121395,0.041094795,0.042289875,0.04179836,0.04024695,0.041177858,0.042174768,0.042611115,0.04274503,0.04133524,0.041849818,0.0422906
0.042079452,0.041997302,0.040238198,0.041265484,0.04082374,0.040752575,0.041510794,0.041754402,0.041442618,0.040481705,0.041579366,0.04190895,0.041981947,0.041273706,0.041559264,0.042093527,0.04172674,0.040633436,0.04237796,0.043105137,0.042288274,0.04135445,0.04355282,0.042218205
0.04227531,0.04197522,0.041337475,0.041644633,0.040953472,0.041490212,0.04117444,0.042208925,0.04079234,0.04063756,0.04161483,0.042375077,0.04182804,0.040849894,0.042228963,0.04253211,0.04012113,0.04140196,0.041922875,0.042596266,0.04229303,0.04122688,0.042063296,0.042456094
0.042473476,0.041978408,0.04126153,0.041890252,0.04156741,0.042035807,0.041966837,0.041353483,0.041491702,0.040970553,0.04141228,0.041033506,0.042411145,0.04188884,0.041980825,0.041885052,0.039895307,0.041436926,0.041284196,0.041720074,0.042817935,0.04190962,0.042057276,0.041277505
0.04220471,0.0420561,0.040466063,0.041888785,0.04115063,0.04081153,0.04150183,0.041362096,0.041119896,0.041198015,0.04166569,0.04149771,0.04259818,0.041341808,0.04203481,0.04209518,0.04111564,0.040826548,0.041709002,0.042400137,0.042193595,0.041802935,0.042760815,0.042198293
0.042408407,0.04196905,0.040798195,0.041466832,0.040121175,0.041254587,0.041418456,0.041939944,0.040539652,0.040926192,0.041607734,0.0417685,0.042477284,0.04105139,0.04236657,0.042446263,0.04018759,0.040966354,0.042584907,0.042749155,0.04224012,0.041739393,0.042812787,0.04215943
0.04234468,0.04218317,0.041352697,0.042139206,0.0416742,0.041238654,0.04218531,0.041362204,0.041384943,0.04149105,0.041110497,0.04135741,0.041683316,0.04130447,0.04199844,0.041468967,0.040822435,0.041932393,0.04141217,0.042098347,0.042346578,0.041534252,0.041833263,0.041741323
0.042249896,0.042411502,0.041168515,0.041547768,0.04134992,0.041593872,0.042089112,0.04159897,0.041464865,0.040896993,0.041298535,0.041910537,0.041256186,0.041454386,0.04175085,0.041719113,0.040695544,0.041433997,0.041554444,0.042606357,0.042501297,0.041320372,0.042052664,0.042074297
0.04245307,0.042058535,0.041216213,0.041860033,0.041718327,0.041807085,0.04185372,0.041674297,0.04113503,0.041288774,0.040958997,0.04150238,0.04224661,0.041297015,0.041997086,0.04176866,0.039847925,0.042310603,0.04128466,0.04180197,0.042473305,0.041713856,0.041580718,0.042151194
0.04271087,0.04159135,0.041098736,0.042020477,0.04085822,0.041378118,0.04122446,0.041560307,0.040855847,0.041431334,0.040773585,0.041936487,0.042252496,0.04089678,0.04251613,0.042649157,0.04025892,0.041353215,0.041903086,0.042558327,0.04206603,0.041661635,0.042677533,0.041766915
0.042934116,0.041177608,0.040940978,0.04241601,0.041339714,0.041759413,0.041121323,0.041627456,0.04065685,0.04111942,0.040537003,0.042025916,0.042010393,0.04101062,0.042727794,0.04243463,0.04027268,0.04188046,0.04113861,0.042486575,0.042167146,0.042004995,0.042233378,0.04197696
0.042463977,0.04192401,0.04207234,0.042030584,0.041178394,0.041521013,0.041676532,0.04210824,0.041419104,0.041134436,0.041245442,0.041833613,0.04115737,0.04159464,0.042386282,0.041822094,0.040152118,0.04157694,0.041569095,0.042301554,0.042618647,0.04081553,0.04204284,0.04135518
0.04306037,0.041843455,0.040528327,0.041523345,0.040869623,0.04197415,0.04086203,0.04156227,0.04095255,0.04145371,0.041007895,0.041464657,0.04266301,0.04178021,0.04221851,0.042250417,0.04052239,0.041815512,0.04156523,0.042262744,0.04229251,0.04156687,0.042762943,0.041197263
0.04224251,0.04223715,0.04140463,0.042291347,0.041906953,0.041297674,0.04208453,0.04136789,0.04129722,0.04156019,0.041013107,0.0414639,0.041747183,0.041147552,0.04182672,0.04139715,0.041010786,0.042092435,0.041262478,0.04190727,0.04222464,0.041662134,0.04161809,0.041936494
0.04278048,0.041234642,0.040887773,0.042291734,0.040947493,0.041425936,0.04089369,0.04127598,0.04081418,0.041633923,0.040319186,0.04175802,0.043044925,0.04088948,0.04276253,0.042925835,0.040630035,0.041301522,0.041730285,0.042118214,0.041731253,0.041747544,0.04319723,0.04165808
0.04221556,0.041851994,0.04147772,0.0423551,0.041078858,0.04061243,0.04129429,0.042008318,0.04100818,0.04103719,0.040748797,0.043348245,0.041036084,0.03989889,0.042199094,0.042917833,0.040275842,0.041173264,0.042197358,0.042761687,0.0421689,0.041440554,0.04296104,0.04193283
0.042609863,0.041735046,0.041198306,0.042187978,0.04133739,0.041369803,0.041576147,0.041403286,0.041107528,0.04155964,0.04081597,0.04157455,0.04221423,0.041166585,0.042339128,0.042170085,0.040402353,0.041656744,0.04158222,0.04219528,0.042211708,0.041682135,0.042313486,0.04159058
0.042464655,0.042385634,0.041549575,0.0418543,0.04121797,0.041837446,0.042299125,0.0414993,0.041229058,0.041109335,0.04142708,0.041445717,0.041592527,0.041385595,0.042116903,0.04161468,0.04003041,0.04176519,0.041581694,0.0420476,0.04268437,0.04164579,0.0415677,0.041648295
0.042148747,0.04102162,0.04060834,0.04223117,0.041754063,0.04091737,0.041742474,0.041909713,0.040907007,0.041685138,0.04099065,0.04129833,0.042294804,0.042185396,0.042140342,0.04164424,0.040946882,0.04244784,0.04134482,0.0418398,0.04151282,0.042342614,0.042211838,0.041873943
0.042366188,0.042234994,0.0411359,0.041834056,0.040880263,0.04115461,0.04209361,0.041789837,0.041257277,0.04083978,0.041287214,0.041846994,0.041278895,0.04127335,0.041675597,0.041769233,0.0409688,0.041430574,0.041889057,0.042884633,0.04259539,0.041103598,0.04205054,0.042359617
0.042021118,0.041905534,0.041043427,0.041964725,0.041527607,0.041364428,0.0415834,0.042650573,0.041089606,0.040011596,0.042527493,0.04137499,0.04211288,0.04172093,0.04207316,0.041776758,0.040553562,0.041455798,0.0416628,0.041819412,0.042837724,0.041263424,0.042124283,0.041534837
0.0425467,0.04182266,0.041450415,0.042156115,0.04144299,0.041360177,0.041514963,0.041647047,0.04112329,0.04131154,0.040926386,0.04183074,0.041615713,0.041014813,0.042343993,0.042311046,0.04039362,0.041570194,0.041587904,0.04247642,0.04233539,0.04127265,0.042242426,0.041702747
0.042409852,0.042151723,0.04100808,0.041663375,0.040841863,0.04116888,0.0418124,0.041664306,0.04097153,0.04103131,0.041283242,0.042093802,0.041745655,0.040919363,0.0418695,0.042012878,0.040940527,0.04141182,0.042005036,0.04284615,0.041996103,0.041415785,0.042474218,0.042262625
0.04254406,0.042185575,0.040924646,0.041663177,0.040578324,0.04155359,0.04193048,0.04158103,0.0409044,0.041191377,0.041102428,0.041547485,0.04201541,0.040999416,0.042219106,0.041954335,0.040380076,0.04158054,0.042048637,0.0424705,0.042233516,0.041872315,0.04248768,0.042031884
0.04283054,0.041767444,0.04133321,0.042025108,0.040780704,0.04177452,0.041321088,0.0416179,0.040697433,0.041158743,0.040841945,0.04185514,0.04227378,0.040983845,0.04255921,0.042661995,0.039815195,0.041429974,0.04173066,0.042394202,0.04229744,0.041802958,0.042406987,0.04164
0.042250678,0.042731453,0.041219138,0.041402493,0.041397206,0.042070355,0.042182125,0.041707657,0.041337747,0.04054884,0.041235477,0.04228034,0.04100334,0.041802272,0.04154042,0.041994117,0.0403671,0.04095982,0.041472457,0.042707775,0.04254072,0.041250974,0.04180429,0.042193197
0.042298958,0.042154863,0.041002575,0.04161589,0.04094322,0.04124604,0.04137793,0.0417509,0.040878683,0.041162796,0.041373577,0.042038802,0.042036947,0.041035336,0.042177286,0.042155366,0.040946458,0.04121034,0.04180248,0.042546388,0.042017538,0.041427452,0.042596456,0.042203728
0.04245909,0.041852783,0.0412724,0.041922666,0.040916145,0.041452233,0.04128818,0.04185919,0.04105108,0.04128944,0.04087366,0.04198102,0.041637287,0.040708303,0.042465318,0.04281072,0.040273216,0.041121725,0.042082176,0.04286336,0.042005826,0.04123837,0.042728942,0.041846834
0.04250018,0.04145332,0.040952027,0.042562585,0.04173406,0.041241232,0.041332092,0.041543566,0.041216344,0.04152085,0.04093187,0.041132335,0.042712282,0.041579947,0.04240304,0.042095795,0.04059824,0.041736875,0.041322034,0.041761927,0.042250693,0.04168002,0.04255626,0.041182403
0.042090517,0.042283796,0.041554257,0.042022232,0.041636873,0.041597523,0.04145791,0.04193459,0.040844623,0.041039903,0.041280713,0.042253025,0.041720454,0.04075853,0.04180123,0.041932654,0.04062733,0.041982375,0.04141113,0.042081907,0.042081486,0.04153155,0.041387506,0.042687874
0.042186245,0.042587157,0.041404597,0.04168009,0.040452305,0.041792776,0.041938324,0.041463614,0.040991686,0.04107093,0.04128144,0.04142087,0.04250436,0.041308455,0.041874982,0.041761328,0.040038954,0.041747335,0.041627485,0.04212298,0.04239189,0.04260172,0.041917868,0.041832633
0.04246265,0.04237948,0.040861763,0.0413458,0.04079216,0.04219904,0.04197279,0.041539114,0.040972922,0.041346874,0.041161686,0.041967902,0.04172847,0.041472908,0.04197304,0.041662958,0.040662076,0.04174723,0.04138908,0.042276066,0.042340443,0.041777425,0.041961093,0.04200705
