0,1,2,3,4,5,6,7,8,9,10,11,12,13,14,15,16,17,18,19,20,21,22,23
0.07863271,0.044940814,0.014149919,0.0025945758,0.006290473,0.013323837,0.102020465,0.015754618,0.050272223,0.026811041,0.01631394,0.11627898,0.0036613394,0.06385495,0.005645393,0.033158254,0.0043590707,0.03782099,0.10417332,0.051808555,0.034367967,0.023597999,0.08708502,0.06308352
0.07863271,0.044940814,0.014149919,0.0025945758,0.006290473,0.013323837,0.102020465,0.015754618,0.050272223,0.026811041,0.01631394,0.11627898,0.0036613394,0.06385495,0.005645393,0.033158254,0.0043590707,0.03782099,0.10417332,0.051808555,0.034367967,0.023597999,0.08708502,0.06308352
0.079809405,0.0446042,0.013502554,0.0023476738,0.005837614,0.0127700735,0.1033932,0.015071672,0.05014978,0.026212147,0.015734894,0.11765602,0.0033345083,0.06404337,0.0052617798,0.032581028,0.003995231,0.037594005,0.105581135,0.051878106,0.03388095,0.02297872,0.08827484,0.06350706
0.07989466,0.044570383,0.013453449,0.002328841,0.005804124,0.012725749,0.10350705,0.015016374,0.050139803,0.026160453,0.015688367,0.11775835,0.003309341,0.064060025,0.005231234,0.032543834,0.003967115,0.037573367,0.10569767,0.05189006,0.033847284,0.022926906,0.08836934,0.06353629
0.0798276,0.044588983,0.01348831,0.0023417652,0.005829217,0.012755729,0.10343038,0.015058252,0.050145682,0.026195863,0.015721356,0.117683,0.0033268977,0.06405067,0.0052519343,0.032576617,0.0039861463,0.037586417,0.10562192,0.051879894,0.03387425,0.022960603,0.08830199,0.06351648
0.079869404,0.044573985,0.013466041,0.0023347973,0.0058153095,0.012742166,0.10347307,0.01503977,0.050145518,0.026178313,0.015702637,0.11772362,0.003316131,0.06406054,0.005239884,0.03255668,0.0039764927,0.03757046,0.10566375,0.051893756,0.033857822,0.0229454,0.08833097,0.06352351
0.080181204,0.044485513,0.013299795,0.0022740706,0.0056999433,0.012593943,0.10382848,0.014859251,0.050098006,0.026027843,0.015555923,0.118083335,0.0032364991,0.06410397,0.0051459307,0.032401767,0.0038836538,0.037514467,0.10602676,0.051902566,0.03372172,0.022781782,0.08865365,0.06363989
0.08025161,0.044458844,0.013262002,0.0022585387,0.0056733415,0.012559686,0.10392046,0.014816206,0.050107095,0.02597898,0.015516988,0.11816222,0.0032161416,0.06412256,0.005118487,0.03236668,0.003861051,0.037502185,0.10611752,0.051910274,0.03368869,0.022737721,0.08872922,0.06366351
0.08052853,0.04436981,0.01311646,0.0022070815,0.00557766,0.012442101,0.104231335,0.014668517,0.050059356,0.025852699,0.015386998,0.11846428,0.0031474677,0.06414594,0.005037484,0.032235313,0.0037852714,0.037435833,0.106440425,0.051922098,0.03358704,0.022603739,0.088994674,0.063759916
0.080825254,0.044265717,0.012948113,0.0021499423,0.0054672016,0.012296743,0.104585834,0.014501074,0.050033033,0.025700042,0.015239283,0.118806526,0.0030703652,0.06420531,0.0049463203,0.03209463,0.003698151,0.037379466,0.106792755,0.05193267,0.033445194,0.022436645,0.08930802,0.06387176
0.081069864,0.04420143,0.012827971,0.0021062584,0.005381498,0.012195543,0.104853526,0.014358987,0.05000994,0.025582165,0.015128003,0.11907296,0.00301153,0.06422759,0.004872785,0.031967476,0.0036338023,0.037328392,0.10706174,0.05195184,0.033351768,0.022316629,0.08953875,0.06394958
0.08109188,0.04419518,0.012814391,0.0021012337,0.005371754,0.01218102,0.10488843,0.014349881,0.05000771,0.025558392,0.015114274,0.119097665,0.0030048098,0.06422073,0.0048641567,0.031958643,0.0036251156,0.03732198,0.107091166,0.051968694,0.033338167,0.022295816,0.08957625,0.063962676
0.08144766,0.044080786,0.012633901,0.0020390477,0.005255236,0.012023166,0.10528122,0.014167964,0.049950324,0.025382446,0.0149578955,0.11947041,0.0029239086,0.064255245,0.004766345,0.03178718,0.0035307196,0.037248295,0.107502066,0.05198726,0.033201925,0.022121433,0.08991097,0.064074636
0.081755795,0.043995153,0.012483205,0.0019884482,0.005157406,0.011896842,0.105593085,0.014004892,0.04992928,0.025246115,0.014821953,0.119781084,0.0028548061,0.06429621,0.004681846,0.031636678,0.0034550414,0.037191987,0.10781898,0.05198531,0.03307438,0.021979464,0.0901966,0.064175434
0.08225031,0.043814197,0.012231068,0.0019056479,0.004991223,0.011680802,0.106154025,0.0137383295,0.049863316,0.02500363,0.014589006,0.12030946,0.00274224,0.064360134,0.0045408076,0.031394392,0.0033272025,0.03709096,0.10838176,0.052025255,0.032853466,0.021707917,0.09070027,0.06434464
0.08217501,0.043838292,0.012265857,0.0019161878,0.005017139,0.011707668,0.106070794,0.013767815,0.04988233,0.025035547,0.014619532,0.12023437,0.0027569926,0.06435685,0.0045577525,0.031423785,0.0033449994,0.037116654,0.108298644,0.052018147,0.032892823,0.021752277,0.0906164,0.06433416
0.08224459,0.043807156,0.012222381,0.0019057567,0.0049932776,0.011679487,0.10614548,0.0137274815,0.04986437,0.024990926,0.014604101,0.12031192,0.002743284,0.064364575,0.004537722,0.03140792,0.0033285154,0.03709703,0.10837711,0.052024905,0.032878842,0.021719905,0.0906735,0.06434981
0.08231498,0.04381251,0.012194167,0.0018941798,0.0049712374,0.011651495,0.106225654,0.013698537,0.049847294,0.024954662,0.014566127,0.120390095,0.0027272906,0.06437701,0.004520053,0.031355087,0.0033108,0.037074506,0.10846126,0.05201022,0.032828387,0.021682233,0.09075619,0.06437602
0.08338793,0.04343319,0.011671608,0.0017272912,0.004635653,0.011207785,0.10739891,0.013148529,0.049720544,0.024440113,0.014077714,0.121461675,0.0025016514,0.064478435,0.0042376416,0.030829161,0.0030522018,0.036838852,0.10962978,0.05208799,0.03239008,0.021130562,0.09179743,0.06471535
0.08321491,0.04350373,0.011748868,0.0017523041,0.004686859,0.01127221,0.10720094,0.013228271,0.04974541,0.024514588,0.01415474,0.121302724,0.0025357036,0.06445513,0.0042805863,0.030916689,0.003091911,0.03689126,0.10944223,0.052062724,0.032453857,0.021218598,0.0916416,0.06468415
0.083112165,0.043498125,0.011801732,0.0017700931,0.0047271093,0.011309846,0.10707561,0.013296444,0.049762215,0.024564257,0.014207248,0.12116978,0.0025596241,0.064454935,0.0043073525,0.030978922,0.0031202806,0.03691822,0.109328814,0.05205987,0.032502655,0.021291582,0.09151322,0.064669915
0.08274594,0.043640397,0.011985441,0.0018243763,0.004830961,0.011459414,0.106698334,0.013463977,0.049806222,0.024725793,0.014378521,0.12082543,0.00263523,0.06441629,0.0044015595,0.031148385,0.0032025909,0.037001554,0.1089332,0.052053496,0.03265736,0.021448206,0.09118463,0.06453265
0.083136894,0.04350826,0.01179445,0.0017692323,0.004719354,0.011314196,0.10707097,0.013291986,0.049747843,0.02455454,0.014212563,0.121185444,0.0025571967,0.06447561,0.0043071373,0.030973809,0.0031185064,0.03691804,0.109336935,0.052073166,0.032496583,0.021288479,0.09152106,0.064627744
0.08328921,0.04346769,0.011716838,0.001741635,0.0046648723,0.011245868,0.10728379,0.013205261,0.04971864,0.024477115,0.014131579,0.121373065,0.0025207214,0.06447265,0.0042607975,0.030871982,0.0030746998,0.036846563,0.10954343,0.05210589,0.03242788,0.021181872,0.09170184,0.064676166
0.08288967,0.0435883,0.0119053135,0.0018025618,0.004788598,0.011414266,0.10685108,0.0133997975,0.049788587,0.02466937,0.014298016,0.12095718,0.002603287,0.06446112,0.0043638167,0.031084765,0.0031722235,0.03694249,0.10909729,0.052051146,0.032589167,0.021385057,0.09132595,0.06457099
0.083203204,0.043464623,0.011765213,0.0017533213,0.004689816,0.011271137,0.10722211,0.013234848,0.049759667,0.024503868,0.014150771,0.1212921,0.0025367043,0.06448961,0.0042768144,0.030938841,0.0030938452,0.036866315,0.10945508,0.052075565,0.03242043,0.021204866,0.091628,0.06470325
0.08219492,0.043819197,0.012245382,0.0019112749,0.0050054356,0.011698908,0.106120616,0.013757477,0.049880765,0.025015913,0.014605471,0.12026288,0.0027517888,0.06437924,0.0045494577,0.031434588,0.0033364233,0.037080724,0.10834032,0.052014373,0.032879207,0.021706508,0.09066052,0.06434862
0.08247545,0.043746404,0.012117477,0.0018699784,0.004922593,0.011596645,0.10637491,0.013635135,0.04982567,0.024871424,0.014500628,0.12053983,0.0026930405,0.064413354,0.0044779656,0.03129065,0.0032749043,0.037010163,0.10865714,0.052021567,0.032762986,0.021615481,0.09090703,0.06439959
0.08243468,0.043736435,0.012128524,0.0018716761,0.004923656,0.011600798,0.10638958,0.013629655,0.049834456,0.02488083,0.01449299,0.12054193,0.0026934214,0.064423315,0.0044823354,0.031283673,0.0032731756,0.037028223,0.108653866,0.05203702,0.03275288,0.021603256,0.09090498,0.064398676
0.08214139,0.043831393,0.012283355,0.0019211547,0.005020349,0.011722966,0.106047854,0.013781158,0.049875505,0.02501992,0.014635256,0.1202087,0.0027626164,0.0643902,0.004563536,0.031435557,0.0033513294,0.037101965,0.108285286,0.052037884,0.03289791,0.021750003,0.090611525,0.064323224
0.08168571,0.044004865,0.012505219,0.0019963642,0.005173092,0.01191058,0.10556381,0.014029746,0.049935125,0.025250409,0.01483657,0.119737834,0.0028676065,0.06431425,0.0046939496,0.03166439,0.0034641067,0.037206117,0.107768305,0.052002758,0.033085883,0.021978345,0.09015932,0.06416568
0.08235764,0.043799877,0.012177507,0.0018884471,0.004957662,0.011631776,0.10627014,0.013677829,0.049844358,0.024946686,0.014537064,0.12043334,0.0027214787,0.06435412,0.0045160474,0.031319052,0.00329827,0.037070964,0.1085006,0.0520301,0.032815155,0.021651264,0.09078558,0.06441511
0.08180937,0.04397285,0.01244973,0.0019800172,0.005138943,0.011877374,0.1056577,0.013978194,0.049927887,0.025195934,0.014793842,0.11984824,0.0028411434,0.064349905,0.004663559,0.031607147,0.0034417962,0.037179463,0.10790542,0.051967893,0.033027455,0.021946417,0.0902572,0.06418255
0.0814223,0.044069387,0.012639809,0.002042611,0.005262017,0.012042625,0.105248496,0.014178581,0.049953274,0.025396362,0.014954842,0.119452305,0.002927126,0.06429056,0.004770253,0.031794645,0.0035383042,0.037238456,0.10749527,0.051976185,0.033208195,0.022128403,0.089885674,0.064084284
0.08125393,0.04415682,0.012729637,0.002071702,0.0053245183,0.012106794,0.10505059,0.014267101,0.049992517,0.025468998,0.015034842,0.11925351,0.0029690054,0.06425927,0.004818297,0.031897184,0.0035845614,0.037296608,0.10726655,0.051947586,0.0332898,0.022219818,0.08971619,0.064024195
0.081271484,0.044096526,0.0127259595,0.0020710777,0.0053153634,0.012098347,0.10509686,0.014257369,0.049983963,0.025466667,0.015026983,0.1192881,0.0029649232,0.064252086,0.004814383,0.03189795,0.0035768198,0.037291717,0.10731204,0.051944576,0.03325469,0.022199523,0.08976722,0.06402535
0.080325864,0.04444781,0.013226267,0.0022463906,0.005654176,0.012533344,0.103975356,0.014774124,0.05010107,0.02596084,0.015492488,0.118238986,0.0032003531,0.06410887,0.0051046456,0.03233365,0.0038438558,0.037504446,0.1061762,0.051909827,0.033675496,0.022704758,0.08877322,0.063688
0.08078368,0.044285405,0.012977428,0.0021601869,0.0054883254,0.012323766,0.1045184,0.014529716,0.05004761,0.025710711,0.015268187,0.118737854,0.0030843767,0.06420714,0.0049611013,0.03211435,0.003715663,0.03740105,0.1067375,0.051909965,0.033459526,0.022476248,0.08925902,0.063842766
0.081342824,0.044115562,0.01269362,0.0020587763,0.005299072,0.012074315,0.10514437,0.014209065,0.04997728,0.025441704,0.015021718,0.11935773,0.002949011,0.0642126,0.0047936244,0.03184634,0.0035629673,0.037280295,0.10737466,0.05197374,0.033248592,0.022189878,0.089788586,0.064043686
0.08080587,0.044273756,0.012960515,0.0021544378,0.0054757698,0.012306777,0.10455853,0.014522074,0.05004911,0.025707308,0.015245865,0.11877799,0.0030762318,0.064202674,0.0049521383,0.032101747,0.0037070028,0.03738258,0.106770754,0.051909946,0.033459667,0.022448486,0.08928803,0.06386277
0.08172531,0.043966655,0.01249139,0.001992924,0.0051603955,0.011905835,0.10557906,0.014008338,0.049928185,0.025261808,0.014818683,0.11976483,0.00285997,0.06431637,0.0046855165,0.03165025,0.003461018,0.03719537,0.10779783,0.051990494,0.03308423,0.021965513,0.090201244,0.06418883
0.08149287,0.04408071,0.012606407,0.0020326867,0.0052437307,0.012007123,0.105305724,0.014133435,0.049953528,0.025381623,0.0149374325,0.119504154,0.002915747,0.0642614,0.004755594,0.031768255,0.0035247044,0.037261534,0.10751738,0.051980138,0.03319589,0.022094801,0.089951135,0.064094074
0.08190146,0.0439237,0.012404458,0.00196387,0.0051090885,0.011839285,0.105755664,0.01391857,0.04991423,0.02515157,0.014764627,0.11994636,0.002820469,0.064336084,0.004636218,0.031556573,0.0034185722,0.03715815,0.10801355,0.051998153,0.033023056,0.021904195,0.09032684,0.06421529
0.08233202,0.04377819,0.012189387,0.001894737,0.0049702185,0.011652264,0.10623129,0.013692461,0.04983328,0.024949873,0.014564395,0.12039024,0.00272654,0.06435056,0.0045223157,0.031356394,0.0033120527,0.037079263,0.1084748,0.052022185,0.03285637,0.021681463,0.09076957,0.064370126
0.08170504,0.043991137,0.012496611,0.0019950739,0.0051689413,0.011911546,0.10555052,0.014012497,0.049934004,0.025253715,0.014842071,0.119735874,0.0028637506,0.0643197,0.0046911906,0.031666033,0.0034655076,0.037218094,0.10777441,0.05198141,0.033105236,0.021982502,0.09016757,0.064167626
0.08266724,0.043685712,0.012023331,0.0018400348,0.0048632156,0.011505602,0.10658909,0.013512178,0.049822073,0.024790699,0.014407901,0.12073648,0.0026538663,0.06437807,0.0044282153,0.031188332,0.0032265051,0.03701262,0.108828306,0.05204777,0.032702975,0.021515429,0.09108406,0.06449036
0.08233757,0.043813538,0.012184702,0.0018894552,0.004964552,0.011639722,0.10624232,0.013680527,0.049856085,0.024948051,0.0145571595,0.12039978,0.0027251944,0.06437045,0.0045159184,0.031338457,0.0033054738,0.037090905,0.10846488,0.052023098,0.032829277,0.021673586,0.09075501,0.06439432
0.08263189,0.04369892,0.012045426,0.0018449418,0.0048710466,0.011526198,0.10655788,0.013540908,0.04983223,0.024815917,0.014418289,0.120694906,0.0026605548,0.064401604,0.0044371616,0.0311882,0.0032363646,0.036993332,0.108792484,0.052042082,0.032706186,0.021525247,0.09107145,0.064466804
0.08215794,0.04385549,0.012276129,0.0019203686,0.0050242534,0.011719303,0.10604232,0.013787978,0.049873557,0.025050394,0.014636532,0.12020332,0.0027647666,0.06437403,0.0045686197,0.031436782,0.003349353,0.037116576,0.108264916,0.052028626,0.03291246,0.021751206,0.090587,0.06429816
0.08222405,0.043848705,0.01224612,0.0019144823,0.0050118114,0.01169753,0.10608147,0.013759607,0.049866065,0.02501922,0.014620174,0.12027277,0.0027519355,0.06433842,0.0045525436,0.031411953,0.003343054,0.037105646,0.10833134,0.05201676,0.032881465,0.021751173,0.09062558,0.06432814
0.081514426,0.044070754,0.012597028,0.0020281572,0.00522952,0.011997331,0.10534948,0.014122555,0.04993775,0.025349826,0.014933704,0.119557954,0.0029082322,0.064268775,0.0047453684,0.03173404,0.0035130468,0.03723944,0.10756948,0.05199764,0.033172615,0.022085855,0.08998844,0.06408859
0.08085945,0.044277843,0.012950453,0.002146618,0.005462032,0.012291703,0.10459617,0.014470196,0.05005253,0.025684195,0.015235204,0.118826166,0.0030660192,0.06419881,0.0049374364,0.032079577,0.003694192,0.03736742,0.10680419,0.051938567,0.033443023,0.02243592,0.08931061,0.063871704
0.08231781,0.043806776,0.012195045,0.0018941509,0.0049711633,0.011653369,0.10621456,0.013703591,0.04984662,0.0249622,0.014550204,0.12037796,0.0027269865,0.06436564,0.0045200423,0.031349204,0.003310123,0.037076995,0.10846588,0.052015062,0.032844033,0.021689653,0.090758726,0.06438416
0.0820527,0.043881822,0.012321598,0.0019353838,0.0050517716,0.011757819,0.10595811,0.013833638,0.049878266,0.025097232,0.014678073,0.12012151,0.0027843374,0.06432699,0.004592738,0.031492617,0.003373603,0.037128173,0.10817884,0.052010726,0.032944232,0.021813754,0.09049825,0.06428789
0.08171646,0.043995727,0.012497061,0.0019946361,0.005172061,0.011911065,0.10554657,0.014024842,0.049973413,0.02525946,0.014827479,0.11973936,0.0028615883,0.06429338,0.0046886774,0.031665925,0.003467286,0.037196036,0.107774645,0.05198509,0.033092584,0.021990635,0.09015484,0.06417115
0.081603706,0.044022337,0.012557838,0.002013159,0.0051998096,0.011959783,0.10544382,0.014074737,0.04993457,0.025296256,0.014888672,0.11962421,0.0028896052,0.06431416,0.00471946,0.031720564,0.003492999,0.037215307,0.10765472,0.0519843,0.033143323,0.02204704,0.09006778,0.06413182
0.08163111,0.044033915,0.012532133,0.0020061117,0.005195469,0.011935589,0.10548217,0.014063497,0.049945306,0.025289511,0.014871023,0.11967694,0.002879826,0.06427698,0.0047137816,0.031701744,0.0034855367,0.037217136,0.107708596,0.051968765,0.033126332,0.02202731,0.090087175,0.064144045
0.08047485,0.04437218,0.0131428065,0.0022211857,0.005596822,0.012468757,0.10416617,0.014708854,0.050089397,0.025888864,0.015423031,0.11839096,0.0031648793,0.0641542,0.005056935,0.032271978,0.0038058688,0.03744978,0.10636626,0.051908594,0.033607982,0.022632685,0.08891661,0.063720316
0.08073306,0.044297498,0.013015267,0.002175236,0.0055158553,0.01236182,0.104425296,0.014558893,0.05006695,0.025771558,0.01531047,0.118661106,0.0031019985,0.06414528,0.004982684,0.03214942,0.0037388501,0.03740699,0.106632106,0.051934507,0.033526123,0.022507148,0.089164965,0.06381693
0.08153361,0.044049796,0.0125999,0.0020310513,0.005237003,0.012000859,0.10532307,0.014121414,0.049979452,0.025369547,0.014924572,0.119526155,0.0029101295,0.06426304,0.004747943,0.031763814,0.0035232813,0.037234098,0.10754019,0.05197246,0.033193942,0.022093922,0.08996634,0.064094394
0.08161861,0.044040013,0.012538542,0.002004601,0.0051873312,0.011934982,0.10547933,0.014053665,0.0499567,0.025275929,0.014873263,0.11967881,0.0028799751,0.064287804,0.0047080093,0.03167689,0.0034811317,0.03721774,0.10769969,0.051991843,0.033127002,0.022020265,0.09011035,0.06415761
0.081290886,0.044167887,0.012719742,0.0020727245,0.005321427,0.012112785,0.10504248,0.014264459,0.049999997,0.025491947,0.015045514,0.11925286,0.0029682177,0.06423871,0.004820402,0.031894375,0.0035869116,0.03729904,0.1072443,0.051957257,0.033295292,0.022233896,0.089692146,0.06398672
0.08129095,0.044143673,0.012736593,0.0020725501,0.005320109,0.012102714,0.10505519,0.014264441,0.04998021,0.025489433,0.015044166,0.11927836,0.0029677162,0.06424051,0.0048215995,0.031845886,0.0035829612,0.037291665,0.10729137,0.05197088,0.033280086,0.022209166,0.089732476,0.06398725
0.08204488,0.04390218,0.01234933,0.0019402895,0.005066824,0.011766869,0.10590495,0.013835098,0.049889654,0.025102032,0.014682221,0.12009078,0.0027910066,0.064312436,0.004600266,0.03146834,0.003380319,0.03716744,0.10814329,0.052023865,0.03294813,0.021840442,0.090473235,0.064276084
0.081961356,0.043899793,0.012367818,0.0019514784,0.005084533,0.011795956,0.10584443,0.013873923,0.049911384,0.025122326,0.014726401,0.12001992,0.0028060358,0.06429262,0.0046170717,0.031528562,0.0033987002,0.037163716,0.10806726,0.052013982,0.03300075,0.021851264,0.09042592,0.0642748
0.08160685,0.044066824,0.012559851,0.0020159888,0.005205288,0.01196639,0.10540951,0.014083483,0.04990223,0.02530767,0.014912958,0.11963347,0.0028930001,0.06427219,0.0047206213,0.03168075,0.0034973272,0.03723373,0.10763625,0.05199872,0.033181332,0.022066664,0.09003397,0.06411489
0.08189573,0.043935142,0.0124067925,0.0019649426,0.005111636,0.011842873,0.10574514,0.0139263375,0.049927745,0.025166143,0.014753238,0.11991663,0.002823444,0.06435365,0.004636941,0.031585276,0.003421278,0.03716632,0.107966945,0.051965106,0.033006053,0.021910833,0.090339646,0.064232156
0.0823746,0.043815013,0.012168876,0.0018879746,0.004955849,0.011637159,0.10628099,0.013681849,0.04984569,0.02497282,0.014536902,0.12043597,0.0027193741,0.06435158,0.0045082998,0.031316932,0.0033004298,0.03705685,0.10849851,0.05202699,0.032826632,0.021640565,0.09078801,0.06437219
0.08102037,0.044213988,0.012856837,0.002114014,0.005407406,0.012215495,0.10479761,0.01437814,0.050034,0.0255853,0.015148178,0.1190135,0.0030245902,0.06420714,0.0048877276,0.031998336,0.0036495142,0.037350256,0.107016675,0.051922258,0.0333639,0.022345034,0.08949243,0.063957356
0.08198767,0.043842424,0.012357324,0.0019442677,0.005068286,0.011785487,0.105905995,0.013857262,0.049894217,0.0250935,0.014694612,0.12006484,0.0027939177,0.06435173,0.0046050297,0.031532854,0.0033850071,0.037142374,0.10813846,0.052019954,0.032964803,0.021814767,0.090468585,0.06428664
0.081820294,0.043985657,0.012435901,0.0019746865,0.0051343325,0.01185407,0.10567851,0.013956307,0.04990762,0.025202814,0.014786588,0.11986591,0.002835118,0.064321905,0.0046559623,0.031604253,0.0034343135,0.03717299,0.107908614,0.051982168,0.033038,0.021948067,0.09026022,0.064235695
0.08118337,0.044123612,0.012777791,0.002083302,0.005334175,0.012132099,0.10503347,0.014289898,0.049986087,0.025487525,0.015059318,0.11921924,0.0029810616,0.064291745,0.0048317933,0.03188207,0.0035950076,0.037283685,0.10724819,0.051995575,0.03327829,0.022234071,0.08968659,0.063982055
0.08041728,0.044411104,0.013180614,0.0022308608,0.0056236936,0.0124885,0.10407895,0.014716369,0.05007478,0.025914824,0.0154492045,0.11833468,0.0031793243,0.0640962,0.005075918,0.032299545,0.003818298,0.03747967,0.10629766,0.051914442,0.033645388,0.022669228,0.08887705,0.0637264
0.08180015,0.043977987,0.0124503365,0.0019808577,0.0051445994,0.011882672,0.10563801,0.013992825,0.04993076,0.025221193,0.01478961,0.119820654,0.0028441409,0.06431954,0.0046702833,0.031631026,0.0034456558,0.03716693,0.10787506,0.051985,0.033063818,0.021953654,0.090228915,0.06418637
0.081386186,0.044132903,0.012660311,0.002050691,0.005271595,0.012049993,0.10521266,0.014167092,0.049968526,0.02540771,0.014990239,0.119413435,0.0029398084,0.06425632,0.0047786785,0.031827323,0.003551321,0.03726551,0.10739858,0.051945545,0.03324689,0.022149302,0.08985411,0.064075306
0.081780195,0.043982174,0.012458662,0.0019859483,0.0051525524,0.01188416,0.10560139,0.014007214,0.04991351,0.025232196,0.014810416,0.1198174,0.0028500687,0.0643011,0.004673949,0.03160719,0.0034504526,0.037210338,0.10785835,0.05197876,0.033062275,0.021976138,0.090231165,0.064174406
0.081563175,0.044051114,0.012577383,0.0020231302,0.005218413,0.011989981,0.10538323,0.014090266,0.049958788,0.025346944,0.014911237,0.11958283,0.002901151,0.0642742,0.0047372393,0.031716023,0.003507036,0.037233494,0.10758536,0.05198816,0.03318856,0.02207851,0.08998943,0.06410434
0.08129323,0.044119995,0.012722309,0.0020703725,0.0053183394,0.012104824,0.105069116,0.014246215,0.049970306,0.025461234,0.015028879,0.11927161,0.0029616114,0.06425827,0.004810678,0.0318941,0.003579342,0.037292406,0.10729763,0.05197076,0.033264134,0.02221872,0.08975257,0.06402334
0.081461675,0.044071723,0.012643546,0.002037916,0.005253883,0.012022252,0.10529761,0.0141494,0.049948454,0.025369955,0.014947276,0.119497046,0.0029222756,0.064259596,0.0047613727,0.031755682,0.0035246334,0.037288055,0.107509665,0.05198189,0.033178993,0.02212136,0.0899121,0.06408362
0.08278037,0.04364082,0.011970196,0.0018223218,0.0048302826,0.011455287,0.106709406,0.013462782,0.04976767,0.024761552,0.01435366,0.12085305,0.002631217,0.06437595,0.004403241,0.031118318,0.0031981715,0.036983132,0.10896656,0.052048817,0.03266083,0.02145631,0.091188475,0.06456157
0.08201652,0.04391987,0.012376649,0.0019479999,0.0050820275,0.01178588,0.10586775,0.0138662625,0.049929213,0.02512306,0.014704497,0.12004027,0.0028021305,0.06432512,0.004612985,0.031503588,0.0033927995,0.037165955,0.10808369,0.051994525,0.03294323,0.021849511,0.09041548,0.06425107
0.08293805,0.043565266,0.011885266,0.0017904277,0.004764018,0.011374588,0.106921874,0.013366207,0.04976302,0.024650866,0.01427799,0.1210338,0.0025884742,0.06445212,0.004345228,0.03103381,0.0031533868,0.036947485,0.10917652,0.052070238,0.032564614,0.021360796,0.091410965,0.06456508
0.081830725,0.04396719,0.012442491,0.0019751303,0.0051270467,0.011868334,0.105694644,0.013954755,0.04991417,0.0251961,0.014784471,0.11984713,0.0028381466,0.06432532,0.0046579386,0.031630058,0.0034344222,0.037183683,0.107883215,0.05200781,0.0330632,0.021914726,0.09028433,0.06417505
0.083417706,0.043440014,0.011667626,0.0017265674,0.0046364684,0.011192254,0.10738877,0.013141526,0.049715064,0.024421271,0.014079915,0.12148212,0.0025017879,0.06445269,0.00423667,0.030811913,0.0030495229,0.03685326,0.10964297,0.052088186,0.032384362,0.021127924,0.091811076,0.064730346
0.08381763,0.043288708,0.011481127,0.0016677778,0.0045176228,0.011036341,0.107826196,0.012939162,0.049651,0.024244688,0.013896068,0.121876165,0.0024196904,0.064487696,0.004133044,0.030604795,0.0029578484,0.036761485,0.11007456,0.052117653,0.03221834,0.020942172,0.092196815,0.06484344
0.083453126,0.043384865,0.011630116,0.0017161473,0.0046126354,0.011167012,0.10747641,0.01309025,0.04972799,0.024389163,0.014051401,0.1215391,0.0024870553,0.06450534,0.0042156666,0.030803023,0.003033991,0.036846306,0.10970913,0.052068062,0.03234368,0.02108684,0.091896676,0.06476598
0.083154425,0.043496348,0.01179444,0.0017640215,0.004714776,0.011302413,0.10711662,0.013263334,0.04973533,0.024561655,0.014202521,0.12120817,0.0025542304,0.06444628,0.0042974884,0.03094341,0.0031091738,0.03692537,0.10935335,0.05208887,0.032519575,0.021267863,0.091537766,0.064642556
0.08232413,0.043803845,0.012195468,0.0018934432,0.004967478,0.011650904,0.10623393,0.013696387,0.049836483,0.0249549,0.014561726,0.12039981,0.002724242,0.064355,0.0045191753,0.03136341,0.0033073814,0.037077643,0.108480915,0.052005205,0.032827333,0.02168172,0.09077027,0.06436925
0.0827612,0.043643124,0.011976163,0.0018236146,0.004833948,0.011462419,0.1067047,0.013476485,0.04979587,0.024753878,0.014366727,0.120817594,0.0026339295,0.0644261,0.0044041346,0.031138947,0.003203787,0.036984704,0.10892578,0.05204639,0.032675177,0.021465275,0.09116173,0.06451838
0.082567975,0.043689802,0.012082422,0.0018534323,0.0048880354,0.011550797,0.10651234,0.013560102,0.049839266,0.02482781,0.014430962,0.12063571,0.002672685,0.06441006,0.0044524022,0.031247905,0.0032468527,0.037013695,0.10874587,0.05205494,0.032708984,0.021537894,0.09102676,0.06444333
0.08242433,0.043750837,0.012140316,0.0018768002,0.0049398383,0.0116042355,0.106349036,0.013641932,0.049854763,0.024910353,0.014520861,0.12049333,0.0027045012,0.064357884,0.0044909827,0.03130421,0.0032845135,0.037062466,0.108581275,0.05204788,0.032798074,0.02161496,0.09085771,0.06438897
0.08192002,0.04394006,0.012395963,0.0019624883,0.0051006535,0.011821629,0.105766796,0.013904133,0.049902916,0.025150029,0.014749266,0.11996667,0.0028177847,0.064329654,0.0046346323,0.031554777,0.0034098343,0.037186965,0.108005844,0.051992044,0.032996356,0.021894766,0.09037591,0.064220846
0.081925586,0.043947835,0.012404217,0.0019589292,0.005100125,0.011822643,0.10580546,0.013912102,0.04988408,0.025153406,0.014733793,0.11997018,0.0028182538,0.06431282,0.0046336907,0.031522617,0.003411213,0.037155967,0.108015455,0.052025568,0.03301306,0.021887664,0.09035049,0.064234845
0.08184424,0.04396012,0.012436393,0.001972703,0.0051272125,0.011857845,0.1056981,0.013951527,0.049899377,0.025196759,0.014770686,0.119888626,0.0028323748,0.064313225,0.0046556424,0.031587385,0.0034263234,0.037182868,0.107938096,0.051994007,0.03303387,0.021930378,0.09031201,0.06419023
0.0822325,0.04387597,0.01225723,0.0019077404,0.0050054807,0.011686643,0.10611084,0.013752241,0.04984132,0.025022637,0.014608402,0.1202738,0.002750737,0.06433031,0.0045497147,0.03137193,0.003331777,0.037101578,0.10833202,0.052049886,0.032895915,0.021734904,0.090641804,0.06433469
0.082318,0.043820348,0.012194194,0.0018930908,0.004971311,0.011644947,0.106205724,0.013687854,0.04986041,0.024956021,0.014554401,0.12038209,0.002726937,0.06436862,0.0045184162,0.031340756,0.0033069728,0.037110813,0.108448245,0.052032787,0.032825954,0.02167939,0.09077471,0.064378016
0.08138251,0.044092253,0.012672064,0.0020514422,0.0052805413,0.0120555805,0.10521533,0.014190246,0.04995508,0.025429778,0.0149893155,0.11940438,0.0029402585,0.06425189,0.0047853044,0.031808823,0.0035507444,0.037263982,0.107424736,0.05196155,0.033221345,0.02215028,0.0898598,0.06406284
0.08213542,0.043863505,0.012271583,0.0019239954,0.005027956,0.011729487,0.10602834,0.013795806,0.049871102,0.025053747,0.01464508,0.12021646,0.0027634662,0.06434043,0.004566257,0.031424697,0.0033536348,0.03710773,0.10828673,0.052002195,0.032922722,0.021776546,0.09058652,0.06430661
0.08280044,0.04362727,0.011950355,0.0018156344,0.0048152795,0.01144871,0.10676991,0.013450127,0.049785078,0.024717651,0.014328582,0.120873205,0.002622005,0.06443835,0.00438919,0.031133976,0.0031909733,0.036962688,0.108996406,0.05202661,0.032620303,0.021431632,0.09125506,0.06455057
0.08156586,0.044023946,0.012562646,0.0020149895,0.0052066813,0.011963382,0.1054543,0.014093021,0.049971063,0.025327321,0.014873125,0.11961033,0.0028901342,0.06430249,0.004724012,0.03173212,0.0034932436,0.037207957,0.1076534,0.051978916,0.033118036,0.022027947,0.09007509,0.06412997
0.081767395,0.04396789,0.012479951,0.0019858633,0.005150842,0.011893226,0.10563145,0.013986471,0.049930215,0.025241578,0.014810087,0.11980898,0.0028523149,0.064262286,0.0046757585,0.03163257,0.003452829,0.03717631,0.10784273,0.05200073,0.033087306,0.021962306,0.09020388,0.064197056
0.0819221,0.043914396,0.012399291,0.001956592,0.0050997864,0.011818185,0.105789386,0.013889875,0.04991809,0.025124727,0.014738819,0.11996292,0.002812786,0.06431676,0.0046295268,0.031569216,0.003405263,0.037185036,0.108028054,0.052003957,0.03300359,0.021883747,0.09038642,0.064241484
0.08204963,0.0438922,0.012327225,0.0019397374,0.005058989,0.011757533,0.10592515,0.013848358,0.049884073,0.025108863,0.014695412,0.120087154,0.0027887737,0.06434296,0.004600482,0.031494744,0.0033811363,0.037120275,0.10814563,0.052036013,0.0329659,0.02181973,0.090480424,0.064249605
0.08224354,0.04381904,0.012237109,0.0019074373,0.004995449,0.011678249,0.10612948,0.013730572,0.049862534,0.025001468,0.014604178,0.120293856,0.0027452288,0.06436933,0.0045421165,0.03136882,0.0033302042,0.0371066,0.10836182,0.052032202,0.032882042,0.021719545,0.09069156,0.064347625
0.081182696,0.04417365,0.01278523,0.0020896695,0.0053479723,0.01215199,0.10495612,0.0143108815,0.04998667,0.025532044,0.0150943315,0.11917195,0.0029900866,0.06424228,0.004845081,0.031905044,0.003607431,0.037316464,0.10716273,0.05196792,0.033322908,0.022274613,0.089632794,0.063949406
0.0822213,0.04385483,0.012241281,0.0019083141,0.00500123,0.011688752,0.1061123,0.013741841,0.049883164,0.025017846,0.014594657,0.12028606,0.0027481401,0.06434851,0.0045500323,0.03141213,0.0033325576,0.037110277,0.10833192,0.052015048,0.032867912,0.02172164,0.0906703,0.06433992
0.08205703,0.043874767,0.012329836,0.0019380985,0.0050551435,0.011766743,0.10592547,0.0138387745,0.04988718,0.025100166,0.0146863405,0.12008476,0.0027867153,0.064375475,0.0045919213,0.031501565,0.0033775805,0.037121736,0.10815164,0.05201785,0.032954723,0.021826312,0.090501346,0.064248845
0.08140793,0.044116683,0.012656881,0.0020488969,0.005277829,0.01204602,0.10519937,0.014189416,0.049954772,0.025456766,0.014976378,0.11944216,0.0029334778,0.064194344,0.004780582,0.031793766,0.003549003,0.037259143,0.10744071,0.0519702,0.033224493,0.02215132,0.08984848,0.06408139
0.08210655,0.043892816,0.012302564,0.001933801,0.00504744,0.011759742,0.10594437,0.013827265,0.049874347,0.025076274,0.01468343,0.12013773,0.0027795748,0.0643384,0.0045867753,0.031447303,0.0033733214,0.037133377,0.10817971,0.05201301,0.032959703,0.021830082,0.09050004,0.06427243
0.08082306,0.044277653,0.01295832,0.0021496417,0.005462859,0.0123005565,0.10456786,0.014486679,0.050029464,0.025674894,0.01524137,0.11880034,0.0030709624,0.064214036,0.0049438225,0.032108553,0.0036990147,0.03737982,0.10677932,0.05195324,0.03343259,0.022442287,0.08932706,0.06387662
0.08093969,0.04425384,0.012900497,0.0021348665,0.005440466,0.012254277,0.104673356,0.014452561,0.050018895,0.02564506,0.01520729,0.118897915,0.0030514097,0.06418386,0.0049171746,0.03202571,0.0036765563,0.03737895,0.106879316,0.051957466,0.03343162,0.022398183,0.089389905,0.06389117
0.080898404,0.044244226,0.012924717,0.0021355264,0.0054341797,0.012266739,0.104671694,0.014452161,0.050040945,0.025646474,0.015214934,0.11889412,0.003050487,0.06422769,0.00491647,0.032036044,0.0036750073,0.037363905,0.10688337,0.05195615,0.033406544,0.02240001,0.08938717,0.06387303
0.081505716,0.04407494,0.012614288,0.0020354127,0.0052476274,0.012011925,0.10528754,0.0141372215,0.049966022,0.02537894,0.014947808,0.11950077,0.0029167791,0.06430077,0.0047543054,0.031772852,0.0035295615,0.037225075,0.107518636,0.05198703,0.03317785,0.022112383,0.089903474,0.06409305
0.080223754,0.04446784,0.013256915,0.0022587385,0.005673022,0.012557003,0.1038972,0.014827095,0.050135415,0.025973167,0.015526797,0.11814604,0.003218357,0.06414981,0.0051194783,0.03236808,0.0038637286,0.037519366,0.10610334,0.051896792,0.03368357,0.022738652,0.08872448,0.06367137
0.081429616,0.04406889,0.012636436,0.0020458284,0.0052602375,0.0120431995,0.105236486,0.014177674,0.04995602,0.025396317,0.014971276,0.119437784,0.0029286707,0.064255595,0.0047690673,0.031812273,0.0035453562,0.037232164,0.10745968,0.0519879,0.033256084,0.022141984,0.08989162,0.064059846
0.080658674,0.044334147,0.013039021,0.0021841114,0.005530219,0.012372549,0.1043693,0.014617697,0.050053723,0.02576846,0.01533348,0.11860905,0.0031140156,0.06418616,0.005000568,0.03219501,0.0037500237,0.037392426,0.10658967,0.051922273,0.033520784,0.02253193,0.089131445,0.06379535
0.0813933,0.04410688,0.012677868,0.0020518682,0.0052782455,0.01205508,0.105196655,0.014194573,0.049987797,0.025434459,0.014979576,0.11938998,0.0029395232,0.06427077,0.0047801062,0.031821948,0.0035515735,0.037233844,0.10739908,0.051986903,0.033221338,0.022156935,0.08984799,0.064043745
0.08051127,0.044382058,0.013117544,0.0022104916,0.0055779526,0.012443451,0.10420372,0.014674776,0.050082844,0.02585116,0.0153980525,0.11844303,0.0031512503,0.06414294,0.005042751,0.032253567,0.0037904666,0.037447028,0.106401704,0.05193576,0.033588096,0.022599634,0.08899222,0.06375825
0.08085012,0.04426688,0.012947183,0.0021536797,0.0054762666,0.012305545,0.1045621,0.014488307,0.050026875,0.025698671,0.015256923,0.11881717,0.0030723962,0.06417172,0.0049476195,0.032078214,0.0037030266,0.037376314,0.10679989,0.05194187,0.03347189,0.022458011,0.08926115,0.0638682
0.080679916,0.04432521,0.013029142,0.002176729,0.0055151065,0.012356245,0.104413465,0.014571235,0.050027635,0.025748251,0.015321355,0.11865791,0.0031083776,0.06416972,0.0049859136,0.03214428,0.0037396583,0.037437607,0.10663017,0.051910426,0.033500046,0.022517866,0.08917915,0.06385464
0.08083813,0.04427914,0.012952428,0.0021497842,0.0054637883,0.01230813,0.10457337,0.0144960275,0.050047703,0.02570361,0.015235396,0.118802994,0.0030677386,0.06422652,0.004941258,0.0320876,0.0037022927,0.037386794,0.106786296,0.05193237,0.033435177,0.022445895,0.0892825,0.06385509
0.081200354,0.04416817,0.0127646495,0.0020840475,0.005338088,0.012137622,0.104989484,0.014286728,0.049997367,0.025506187,0.015069082,0.11920465,0.002982587,0.06424199,0.004834416,0.03191258,0.0036004717,0.03729951,0.10719911,0.05195456,0.033303365,0.022251096,0.08967855,0.063995354
0.080899,0.044248432,0.012909392,0.0021364617,0.005443557,0.012261055,0.10464944,0.014456756,0.05002937,0.02565395,0.015209478,0.11886577,0.0030553008,0.064192,0.0049240165,0.03207716,0.003682434,0.037367772,0.10685826,0.051967867,0.033449154,0.022404773,0.089357436,0.06390116
0.08061279,0.04436264,0.01305802,0.0021872232,0.0055342834,0.012392269,0.104352005,0.014609123,0.0500709,0.025787061,0.015339805,0.11857782,0.0031209812,0.064184904,0.005006043,0.0321871,0.00375866,0.03741183,0.10654566,0.051908113,0.033528008,0.022540376,0.08910502,0.06381933
0.082097895,0.04388293,0.012321155,0.0019341749,0.005049563,0.011749678,0.105979405,0.013827649,0.049885277,0.0250723,0.014668264,0.12014029,0.0027804805,0.06433797,0.004588156,0.03146095,0.0033688806,0.037127174,0.108206116,0.052037507,0.03293482,0.02179785,0.09049999,0.06425155
0.0812628,0.044169176,0.012735519,0.0020728223,0.0053213234,0.012114574,0.10503298,0.01426503,0.049981624,0.025480399,0.015049746,0.11925254,0.0029690238,0.06423759,0.004821536,0.031889826,0.003585986,0.037300494,0.10725392,0.05196028,0.033293605,0.022232344,0.08971933,0.06399753
0.08225628,0.04380386,0.012223966,0.0019025661,0.004988333,0.011675257,0.10617815,0.01373237,0.04983584,0.024975961,0.014589195,0.12031938,0.0027400868,0.06436539,0.004535333,0.031387515,0.0033208812,0.037100337,0.10841553,0.052027535,0.03286348,0.021701174,0.09071172,0.06434984
0.081586145,0.044050943,0.012576272,0.0020186594,0.005211554,0.011970134,0.10541151,0.014078623,0.0499585,0.02531474,0.014899824,0.11962886,0.0028944488,0.06429848,0.004726341,0.031708002,0.003501084,0.03721862,0.1076301,0.05196851,0.033123113,0.022059549,0.0900388,0.06412721
0.0797354,0.044632778,0.013538923,0.0023636585,0.00586956,0.012802881,0.10331152,0.015107146,0.050138324,0.026261685,0.015785696,0.11755761,0.003357676,0.06398473,0.0052877474,0.032626867,0.0040180613,0.03761462,0.105470136,0.05188762,0.033959348,0.023018252,0.088185176,0.06348465
0.08011052,0.044538356,0.013334866,0.002288064,0.005724614,0.012628876,0.10374045,0.014907322,0.05013426,0.026064895,0.015600551,0.11801016,0.003254763,0.06405723,0.005165597,0.0324453,0.003908467,0.037526015,0.10592855,0.05189312,0.033767942,0.02282657,0.08853867,0.06360482
0.08127095,0.044134732,0.012719174,0.002070634,0.0053191883,0.0121093765,0.10506092,0.014264589,0.049970407,0.02548333,0.0150354495,0.11925726,0.0029668473,0.06422903,0.004817046,0.03189035,0.0035842876,0.03728551,0.10728386,0.05195429,0.033295788,0.022222238,0.08974413,0.064030655
0.08133189,0.044096425,0.012714044,0.0020614336,0.00529695,0.0120826885,0.1051372,0.014211328,0.049969032,0.025436558,0.01501215,0.11933523,0.0029533214,0.06425921,0.004794655,0.03186006,0.003566651,0.037282888,0.10735083,0.051977422,0.03325015,0.022172863,0.0897966,0.06405041
0.081040956,0.04422638,0.0128383385,0.0021118931,0.0053969366,0.012203542,0.10481755,0.014378878,0.05002407,0.025602436,0.015142506,0.1190361,0.0030198796,0.064181775,0.0048864083,0.03198315,0.0036439237,0.037345275,0.10701521,0.05195508,0.033382807,0.02232864,0.08950026,0.063938
0.08099563,0.044226304,0.012878684,0.0021195288,0.0054131155,0.012220143,0.10475547,0.014393391,0.05000949,0.025607964,0.015166841,0.11896763,0.0030353363,0.06422218,0.004900541,0.03202052,0.003652554,0.037368737,0.10695743,0.051950917,0.033397485,0.022356527,0.08945675,0.06392681
0.08137718,0.044106863,0.012666904,0.0020528205,0.0052793026,0.012049897,0.10518654,0.014191464,0.04997392,0.02542357,0.014996642,0.119397685,0.0029403027,0.06423121,0.0047861696,0.03180826,0.0035542657,0.037286352,0.10740315,0.051986568,0.0332451,0.022160854,0.089839116,0.06405581
0.080761775,0.04431488,0.013001765,0.0021628807,0.0054916996,0.012334714,0.104518704,0.014530553,0.050031923,0.025728755,0.015275509,0.11872991,0.0030919309,0.06416303,0.004967345,0.032108255,0.0037181233,0.037405487,0.1067012,0.05193121,0.033499125,0.022465043,0.0892331,0.06383308
0.08111659,0.044210114,0.012806901,0.0020976528,0.0053657317,0.012176149,0.104888014,0.014329196,0.050007705,0.025554344,0.015109081,0.11910945,0.0030012259,0.064218655,0.0048588244,0.031956848,0.003622993,0.037333272,0.107101366,0.051967002,0.033354487,0.02228941,0.08956772,0.06395727
0.08001976,0.044543058,0.013382923,0.002307764,0.005768443,0.012671947,0.10360565,0.014963852,0.05012399,0.026118187,0.015653627,0.11787416,0.0032824082,0.06407973,0.0051969634,0.032499537,0.003938606,0.0375622,0.10580683,0.051868636,0.033811998,0.022898078,0.0884574,0.0635643
0.080893666,0.044255935,0.012918711,0.0021362957,0.0054395846,0.012265865,0.10467265,0.014440888,0.050016716,0.02566445,0.015208659,0.11889414,0.0030524011,0.06417949,0.0049208472,0.032039747,0.0036781284,0.03738362,0.10686755,0.051963918,0.033449475,0.022391489,0.08937926,0.06388653
0.08119885,0.044165853,0.012757927,0.002085837,0.005341984,0.012142333,0.10497707,0.014295036,0.0499795,0.025517723,0.015076611,0.11920118,0.0029830914,0.06422753,0.004838779,0.031911436,0.003603658,0.037312575,0.10719132,0.051955804,0.03331615,0.022251999,0.08966058,0.064007215
0.07942858,0.044732843,0.013715555,0.002423181,0.0059816227,0.012944295,0.10296984,0.015287709,0.050200693,0.026415713,0.015921256,0.117220655,0.003437653,0.06397176,0.0053802216,0.032761157,0.0041056513,0.037659027,0.10511476,0.051878132,0.03404194,0.023173982,0.08786743,0.06336641
