Stock_1,Stock_2,Stock_3,Stock_4,Stock_5,Stock_6,Stock_7,Stock_8,Stock_9,Stock_10,Stock_11,Stock_12,Stock_13,Stock_14,Stock_15,Stock_16,Stock_17,Stock_18,Stock_19,Stock_20,Stock_21,Stock_22,Stock_23,Stock_24
0.06642999983088133,0.0009131155604397388,0.06631301099565175,0.06637930599490152,0.000302939824214947,0.06645931267436336,0.0662186243556542,0.0663356768366289,0.00020979228731751466,0.000555342937883338,0.000589339710419537,0.06646097939731342,0.0664059019606392,0.06648744011584273,0.000391536690337043,0.00011404919737733148,0.06627079397734872,0.0002772249542611344,0.06639949760753755,0.06650552744103107,0.06646903853978792,0.0005240232645008114,0.06652026143102394,0.066467264414643
0.037848818761101,0.04820205317516555,0.03740131138369302,0.04027207099052403,0.04670076173236144,0.03885507649530145,0.03699976727676735,0.036109307580069895,0.04426904163442026,0.04829792605753522,0.04848146962249151,0.03220266172680329,0.039197255246816304,0.043182363652724425,0.046151033795330317,0.0428597515325159,0.047610772584516584,0.044394777746062895,0.0331416536848585,0.04438617833283124,0.03969513909087916,0.049599904045611494,0.0368668839023578,0.03727401994926135
0.037848818761101,0.04820205317516555,0.03740131138369302,0.04027207099052403,0.04670076173236144,0.03885507649530145,0.03699976727676735,0.036109307580069895,0.04426904163442026,0.04829792605753522,0.04848146962249151,0.03220266172680329,0.039197255246816304,0.043182363652724425,0.046151033795330317,0.0428597515325159,0.047610772584516584,0.044394777746062895,0.0331416536848585,0.04438617833283124,0.03969513909087916,0.049599904045611494,0.0368668839023578,0.03727401994926135
0.037848818761101,0.04820205317516555,0.03740131138369302,0.04027207099052403,0.04670076173236144,0.03885507649530145,0.03699976727676735,0.036109307580069895,0.04426904163442026,0.04829792605753522,0.04848146962249151,0.03220266172680329,0.039197255246816304,0.043182363652724425,0.046151033795330317,0.0428597515325159,0.047610772584516584,0.044394777746062895,0.0331416536848585,0.04438617833283124,0.03969513909087916,0.049599904045611494,0.0368668839023578,0.03727401994926135
0.037848818761101,0.04820205317516555,0.03740131138369302,0.04027207099052403,0.04670076173236144,0.03885507649530145,0.03699976727676735,0.036109307580069895,0.04426904163442026,0.04829792605753522,0.04848146962249151,0.03220266172680329,0.039197255246816304,0.043182363652724425,0.046151033795330317,0.0428597515325159,0.047610772584516584,0.044394777746062895,0.0331416536848585,0.04438617833283124,0.03969513909087916,0.049599904045611494,0.0368668839023578,0.03727401994926135
0.037848818761101,0.04820205317516555,0.03740131138369302,0.04027207099052403,0.04670076173236144,0.03885507649530145,0.03699976727676735,0.036109307580069895,0.04426904163442026,0.04829792605753522,0.04848146962249151,0.03220266172680329,0.039197255246816304,0.043182363652724425,0.046151033795330317,0.0428597515325159,0.047610772584516584,0.044394777746062895,0.0331416536848585,0.04438617833283124,0.03969513909087916,0.049599904045611494,0.0368668839023578,0.03727401994926135
0.037848818761101,0.04820205317516555,0.03740131138369302,0.04027207099052403,0.04670076173236144,0.03885507649530145,0.03699976727676735,0.036109307580069895,0.04426904163442026,0.04829792605753522,0.04848146962249151,0.03220266172680329,0.039197255246816304,0.043182363652724425,0.046151033795330317,0.0428597515325159,0.047610772584516584,0.044394777746062895,0.0331416536848585,0.04438617833283124,0.03969513909087916,0.049599904045611494,0.0368668839023578,0.03727401994926135
0.037848818761101,0.04820205317516555,0.03740131138369302,0.04027207099052403,0.04670076173236144,0.03885507649530145,0.03699976727676735,0.036109307580069895,0.04426904163442026,0.04829792605753522,0.04848146962249151,0.03220266172680329,0.039197255246816304,0.043182363652724425,0.046151033795330317,0.0428597515325159,0.047610772584516584,0.044394777746062895,0.0331416536848585,0.04438617833283124,0.03969513909087916,0.049599904045611494,0.0368668839023578,0.03727401994926135
0.037848818761101,0.04820205317516555,0.03740131138369302,0.04027207099052403,0.04670076173236144,0.03885507649530145,0.03699976727676735,0.036109307580069895,0.04426904163442026,0.04829792605753522,0.04848146962249151,0.03220266172680329,0.039197255246816304,0.043182363652724425,0.046151033795330317,0.0428597515325159,0.047610772584516584,0.044394777746062895,0.0331416536848585,0.04438617833283124,0.03969513909087916,0.049599904045611494,0.0368668839023578,0.03727401994926135
0.037848818761101,0.04820205317516555,0.03740131138369302,0.04027207099052403,0.04670076173236144,0.03885507649530145,0.03699976727676735,0.036109307580069895,0.04426904163442026,0.04829792605753522,0.04848146962249151,0.03220266172680329,0.039197255246816304,0.043182363652724425,0.046151033795330317,0.0428597515325159,0.047610772584516584,0.044394777746062895,0.0331416536848585,0.04438617833283124,0.03969513909087916,0.049599904045611494,0.0368668839023578,0.03727401994926135
0.037848818761101,0.04820205317516555,0.03740131138369302,0.04027207099052403,0.04670076173236144,0.03885507649530145,0.03699976727676735,0.036109307580069895,0.04426904163442026,0.04829792605753522,0.04848146962249151,0.03220266172680329,0.039197255246816304,0.043182363652724425,0.046151033795330317,0.0428597515325159,0.047610772584516584,0.044394777746062895,0.0331416536848585,0.04438617833283124,0.03969513909087916,0.049599904045611494,0.0368668839023578,0.03727401994926135
0.037848818761101,0.04820205317516555,0.03740131138369302,0.04027207099052403,0.04670076173236144,0.03885507649530145,0.03699976727676735,0.036109307580069895,0.04426904163442026,0.04829792605753522,0.04848146962249151,0.03220266172680329,0.039197255246816304,0.043182363652724425,0.046151033795330317,0.0428597515325159,0.047610772584516584,0.044394777746062895,0.0331416536848585,0.04438617833283124,0.03969513909087916,0.049599904045611494,0.0368668839023578,0.03727401994926135
0.037848818761101,0.04820205317516555,0.03740131138369302,0.04027207099052403,0.04670076173236144,0.03885507649530145,0.03699976727676735,0.036109307580069895,0.04426904163442026,0.04829792605753522,0.04848146962249151,0.03220266172680329,0.039197255246816304,0.043182363652724425,0.046151033795330317,0.0428597515325159,0.047610772584516584,0.044394777746062895,0.0331416536848585,0.04438617833283124,0.03969513909087916,0.049599904045611494,0.0368668839023578,0.03727401994926135
0.037848818761101,0.04820205317516555,0.03740131138369302,0.04027207099052403,0.04670076173236144,0.03885507649530145,0.03699976727676735,0.036109307580069895,0.04426904163442026,0.04829792605753522,0.04848146962249151,0.03220266172680329,0.039197255246816304,0.043182363652724425,0.046151033795330317,0.0428597515325159,0.047610772584516584,0.044394777746062895,0.0331416536848585,0.04438617833283124,0.03969513909087916,0.049599904045611494,0.0368668839023578,0.03727401994926135
0.037718006803392434,0.04820778683351698,0.037616476901531165,0.0402022619123286,0.046652285140698295,0.03895345262299271,0.037180991674898495,0.036150868120730706,0.04391499507723892,0.04816795410787623,0.04815447210370024,0.03242368148460037,0.039149127215712114,0.043380415058444206,0.045977942709346756,0.04281404977177662,0.0476657649133346,0.04434721802992534,0.03337647677743076,0.04441926120132295,0.03988694226305428,0.049368419383384564,0.036897596442622714,0.03737355345013996
0.03658443695147189,0.048342575968756206,0.03922672273987837,0.0396188561266959,0.046509083266180216,0.039872233911673924,0.037942872628510274,0.036353443823954626,0.041989724412485045,0.04700046719915565,0.04612940434634499,0.03413328999623932,0.03785908616486111,0.04360140434207196,0.045202391405573444,0.042897868193795576,0.04775433480162854,0.04480769008741937,0.035148485699108216,0.04475161673875432,0.04088051160752214,0.048815398894031005,0.036541354767438486,0.038036745926449435
0.03735254944285147,0.048192398647626714,0.03828739048171001,0.039969378576917444,0.04652404195897026,0.03929583957392952,0.03752094511619985,0.03623742380027033,0.043053664210746724,0.04776091220180148,0.04725254606224208,0.03301403819506751,0.038713317965927065,0.04365233841870637,0.04556954023758627,0.042872228236335054,0.047716826012515,0.04440405497747752,0.03412233528425387,0.04451810749631601,0.04029953926205661,0.04906551285342692,0.03690782737414962,0.037697243612916306
0.03550089967893971,0.048630376119100586,0.04007887052107749,0.03872239871931005,0.046885881183685786,0.04099148946338363,0.03827012177968251,0.036266236978571044,0.040765647182689865,0.046232716217275455,0.04506829549244216,0.035368617258454325,0.03645402344505879,0.04341411900556752,0.04495514355537839,0.04302358275211411,0.04781406351793373,0.04529157336517056,0.03585717800638381,0.04542877432013352,0.041513754225201906,0.0489814333119272,0.03580793624463287,0.03867686765588499
0.032171108475004956,0.0494704414743291,0.04106463114620902,0.03708783110015756,0.0481314631102623,0.04264446593708841,0.0378216840357698,0.0349153493061211,0.038865866973350996,0.04575470126403705,0.04400823962703399,0.0369123255224117,0.033893490109872394,0.04336631476601422,0.04514883487299547,0.04416079587565764,0.04796653868336968,0.045996270450708414,0.035577064790701864,0.04774927512065973,0.04250263954461229,0.05087374769759336,0.034742233268621234,0.03917468684741771
0.035264125203696955,0.048671044962914904,0.04018303367756525,0.03858144450871427,0.046977388097926016,0.0411467648005463,0.0382631334758297,0.036190240990374344,0.04056523103458027,0.04617808848528218,0.04495581186511972,0.03548856842004787,0.03624857309687349,0.04339411254367074,0.0449396364242987,0.04309607209729381,0.047844025547595856,0.04536369042692589,0.035865208995157515,0.04561956907907656,0.04161871174994176,0.04910510476295548,0.035718935109495885,0.03872148464411656
0.031549982850714475,0.049673333841258986,0.041229515183188126,0.03682042087576888,0.04832076513069516,0.04286517800075305,0.037746268963103936,0.03470964313224768,0.03856196193549375,0.04573225710735617,0.04386789441496465,0.037109071327689466,0.03347016539954225,0.04338903337921262,0.04518420201346043,0.044378560204930514,0.04797057950492921,0.04614345227212277,0.03551100806799231,0.048101208738094176,0.04265993682443519,0.05120553633694964,0.034541224599856375,0.039258799895240205
0.028896932154793362,0.05059227988376952,0.04195461209259232,0.03561409297402407,0.04910493164024683,0.043758304897439725,0.03736494371711348,0.03384985283979472,0.0372004909118578,0.045705836846178544,0.04330769713294694,0.037943934226263736,0.031626947199842596,0.04341360180571365,0.045351070553756596,0.045340622674135043,0.0479933788037501,0.0468477741887519,0.03520332255907502,0.04964092786813658,0.043356300032943905,0.052709752723770424,0.0336014092379054,0.03962098303519776
0.02983548851375871,0.050256316681947355,0.04170118540831962,0.03606824424556953,0.048808407238556374,0.04343558573751784,0.03751532285692948,0.03415554582393678,0.037702647272663974,0.04569338203899776,0.04348922056085362,0.037646902033397545,0.03230002351895722,0.04342164109373795,0.04529402877608792,0.044995601090575765,0.04797854964016626,0.046574725580347136,0.03532646509965301,0.04907784298906019,0.04309909363636232,0.05214350035447936,0.03398339178565756,0.0394968880224667
0.02462292810933025,0.05218976311669925,0.04298359306434635,0.03331909158311896,0.050673861307748806,0.045195295623784444,0.03664207006963153,0.03230308538431598,0.03468793315062475,0.04598674039295658,0.04248456396214131,0.03920457247319766,0.028413200485565414,0.04329567435979336,0.045720876272615285,0.047053037379647784,0.04823658981092435,0.04812836860891012,0.03451916662885949,0.05250068052277983,0.04449888985591688,0.05557016954527655,0.031553799559264836,0.04021604873255025
0.02631149030654017,0.051530716011947385,0.042605712640388343,0.03427829390675746,0.050050215009173026,0.044655223052062695,0.03695697736802369,0.03291534549293142,0.03571874907120248,0.045827333146421984,0.04281067316987557,0.038753970252783966,0.029703108165845468,0.043317913616951864,0.04554874581978609,0.04634735461669458,0.04809553907158022,0.04762496456945992,0.03481832803855171,0.051295872403947625,0.044078204988378986,0.05438128936162148,0.03239933476107757,0.03997464515799629
0.026471231732951798,0.051472661835858635,0.04256496076722389,0.034364371407364924,0.049994910203103746,0.044603131171654424,0.03698524880074594,0.0329711795937566,0.03581747290268504,0.045816727295011524,0.04284213376492992,0.03870798104926567,0.02982265026244985,0.0433189544113352,0.04553275832724701,0.04628227945370474,0.048084488648670695,0.047579524992672276,0.03484323597382176,0.05118353305988367,0.04403679862376939,0.054274212016632205,0.032479043651808204,0.039950510053452896
0.027879485871011966,0.05096027092693444,0.04221110415511308,0.0350968441280203,0.04947874328471761,0.04411774304635729,0.03721011547748077,0.03348579675374633,0.03663329730798363,0.04574516600703915,0.043114474856320646,0.03826970696479286,0.03087342522929431,0.04337230891313474,0.04542119868928319,0.04572778762434536,0.04802328834593423,0.04715690826066418,0.03505518319996865,0.05027151658378461,0.04364218165477242,0.053356569345782964,0.033142858376842485,0.039754024996674804
0.02686266040383228,0.05133091907687015,0.04246554083340771,0.03457433883029433,0.04985989576999022,0.044476050492803836,0.03705406016936468,0.0331072934802603,0.03605827831427033,0.0457907408650703,0.04291868423478431,0.03859584801998121,0.03011481581204453,0.04332136580447602,0.04549366879186083,0.04612349400574609,0.04805741196605172,0.04746861279839931,0.034903865491465194,0.05090913254228793,0.04393576136756504,0.0540124620949892,0.032673506391144226,0.03989159244304024
0.029172872761263322,0.05049220324902328,0.0418811470622805,0.03575556503739795,0.04900761558839406,0.043657598725901345,0.03740879172972647,0.033939900182875134,0.03735486621940754,0.04569982868341336,0.04336093661420672,0.0378535951270685,0.03183090445300467,0.04341698549919486,0.045333049047316026,0.04523873325796328,0.04798803672247241,0.04676430102392332,0.035243198319965446,0.04946927006659521,0.043283402665234755,0.052537787523041724,0.03372219529665176,0.03958721514367836
0.023017360623033844,0.052871468456796696,0.04329149934241235,0.03234275156791119,0.05131527154337898,0.0457048118065318,0.036319371151064546,0.03168830763519024,0.03370686015065501,0.04618955661047414,0.04217444605481232,0.039601558943595586,0.02714977419240348,0.04326069016018209,0.0458891542679295,0.047752033265694195,0.04839705758571164,0.04863759476518058,0.03419095134881792,0.05367590594483651,0.044886205170457966,0.056768332755900396,0.030735342719305416,0.04043369393772361
0.023922691087558203,0.05248486478437656,0.04311678877778079,0.032897066701362845,0.05095140147247515,0.04541553026721283,0.03650319024029692,0.032037725142621674,0.03426406700062816,0.046074660941359626,0.04235124400103378,0.039376058269114174,0.027865026999797187,0.04328101389507169,0.04579389607815403,0.047355203627443276,0.048306275824251656,0.04834861895748422,0.0343778484700349,0.05300994219485562,0.04466637621536527,0.05609017827184548,0.0312000575874815,0.04031027319239444
0.024907186706092797,0.05207088066931945,0.04292997506617651,0.0334888326684418,0.05056211072514353,0.04510671297744427,0.036697677983689767,0.032409663529540694,0.03485832736005397,0.045951265639182115,0.04253788367113363,0.039135640954500485,0.028634544306094342,0.04330138001250355,0.045691389082802444,0.04693148899940086,0.048208424074649564,0.048039722739750906,0.03457577492823848,0.05229532697148509,0.044431497446773334,0.055360141381378646,0.03169606436890649,0.040178087737297266
0.02645440743213523,0.05147877453431117,0.042569247424671185,0.034355316911863054,0.05000073178177594,0.044608611806432025,0.03698227628641883,0.032965305955447305,0.03580708886533493,0.04581784304414674,0.042838825726774,0.038712817731357346,0.029810068610971994,0.04331884482352151,0.045534439490408765,0.04628912743359146,0.04808565105239772,0.047584305524079454,0.03484061889089,0.051195355593537425,0.044041153314442,0.0542854826961717,0.03247065635219292,0.03995304871712731
0.027969434950323904,0.05092767618070284,0.042188777469413775,0.035142614212998004,0.049445155101457285,0.04408621066327751,0.03722367626162377,0.03351906369068049,0.03668357419620322,0.04574118626635592,0.04313156323314075,0.03824100714878142,0.030940222002384294,0.04337685992981053,0.04541488657035927,0.045693103558928735,0.048020354814475225,0.047129450056111195,0.03506838454577671,0.05021568382206784,0.04361630914552587,0.0532988912601621,0.033183936350190325,0.03974197856924903
0.026153646323576113,0.051588184959400235,0.04264608099041943,0.03419301281655147,0.050104976311103416,0.044706819554658966,0.03692893511039477,0.03286000825772464,0.03562093507698703,0.045837821089192154,0.04277946068328657,0.038799543376490844,0.029584805201989573,0.04331685924625949,0.04556456375787158,0.046411819958934265,0.04810646570485225,0.047669969928333535,0.03479361633722403,0.051407083574599055,0.044119219618070096,0.054487248254900936,0.03232037875052912,0.03999854511665042
0.026763644849736905,0.051366709215316844,0.04249063224316367,0.034521350819166456,0.0498939829879639,0.04450812519249083,0.03703671483392174,0.033072955961441775,0.03599751375309702,0.04579731590036052,0.04289939001997542,0.038624137296243116,0.030041011348061544,0.04332077384640032,0.04550354417034053,0.04616357136269145,0.04806425988838839,0.04749660829119619,0.034888583434636244,0.05097842805441234,0.043961263105386825,0.054078588728651907,0.03262442728246649,0.039906467414489576
0.024831215611842178,0.052102601940880997,0.04294428097063083,0.03344355510095725,0.05059192362518741,0.04513033987567677,0.0366828602956836,0.03238124108044979,0.034812879875624266,0.04596073584874084,0.04252367618615866,0.03915402844952991,0.028575455231364396,0.04329986830486132,0.04569926115196042,0.04696391349746783,0.048215942290079444,0.048063372655649333,0.03456068825866425,0.05235013535402062,0.04444947814170801,0.0554162127930264,0.03165811710653647,0.040188216353299014
0.022350427839129747,0.05316021752066256,0.043422166013727385,0.031927688459730694,0.05158724603757645,0.045921444520431995,0.036180643027506884,0.03142597619748473,0.03328927495263604,0.0462751444892103,0.04204075553048452,0.039770617748292714,0.026617839695786863,0.04324465992830056,0.04595999045639531,0.048049139179292336,0.048464471639297096,0.04885377021515855,0.03405000360266105,0.054172284126010085,0.04505071643080953,0.05727238203217486,0.03038727855353382,0.04052586180370592
0.024068857129678583,0.052422990484105036,0.04308884985842831,0.03298562748735734,0.05089319936711519,0.04536931426513323,0.03653240702237287,0.03209345697885332,0.034353041720956254,0.04605624369481233,0.042379310405202306,0.03934006181144643,0.027979804162999063,0.04328414714118311,0.045778612088216326,0.04729179688632444,0.0482916931340021,0.048302413668976384,0.03440757238092108,0.052903230460434957,0.044631237988537145,0.05598132112638841,0.03127429223685636,0.04029051849969943
0.02239021709938313,0.053142887121601784,0.043414320233411546,0.03195261760554795,0.051570920086080003,0.04590843316109456,0.036189003053222375,0.031441749847461904,0.03331436693222618,0.04627001899963353,0.042048818803960344,0.03976045642997519,0.02664969950756983,0.043245639634978836,0.04595574963745691,0.04803129294719241,0.0484604371389386,0.048840788617165856,0.0340584955385217,0.054142525212836363,0.04504084140802167,0.05724220292412338,0.03040818649365509,0.04052033156594086
0.026580121795326008,0.05143316261321898,0.04253724171431456,0.0344229150132178,0.04995728306271058,0.04456770323283465,0.03700445527209078,0.03300914209829729,0.035884617519437896,0.04580949741893291,0.04286350351248198,0.03867671048020483,0.02990403343808745,0.0433196463220345,0.04552186857936879,0.04623800935381789,0.04807695254502937,0.04754861144481036,0.03486015937136647,0.051107075207058004,0.04400863323524544,0.05420130744816026,0.03253325965236867,0.03993408966958457
0.029495670918645026,0.05037261683411656,0.04179827367573898,0.035916977880452186,0.048899766323060784,0.04354277738866483,0.03746251593936375,0.03404521390116926,0.0375295669647222,0.04569667778363452,0.043419820163595524,0.037752722480755306,0.032065096880448674,0.04342290768547305,0.04530968615029824,0.04512151656530752,0.04797895651766777,0.04666675971972081,0.035286441290511214,0.0492744027401131,0.043195544010468996,0.05234078894046381,0.033860211334051246,0.039545087911556635
0.030093497662547538,0.05016892834547195,0.041627033495509266,0.036181730728279626,0.04874027640394879,0.043355161088476014,0.03755486979731283,0.03423894173720561,0.03783315470653936,0.04569065063709759,0.04354219041517344,0.03756671394521949,0.03247750744643425,0.043420092353531704,0.04528274423475972,0.044900100561405684,0.04797882513545427,0.04650567878941146,0.03535649953103816,0.048929269925774274,0.043026001986898765,0.051994445143352025,0.03407539556844911,0.039460290360709076
0.03262896684099111,0.049345564962186866,0.04093952022138591,0.037297049033384135,0.047983794524109565,0.042442659820039794,0.03787166892922022,0.035082284320411695,0.039091393308534776,0.045805987426498246,0.044141905028051265,0.036718842089963045,0.0342209544545953,0.04335454423713101,0.04512023315573414,0.04400775098677718,0.04796131842751905,0.04589737893766322,0.035634166590812616,0.04746880320485446,0.04238086209245316,0.050618969418870674,0.03488890425185673,0.039096477736955834
0.03173041787420517,0.04961315153651132,0.041181592986388994,0.03689767064584837,0.04826776155866925,0.042803126926343166,0.03776817833992903,0.03476813991530655,0.03865062674313008,0.04573693633731319,0.0439075797011309,0.037053297289775945,0.03359364284338535,0.04338369615217738,0.04517256155399655,0.04431479454783068,0.047969379724493354,0.0461002754239812,0.03553053765461981,0.04800072761148193,0.04261447808083487,0.051107696534956976,0.034599903349228654,0.039233826668461286
0.02941879852803531,0.050364951913638864,0.041583343047797684,0.03590464996794066,0.04897520543022042,0.04359725332923182,0.037777603313928244,0.03385358848489113,0.03746525450935478,0.0458107063177674,0.04381013618181523,0.03762037540457719,0.03223418002785021,0.04349469999843937,0.045098771651055476,0.04502951478957487,0.048191827329509496,0.046497608322103215,0.03516225470355167,0.04935250211122944,0.04327446184440323,0.05258774659697136,0.033504239896282755,0.03939032629983017
0.026303650725346836,0.0515335643584011,0.04260771511494264,0.03427406403039953,0.05005293304762198,0.04465777779273111,0.0369555884795017,0.032912600642561546,0.03571389564989409,0.04582785447032716,0.042809126086229915,0.03875623195089679,0.029697236210192223,0.04331786566859868,0.04554952928529396,0.04635055211175702,0.048096081380443884,0.04762720035254626,0.03481710253614548,0.05130139334330752,0.04408023777557457,0.05438654752271237,0.032395421601737875,0.03997582986283577
0.028068356087878017,0.05089186734237442,0.042164258072424916,0.0351928791843921,0.049408251245198494,0.04405157136157599,0.037238558352489314,0.03355559312114881,0.03673878601450044,0.04573680651667141,0.04315031514281588,0.03820949155709872,0.031013629567829035,0.043381848525048776,0.04540794899357393,0.04565500376561689,0.048017122319095065,0.04709929319535269,0.03508287530935352,0.05015434998862325,0.0435878942053761,0.05323551000487577,0.03322904893143015,0.03972874119525632
0.03090562090320606,0.04989133072044044,0.041403590011562366,0.03654001079606753,0.04850744593344905,0.0430831449638725,0.03766385435344427,0.034501784386589074,0.038241720048808284,0.04571335274277406,0.04372433247047889,0.037310375310439375,0.033031385005092014,0.043404382320116446,0.04522797868755273,0.044607832638045145,0.04797464526471329,0.04630161608724064,0.03544288573527494,0.048465116860357774,0.0428207985587848,0.051553221207974356,0.034335875856408266,0.03934769913730769
0.03304401913977186,0.04924128931749458,0.04082496647280274,0.037490645106923653,0.04784850139368284,0.04224642763205903,0.03791457409785865,0.03523827297107845,0.039296143509322874,0.045864478637421595,0.044273655123073026,0.03652613511049065,0.03452390118287122,0.04334675727272308,0.04509223983935234,0.043871875962916966,0.04795560933899843,0.04581134776294376,0.03568928793822529,0.04720806408925068,0.042268610797846086,0.050383121043265956,0.03502112103550146,0.039018955224124775
0.035493330992067695,0.04863166449746819,0.04008293258405105,0.038717129044704764,0.046888829624398554,0.04099624723487169,0.038271015261743715,0.0362645982384496,0.040759078434331616,0.046230916678608874,0.04506340046330605,0.035372827136240494,0.03644624258778901,0.043413750862161864,0.04495385942979933,0.04302560797075089,0.047814686769714954,0.045294724989678084,0.035857942922633605,0.04543478241748039,0.04151822631269328,0.048984454530748164,0.03580531111788381,0.03867843989842431
0.033359043850325135,0.049153040089669364,0.04074751576968565,0.03764499104167217,0.047736217455129,0.042099911033301254,0.037961165960479,0.035374075585504344,0.03945701437480678,0.04590668013419674,0.04437072648280376,0.036376657790938356,0.034763978513060234,0.043352289374506955,0.04506681390177884,0.043752649391322125,0.04795112921461968,0.04574349489913568,0.03572637598895149,0.04698792142831201,0.042190386294130626,0.05019718147522586,0.035110924713502766,0.038969815236942186
0.028478994497685456,0.05074364412783128,0.0420628225519838,0.03540074569748195,0.04925552981164094,0.04390831511886112,0.03729998477314756,0.03370662404190924,0.036967088279052304,0.04571859047627713,0.043227703820426844,0.03807921554235268,0.03131770880066652,0.04340233829909408,0.04537914397104263,0.04549739808757781,0.04800364162154158,0.046974499973137004,0.03514268449118753,0.04990043662492226,0.043470356856429714,0.05297294067553609,0.033415643515730946,0.03967394834448353
0.02557888349339073,0.05179848987106502,0.042793969690619625,0.033880508861272716,0.0503054200784054,0.0448958598023607,0.03682587223531057,0.03265707894462181,0.03526250039830133,0.045876037466651524,0.042664692897031155,0.0389666335831707,0.029152457936379328,0.04331273570606374,0.04562233989960581,0.04664795493916884,0.04814627046424055,0.04783473139024636,0.03470280177388416,0.05181379120588189,0.04426944858881235,0.0548743709646383,0.03203111384907918,0.040086035959798226
0.03194290444561609,0.04954375971222286,0.0411251713366657,0.036989187466007205,0.04820294689501392,0.0427275552628003,0.03779398949907556,0.03483856005404521,0.03875461425532853,0.04574466357426908,0.04395563800349202,0.03698593635183012,0.033738473268270064,0.04337589870808158,0.04516049373840281,0.044240289971898834,0.04796800005234601,0.046049919606971676,0.035553138540759144,0.04788026612102783,0.04256064849656558,0.05099420276601205,0.034668681646382066,0.03920506022691577
0.030743146397397045,0.04994678890239248,0.0414479598193673,0.03646855362545174,0.04855426628856063,0.043137759228519444,0.03764245785577375,0.03444937916830478,0.038160309494644676,0.045708265663662685,0.0436877732242602,0.03736154045109599,0.03292087873538608,0.04340776097082019,0.045239299884133465,0.04466597247464318,0.04797561566669199,0.046342076663509764,0.03542585016958227,0.04855768176008663,0.04286125219247887,0.05164078585425338,0.0342845083063088,0.039370117202674665
0.031808242472571524,0.04958721977771031,0.041160949169903295,0.03693094262796537,0.04824492561876265,0.04277639841589639,0.037777606991391814,0.034793333692842834,0.03868881025034476,0.045738941662417744,0.04392466308137645,0.03702927784393742,0.033646861275901684,0.04338139383256048,0.04516754000878207,0.044287328034650096,0.04796885267930336,0.04608166881220269,0.03553893985324669,0.0479574325434059,0.04259489671407563,0.05106552996025218,0.03462517514037332,0.03922306954012533
0.0338728499162261,0.04900714638626899,0.040618267994454685,0.037895612280832595,0.04754786383084752,0.041861224254257784,0.038039663986984225,0.03559564944563941,0.039722488757653635,0.0459781730893668,0.044530599094367726,0.03613209434779528,0.035156550222580095,0.043364717779946986,0.0450272461739753,0.04355862446457697,0.04794383165086158,0.04563634774520872,0.03578277101181174,0.046626159594950894,0.04206126729129486,0.049894263442363335,0.03525395488040852,0.03889263235732627
0.03346757536676833,0.0491226594408761,0.04072108496979089,0.03769823007473922,0.04769721620899561,0.0420494957778305,0.03797767268541731,0.03542138373785503,0.03951260305790914,0.04592113821043562,0.04440423217481423,0.03632528538443628,0.03484660253353403,0.04335471265686269,0.045057893252014966,0.043711193986078076,0.0479495056395455,0.04572023698743782,0.03573895465482513,0.04691146897555695,0.04216369606841594,0.050132837747237605,0.03514109234989652,0.0389532280587265
0.036170307956584095,0.0484646977123006,0.03958429758247544,0.039284485062448846,0.046669138727539354,0.04034414432229867,0.038084246815060493,0.036338355427893924,0.041480585463293904,0.04665149544988622,0.045652091294223915,0.03469088806868267,0.037308068365067504,0.0434944780840115,0.04509019114432869,0.042936084002966175,0.04778671229011908,0.04501233896251681,0.0354907106667322,0.04498709321346294,0.041117199137013234,0.04884968768536719,0.03622720329201282,0.03828549927371373
0.03444810744620615,0.0491291604676284,0.04095382713011698,0.03783096613870749,0.047278936274830256,0.042007537398770944,0.037656466250955443,0.035259543981374014,0.04021441521710851,0.04749717016167668,0.045179227164157565,0.0355551845838864,0.03480630911370647,0.043424013083422947,0.045712352001311074,0.04390995096730676,0.04749360946301742,0.04631820949580407,0.03385086181439263,0.04673727396999807,0.040853434924546884,0.05044922023123613,0.03472755046130172,0.038706672258536974
0.034056875593044156,0.04908284857231393,0.04098544640811365,0.03751198431671881,0.047494507276115906,0.041978671030949696,0.03781213065274905,0.03521835994947599,0.03979710690721988,0.04685774395779715,0.04501390284285018,0.03606809880571439,0.034773426790159885,0.043332655321129,0.04538618982112731,0.04389705730513935,0.04776683101527502,0.046075005671721826,0.034762115038914,0.04686905570904303,0.04134749430121132,0.05036200029033324,0.03475511191524113,0.03879538050764209
0.03273746620813566,0.049711910512789836,0.04165632622440398,0.036533953440669245,0.047802512426264515,0.04328918218162994,0.03689444324888402,0.03423620437455576,0.03911506631464001,0.04810275860628224,0.04509523953162519,0.03620879787575187,0.032964312665594644,0.04332905053308161,0.04628897685936351,0.044521305556231024,0.047507164519196274,0.047494577752894666,0.032762534594565615,0.04848628055552283,0.04085083729462138,0.051974969035349566,0.0334835501145665,0.03895257957338012
0.032081459008604256,0.04949923316022663,0.04108839646398535,0.0370491072049177,0.048159529419657954,0.04267708487878853,0.03781081657768682,0.034885203709799084,0.03882219519088811,0.045750769158837516,0.04398759840901893,0.036941217521032375,0.033832615237066224,0.043370078676039335,0.04515341720754618,0.04419200423501878,0.04796711760366797,0.046017334621151915,0.03556767518616906,0.047800709047515565,0.04252541372527331,0.050921048949657266,0.034713362210677265,0.03918661259677388
0.029675643140715274,0.05031056183813454,0.04174724571030914,0.035997741452373784,0.04885069843468221,0.04348553489884481,0.0374907233075498,0.03410372758572549,0.0376215636298338,0.04569504721465461,0.04345626552153361,0.03769673212966938,0.03218989393484394,0.04342257522197915,0.04530101072283407,0.045054916137079584,0.047978345851013966,0.04661759419042813,0.03530778011898035,0.049170076730336784,0.04314449305846227,0.05223598630603436,0.033926231660602865,0.03951961120337806
0.03027229598895198,0.05010793437458943,0.041577013886690266,0.036260663512784265,0.048690338381047284,0.04329660053099963,0.037580089210631155,0.03429688579026266,0.03792342754373051,0.04569332502735107,0.043581226437286014,0.03751046868827456,0.03259992562340439,0.04341746653747454,0.04527213509838901,0.044835031760648444,0.04797830180301819,0.046459696947309975,0.03537617953430858,0.04882669213953994,0.042978883657860754,0.05189510300435901,0.03413503878167722,0.039435275739411114
0.036311657276331955,0.04842187056707992,0.03946006740100063,0.03941793805302728,0.046616403367911986,0.04018259727158122,0.038037938758931335,0.03634976110220767,0.04165760710253261,0.04677679783128694,0.04579990014856744,0.03450694229526007,0.03751892110914266,0.04354276834312581,0.04512766876582925,0.042919040907447976,0.04776781564891524,0.044941257312060515,0.03537050407330977,0.0448891155047882,0.04103302989146299,0.048819688680703216,0.03635152483542264,0.038179183752072694
0.03758646551734566,0.048210810077794805,0.03789609125558739,0.04011817272531929,0.04655882766776106,0.039101722982919085,0.037361694485429815,0.03618505799987754,0.04349387155735873,0.047979579072785904,0.047749938610952905,0.032664841076554776,0.03900214674428552,0.043523700676142994,0.04578397062426323,0.042831116923428295,0.04771215162890023,0.044328937609039394,0.03372052936468275,0.04448163490131465,0.04009539295565929,0.04921058742748712,0.036907813172739605,0.03749494494236996
0.03193049696081825,0.049584918102957905,0.04152589735868324,0.036316410133856315,0.048265234555555224,0.04301106880609835,0.037408794542656436,0.03429890280508446,0.03853940479550285,0.046656946270607805,0.04458016873497923,0.03699570491716129,0.033151224005745876,0.04333375416925557,0.04551574581884008,0.044532084201147,0.048012353130804174,0.04666964629587747,0.03462618769234904,0.04847895842462439,0.042060158264080466,0.05149184691744771,0.03391017371714678,0.039103919378720105
0.03195455764863723,0.04952576913708356,0.04144233908586189,0.036466266155013034,0.04824361202707632,0.04291182687797469,0.037526648455469845,0.03442970002090514,0.038644245166698774,0.04642524849082139,0.044429162290129935,0.037005177402474165,0.03329729094910313,0.043358017162188116,0.04541585232686248,0.044507540515463066,0.04797277063156657,0.046472149166814726,0.034883971407586443,0.0483686394364873,0.04215053005488267,0.05134939860609938,0.03407845050103015,0.039140836483769995
0.03606699303168247,0.05045373113377477,0.040297336352380655,0.0389507041537457,0.046322223699875445,0.04139760880598424,0.035632895311445166,0.03512538584264664,0.04239538907581736,0.04989846836664169,0.045655768307093746,0.03251384998211981,0.03588050386213233,0.04369645145487262,0.04564612804240246,0.04409727944752549,0.04729038023966764,0.046710553336542344,0.031915090155309946,0.04677121696798643,0.03980025505452223,0.050785877390216276,0.03497864989066295,0.03771726009495161
0.03378655430087498,0.05339283100206069,0.04388649876450835,0.03442238162298997,0.04811203883930004,0.044712228804930525,0.027399211049034037,0.02946899109646619,0.041829700108453695,0.05922340912927192,0.04935340868512727,0.025493795466501733,0.03260424006767366,0.04119543536122674,0.049427512072943325,0.044991932267293935,0.0472706114426377,0.05048259025732409,0.027473478110815453,0.05436702355868585,0.035576403276835644,0.05946710943406788,0.029068682938284948,0.036993932342691375
0.034811580476854835,0.05261945222793758,0.04313751745944743,0.03512199852279361,0.04784773583802063,0.04369098932381675,0.028387761526160734,0.030108569456361547,0.042476354970585856,0.058166230911145124,0.04946566487426548,0.02586668090597648,0.03365017205353508,0.04112254131159241,0.04904213020982542,0.04467916521010507,0.04720711022459697,0.0496866461585763,0.02842649595697797,0.053096617212408326,0.0357807525869559,0.058471043802895334,0.030135064687484846,0.03700172409168035
0.028969218850703016,0.05408937971707287,0.04393281463376711,0.0344440716879721,0.048516744675764126,0.046536667889757785,0.030300087058533,0.030932441951514927,0.038865135012662616,0.05376113364463666,0.046142327624438643,0.03261328361222157,0.02872728625506439,0.04369113381574267,0.04816366510925941,0.046805987723837365,0.04653712520011824,0.05228249509971396,0.026856511783526334,0.053749248713583386,0.039330882492355855,0.05774055591161249,0.029232722108063054,0.03777907942807841
0.03580169246659595,0.048730164725927436,0.040166336751225974,0.03877744868262835,0.04696383596590765,0.04086815313544296,0.03810936381653228,0.03606043087751738,0.041028485696986354,0.04698454325595995,0.045481046088947825,0.034938567730877744,0.03630957059669582,0.04338903972690002,0.04521045953364379,0.04331168012619121,0.04771252365038812,0.04537209657228869,0.03494320016530909,0.04541311570067356,0.0410525235122368,0.04937018022352626,0.03558630480848492,0.038419236189111895
0.03458378705365953,0.04990732445238612,0.041007337496640636,0.03797042660111052,0.04693128365956065,0.042108267024525387,0.03633160764008458,0.03510082172170632,0.0411011042431012,0.048992414184601915,0.04527126286819281,0.03420597953778884,0.03457174260414434,0.04358221199701161,0.046141347731121746,0.0442795200671725,0.047207604155354105,0.04725095903190144,0.03194376455005172,0.047369439394837905,0.04030050441357605,0.05108952123611396,0.03450060965352834,0.03825115868182778
0.032777019388675686,0.04930834113893257,0.04089860924026643,0.03736619225484762,0.04793549207869882,0.04237257057967341,0.037887007415201325,0.035137996491957244,0.03916452878067668,0.04582689823958071,0.04418898905997652,0.03664998326880752,0.03432908800221603,0.043351778157659504,0.04511024566617192,0.04395923131570516,0.047959297079455634,0.04586666212925506,0.03565386808903444,0.047375715588476544,0.04234077587810248,0.050534785854787524,0.03493612834195903,0.03906879595988214
0.03010780883003729,0.050164088365980984,0.04162292781690174,0.036188016342251515,0.04873650031183855,0.04335070645741109,0.037557055577675795,0.034243558608740676,0.03784037872964828,0.04569049500506881,0.04354512043444316,0.0375622737639015,0.03248734277646571,0.04342000704755154,0.04528211744324804,0.044894812635433566,0.04797884018562086,0.04650186013979318,0.0353581606223313,0.04892103691622128,0.043021953032534054,0.051986186684102126,0.03408048964813268,0.039458262624666285
0.02592516901876855,0.05167159147922567,0.042704698970090334,0.03406916068193266,0.05018445908908082,0.04478174884971103,0.036888145960311244,0.03277961362450627,0.03547888153004018,0.04585300766648886,0.04273404817546162,0.03886574803448723,0.029413237203941973,0.04331527321288359,0.04558749556463788,0.04650542362981756,0.048122286379612515,0.047735295337199744,0.03475767468066386,0.05156842053502514,0.044178774733138325,0.05464088694621731,0.0322057220422094,0.040033236654548235
0.01732668716544008,0.05545082644221591,0.04445942714598477,0.028600174837160028,0.053760896318014006,0.047683612364168994,0.03501602830930079,0.029297006777870213,0.02988402422660732,0.046949111826223855,0.040910952644070395,0.04113086057883513,0.022457680371313942,0.043112156112629835,0.046514726540520225,0.05041286717310964,0.04898781748582682,0.05059274182663609,0.03288775896348059,0.0580903512181209,0.04639708607053611,0.061192325267587284,0.027604967887847155,0.04127991244649992
0.016985831230617737,0.05561479572834435,0.04453359096144974,0.028359459941321614,0.05391796819293285,0.04781377893015451,0.03492733314125159,0.029140912663669877,0.029632211091306367,0.04699707372120415,0.04082440860780822,0.04122960622092241,0.02216401389679275,0.04310299556808666,0.04655400853538006,0.05058202413196854,0.049024481916706435,0.050719431298298825,0.03280125534163642,0.05836945885867085,0.04649753086358784,0.06146694903080239,0.027404521076008857,0.04133635905107696
