0,1,2,3,4,5,6,7,8,9,10,11,12,13,14,15,16,17,18,19,20,21,22,23
0.028256863,0.015554951,0.028540835,0.01942341,0.045643784,0.054004878,0.022652572,0.024233732,0.03611833,0.018460138,0.013466065,0.10869983,0.04145733,0.24531825,0.050082702,0.02458967,0.017874492,0.03601903,0.029274678,0.030488793,0.030279057,0.017310781,0.02010541,0.04214439
0.027926339,0.013977643,0.024055287,0.021502538,0.033848185,0.04144901,0.023146799,0.033315502,0.06176189,0.015730089,0.011678747,0.053972527,0.039156776,0.20084728,0.027107503,0.03312754,0.02011092,0.15936317,0.026779471,0.03693677,0.025621224,0.017718054,0.01915436,0.03171233
0.034987323,0.02020148,0.0378559,0.02452669,0.034365077,0.04051429,0.026971197,0.03369346,0.03965751,0.023144884,0.01708738,0.089574605,0.044183914,0.14456427,0.046799507,0.03759154,0.024672857,0.08534146,0.031632002,0.038389347,0.032506768,0.021858523,0.025946068,0.04393395
0.026860092,0.014720745,0.030758092,0.020752603,0.027336532,0.020448824,0.02342298,0.031641725,0.042082276,0.017163172,0.013569812,0.07896541,0.03492894,0.23080224,0.03547109,0.026551576,0.018153759,0.14454572,0.025077108,0.03851121,0.022053236,0.017024953,0.02454744,0.03461042
0.03785406,0.021708572,0.034019504,0.025590079,0.040813882,0.051931176,0.02823808,0.038532324,0.048672833,0.02438504,0.016981803,0.06656219,0.050971285,0.11025295,0.036786277,0.043590885,0.027869808,0.09462035,0.034235768,0.037620556,0.03918015,0.023602618,0.024761535,0.041218292
0.024752874,0.012992843,0.026576707,0.018218875,0.028615551,0.020832745,0.020169117,0.027825695,0.033372708,0.015374101,0.012599074,0.07663256,0.028371688,0.33847925,0.030138504,0.021020176,0.015755495,0.09653123,0.024631772,0.034239355,0.0204527,0.014276575,0.024678431,0.033461973
0.0289719,0.015324682,0.0303746,0.021688666,0.03863612,0.048741195,0.024713872,0.02688765,0.045157216,0.018018289,0.012745698,0.09847932,0.044295464,0.2025881,0.051671445,0.029912427,0.019354748,0.071710706,0.02969193,0.035491914,0.028997028,0.018841859,0.0191901,0.038515113
0.032093972,0.018109405,0.035291076,0.02259052,0.026831787,0.026590608,0.023252925,0.03161688,0.030115932,0.020472353,0.016082305,0.07258075,0.033293877,0.24116461,0.033203296,0.029558819,0.02078414,0.108472064,0.02806114,0.038076308,0.025398208,0.018117063,0.029841915,0.03840005
0.035159044,0.019542364,0.03171971,0.024982568,0.028266583,0.04650955,0.024858346,0.04006354,0.051493578,0.022465434,0.014704166,0.054211773,0.040463794,0.08681303,0.03070412,0.04765872,0.026788745,0.19141667,0.029090863,0.03998785,0.031589344,0.022301083,0.023412557,0.03579658
0.027479984,0.013659533,0.02336277,0.021395586,0.04374287,0.062041726,0.023689535,0.028887313,0.065670036,0.015760714,0.011473473,0.06363282,0.044928093,0.21334946,0.034679893,0.0316236,0.020088214,0.09177086,0.029681595,0.03572031,0.028489029,0.018274216,0.01660615,0.03399223
0.020728117,0.010877251,0.024090234,0.016179603,0.031742424,0.02604,0.018819287,0.023368776,0.044747796,0.01307946,0.010569698,0.09691828,0.028683716,0.3363795,0.038624566,0.018626826,0.0132232625,0.090488784,0.021901293,0.031937692,0.018630335,0.013238637,0.018838307,0.032266144
0.038126033,0.01992504,0.027284449,0.026023857,0.03584995,0.091408126,0.025524693,0.038163997,0.06300272,0.022159949,0.013515726,0.04434035,0.04530404,0.06174955,0.030218596,0.05776468,0.030156022,0.14568028,0.031672787,0.03615531,0.038260203,0.02458255,0.01809416,0.035036936
0.01966003,0.011803709,0.029403899,0.016146528,0.02441667,0.010715863,0.018909167,0.024458291,0.027526643,0.014163359,0.013656208,0.10387291,0.02318563,0.36465386,0.03675294,0.013848917,0.012429039,0.09030366,0.020253027,0.03306966,0.01600994,0.012431868,0.029857367,0.032470893
0.01897198,0.010774231,0.026572896,0.01829136,0.021012813,0.014498481,0.021097446,0.02795648,0.05485232,0.012586745,0.011169095,0.0962639,0.029089678,0.22332676,0.04029172,0.02166828,0.0143942805,0.20234758,0.0206938,0.03611353,0.01561483,0.015513679,0.019299153,0.027598934
0.035696074,0.018841568,0.03014641,0.023341585,0.043303214,0.06839559,0.02521858,0.033691525,0.047257494,0.021867566,0.014261662,0.07474034,0.046669357,0.14722624,0.039447706,0.039427627,0.024598602,0.07498338,0.03217576,0.03563011,0.037233002,0.021088656,0.021813827,0.04294411
0.02264985,0.010402709,0.018905895,0.017699005,0.03910125,0.06751941,0.019021235,0.028498663,0.098735064,0.01245275,0.00838497,0.062171407,0.036466856,0.17354254,0.029969232,0.033063468,0.017171836,0.16698231,0.024932094,0.0322026,0.024394944,0.016023314,0.011575182,0.028133383
0.02949736,0.015401187,0.025882509,0.017372362,0.04279136,0.026499627,0.021625144,0.026208056,0.024083588,0.017169712,0.014563163,0.05933876,0.034412354,0.3904266,0.02466581,0.018285505,0.016425954,0.033891108,0.027113456,0.030538775,0.026682762,0.01356908,0.026524572,0.037031177
0.027836384,0.013370954,0.021851387,0.021775294,0.03839902,0.07194341,0.023007514,0.032903325,0.082956575,0.015710859,0.010413305,0.05457185,0.045917336,0.13563287,0.03125133,0.04049057,0.021581188,0.15188336,0.028449062,0.035485603,0.028931966,0.01936033,0.014713266,0.031563204
0.024967074,0.0137767475,0.027883597,0.017245846,0.035858378,0.024190081,0.020796847,0.023917548,0.027167637,0.016261239,0.013462291,0.08987476,0.03316378,0.36512712,0.035114516,0.017869929,0.014996588,0.043050498,0.025151694,0.031186765,0.02297985,0.013941339,0.02446272,0.03755312
0.030685302,0.016106883,0.02861932,0.020786291,0.030313382,0.028477449,0.0227392,0.03192409,0.034239545,0.018205566,0.013753501,0.058704864,0.033828624,0.27855882,0.027112247,0.027865062,0.019415405,0.11065333,0.027689043,0.037317403,0.024684519,0.016339451,0.026000114,0.03598057
0.041376602,0.02257686,0.030471988,0.02598508,0.032197457,0.06350555,0.026479445,0.045211256,0.05355813,0.024521492,0.015398896,0.03618718,0.04485347,0.04908142,0.024131186,0.06094472,0.03239854,0.18083388,0.030980729,0.037474357,0.040225394,0.024129113,0.02254257,0.0349347
0.023530371,0.0132260695,0.027872708,0.017624484,0.02291974,0.011433264,0.019934561,0.030789217,0.03045302,0.015132137,0.013404504,0.06020546,0.025177171,0.33601454,0.022805916,0.01921577,0.015258036,0.14629667,0.021602212,0.036254108,0.017474033,0.013289121,0.029850807,0.03023602
0.022358218,0.012582239,0.027359344,0.021869607,0.023649339,0.044114158,0.02233917,0.028286625,0.08395825,0.01502581,0.01028341,0.099418044,0.04183002,0.06940984,0.057957888,0.040679127,0.019047776,0.21621728,0.02404308,0.03470547,0.022394776,0.020586902,0.013181291,0.028702324
0.03338838,0.018484596,0.032782096,0.022852024,0.02939844,0.033464037,0.023956561,0.033653297,0.036024015,0.021015529,0.015308733,0.06466711,0.03509743,0.20758942,0.031903155,0.033418953,0.022225471,0.12297278,0.028835807,0.040055837,0.027326502,0.0189695,0.02775724,0.03885309
0.03556848,0.020371284,0.030720642,0.026273211,0.032000132,0.06331272,0.02604278,0.04010587,0.062456343,0.02258775,0.014787907,0.051817942,0.04659907,0.057400305,0.034055293,0.054193094,0.029252343,0.16774468,0.030476646,0.038920864,0.035196293,0.024510894,0.020212037,0.03539342
0.024015797,0.0122858845,0.022617532,0.02061842,0.023302162,0.03798568,0.021279318,0.035253737,0.08713439,0.014465584,0.009852121,0.053604513,0.03960228,0.07476793,0.028739866,0.043159388,0.020003108,0.2922626,0.023173075,0.03536097,0.021756232,0.0185393,0.013821671,0.026398368
0.030221498,0.014686225,0.023324853,0.020416062,0.05029706,0.06458323,0.023851618,0.02869001,0.05575839,0.016734717,0.01197274,0.059056226,0.04580611,0.23776841,0.0320229,0.029797692,0.020260839,0.066845804,0.029734284,0.03505622,0.030903434,0.017333908,0.01792307,0.03695465
0.03750529,0.018673213,0.02256467,0.02382182,0.04221726,0.101204045,0.024190392,0.040686738,0.07224907,0.020249436,0.012381568,0.03702521,0.0470057,0.077253744,0.023176389,0.053779908,0.028879995,0.13775997,0.030962545,0.03439384,0.039494414,0.022110105,0.017181791,0.035232916
0.026897138,0.01505453,0.030381164,0.019686826,0.028514907,0.017814267,0.022981513,0.032451753,0.035233032,0.017324008,0.014833028,0.073357746,0.031691175,0.28462753,0.02956444,0.023158811,0.017799444,0.11392607,0.025332779,0.037202615,0.021934202,0.015888618,0.028572787,0.03577162
0.019269656,0.010594072,0.024352543,0.017059354,0.027826937,0.016589997,0.020487828,0.026374811,0.05503815,0.012374193,0.011019195,0.09607735,0.02839324,0.2886956,0.037889004,0.018566543,0.013404924,0.13953063,0.021436997,0.034994364,0.016627884,0.014234247,0.019616406,0.029546076
0.026305208,0.0140907755,0.026095398,0.018806368,0.03501698,0.033322513,0.020644441,0.028278388,0.037346277,0.016672634,0.012619832,0.080189764,0.03209725,0.30376258,0.032150067,0.023296524,0.016860826,0.082748815,0.025789965,0.03331075,0.02500486,0.01563629,0.023870466,0.03608304
0.022697615,0.012161671,0.030811995,0.01992284,0.023561645,0.026149958,0.021511074,0.024169957,0.044651482,0.014756473,0.011352722,0.12337978,0.03324642,0.21777454,0.05551472,0.025363237,0.015547304,0.13041683,0.02396812,0.035229888,0.019300044,0.0169408,0.01860707,0.03296378
0.03287919,0.017809084,0.031777628,0.02197122,0.03882024,0.04316721,0.02462293,0.029991582,0.0364759,0.020132318,0.014986773,0.07524392,0.04235648,0.23300529,0.037926275,0.029871155,0.020813089,0.06620603,0.030155627,0.036431227,0.030891368,0.018235344,0.024884602,0.041345574
0.031426407,0.017839003,0.030747233,0.024314567,0.023293188,0.037099022,0.024295282,0.03916002,0.05693684,0.020201515,0.013755176,0.05300212,0.039218713,0.07174754,0.03091436,0.04779409,0.025348142,0.24394639,0.026575921,0.039632823,0.0272144,0.021957912,0.021330874,0.032248456
0.018943675,0.009453639,0.020665834,0.017039558,0.033569466,0.045817707,0.019412799,0.023495331,0.09253828,0.011546731,0.008197914,0.09191258,0.035835665,0.20687488,0.04436665,0.025260242,0.014159221,0.14925049,0.022669526,0.033935152,0.019470716,0.015069591,0.011728006,0.028786415
0.026174178,0.011958003,0.019188821,0.01661889,0.052803483,0.064740084,0.019377336,0.023615899,0.04512614,0.013894894,0.010060934,0.059013832,0.03680393,0.3451895,0.026438864,0.022270199,0.015994826,0.04264953,0.02695686,0.028778408,0.028333783,0.013672707,0.016658038,0.03368091
0.032327306,0.01786239,0.030572582,0.023361782,0.027436463,0.028928215,0.025318395,0.040951278,0.049963817,0.020209158,0.014850165,0.055257853,0.03932776,0.1290037,0.028190576,0.03851562,0.023962341,0.19849221,0.027499218,0.04122323,0.027321965,0.019744005,0.024927301,0.034752715
0.02968421,0.016813524,0.028906768,0.024898527,0.032565244,0.044749606,0.025941538,0.03502568,0.06871863,0.018788233,0.013824774,0.070496656,0.044404723,0.11244757,0.039918445,0.040650204,0.02412197,0.1533912,0.029148366,0.039498843,0.02818919,0.022826256,0.019751186,0.035238624
0.031207278,0.015975147,0.023841856,0.018508457,0.05042776,0.04495085,0.022037111,0.028127983,0.032694317,0.017885752,0.013958352,0.0546847,0.037884615,0.33555388,0.024325885,0.0221163,0.018480372,0.036973372,0.028922902,0.03107282,0.031089999,0.0150261475,0.024924671,0.03932953
0.029961433,0.016011987,0.02655006,0.020595727,0.0375837,0.03512101,0.023564788,0.031210054,0.039780512,0.01805474,0.013764925,0.06358545,0.03691801,0.2771858,0.029909164,0.02647808,0.019340063,0.08350757,0.028648837,0.036408093,0.027226781,0.01707772,0.02436485,0.03715066
0.033826567,0.018433534,0.033286937,0.024902308,0.030902866,0.04739691,0.025876947,0.036666274,0.051935077,0.021200268,0.014319792,0.07145809,0.04571299,0.099756986,0.040548917,0.045150373,0.025196519,0.15208697,0.030640375,0.039066836,0.03140748,0.022032114,0.021047361,0.037147466
0.04475894,0.02527561,0.033444934,0.026749747,0.04111011,0.064968474,0.02846784,0.03995731,0.039837755,0.026964359,0.018033791,0.04603505,0.048906505,0.11195233,0.028865121,0.047163073,0.030790761,0.083458975,0.03560441,0.03869399,0.043079924,0.023719275,0.028047718,0.044114012
0.03012454,0.01569382,0.028296992,0.021045921,0.039680287,0.041774157,0.023665268,0.028670752,0.043157373,0.017985495,0.013442466,0.08189869,0.040752698,0.24806903,0.038376164,0.027456673,0.019490028,0.06878152,0.029176228,0.03537468,0.028374122,0.017933518,0.02212381,0.03865581
0.025785647,0.013994541,0.02345957,0.022097958,0.032650616,0.059470072,0.023427019,0.03297466,0.09251909,0.016232742,0.011144447,0.06641495,0.04295923,0.09967064,0.037057087,0.040898353,0.021364821,0.17961234,0.026530033,0.03701432,0.026519835,0.020885566,0.015246942,0.032069497
0.03069127,0.015742123,0.02923586,0.022038912,0.03941611,0.046194777,0.025084263,0.029746575,0.04754896,0.018271426,0.013327719,0.07689731,0.043214604,0.21615182,0.04041639,0.031115625,0.0206107,0.08140269,0.02962977,0.036878284,0.029272858,0.018748896,0.020629765,0.03773328
0.046015773,0.027900128,0.037864387,0.028562794,0.033571452,0.06819194,0.027477644,0.04246981,0.039004553,0.030096116,0.019450113,0.05146599,0.04592247,0.055821776,0.032735374,0.059084017,0.034674942,0.10325563,0.03499702,0.037207775,0.044406474,0.027354036,0.0287263,0.04374349
0.023800762,0.012892635,0.03027359,0.017703988,0.0287736,0.017536303,0.021097321,0.025540166,0.03322426,0.01536166,0.012931973,0.10425337,0.032176904,0.3194022,0.039223164,0.019747144,0.014915342,0.08036997,0.023692716,0.03311328,0.02034839,0.01436538,0.023890575,0.035365283
0.032217395,0.017190553,0.02616176,0.021670979,0.04977871,0.06076247,0.024820812,0.02942778,0.04557631,0.01910795,0.013954622,0.073453076,0.045423582,0.22039129,0.037289962,0.029715633,0.021448057,0.049837057,0.03211807,0.03416225,0.03409814,0.019376019,0.020963762,0.041053794
0.04140734,0.022986146,0.039294235,0.026364226,0.032297533,0.049567517,0.027053852,0.03938493,0.037305064,0.02639632,0.017798914,0.0699234,0.046480477,0.09462804,0.03832744,0.049063265,0.029237917,0.109261446,0.033217583,0.038255516,0.037765276,0.023418654,0.026789684,0.043775223
0.028790591,0.016779372,0.035893995,0.021084921,0.027077697,0.019956786,0.022899583,0.028897746,0.02661034,0.019523095,0.016631315,0.09426099,0.03155734,0.27596924,0.039682757,0.022985375,0.018275395,0.07864954,0.027058158,0.036208462,0.023745336,0.017113116,0.031191224,0.03915765
0.027496653,0.014231913,0.024066769,0.01581617,0.041515842,0.0321082,0.01836819,0.021734308,0.018839454,0.016213363,0.0132012535,0.06470777,0.029917667,0.4339054,0.024750533,0.015883187,0.01438748,0.021474816,0.025235184,0.025964092,0.025126133,0.012018052,0.025641982,0.03739564
0.024860917,0.013827105,0.033344842,0.020500636,0.022413889,0.017816646,0.022269063,0.02945623,0.03977788,0.016439306,0.013496968,0.11088752,0.03294939,0.20814833,0.045840055,0.025615288,0.017322257,0.14735356,0.024391627,0.03708566,0.020244487,0.017404562,0.023979807,0.034574002
0.031163257,0.016383735,0.028125873,0.020438114,0.04060951,0.040258534,0.02342528,0.029289838,0.035359252,0.018863723,0.014009471,0.069720104,0.040651567,0.2816208,0.03305067,0.02623738,0.019563193,0.05677625,0.029182386,0.035041723,0.029141694,0.016673006,0.02408086,0.04033381
0.03901533,0.021809012,0.035989303,0.024848677,0.027378567,0.031161204,0.025630934,0.0433324,0.03745929,0.024489578,0.01728006,0.0510115,0.038871758,0.110473186,0.02631441,0.04433121,0.027204068,0.18196845,0.029717544,0.039898835,0.03246338,0.021515297,0.0305259,0.037310097
0.027773201,0.015519419,0.031965062,0.019802874,0.02873251,0.019632878,0.022660442,0.030758113,0.03245554,0.01796602,0.01467464,0.07623665,0.031783305,0.28381932,0.03171523,0.024086975,0.017705891,0.10746447,0.025458625,0.036187988,0.023353683,0.015684385,0.028575532,0.035987303
0.041390814,0.024424534,0.0361523,0.025071166,0.04342954,0.07047908,0.02587958,0.031053241,0.026663175,0.026983645,0.018557804,0.07576708,0.043444086,0.15993321,0.040763937,0.036605716,0.026535217,0.035505034,0.036124095,0.033333816,0.042022265,0.02216569,0.029102812,0.048612166
0.03476982,0.019543227,0.04060892,0.024400957,0.024355954,0.02402276,0.025631184,0.03810913,0.036204256,0.022788001,0.017042102,0.073482566,0.04007495,0.123387545,0.03647598,0.039621882,0.024306338,0.17127702,0.028920475,0.040375244,0.027949302,0.02023734,0.028312,0.038103018
0.04337771,0.024699725,0.042472772,0.027923658,0.02909768,0.04745681,0.027421966,0.039963678,0.036350433,0.027837835,0.019131508,0.069805875,0.045270666,0.07184097,0.039316386,0.05252768,0.031214463,0.11603138,0.0337244,0.038668416,0.037965227,0.025835373,0.028581845,0.043483544
0.046268888,0.026338208,0.034944363,0.026979353,0.041200828,0.06673078,0.028420586,0.04198764,0.039197605,0.028355133,0.019174248,0.04896018,0.048401028,0.09058872,0.029133571,0.050073545,0.032374926,0.0836422,0.036033664,0.03722636,0.04565085,0.024955507,0.028936645,0.04442518
0.028114442,0.015376106,0.026205156,0.015907414,0.034242105,0.020243946,0.018689549,0.023352686,0.015477876,0.016903557,0.014630895,0.056326732,0.027471766,0.45551336,0.021043876,0.014954121,0.01451328,0.025534881,0.024711808,0.027357984,0.023141168,0.011819314,0.031598628,0.036869284
0.039883018,0.0221373,0.029368617,0.026239488,0.039779596,0.10103788,0.027205184,0.03776814,0.060640562,0.024310688,0.014597835,0.049412522,0.055369828,0.045844343,0.0354779,0.06038752,0.032165967,0.102640636,0.033828154,0.034955613,0.04377966,0.025869181,0.017978847,0.039321553
0.026257768,0.014370099,0.029650405,0.018003168,0.028643923,0.014777185,0.021221058,0.02968376,0.026558835,0.016905252,0.014322517,0.0709583,0.030639803,0.35089493,0.027306508,0.019975377,0.015962321,0.08500631,0.024406828,0.034456007,0.021360703,0.013908484,0.029281966,0.035448503
0.023026459,0.0125120245,0.026360221,0.016107978,0.03285201,0.015719766,0.019725917,0.023585588,0.02521372,0.0146751795,0.013394122,0.081864014,0.028150778,0.41282842,0.030289007,0.01437435,0.013106363,0.048417356,0.023126781,0.03131975,0.019452024,0.012223602,0.027069213,0.034605388
0.029770816,0.016800096,0.03280045,0.023049073,0.03047603,0.033482086,0.024574902,0.033183694,0.046579402,0.019613301,0.014625541,0.09410316,0.03943712,0.16083725,0.04357674,0.033736307,0.021403428,0.12563953,0.028865099,0.03786507,0.027082996,0.020416185,0.023835503,0.038246233
0.030542206,0.017209636,0.03309879,0.019436566,0.028048674,0.01862508,0.021579996,0.030226273,0.022416726,0.019647298,0.016243044,0.06452818,0.029837906,0.33608615,0.02651229,0.02186295,0.017941259,0.07455999,0.025979329,0.034860454,0.024016801,0.014673133,0.034059577,0.038007673
0.034563564,0.02086911,0.040527027,0.02406307,0.030871544,0.029747145,0.025249783,0.03246939,0.02895329,0.0240991,0.018565644,0.08905977,0.037752043,0.1967202,0.042070992,0.03184201,0.023050077,0.07604127,0.03076181,0.037179068,0.030477043,0.020256424,0.031902254,0.042908296
0.043505356,0.022129,0.027712462,0.025156451,0.048454683,0.09303285,0.027476402,0.03907564,0.05038038,0.024041638,0.01490793,0.040365648,0.05393592,0.09715956,0.027050462,0.050119556,0.030143317,0.08329968,0.035524476,0.035888717,0.0462198,0.022744825,0.020984013,0.040691193
0.018382713,0.010272039,0.023593659,0.014573051,0.033602275,0.013042113,0.01815882,0.021033362,0.030211844,0.012127096,0.011690909,0.095676765,0.024684248,0.42268828,0.031826857,0.011408819,0.010758177,0.059067044,0.020913905,0.03139785,0.015525256,0.0109106125,0.026382223,0.03207208
0.031154828,0.016886832,0.028436946,0.021992086,0.034636527,0.03469575,0.024355914,0.034117375,0.044762466,0.01888387,0.014148259,0.05992812,0.038327843,0.22403882,0.02956188,0.03091882,0.02120065,0.11787157,0.028543113,0.038891196,0.027106043,0.018112669,0.024411913,0.03701656
0.0354421,0.01864746,0.02768164,0.023746286,0.044092912,0.06302055,0.026267251,0.035302415,0.051139534,0.020866375,0.014595487,0.059791822,0.045250215,0.16446552,0.03376788,0.037701264,0.024984386,0.08572064,0.03244858,0.037123553,0.035536494,0.021028398,0.0217543,0.03962493
0.043433733,0.023651995,0.032658905,0.025215002,0.034106266,0.049853098,0.02656138,0.04535602,0.041749943,0.02580769,0.01712477,0.0416553,0.04443288,0.09742293,0.0237775,0.050507005,0.030047255,0.14587498,0.032281276,0.038885668,0.03879711,0.021902224,0.028337577,0.040559515
0.032013517,0.018704167,0.032629848,0.025151849,0.03137446,0.038504396,0.026652364,0.03753826,0.055247255,0.021202479,0.015456819,0.06992566,0.043915343,0.1096982,0.03906101,0.04114962,0.02493779,0.1537789,0.030214734,0.040558614,0.030017039,0.022765437,0.022888271,0.036613997
0.026364481,0.013476405,0.022880154,0.017878985,0.04473483,0.036913883,0.020942958,0.024578929,0.0357973,0.015275199,0.012454373,0.06149931,0.034426868,0.37021884,0.026789984,0.019225894,0.01590906,0.045850947,0.026801966,0.031879272,0.024833303,0.013902834,0.022252008,0.03511221
0.038777627,0.023364725,0.042340957,0.025449773,0.032784995,0.04149103,0.026170157,0.033350553,0.028445296,0.026762879,0.019431379,0.08744467,0.039868355,0.15405439,0.043981142,0.037261013,0.025475718,0.06872004,0.033153497,0.036993526,0.03477514,0.022145782,0.03156074,0.04619658
0.047086768,0.026679551,0.03764106,0.025916375,0.038980037,0.05783285,0.027117927,0.038165234,0.027480958,0.028829552,0.019811716,0.057510007,0.045606676,0.14182453,0.030695036,0.042115413,0.029483356,0.057632964,0.03622833,0.036133382,0.043816954,0.022141015,0.03300314,0.048267126
0.026410664,0.016070087,0.03800276,0.021665022,0.023958964,0.019349556,0.023475187,0.029982097,0.033644345,0.019159691,0.015932012,0.11776392,0.03158145,0.1999415,0.051209394,0.026280746,0.01836437,0.11856235,0.025784496,0.03682842,0.022392005,0.018424632,0.028054964,0.03716136
0.0345116,0.018022398,0.027984397,0.02200513,0.041628327,0.04333561,0.024818828,0.032831226,0.03880252,0.020081874,0.01476482,0.054448806,0.04121121,0.24787043,0.028248072,0.030057462,0.02192027,0.075885855,0.030689932,0.03729219,0.03144111,0.017911073,0.02514946,0.03908743
0.025916139,0.015765693,0.03588959,0.022701358,0.022506908,0.020410573,0.023510942,0.03294903,0.04728922,0.018738545,0.015293189,0.11187361,0.030986948,0.13879041,0.04941161,0.030513408,0.01998962,0.17175622,0.024912013,0.037455786,0.022621091,0.02062365,0.026042035,0.034052476
0.03236736,0.017216107,0.03322093,0.020658264,0.03003988,0.02659576,0.022857904,0.030918593,0.026232526,0.02012202,0.015027789,0.07229436,0.03519613,0.28383282,0.031608105,0.026765829,0.01929265,0.080529,0.02798537,0.036206722,0.026324715,0.016099544,0.028805826,0.03980182
0.026357539,0.016143296,0.037643824,0.021188354,0.025399072,0.016450074,0.023451196,0.029702067,0.03292029,0.019068815,0.016266486,0.11972581,0.032004442,0.21910262,0.048354905,0.024871401,0.018430848,0.10322232,0.026215982,0.03599416,0.022300681,0.01837598,0.028923051,0.03788674
0.03797556,0.019661153,0.02508253,0.02084189,0.05088628,0.05904355,0.02390989,0.032891072,0.031165699,0.021216368,0.015701804,0.0413199,0.039517872,0.28007126,0.021132544,0.0286273,0.02284772,0.04177138,0.032110397,0.03209703,0.037219975,0.016839879,0.026817927,0.041251082
0.027014391,0.015725536,0.033338845,0.020177785,0.029549295,0.019022992,0.023311598,0.02919044,0.031772405,0.018470716,0.015683698,0.09887678,0.032510556,0.27580044,0.040318426,0.022502437,0.017506063,0.0817701,0.026464816,0.035360835,0.022772798,0.016805284,0.0281708,0.037882898
0.030478377,0.01612874,0.028044274,0.01905795,0.03216168,0.020748371,0.022304382,0.03294233,0.0313657,0.017974041,0.014564772,0.05389432,0.03308761,0.32026958,0.022335004,0.02383209,0.01852993,0.09644844,0.026154168,0.035592712,0.024917826,0.014778824,0.02888035,0.035508525
0.031916846,0.01968713,0.043394085,0.022780033,0.022859467,0.016403003,0.02373144,0.03521086,0.026141383,0.02319297,0.019348035,0.09073093,0.030218996,0.19265392,0.038238075,0.029397957,0.021460494,0.12812252,0.026876543,0.037724722,0.024982827,0.018742705,0.03666124,0.039523806
0.031519145,0.017385585,0.02857164,0.024166625,0.035324387,0.04637799,0.02598863,0.035988558,0.062366612,0.019335583,0.014026615,0.061344877,0.04505486,0.13201043,0.034554705,0.03910358,0.023912461,0.14550038,0.029871272,0.039417244,0.030127443,0.021194268,0.020900479,0.035956617
0.028224936,0.015556861,0.03052613,0.021228429,0.033208452,0.036990266,0.022888813,0.027949862,0.03890967,0.018178806,0.013875316,0.08784967,0.034422,0.24582885,0.042434774,0.027103897,0.018801535,0.08761514,0.027942527,0.036305882,0.025725406,0.017982421,0.023455348,0.03699496
0.03590403,0.019073179,0.024909113,0.024883172,0.031240128,0.08345655,0.025147574,0.04091092,0.0746509,0.020861283,0.012383613,0.033312794,0.050052937,0.034134086,0.02533387,0.06495907,0.030510703,0.19556826,0.029086733,0.035836585,0.03661276,0.023769367,0.015581815,0.03182056
0.01968706,0.011154596,0.028526504,0.018329319,0.026799092,0.021081623,0.021126693,0.023226239,0.046465784,0.013524123,0.011266601,0.13639787,0.031922817,0.25228906,0.058510985,0.020530485,0.013822942,0.105189495,0.022938065,0.03273439,0.017963367,0.015735716,0.018526955,0.032250274
0.02526042,0.013999939,0.027852576,0.019650152,0.02734122,0.020399107,0.021769285,0.0319651,0.043060012,0.016359229,0.013333331,0.07633703,0.031130059,0.25472596,0.031009283,0.024796462,0.017414548,0.14633192,0.024653064,0.036828045,0.021340726,0.016107053,0.024855878,0.033479646
0.031219663,0.017304428,0.03593671,0.023049308,0.026858002,0.026003687,0.024237413,0.03147113,0.03278278,0.020103341,0.015499271,0.078865625,0.034477327,0.21898653,0.0383168,0.029986022,0.020231755,0.1189397,0.027979404,0.039664373,0.024758924,0.01832582,0.027767435,0.037234556
0.03640842,0.019409237,0.02953405,0.022245845,0.040863644,0.038807496,0.02551108,0.03533965,0.036001325,0.02117539,0.016153065,0.05191691,0.042428743,0.23978923,0.026133513,0.031075966,0.023026532,0.07647351,0.031193394,0.03693133,0.03320486,0.018223394,0.027682066,0.04047134
0.035829984,0.020644087,0.034018606,0.024963748,0.04129461,0.052041482,0.0271723,0.033764962,0.042050906,0.023493623,0.017144226,0.07948773,0.04577737,0.15045635,0.04191137,0.036613952,0.025291497,0.06921154,0.03354704,0.037297696,0.035521403,0.022759536,0.025637865,0.044068113
0.034620255,0.019068481,0.03305107,0.023431126,0.030137658,0.030910607,0.025554333,0.039827853,0.04286665,0.021825008,0.015962904,0.06135323,0.039446115,0.14838615,0.029987194,0.03774891,0.024200883,0.15821305,0.029415742,0.039608646,0.029663395,0.019897232,0.027033133,0.037790403
0.034039527,0.019089613,0.030515065,0.022020273,0.045618847,0.04991648,0.024688553,0.029127983,0.03225977,0.021434672,0.016324922,0.07465524,0.04111116,0.24388656,0.036293913,0.027584974,0.02155598,0.04118053,0.032012902,0.03387074,0.03369752,0.01916123,0.026485171,0.043468397
0.026735391,0.014613857,0.028749362,0.01862616,0.02577436,0.013601637,0.021943983,0.032703016,0.02912185,0.016661849,0.014522103,0.057797104,0.028758198,0.32650214,0.023370964,0.02095611,0.016624311,0.12476761,0.024194278,0.036961168,0.020484712,0.014083046,0.030065464,0.032381307
0.02057353,0.011074763,0.025659455,0.015745152,0.030391403,0.016613545,0.019080421,0.021811256,0.029715912,0.013297503,0.011772347,0.10149759,0.027775856,0.3947297,0.03702143,0.014708991,0.012249792,0.057246976,0.021951284,0.030474445,0.017772583,0.012479557,0.022917923,0.033438478
0.02366669,0.013352088,0.03001964,0.019089738,0.021453816,0.014629181,0.020845862,0.031085119,0.038640622,0.0157069,0.012856853,0.079323426,0.028081356,0.24382651,0.031788215,0.02355806,0.01626736,0.18539634,0.022238495,0.037584256,0.018493198,0.01533427,0.025599668,0.031162301
0.03520467,0.020976027,0.042187702,0.02518228,0.028872762,0.03343509,0.026132055,0.032573357,0.03173819,0.024299806,0.018248977,0.09412581,0.03933157,0.15721154,0.047517117,0.035751745,0.024041785,0.08771444,0.03139911,0.038716245,0.030443514,0.021704424,0.029989623,0.043202117
0.0391849,0.021910444,0.032647576,0.026063042,0.03142502,0.052314993,0.026991364,0.042673577,0.050789934,0.024198124,0.015936468,0.048021775,0.048414744,0.06772054,0.029454928,0.053741463,0.02992846,0.16570514,0.032086425,0.038946655,0.036967278,0.02367713,0.023400709,0.037799306
0.033209797,0.018239694,0.029248271,0.025340268,0.03250244,0.07031748,0.025703194,0.036209956,0.06644755,0.02078042,0.013045319,0.059209954,0.04798505,0.060714792,0.03932557,0.053379364,0.027070923,0.16407664,0.03003298,0.037403498,0.03396068,0.02389781,0.017373357,0.034524966
0.037718285,0.021547737,0.03406445,0.026634252,0.028924689,0.057022057,0.02621708,0.038794987,0.049465608,0.024140906,0.015476753,0.058038842,0.044720635,0.06416382,0.035998482,0.05490154,0.029541366,0.1623503,0.031542372,0.039162494,0.03457524,0.024536368,0.022236673,0.03822503
0.032303344,0.019842604,0.039579384,0.023642045,0.029260593,0.02627141,0.02545822,0.032714184,0.03164284,0.022838634,0.01823545,0.09264859,0.035155013,0.19405061,0.043944594,0.030514995,0.022079643,0.09180845,0.029546272,0.038018815,0.027692959,0.020193273,0.031218935,0.041339166
0.034427963,0.016819673,0.02355688,0.021178126,0.043110125,0.041914657,0.024867263,0.038633496,0.050613385,0.018191667,0.01333122,0.0361776,0.04203341,0.2331511,0.01967745,0.03226946,0.022468768,0.11479817,0.02947589,0.03716797,0.031267054,0.016920274,0.023151476,0.03479698
0.037704982,0.021874141,0.037302088,0.025529046,0.033598278,0.04108783,0.026342794,0.03740024,0.036141276,0.025040241,0.017941758,0.07319709,0.040128738,0.14797226,0.0375023,0.0395781,0.026186582,0.09576903,0.032545358,0.038338203,0.034498278,0.022088759,0.02979186,0.042440794
0.021270325,0.009700861,0.017503938,0.013237227,0.035696868,0.019003486,0.01620902,0.022028983,0.028404364,0.011278158,0.009374734,0.047425274,0.025788497,0.5009544,0.016574807,0.013189346,0.011171664,0.057198312,0.020481164,0.027989484,0.017226627,0.00914204,0.021322818,0.027827598
0.022981118,0.012832663,0.02913064,0.018193241,0.03522804,0.030875169,0.021203617,0.02149022,0.035244297,0.0153544815,0.012686667,0.13407224,0.033406444,0.28872392,0.05701518,0.019668994,0.01471357,0.04575536,0.02560826,0.030348852,0.022268526,0.01576759,0.020064944,0.037365887
0.027740488,0.015905276,0.03301357,0.018696366,0.020274416,0.010969136,0.02025668,0.033520013,0.022578802,0.018328631,0.015867772,0.058515627,0.024589235,0.30809438,0.021987023,0.02142601,0.017141342,0.14731263,0.022805909,0.036939133,0.019600559,0.014030321,0.037099976,0.033306688
0.031773716,0.018386707,0.0366779,0.023107247,0.031204363,0.032773238,0.02453487,0.030885383,0.034026384,0.021480465,0.016186848,0.09607565,0.036334988,0.20179175,0.044864208,0.0309671,0.021354482,0.08569039,0.02903385,0.036855098,0.028093522,0.019748598,0.027363427,0.040789794
0.040927343,0.021401823,0.028618949,0.02208983,0.044391975,0.048420906,0.024948863,0.035494443,0.029370902,0.022984851,0.016793484,0.042116538,0.04131238,0.25772414,0.021959025,0.030935397,0.023810245,0.05388034,0.032725822,0.03428249,0.037588984,0.017600482,0.029821653,0.040799137
0.031228177,0.018975807,0.039425347,0.024315095,0.028847737,0.029673088,0.025572447,0.03164215,0.03697386,0.022090467,0.017251298,0.10726849,0.036522053,0.16414176,0.05104883,0.032133985,0.022179628,0.09445929,0.029052285,0.038052607,0.02782026,0.021284666,0.028452499,0.04158817
0.02959261,0.016413948,0.02876371,0.019112376,0.03859434,0.024505928,0.022919195,0.028660689,0.027865564,0.0185539,0.015788157,0.07359424,0.035869665,0.3355653,0.029880347,0.020386478,0.017784014,0.043839388,0.028002203,0.03316791,0.026595559,0.015438946,0.0287626,0.0403429
0.030506557,0.018704422,0.044474073,0.024026236,0.021953197,0.023254257,0.02468602,0.03256324,0.034687363,0.02239488,0.01724429,0.119576454,0.035311002,0.11405142,0.056073286,0.035702746,0.022254553,0.14407025,0.027275786,0.03759228,0.025781732,0.021682769,0.027411707,0.038721446
0.045573685,0.023439612,0.026797712,0.025122117,0.056337137,0.10288436,0.026906425,0.03742544,0.039902426,0.024864012,0.016715607,0.036160734,0.050717436,0.13693653,0.023605132,0.043107484,0.02973948,0.046365667,0.037271503,0.032734692,0.04956263,0.021655496,0.024117537,0.042057138
0.02378646,0.014527791,0.036403958,0.021756798,0.025153551,0.028957667,0.022807138,0.025912076,0.04354065,0.01785678,0.0136680445,0.15385063,0.033822965,0.14213713,0.072749965,0.02888084,0.017804323,0.116976775,0.025375457,0.03453755,0.022696132,0.019989753,0.02073958,0.036068
0.036399655,0.018769367,0.030143961,0.022908434,0.0416738,0.048132617,0.026449082,0.03339047,0.0400359,0.020920778,0.015104222,0.06324723,0.047286328,0.20561697,0.03384171,0.03409034,0.02335684,0.070759706,0.032591403,0.037058886,0.03401299,0.019363534,0.023523284,0.041322522
0.033441376,0.019828228,0.037212085,0.026364433,0.026320143,0.058025483,0.025588393,0.034058314,0.05722087,0.02328205,0.014644305,0.08994915,0.04617425,0.035970863,0.058142412,0.058155593,0.028339006,0.14795758,0.030222533,0.035429705,0.03293604,0.026780097,0.017751446,0.03620565
0.03081163,0.016311044,0.027200447,0.018030806,0.03120521,0.018534018,0.021059388,0.031654287,0.022358775,0.018160215,0.015112761,0.045958687,0.029707884,0.3829161,0.018051825,0.020161992,0.017186666,0.06994652,0.025642093,0.033064906,0.024729362,0.0133701665,0.033407405,0.035417803
0.029601261,0.01687839,0.033120207,0.022667548,0.03744385,0.046065226,0.02520048,0.02776212,0.042675633,0.019863049,0.0146127865,0.1095463,0.040712703,0.18174662,0.05483593,0.0311937,0.02073406,0.06775026,0.029980397,0.034569077,0.02958798,0.020394992,0.022079602,0.04097783
0.036941815,0.019211138,0.026672672,0.022061814,0.04091214,0.043840803,0.024169456,0.038176656,0.03799335,0.020879103,0.015232948,0.040771868,0.038229533,0.23750834,0.020289063,0.032576453,0.023498265,0.096372336,0.030264473,0.036278713,0.033973094,0.017751366,0.028401008,0.03799357
0.027133934,0.016306372,0.03852317,0.023937894,0.021085946,0.025081847,0.024942929,0.03241109,0.050308008,0.01949315,0.014505112,0.10297336,0.03877561,0.07986412,0.056132067,0.040056434,0.02165299,0.20385443,0.025831152,0.03756165,0.023943752,0.021437483,0.020826694,0.03336078
0.039966457,0.022926074,0.036627535,0.022261098,0.02965911,0.021707758,0.02437935,0.038926017,0.02220216,0.024543261,0.019957162,0.04869378,0.03291251,0.25726226,0.021591738,0.028719407,0.023424076,0.08568431,0.029852701,0.037359785,0.030817777,0.017300108,0.04174107,0.041484475
0.032518927,0.019621538,0.043883577,0.023973588,0.023144547,0.023213604,0.024603732,0.034360647,0.031550504,0.023181712,0.017718593,0.10432151,0.0333535,0.13780719,0.047068268,0.03598364,0.022904845,0.1372708,0.027982272,0.037866093,0.02657852,0.02069351,0.0302806,0.04011834
0.045341525,0.022510799,0.02635396,0.023848947,0.05042619,0.07527098,0.026407842,0.04034154,0.039013,0.02381932,0.015961384,0.031014917,0.04709492,0.17318644,0.019110963,0.041495565,0.028566211,0.069410145,0.03481576,0.035499368,0.044314876,0.019770136,0.026021596,0.040403627
0.028628716,0.017532539,0.041070275,0.024251701,0.022162523,0.027955087,0.02472144,0.031279523,0.04266004,0.02096221,0.015612339,0.11867925,0.036070053,0.0956838,0.061089937,0.03852518,0.022157382,0.15932444,0.026792413,0.03707707,0.025076605,0.022042494,0.023605116,0.03703987
0.04849703,0.026729695,0.034307547,0.024967544,0.040261865,0.042766552,0.028286906,0.045548894,0.030903697,0.0274108,0.02030789,0.03808425,0.045938287,0.15592131,0.020773012,0.0405372,0.030152649,0.08180312,0.035323255,0.038212933,0.042468853,0.02087803,0.035656106,0.044262577
0.027751522,0.0176355,0.03779444,0.02415215,0.028682869,0.028912872,0.026204523,0.03207576,0.049411297,0.02066818,0.01623229,0.12367314,0.040837754,0.108046465,0.0630798,0.034229524,0.021980433,0.12176428,0.028346179,0.03759697,0.026695464,0.022910332,0.023021339,0.038296863
0.035304405,0.01782507,0.024282621,0.019456783,0.045053173,0.041263696,0.022533441,0.03242938,0.028534204,0.019453214,0.014788131,0.041501354,0.03659558,0.33322385,0.019210361,0.024782913,0.020345692,0.048224326,0.029723309,0.03181891,0.032568663,0.015055837,0.02754548,0.038479596
0.02439677,0.015021502,0.03896818,0.021930637,0.02318935,0.02622703,0.023238217,0.026181137,0.041691437,0.018537953,0.01423054,0.15586163,0.03293923,0.1341867,0.07545708,0.03001003,0.018296089,0.11937314,0.025136631,0.034502562,0.02238015,0.020139739,0.021736456,0.03636775
0.024736429,0.013328816,0.027533708,0.015697118,0.025581447,0.01419066,0.017884465,0.024436133,0.018228637,0.01586284,0.013507296,0.06892115,0.024200546,0.4392407,0.023562001,0.015530925,0.013526803,0.055618327,0.02204797,0.030093573,0.018877024,0.011555153,0.030808201,0.035030082
0.024603674,0.01448259,0.036988318,0.021556119,0.025662879,0.025423564,0.023342855,0.026100695,0.041121434,0.017619556,0.013932484,0.1399144,0.03541401,0.17330717,0.0656084,0.02784765,0.017631928,0.10929201,0.025803609,0.03550859,0.022090431,0.019141069,0.021482166,0.036124364
0.033955332,0.01777961,0.027847763,0.022418123,0.03352255,0.039567795,0.023834115,0.037204307,0.04217027,0.019727726,0.014349752,0.047743242,0.037120257,0.20911591,0.023418617,0.034438834,0.022583023,0.1368007,0.028737405,0.03809474,0.029368805,0.01794895,0.025834564,0.03641762
0.03169877,0.019276848,0.039739884,0.024920199,0.031599857,0.04518604,0.025595937,0.029065395,0.037769154,0.022753915,0.016513184,0.12352429,0.04034961,0.12444002,0.0649203,0.036207024,0.022997081,0.07615783,0.031278845,0.035359073,0.03129029,0.023145827,0.024131821,0.042078797
0.033625826,0.017966459,0.03164068,0.021267835,0.03151142,0.023136878,0.024278883,0.035408527,0.03009247,0.020272119,0.016267275,0.056436107,0.03619098,0.2720326,0.025068697,0.027013928,0.020783357,0.09791078,0.028522708,0.03765916,0.02751335,0.016629916,0.030767547,0.03800259
0.028639875,0.016841592,0.034606453,0.024093792,0.025718553,0.043477792,0.02486757,0.032002367,0.058443867,0.019968703,0.013549896,0.104406066,0.04230307,0.067909054,0.05962375,0.04527732,0.023385033,0.16649649,0.027534762,0.036184788,0.027831914,0.023193495,0.018259414,0.035384394
0.03707086,0.020161938,0.028849317,0.024576662,0.037619818,0.039776903,0.027418485,0.042484988,0.051898904,0.02181683,0.015915273,0.042122256,0.045587145,0.145844,0.023045024,0.04038597,0.026703905,0.1379934,0.03134306,0.040578317,0.033919957,0.020926794,0.026233027,0.037727114
0.021981256,0.013267555,0.033851855,0.018183539,0.026573433,0.018071804,0.020761795,0.02190424,0.026270913,0.016124984,0.014066268,0.13833761,0.028115338,0.3072268,0.05614906,0.017527325,0.013791924,0.056545585,0.023608152,0.031238304,0.01940411,0.01503947,0.02547613,0.036482535
0.048253458,0.026003363,0.031384733,0.026553411,0.035802767,0.063421324,0.027445033,0.047574893,0.042667773,0.02680539,0.01765268,0.029798632,0.047006425,0.07236148,0.019892948,0.05761761,0.034231465,0.14022122,0.033885654,0.038362645,0.044073682,0.023161447,0.02714157,0.038680445
0.02789891,0.017612895,0.043372586,0.023889266,0.023332354,0.024781367,0.025174616,0.029739598,0.038445696,0.021120729,0.016265113,0.14545634,0.036436375,0.10726204,0.07028225,0.034678034,0.021257296,0.119859435,0.027436873,0.035595626,0.025585234,0.022105817,0.0241467,0.038264915
0.043032058,0.022929013,0.030662388,0.025075443,0.040727098,0.05930844,0.027336756,0.0410584,0.040409174,0.024588963,0.016717885,0.042185135,0.047829423,0.1390377,0.025227344,0.044183448,0.02865405,0.09892659,0.034167424,0.0381259,0.040677007,0.021167172,0.026555834,0.04141736
0.038874574,0.021720722,0.03714134,0.026166704,0.035979692,0.055758458,0.02826342,0.035905153,0.043398026,0.02481887,0.016912853,0.07793826,0.049471762,0.09910319,0.04615293,0.04584768,0.027967975,0.0883853,0.03402199,0.03816476,0.0374265,0.024333902,0.023775173,0.042470727
0.02580639,0.013540567,0.025900545,0.018654684,0.027423315,0.020258788,0.020478655,0.030675003,0.037782457,0.015606568,0.012715801,0.062654935,0.028686289,0.31049585,0.024854288,0.022694107,0.016581135,0.13195443,0.023612702,0.036280975,0.020131702,0.014420931,0.02582948,0.032960396
0.036363162,0.021664739,0.037267175,0.026039949,0.035547376,0.04570006,0.027445327,0.036103554,0.04411564,0.024843002,0.017865146,0.07868803,0.04425716,0.117045194,0.043414418,0.041014068,0.026852388,0.09702865,0.032534678,0.038366176,0.03535609,0.023916086,0.026791846,0.041780174
