Stock_1,Stock_2,Stock_3,Stock_4,Stock_5,Stock_6,Stock_7,Stock_8,Stock_9,Stock_10,Stock_11,Stock_12,Stock_13,Stock_14,Stock_15,Stock_16,Stock_17,Stock_18,Stock_19,Stock_20,Stock_21,Stock_22,Stock_23,Stock_24
0.06238061281042484,0.014234058881884086,0.06691974694124928,0.04264681828463971,0.0007180930758900971,0.06764710190067032,0.060207410299367804,0.06637448219388796,0.0009138114590310631,0.013366646072580321,0.02349302006245653,0.06714348419517271,0.06190502208771632,0.06745199597402735,0.03132614398366359,0.0011432737616096148,0.04799662985063569,0.00047007861422656216,0.06671563263128148,0.034938696329073246,0.06026051960655162,0.006349632602962465,0.06771986659983617,0.06767722178116116
0.036232944292678,0.04620169304835152,0.034914202692980574,0.043783003413858226,0.050609395491444005,0.042904923747365264,0.034342738417753295,0.03729945704875144,0.03913371074158134,0.052677059615094265,0.03916426114632788,0.0386996578390601,0.03706818204066058,0.04091127306752546,0.03952970332720883,0.03551797293683297,0.050929241777145404,0.038928722992619604,0.04185433939689184,0.04751215988497217,0.04549545844607762,0.04787964252386988,0.040299194694616146,0.0381110614163336
0.03634686768498554,0.04615908416091105,0.03496825102899707,0.043758058297004424,0.050481479650843444,0.04286482065348991,0.034489702921382544,0.0373822769026024,0.03926233276457778,0.05251604273148334,0.03915360004730895,0.038758369484095306,0.037113560443246256,0.040872774376471965,0.03952780691685832,0.035590543127040956,0.05082137808911416,0.03895133805742092,0.04180884176780401,0.04741691974810055,0.045471012219001024,0.0478401382958885,0.04024671925273195,0.03819808137863964
0.03648107223837035,0.04610735119002758,0.03503341375438981,0.04369761108549354,0.05032224306149211,0.04284493819534657,0.034671544634916805,0.03747911416047359,0.03937902957634827,0.0523340306986337,0.039174462423228036,0.03884327799220317,0.037145302176762054,0.04083898500690239,0.03956149196184209,0.03567123742914708,0.050670033625496685,0.03898623992955185,0.041765183229887225,0.047281372492020184,0.045436502382331524,0.04776953332921128,0.0402151578567004,0.038290871569223686
0.036710283043177146,0.045966515824054935,0.03520794308274545,0.043587177641243764,0.05005360624518071,0.04276588965250281,0.034962886693677794,0.037652959512679905,0.039583824167930194,0.05196533395367911,0.03917692586208014,0.038892581362309345,0.03723871325444346,0.04077673055867924,0.03959515215447778,0.035806835777823016,0.050440135688943274,0.039016971516196576,0.04169550121166941,0.04708132492929741,0.04542148677018973,0.04771320273374562,0.040190723032111936,0.03849729533116125
0.036452503835637154,0.04607069425156812,0.035089040442524644,0.04370531354100763,0.050315132291243486,0.042828727206526494,0.034631164789818064,0.037478952128398926,0.03937318431371628,0.05227517516205785,0.03918888927378567,0.03879394057123357,0.03718370889572987,0.040862919428347376,0.03954159189439978,0.035689395691034985,0.05066755807326471,0.03900161052902066,0.04177992163406912,0.04731727792875763,0.04543369377598505,0.04775619013785173,0.04025075239987403,0.03831266180414716
0.036312573344696474,0.04612724702733979,0.03500044100342107,0.04370461248949749,0.05052475405796954,0.04286078994915101,0.03446017943020665,0.03739700802872461,0.03922980834602033,0.05255069455967627,0.03913650086091404,0.03871468321114891,0.03709166699136704,0.040909068629066014,0.03947313419906596,0.035604972345570245,0.05086991326561657,0.03896785844411669,0.04184882515583136,0.04746600860360265,0.045466917921954536,0.047812142489471146,0.04025000147548328,0.03822019817008832
0.03624701912741927,0.04608419140086892,0.03511550840447132,0.04349866906947441,0.05053254882641474,0.042897553276436996,0.03446960623726973,0.037390504350315566,0.039035482041486116,0.05263189312070288,0.039233884729897826,0.03875871923098304,0.03689607396395173,0.04103389474302188,0.0395234326534563,0.03563646841347139,0.050913690900606476,0.038959469106081286,0.04201506495215804,0.047430553075653775,0.045418313777133935,0.047695500430552276,0.04036430009905872,0.03821765806911337
0.037258806383192636,0.045691827429725294,0.03565661190164869,0.04324218972142125,0.04912933621778291,0.042690169320659326,0.035777721488870956,0.03804167942235391,0.040148885249483464,0.050924585843733466,0.03931299472819446,0.039441089494287665,0.03749857220164088,0.04080298005123449,0.03973491585370197,0.0363487311710761,0.049687905701911235,0.03926889297638173,0.04162636406752785,0.046549328906016964,0.04507609118051086,0.04713150875377694,0.04011000134212855,0.038848810592738384
0.037532573833309234,0.04565323618075262,0.03562006165185867,0.043189121376480594,0.04881236738713064,0.042710148634779246,0.03612640077260574,0.0382285119538014,0.04046561668582008,0.05059154358314326,0.03928199533025893,0.03964514473585955,0.03770391924435144,0.040720163731406085,0.03977221456398158,0.03651058929153486,0.04935789227020685,0.039385915259024455,0.041484688393799485,0.046373495444959396,0.04496325103701976,0.0469819416119003,0.03995584276368367,0.038933364262332175
0.03726358165046624,0.045838862891958064,0.03535621752889086,0.0433041843447223,0.0492022844352226,0.04284506369340782,0.03574522683795161,0.03803822119363918,0.0401787746398543,0.05111487145905812,0.03928243994387308,0.03949242968752628,0.037564589646885166,0.040747247256995106,0.03972798053926216,0.036263472375007766,0.04963578532281378,0.039370869697715936,0.041541222759609614,0.046612923529460566,0.04505384130039596,0.04711062939131989,0.04000112710638813,0.038708152767575485
0.03763753580220048,0.04555964290781407,0.035730026315673326,0.04316131551172793,0.04872592417303377,0.04262321634736964,0.03627234811147607,0.03834750293862314,0.04055297137920769,0.050456688917244856,0.03928559652982061,0.039633369299429094,0.0376791690647302,0.04067212390832696,0.03968647671660111,0.036574412613767274,0.04928821883739864,0.03940986508618722,0.041473013793669765,0.04625744866205375,0.04499681882371416,0.046961302018651487,0.03992365930318986,0.03909135293808889
0.037752283448984084,0.04554305860524107,0.0357444375432911,0.043175752543909734,0.04853313215266374,0.04263408586261587,0.036402836878220234,0.038415717083110056,0.040683169002767194,0.05022597440234639,0.03933548023935302,0.03970733916926391,0.037798457054199694,0.04063721671338288,0.039732854086365586,0.03664020446692986,0.0490825550634933,0.039479625529746785,0.04141985563319027,0.046163729950585465,0.04495200287952756,0.04689187429869274,0.039918003858191255,0.0391303535339282
0.03795636382634706,0.045403877197660335,0.035762037498148116,0.04325822834163001,0.048356548239733496,0.0424183849103122,0.03672038174816094,0.03862017135039858,0.04092312364099293,0.050015956425023496,0.03920219024363587,0.039709291961562816,0.037884818801295086,0.04053442610397079,0.039493214948852974,0.03674849062961331,0.04899663118628848,0.03944508932932845,0.04141659943050028,0.046056604436134366,0.04503100791343467,0.04698421023956122,0.03978375646511903,0.03927859513229551
0.03797654034146754,0.04532160931400589,0.0358277169448044,0.04311966792931428,0.048273007386821234,0.04249096952268262,0.03681212033949826,0.03869760813359712,0.04086270240869845,0.04995907398806586,0.03929986191508829,0.03977351171034844,0.03786501289885198,0.04059649233510737,0.03952901901511636,0.036825707361699225,0.048878618530139466,0.03953417578055701,0.0414570113657601,0.04598431339909788,0.04496121011905906,0.046811510423002224,0.039838742632871814,0.03930379620434513
0.03792169290239769,0.045411556059102486,0.03575439334607533,0.043286454290772484,0.04840238406410865,0.04241635513406022,0.0367297503924524,0.03861620367483309,0.040832386320983106,0.05015398402244405,0.03920813016956291,0.039698355110992366,0.037783542717173366,0.04049969079970237,0.03947390398788277,0.03669472633017372,0.04908720013133311,0.0393987833778385,0.041439596412907176,0.04601744079248158,0.045073780420711744,0.04707000951363224,0.0397691816611059,0.039260498367272745
0.03777242410346362,0.04544947500678814,0.03566940581655164,0.043294962773066506,0.04866632676316721,0.042429403144447084,0.036531553901181894,0.038537926201994706,0.040704274456616084,0.05041878089998012,0.039153788815818734,0.039567428340792195,0.03770127813571932,0.04054541107349652,0.03941639368734927,0.03657726859063677,0.04927602059259889,0.03936963262134249,0.041466813094547625,0.0461873206856518,0.04513656004513075,0.047128850816239014,0.03979973666495622,0.03919896376846339
0.037538292479396176,0.04551227230897748,0.035653726628410286,0.043277881110871774,0.04882142576371983,0.04247232798584455,0.036348754809850066,0.038342693798587936,0.04037466786232607,0.05083666296744176,0.03916433907815266,0.03961671082003063,0.03744993215341239,0.0406766473989002,0.0393205259880358,0.036438236362753326,0.04957309119405119,0.03932258496837884,0.04170425696708684,0.046291677912593907,0.04520108597044864,0.047135528581650266,0.0399445703125007,0.03898210657657867
0.038411031739616436,0.045176851902456516,0.03608994165478408,0.04310717493764571,0.047798203926142126,0.04223549140866579,0.037391754051494044,0.03887957298866916,0.041344710771866744,0.04945861728781008,0.039152830582047576,0.04008590745671436,0.03793672939440839,0.04041970349071387,0.03947178881269506,0.03700902294711317,0.048638649173282957,0.03950198953912793,0.04129359150783072,0.0455680686372379,0.04499658616366441,0.046773657283059544,0.03967464738387787,0.03958347695907559
0.03833237052038373,0.045146787895539754,0.03614156889418642,0.0431046734533587,0.04776373308070518,0.04221519424082673,0.037243176001689575,0.038743508345456416,0.04131529931344175,0.04935878626519747,0.03914439030708552,0.04009893158058242,0.038053820558805414,0.04057212981237616,0.03944453289555767,0.037050943263883425,0.04864780271855588,0.0395126701931613,0.04141193329643252,0.04571792936948728,0.044987854997375745,0.04667039511198545,0.03984639172691111,0.039475176157014395
0.03787706039703236,0.04541989063265041,0.035753751860385374,0.0434483255468139,0.04853013494818548,0.04223606578900114,0.0365566128489117,0.038428566859633084,0.040916369244436986,0.05019852371692271,0.039020406031880325,0.03967445375635393,0.03783654693737733,0.04053905232877458,0.03930386532340287,0.03665232888863207,0.04929098556149329,0.03928416102669997,0.04146740473870566,0.04617171392863155,0.045216921101961925,0.04715782996804439,0.039820420844216234,0.03919860771985272
0.03797849473098227,0.04525404768531561,0.035921400297710335,0.043264848825020075,0.048275619438170846,0.0421917162044005,0.03683281162585674,0.0385465948873204,0.040939160909157946,0.04998124515795403,0.03906740063378478,0.03982371437963449,0.037828006274200084,0.04063674173611966,0.039291319684028776,0.0367915660573039,0.04912557575945715,0.03933342501219746,0.0415821364620993,0.04604057511375987,0.045156691355325386,0.04696750281367145,0.039914917577936186,0.03925448737859275
0.03761557271263522,0.045315173070424646,0.03594269013498651,0.04329787544121709,0.04870856542926297,0.042144488880863314,0.036305396276384884,0.038134117715641035,0.0405275096257434,0.05052225931296933,0.03896264493381277,0.03966604875724308,0.03758041832920792,0.04083442207896802,0.03913695081015505,0.0365380505763371,0.049668518742773185,0.0391715442736263,0.041847418023231185,0.04635835160759558,0.045397613006146885,0.047095308642942285,0.0402195008289683,0.03900956078886396
0.037866495537447205,0.04528482252918184,0.035955368340305355,0.04325933123157893,0.04850683855152305,0.04209373003810174,0.03671025492540248,0.03842410455852982,0.04081954508144633,0.05028140209735286,0.038934915765258295,0.03972965102794972,0.037613566312059865,0.040644023993971254,0.03919967049123659,0.036622032209322725,0.049441053098208836,0.03919939293319085,0.041642726224219925,0.046123429787928744,0.04531371912278783,0.04713843155075337,0.0399535334218898,0.03924196117035258
0.03732012423234722,0.045431644413416364,0.035764777247395185,0.04322134449799772,0.049059985074598675,0.04225444516665958,0.03610279128691029,0.03800006003239605,0.040146481088289325,0.05120410131528631,0.03888831233058779,0.0396221215908197,0.037261309330039995,0.04093982757940343,0.03901127154179069,0.036311615712213675,0.05007982113613045,0.039126808380216205,0.04204824971108133,0.04657049367916554,0.045453013087725966,0.047175565099594814,0.04023768847096722,0.038768147994966466
0.03773563400183798,0.04522673486530549,0.03601875744374584,0.04310632773813283,0.048551128212831536,0.04208043247248187,0.036709891523084966,0.03842355446342349,0.040654232987745495,0.05044064887271407,0.03892395447225457,0.039744898846542955,0.037463663137688265,0.04080487322978235,0.03907953737044021,0.036627251636430436,0.049572147029989494,0.03921765672618981,0.04185669897846425,0.04622704596489421,0.04528180944912098,0.04703290517945802,0.040035064083790574,0.03918515131365029
0.03735587386186193,0.045506546394433134,0.03565505670117193,0.04338770047177554,0.049100615567913675,0.04223563891418774,0.036107339612190245,0.038109283902093796,0.04030148051951049,0.05110418334979101,0.03888764619711147,0.03946199732540419,0.03737379864274233,0.04077982098724016,0.03907498593918107,0.0362688694056011,0.04999985654048911,0.03911357961080323,0.04185966778391845,0.046589129642991764,0.04543005848012092,0.047364678906319006,0.04006740411934643,0.0388647871238013
0.037612089800260734,0.04536763570114837,0.035809488982467295,0.04319581950580376,0.048728144312872715,0.042296371365007294,0.03641147866287278,0.038377017925710535,0.04056286498821894,0.050476833173305355,0.03908872964977116,0.03957551182129476,0.03760549348373866,0.04079166213769706,0.039303720140603814,0.03656638636644256,0.049461540567609034,0.03929227786269704,0.04173013529980238,0.04637397525305613,0.045185777114546334,0.04704258034164476,0.04004882109912631,0.03909564444430222
0.03783810705874711,0.04550853401331647,0.035675336609771104,0.04324652598278708,0.04860437800250221,0.04242408011306482,0.03656452458274025,0.03852319736437364,0.04085460730662726,0.05025411084790263,0.03914972352334439,0.03962926281173302,0.03775330116529569,0.040558859511387685,0.03953946564132076,0.03657831995302468,0.049147757784889716,0.039397724574826494,0.04138911427336688,0.046183886111063256,0.045081305140072754,0.04705228176302623,0.03981072283639858,0.039234873028417286
0.03780539924210605,0.04554331604249097,0.035650675951682045,0.043208991132523376,0.048590220917879456,0.042607926550277994,0.03643815077710783,0.03846109565048355,0.04076292184979608,0.0502322034530118,0.039273637202392825,0.03966695988952545,0.0378451034916772,0.04058825368362759,0.039717215470270684,0.03662666263580542,0.049059858200439,0.03945915947485228,0.04134486325743225,0.04617768334326482,0.044984225251029006,0.04694622327440618,0.03985556588838544,0.03915368736953271
0.03776243178171666,0.04544900716202513,0.035704627787213145,0.043039193269277395,0.048713848010767204,0.04256478364786521,0.03640041295783524,0.03850010005095875,0.040712936908960905,0.05024618566773292,0.03924951716680928,0.039589014810608246,0.03779136493873162,0.040717484274975485,0.03967329758048447,0.03669367098895884,0.049102819571776805,0.03945035195582352,0.04143271344320104,0.04628216502818775,0.04495977979450053,0.04683946801721317,0.03991223150994092,0.03921259367443575
0.037360597764423624,0.04558139669139135,0.03560226806419361,0.04305321270369552,0.04920250016258188,0.04261427476689185,0.03593459961161493,0.03825811809899062,0.040263933838597846,0.05088240756312155,0.03922370047300924,0.03935403881957638,0.03748243218091541,0.04084780322296451,0.039579016855722675,0.036446375558194403,0.04961034201924496,0.03932506170971843,0.041657272820070694,0.04660382662675924,0.04506203733010601,0.04702331134540853,0.0400246380910953,0.03900683368171143
0.03710681876276528,0.04553265644999812,0.035449132837503824,0.04311915343564277,0.04936356061523144,0.04270466239128915,0.03567950264526026,0.038176961226667826,0.03991229992479967,0.051186112217546334,0.039265710846014414,0.03920462301095118,0.03750971766925755,0.04100250717698459,0.03937117607032709,0.03641612288856746,0.04978822445618878,0.03934799690014848,0.04192773898291808,0.04686296722975125,0.045107323782764705,0.04703917997854962,0.04017569494451653,0.038750155556355595
0.037393803599667264,0.04529679758035864,0.035636906668794835,0.043189906449827245,0.048988436946457714,0.0425186469004427,0.03606476150887775,0.03845939249738306,0.04019609304165222,0.05067242288165329,0.039309673123624864,0.039234543585480224,0.03768208661803846,0.040885835344837335,0.039202953580778035,0.03663613819628458,0.04946175660683732,0.03942840849648112,0.04187988007304033,0.04659653196013409,0.045138531350794826,0.04698122722404777,0.04012237113045265,0.039022894634053666
0.037842576241746556,0.04518182160814679,0.03580025959405805,0.04313602474494288,0.04833371644112194,0.04251404815832172,0.03660791636329792,0.03869025548941351,0.04065567412951141,0.04991183644828946,0.03941500782647808,0.03957475429786582,0.037999865192529125,0.04076075475952862,0.03940220124394554,0.03689774860965962,0.04883440955224522,0.03959109960830912,0.04166255542888753,0.04617575894806212,0.04499384926604023,0.04673197777836601,0.040069489320731004,0.03921639894850173
0.03732365868180541,0.04551039918448642,0.03536379974613474,0.043369331109942,0.04897305305197311,0.04270603034919885,0.035864403131135134,0.03825124700680786,0.0401718832514124,0.05077920516499826,0.03930929529866069,0.039309861672890994,0.03787885850161881,0.04086732192287235,0.03932031663503416,0.03650280638686239,0.04943008133853395,0.03947233453992985,0.041825775092191056,0.046725001477547906,0.045129479348549016,0.04703358358859335,0.0401628085075512,0.038719465011270104
0.037980755877464696,0.04506435734953451,0.0359319860811371,0.04295534217318969,0.048063423693518015,0.0424989281543962,0.03685433243139995,0.03881031519516369,0.040764384640869525,0.04963075388067719,0.03944497016365976,0.03974282271264243,0.03806651724677475,0.040841260388335625,0.03941359733754957,0.03709962844557551,0.04863483244716767,0.03966056528171465,0.041731591057948235,0.04606639225349201,0.044868467120641735,0.04651288903406504,0.04007875105325555,0.03928313597982691
0.038112693053610446,0.04510675110073225,0.03594850012449519,0.043068161092696275,0.047948836996524476,0.04237873096024021,0.036996364921331036,0.03884767479259664,0.040978076859597395,0.04944731183198927,0.03939373512436691,0.039789484555053135,0.03810553853724094,0.040722752597326994,0.03945555969870482,0.03710580412325449,0.048563251415086356,0.03958649547839901,0.04162009561777386,0.04595798102739129,0.04488369584144803,0.046633666155032366,0.03997596946326396,0.03937286863184463
0.036945369880165675,0.04558732510813706,0.03543543026543113,0.04329901316956583,0.04943005077153776,0.042667557992478594,0.0355523188897103,0.03807059732469046,0.03971357078256916,0.051371873074033465,0.039323407013208064,0.03912267417413295,0.037390116092787924,0.040989748483764084,0.039318775837557704,0.03626590842700734,0.049954411289628506,0.03926469944991397,0.04204194034584689,0.046902205840719115,0.04520919421679027,0.0472327061639532,0.04027292836919217,0.03863817703717839
0.03667052802017988,0.04567732168264947,0.03536113332336312,0.043345095990844185,0.04982468110199459,0.0426612819628673,0.035264936593712645,0.03791364993545933,0.039448092168175596,0.05187547071848029,0.03924824266913102,0.038993969709088847,0.03713983378051533,0.04104930101073067,0.039224308628032216,0.0360908657072903,0.05036889524240364,0.03914766545216376,0.04213870159597657,0.04710934187868155,0.04528173195011566,0.047378931192157275,0.0402692083748357,0.03851681131115106
0.0372332981206983,0.04531783266339757,0.03583453525489902,0.04305130572509416,0.04902108265058881,0.04241281768989827,0.03610257995272386,0.03836328942410809,0.04005099243116439,0.05082813426875855,0.03928484402479824,0.03933320219676426,0.03737368499775487,0.041024514022624,0.03926577466918462,0.03655968594941696,0.04969973441618505,0.03928910064570491,0.04205109927770499,0.046622092934184504,0.045090209286573174,0.046997440694565455,0.040205171882135425,0.03898757682107252
0.03740042092582254,0.045336554264318735,0.035885132418772885,0.04300987129137331,0.04885566251579609,0.042406348194997286,0.03624370422248409,0.03839026650462568,0.040222884417882764,0.05063876151333589,0.039272315977715945,0.03944472092456157,0.037421128789686606,0.040954106008087195,0.039339336148146505,0.03659509046880572,0.049554320964584536,0.03931992826096519,0.04195523079634362,0.046476322840277556,0.04508542425895001,0.04695224175485902,0.04016944263135224,0.03907078390625502
0.03793400652685473,0.0450677331156954,0.03610924937214632,0.042946025704117353,0.048173269558346755,0.04224061534640423,0.03694980884718645,0.03879776035452991,0.040793646729436236,0.04977289428729756,0.03927803065927312,0.039688250103756144,0.03776771804406964,0.040803623123137865,0.03931926336902159,0.03695870471914414,0.04893306193983099,0.03946523550061665,0.04177331638739642,0.046052482497054126,0.04498599990858023,0.046744123194143394,0.0400257847573279,0.03941939595463286
0.037126188310734325,0.04549551174523782,0.03560660886072427,0.043056364883638405,0.04912150856290415,0.04264086710011021,0.03588251762143929,0.038209122986759485,0.03987306139986314,0.05108588685816501,0.039360623321197635,0.03936567654846101,0.037362306734952784,0.0410623460927024,0.039338070104366116,0.036428128350594335,0.04971199092930394,0.039380866855870895,0.04209339076028369,0.04671929109448704,0.045089033206734255,0.0469443179400759,0.0402869768597028,0.03875934287169112
0.03698623225840374,0.04554824756417766,0.035533287596517416,0.0431060265413719,0.049303910230600795,0.04265225286851565,0.03577827542143805,0.038174397285036646,0.039696323391427764,0.05139133961921809,0.03934050245028818,0.03926547286965381,0.03720783208394157,0.04104649826723071,0.03926403235074457,0.03630587313428122,0.049927348424916064,0.03932083579142092,0.04216079583398049,0.046795767588916584,0.045148299237940726,0.047093316475243625,0.04025953308148993,0.03869359963324388
0.03667217062599029,0.045704410082952715,0.03528991538259357,0.04324301899015139,0.04971589970657246,0.04278440717155728,0.035287648371104395,0.03790802963648256,0.03937387517145938,0.05186742154498839,0.039335648137996254,0.0390781146093441,0.03715918661449565,0.04113140269483392,0.03924898228455386,0.0360937730931006,0.05023348452832976,0.03926458525979202,0.04224336159546107,0.04711483409551914,0.045236008663954996,0.04722467412848466,0.040376881909309215,0.03841226570097231
0.03575291067620688,0.04602370829640195,0.034868132715686714,0.04334850761619776,0.05078459689709831,0.04301042693112822,0.03420423958406056,0.03732821777425736,0.03836569598628079,0.05329398876177442,0.039307505580089046,0.03864508237565799,0.03664389471046159,0.04148810402697374,0.039025603353781774,0.03557298593396086,0.0512442523822952,0.039086176175312605,0.04274754124545682,0.04792326540091356,0.04540836901866419,0.04749301359922418,0.040667409238593674,0.03776637171952178
0.035719862930993614,0.04609550320311925,0.03480200044871049,0.043434087596198025,0.050851010778385664,0.043087510064553886,0.03412423049424555,0.037286324070343616,0.03827254424917318,0.05346631990045215,0.03932150533878828,0.038602500207943174,0.03660088341166333,0.041388798683995066,0.03903112394147784,0.03548899375663544,0.05133959659185573,0.039068104756103186,0.0427065043353373,0.04788927579074363,0.04546346699486587,0.04762536654893241,0.04061174657865706,0.037722739326826245
0.03650916761543095,0.045731296708512066,0.03526002627854345,0.04313825105902424,0.04980380660442306,0.04297333328406239,0.03512995302632818,0.03786029111124721,0.039063404717074195,0.0521223799828576,0.03947031739542065,0.039061667097292696,0.03703832530017292,0.041222915510620635,0.0392625400385728,0.03608608406904428,0.05033102961971759,0.03932635342129965,0.04239851381763951,0.047166754902265566,0.04517302173676873,0.04714131246357972,0.040443297464118205,0.03828595677598371
0.03626734987853716,0.04583683626935973,0.03515979399389827,0.043152611983868744,0.050153099831778104,0.043006064927586934,0.03482019705718424,0.03769960560255079,0.038824731042823565,0.052522583861203204,0.03943531217587475,0.03892021697840069,0.03685900857198557,0.0413022946152256,0.03922099793169664,0.03592574667639199,0.05063750916104867,0.039252168070866275,0.042494587669817556,0.04738785624496826,0.045230011439146414,0.047237450394638815,0.04049340067812079,0.03816056494302724
0.0359253569855213,0.04598052104942302,0.035031891942522306,0.04318668115970928,0.05051180502326432,0.043135660907055014,0.03442477761855892,0.03747991991559835,0.038452914566953815,0.052995546660070995,0.03950045379443669,0.03880519958514269,0.03666528406211973,0.04142947654123881,0.039255735663142236,0.03573679807731592,0.05094171851296884,0.039206362549289345,0.04263047163474585,0.04763553122437923,0.04523628626870076,0.04729222850049502,0.040611736267277855,0.0379276414900697
0.03663195510413171,0.04575068831312233,0.035284325553081974,0.0431283243695228,0.04970225342887213,0.04298025799684427,0.035251003074999815,0.037916225914238565,0.03923801072518865,0.051914584663275504,0.039517850492198706,0.03915525692102435,0.037096720558985156,0.0411666712584172,0.03942475214284313,0.036123888329332964,0.05013116972810349,0.03936277693686897,0.042235110613403376,0.04704159037308851,0.045105495577098274,0.04706292391968571,0.04040071458839498,0.03837744941727745
0.03573086800526609,0.046250237553455587,0.034687158789089866,0.04351958994102488,0.05093163571704643,0.04314314004410032,0.03404969931073482,0.03720842845124151,0.03834802681896204,0.053525851995770805,0.039318077204939274,0.0386279910532907,0.036598025377179405,0.0413038162146776,0.039166573682506804,0.03536772647559614,0.05131665274683273,0.039069334667591424,0.042544386933722644,0.047878224202334944,0.045475930212125426,0.047678249014623524,0.04056489329184781,0.03769548229603922
0.03612927296035543,0.046169505427178036,0.03481644125164336,0.04347458918625322,0.050457452189598656,0.04312702644998721,0.03449661403507687,0.03740734480242456,0.03872419042367573,0.05300831413971808,0.03935805753406212,0.03888893792215552,0.03678592749365401,0.04113201439332575,0.039289864650381555,0.03555955145738735,0.05088774156063789,0.039168887790235744,0.04233298780407322,0.04748256811551192,0.045409767255103595,0.04754552289465777,0.04044505020076453,0.037902370062137855
0.03642014688739655,0.04603619275847534,0.035013888562679486,0.04324663806339082,0.05006785495736747,0.04311695066660226,0.03489965770678178,0.03761093836805758,0.03899001070197673,0.0525280987502567,0.039417086658802516,0.039123799179634745,0.036896845666585215,0.041123400142673044,0.039458942787101575,0.03580482850093104,0.05051659671181586,0.03925031278554432,0.04223754418937051,0.04720395312227364,0.045243897747281915,0.04729960743946726,0.04039394824014308,0.03809885940539056
0.0361808121868495,0.04599235238847285,0.03505528416556249,0.043272442740942725,0.05022419380919938,0.0431199019266828,0.03463381827340381,0.03757272533128475,0.03879936713144413,0.05258583912278769,0.03949589910208909,0.038903387377205584,0.036910589115182565,0.04126685499939896,0.039371325983326246,0.035802312794627866,0.050627059851081097,0.039280912821086963,0.042389835376869606,0.047451332128222626,0.045210656324538204,0.04728008637978586,0.040516691794491126,0.038056318875464075
0.03635830790883006,0.04591758954630148,0.035134564772252415,0.04318593593638331,0.050097899809496985,0.04305088793879131,0.03489805917473984,0.037693994279187744,0.03894361854184009,0.052449324972849404,0.039459522484848734,0.03902272181534998,0.03687816893642904,0.04120359791346848,0.039412006735127014,0.03588767864821851,0.050525469842838074,0.039248052810877,0.042310490519130106,0.04725853666212749,0.04519655494832506,0.0472500282899533,0.04042954350442106,0.03818744400821351
0.03659317778540479,0.04575627465991376,0.0353458635035211,0.04308702450067066,0.04967179311052285,0.04300960074288753,0.03520171117706262,0.03786732466511699,0.03918711151250436,0.05186460865483397,0.0395746573929028,0.039163808173635364,0.037095687997692806,0.04121691365439577,0.03951413315918094,0.036126553487406676,0.050112679392456685,0.03936099145211178,0.04226506008899681,0.04705138482635876,0.045070575448154064,0.047026792540739326,0.04048090715785863,0.03835536491567095
0.0359397053318668,0.04609085439855273,0.03494844675818257,0.04332766530581691,0.05069490788390485,0.043089209825579865,0.03427440982743693,0.03737901996055868,0.03856851638260176,0.05301595467506269,0.03941435516884544,0.03867740596757141,0.036713685465928174,0.041311873986958375,0.039375819477260966,0.03559065264788862,0.05099897701053134,0.03910420794653158,0.04241942011505684,0.04768612982980839,0.04534223432913374,0.04749408563028686,0.04057779563949866,0.03796466643513582
0.03644078601044946,0.045803327944234064,0.035299870515121776,0.04321746693074841,0.049976926910321975,0.042867764534932414,0.03502058855151656,0.03778656257473655,0.03907701648277601,0.052198699742141766,0.03943215356571564,0.03895216466251694,0.03691362427912922,0.04117816845716814,0.03931346122827105,0.03595044251722209,0.050470919993158746,0.03921599285510238,0.04232884692484043,0.04720633775694327,0.045248810579537925,0.04730132953140857,0.04044523610232435,0.03835350134968227
0.036051914424971285,0.04598482760303624,0.0350812896515347,0.04328418362997198,0.05046158047677837,0.04301265271884553,0.03446881865926276,0.03749372285117574,0.038652320099549234,0.05278337932388087,0.03944728403052121,0.038727470591611336,0.03674601382474416,0.0413113247302681,0.039286842696199364,0.03569687384167801,0.05086229755019251,0.039155585346209956,0.04249245865671943,0.04756947868441668,0.045336579217255,0.04742643070703978,0.040600247751007124,0.03806642293313061
0.03577399259334129,0.04601311582530754,0.03503034861212285,0.0432945741707837,0.05070787544703861,0.04309605745111472,0.03417721784632842,0.03735489812688029,0.038321920938032134,0.053124670865692745,0.03949977721838472,0.03862208487615177,0.03662637587756872,0.041447472727447913,0.03923943272786496,0.03562365118909843,0.05111585140003773,0.03912126642365022,0.04266638655201649,0.04777517390190764,0.04533225515838635,0.04744351812869742,0.04070582973640366,0.03788625220574169
0.035377151274920714,0.04627479258370192,0.034691742132642145,0.04343803353445638,0.05125339083668254,0.0432691014061791,0.03359242687675609,0.03700736922705174,0.03791633138798773,0.053813500161057605,0.039473275216139546,0.03842951286865474,0.03646686314069986,0.04154341082350005,0.03922557211726691,0.03529688444114785,0.051537022972805,0.03904990474273771,0.04277212983010004,0.04816265430205217,0.04544664565388269,0.047613577254395766,0.04082569773063936,0.03752300948454236
0.03550169805101605,0.04621549067610741,0.03474588543636362,0.04331330173609348,0.05109974750922781,0.04328499522658203,0.033752590364595866,0.03709124849775368,0.03804048121025011,0.05360055199648559,0.039495050970546966,0.038544766153144124,0.0365453449600409,0.041571769719476216,0.03931087087471724,0.03541815732010966,0.05134884170606821,0.03910487182090168,0.04272862723224506,0.04807424878732176,0.04535388621211221,0.047454803373888986,0.04081642527864523,0.0375863448863061
0.03545697639364916,0.046323823937347436,0.03460041586917655,0.04340491263562158,0.05124602139702573,0.043319049131182175,0.03363746027027314,0.03701764081913938,0.038030601099225306,0.05377957646719681,0.03942375962336911,0.03848707269731667,0.03654314715096154,0.04151023763355446,0.03931186938760803,0.03529795131505838,0.05145480664142367,0.03907036283829587,0.04265974559462118,0.048153514474184166,0.04541311998723372,0.04758244495428045,0.04076057923118575,0.037514910451069736
0.035665457714478384,0.04613513975439083,0.034778869409560015,0.04327758336778521,0.05095931421916937,0.043229712761735144,0.03392375435701892,0.03721807474896411,0.038239220077483385,0.05333790745286796,0.03946848170888952,0.03856095322747932,0.03668088273695783,0.04153091041411229,0.03931725738458923,0.035520185079383565,0.05115855569219131,0.03914140874961507,0.04264308188000046,0.04799721891832057,0.04533361304301557,0.04740256932443389,0.040770330810285874,0.03770951716727216
0.035564226612614075,0.04619855471018129,0.034712932869316156,0.04335612174405132,0.051091507519293575,0.04325735643875114,0.03377578679006529,0.03710615967702438,0.03811590293819811,0.05351795196940908,0.039476966955963574,0.03852273737074228,0.036621600437949056,0.041534860492938544,0.03933384628275221,0.03542173370679078,0.05128092346455796,0.039088587340938376,0.042661479119431404,0.048055552391705114,0.04538945516837662,0.04748564251602387,0.04081922625307574,0.03761088722985005
0.03576263428041604,0.04605086278480513,0.03485333567657721,0.04325952610167386,0.05079507343012377,0.043208125891233115,0.03408471444333529,0.03730788072887965,0.03830495076785372,0.05314345972945883,0.03953831428574908,0.03864185288703733,0.036728847234447956,0.04152285472431477,0.039353942625082954,0.03561648131251614,0.0509927602222888,0.039172145600032786,0.04262532037575928,0.047865446438758105,0.04529358587915247,0.04731943868441814,0.04078659373153929,0.03777185216454627
0.0358241761820124,0.04599312740291423,0.034939429834320294,0.04323323795915044,0.050599967670052884,0.043207546986654626,0.0342293327926553,0.03738831059005153,0.03831696323090245,0.05301452360187578,0.03960730798973169,0.03871713017394396,0.03673414097731634,0.04151659100867016,0.03931405493782828,0.03569017428828675,0.0508854600143511,0.03923378220509397,0.042685014075155216,0.04775083265689941,0.04526088332538319,0.04725175906504706,0.04079623195919896,0.03781002107250401
0.03563351436285515,0.046133705019684015,0.03478736051294358,0.043302143417576745,0.05086002081784523,0.04327861807543156,0.03397968023897305,0.037214803016358176,0.03809277392736775,0.05342913216033544,0.03956320037016496,0.03864442391760498,0.03658733200537105,0.041532518330978735,0.039273468426886414,0.035505631631384184,0.05116586569218649,0.03916623914606597,0.04275991127742451,0.04790276446964028,0.04534414825793003,0.04739409772202415,0.04081888286192477,0.03762976434104279
0.03508849591653886,0.0463908229655414,0.03450977439713658,0.04332842459885627,0.051471932340065855,0.043477463147513995,0.03335835186828679,0.03684010864968959,0.03746897359446859,0.0543498237257313,0.03953614764562533,0.03845058990804442,0.0362390911407245,0.04172366488677695,0.03920091915661552,0.035161473981555676,0.05179863778694363,0.039053532640013024,0.043052308445601005,0.048355978238423476,0.04541952089890007,0.04757373977163747,0.04095307569438973,0.03719714860091995
0.0351234437822083,0.04629615281295817,0.034574420072606596,0.04335629189204075,0.05144600953778901,0.0433991854163069,0.033421023925893925,0.03694330540698773,0.037509688572216496,0.054251839792398227,0.03953643336495515,0.038357567577511756,0.036268515843161556,0.041689299653972396,0.039112072503786885,0.03520952977623536,0.05177086536017813,0.03905456930702226,0.04305021293926249,0.04833118303471123,0.04544966287336704,0.04761402825546741,0.040928295240302455,0.0373064030586598
0.0351918944492248,0.04629300889247551,0.034621908398326726,0.04339278052212691,0.051390729762740145,0.04335344075301038,0.03346252407354631,0.0369503445101436,0.037614848556227765,0.05413642818070504,0.03951919433018592,0.03837256167670219,0.03630981329690328,0.04163784496507731,0.03913830353182208,0.03522288340672836,0.051723437846768194,0.03904233747859016,0.042976072188362954,0.048272983491630686,0.0454652710860383,0.0476361883712132,0.040904259274391154,0.03737094095705903
0.03528950913531296,0.04633219962753915,0.034585736983783234,0.04333405765244923,0.05126155026810068,0.04343432580861529,0.03356924672915565,0.0369941656328235,0.03773073568310632,0.05399789610929043,0.03955550180387284,0.038486364458979544,0.03639316435041227,0.041617528717260044,0.03926966469174549,0.035259610469877176,0.051536050502522746,0.03911972592285796,0.04288213257839152,0.048199285285431284,0.04537590064934046,0.04752848611956903,0.04087009297905619,0.03737706784050702
0.035227311200741615,0.04642071162767962,0.03451216090412545,0.04335302376000731,0.051409881749599484,0.04345128585438705,0.033484484489492504,0.03691744395576286,0.0376533559905838,0.054234271620490736,0.03949807468691008,0.038466892040027886,0.03627220190184735,0.04158875518908848,0.03925819017854214,0.03514837846754197,0.05170222062595196,0.039061611889211575,0.04288239773978325,0.04823719755455732,0.04543330922388614,0.04763065286626706,0.040834206795640746,0.03732197968787361
0.03532603959690942,0.04634400163490012,0.03460285502744574,0.043423097804056024,0.051279937531605604,0.0433682553309986,0.03356082228445984,0.03698175482299746,0.03779763125896517,0.05397083469865396,0.03951136196115406,0.038433550518266135,0.03640415237206689,0.041535691544050166,0.039252386191650154,0.03521744408284601,0.051568788979115814,0.039071148996710214,0.04281245697403366,0.04816968886492814,0.04545129062117708,0.04764504105326373,0.040838697127142186,0.03743307072260382
0.034774242430417955,0.04663797441654291,0.034279860065622544,0.043642247260019564,0.05208932291620966,0.04349857157708393,0.03276716628285134,0.03651225814228303,0.03721997266295523,0.054925122677361694,0.039411281406870426,0.03803815127228849,0.03611995555394428,0.041593787139882966,0.03923607409357295,0.03472549246223066,0.052295746543565357,0.0388383723596747,0.04291643565116757,0.04866529283697788,0.045700813009231143,0.048083032852187964,0.0409836914453392,0.03704513494171855
0.03508473830448621,0.04639782610324108,0.03455449742913503,0.04358484107787787,0.05166279843895918,0.04331373927706154,0.033192632904166575,0.036802622956241045,0.037558553203627776,0.05431957131513602,0.0394603376777787,0.03813935956306261,0.03627742675946628,0.04153123887275829,0.039167477958928415,0.03500410860040569,0.05192459016289381,0.038924476695041614,0.04286019815925794,0.048381594990553146,0.045640938528104046,0.04792372396448805,0.04092892231352139,0.0373637847438077
0.03504887153782903,0.04633179796146721,0.03459790994909544,0.0435366504679369,0.051663346357207644,0.043318848777800116,0.03316600214289326,0.03681162849230681,0.03751016378213347,0.05424477942575586,0.03952384888511663,0.038121679545396615,0.03630870909350079,0.04161611836959344,0.03920945717191462,0.03506308665382471,0.051869453927596294,0.03893448279615135,0.042902791504563643,0.04841564262225081,0.04559461943745081,0.047835875413573044,0.04101442597656002,0.03735980970808148
0.035415409094098314,0.04615053098208736,0.03476042657012645,0.04353512951917353,0.05123454746644533,0.04316955961519881,0.03355832438900414,0.03704171641454567,0.03796827781216857,0.05357169817891535,0.03951515631059711,0.03827075855223128,0.036621504097239466,0.04153084105830835,0.03923118938463083,0.035341508398564946,0.05142651204505474,0.039013194182472746,0.042730328585011856,0.04817019309573221,0.045521097367007705,0.04767491314845745,0.04093476940320683,0.03761241432972096
0.03497171118849424,0.04640252520538261,0.034427576449146506,0.04360441088117536,0.05182871449144585,0.04335026080763311,0.03299295067179221,0.03674717488707229,0.03748243605949416,0.054337946792414195,0.03951887743570354,0.03803718147403174,0.03636037717100089,0.041659018859193035,0.03920134736414237,0.03500894022334751,0.05188350575603048,0.0389436362973933,0.04290166604411261,0.04857601704748416,0.04560785819632347,0.047837597720825936,0.041048531893268715,0.03726973708309172
