Stock_1,Stock_2,Stock_3,Stock_4,Stock_5,Stock_6,Stock_7,Stock_8,Stock_9,Stock_10,Stock_11,Stock_12,Stock_13,Stock_14,Stock_15,Stock_16,Stock_17,Stock_18,Stock_19,Stock_20
0.13626425163120376,0.0024611039028858937,0.10108535052499378,0.0057980721216274985,0.06899723616380159,0.07664514452852404,0.0059903715200683395,0.006417574651896416,0.1119217915935524,0.030787657463059215,0.006737154968643787,0.003939614413933185,0.002025591075911185,0.12102457834480558,0.008043340110854825,0.07527636855098392,0.13526265693045306,0.03432890534107838,0.060210953604028894,0.006782282557694236
0.13592351711619072,0.002593397136375635,0.10065159743902505,0.006046769703175179,0.06886889647579984,0.07647819288326493,0.006281154105459232,0.0066865912573600885,0.11131026144676968,0.03106805291196851,0.007049473822770912,0.004144732038385075,0.002151806643947834,0.12041243468513381,0.008331728074922043,0.075044131132006,0.13483712355520983,0.03484475482009566,0.06020011498746591,0.00707526976467405
0.1356570530142137,0.0026971888966382408,0.10032093961496642,0.00623991080615524,0.06876949035204158,0.07634946766552071,0.00650801119089787,0.00689529955525865,0.11084311255390501,0.03127823584572557,0.0072926398179770395,0.004305343348236503,0.002251554736117577,0.1199421373916275,0.008554231851489305,0.07486658043569912,0.13450324105092115,0.035233620528039904,0.060189150104488116,0.007302791240080764
0.13567475408295784,0.0026902810085439087,0.10034269460048068,0.006227109049576953,0.06877606888687987,0.07635797915190742,0.00649295174916227,0.006881470343735859,0.11087386924060913,0.03126450402651143,0.0072765123547868,0.004294668221360348,0.0022449012802634063,0.11997316847887149,0.008539525409466103,0.07487827089203129,0.13452545500145655,0.0352081518934687,0.06018995475477768,0.007287709573152249
0.13570718815221022,0.0026776370685098077,0.10038260117158329,0.006203656941542598,0.06878811959967347,0.0763735731126778,0.006465361748880772,0.006856137540569337,0.1109302957829234,0.031239271951717905,0.007246963104159704,0.004275111881117457,0.00223272189063513,0.12003008429423209,0.00851256717086253,0.07489972755649008,0.1345661341221107,0.0351613849146152,0.06019137569988678,0.007260086295601737
0.13566084213050242,0.0026957080270564398,0.10032558444861409,0.006237173422890586,0.06877089330680598,0.076351292818618,0.006504788554230132,0.00689234406496246,0.11084968405498755,0.03127530714843085,0.0072891927468810135,0.00430306171631892,0.0022501334364193864,0.11994877268973776,0.008551085963658103,0.07486907140983047,0.13450799127710855,0.03522817679551138,0.06018933187904811,0.007299564108387819
0.13539855034776022,0.0027980145476574217,0.1000069747277614,0.006425834043658217,0.06867331784029934,0.07622609009408748,0.006727453633273719,0.00709629771781829,0.11039919067474466,0.031473238435196525,0.007528140946982114,0.004461228419608421,0.002349149784745535,0.1194936275565715,0.00876713793282847,0.07469862595709,0.13417817804327947,0.035601194420368576,0.0601754631397154,0.0075222917365532355
0.13471730193045542,0.0030633743310332136,0.09920939115331896,0.00690702591157136,0.06841794743427115,0.0759072234966545,0.007301683835528408,0.0076187411785365675,0.10927293687898106,0.031937102591355425,0.00815066765209972,0.004871800411553658,0.0026100398751731555,0.118352324648609,0.009311681401138078,0.0742815150789475,0.13331435282747228,0.03653997991431756,0.06011880799724281,0.008096101451740185
0.13461867488614174,0.003101958700579902,0.09909699374315302,0.006976165563240479,0.0683813533005693,0.07586170421876277,0.007384633373186463,0.0076937457107246155,0.10911394631966824,0.03200105935124531,0.008240438244638007,0.0049313654411712905,0.002648299656269955,0.11819024896876733,0.00938934609547446,0.0742224566095397,0.13318879185702848,0.03667041556255295,0.060109825435726044,0.008178576961559925
0.1349697875920152,0.002964794515058814,0.09950053102926634,0.006729443204349234,0.06851204247340915,0.07602445145481095,0.007089140425657908,0.007426031694360702,0.1096844743732426,0.03176981263514284,0.007920463919804428,0.004719463418735113,0.002512665987739867,0.11877075460575827,0.009111559069919081,0.0744341549555102,0.13363520723002043,0.03619996507360368,0.06014095526051035,0.007884301081084859
0.1351324594093957,0.0029014267004871617,0.0996908390430781,0.006614556864088085,0.06857300716254092,0.07610056593679577,0.006952028005875723,0.007301304885794174,0.10995322415929065,0.03165919925108668,0.007771825413533427,0.004621418882133981,0.002450350674492275,0.119043137682983,0.00898157632425219,0.07453370903415593,0.13384150008268775,0.035976052434691416,0.060154518615234506,0.007747299437402577
0.13515092450534014,0.0028942378630282643,0.0997125911619231,0.006601494299509105,0.06857995263659142,0.0761092418271668,0.006936449956536462,0.007287110539662396,0.10998391078946466,0.03164648963698761,0.007754931112979848,0.00461029175630924,0.0024432974988165025,0.11907421169775234,0.00896676790460688,0.07454506429431212,0.1338649000430493,0.03595038014735781,0.06015602891669621,0.007731723411909803
0.1351654382720952,0.002888590528654955,0.09972969827551226,0.0065912203665404265,0.06858540668333407,0.07611605248262435,0.006924205220230274,0.007275954330580405,0.11000807438297018,0.03163649120501619,0.007741650568991319,0.004601546990046241,0.002437755879495712,0.11909865731728267,0.008955119403433708,0.07455399226342331,0.13388329407924507,0.03593016615774104,0.06015721359711342,0.007719471995669206
0.13524579045527513,0.002857341466973049,0.09982474507008597,0.006534300672618608,0.06861564452991674,0.07615387643578778,0.006856415631239937,0.007214133924318878,0.11014219396333128,0.031580766232525814,0.007668113697956934,0.004553161406570005,0.002407137302756544,0.1192342588829978,0.008890521067178156,0.07460362445505112,0.1339850184232145,0.035817716210118276,0.06016363234557802,0.007651607826505481
0.13515455958094943,0.0028928240798467334,0.09971686764124842,0.006598922956333177,0.06858131743581128,0.0761109334963613,0.006933386975590359,0.007284321754518953,0.10998996185827283,0.03164398765831907,0.007751611276895147,0.004608104717878606,0.0024419101343599323,0.11908033137943498,0.008963850911947477,0.07454729558361575,0.13386950097926942,0.0359453224081267,0.060156329359937755,0.007728659811282671
0.13455639994588842,0.0031263442778191697,0.09902640790216158,0.007019760692235685,0.0683582892270983,0.07583304618183373,0.007436983368545953,0.007741021518893735,0.10901405783847758,0.03204105436457502,0.008297077605428256,0.004968993479531809,0.002672516313121794,0.11808830530638509,0.00943823622138573,0.07418533345442348,0.13310944454048843,0.03675208934064942,0.0601040547121044,0.00823058370895243
0.13448356421625077,0.003154880600007574,0.09894421254040896,0.007070677572889808,0.06833136661264004,0.07579960889656157,0.007498183860744751,0.007796241837278214,0.10889772538442509,0.032087444855910814,0.008363274635021465,0.005013012349284709,0.002700899437539122,0.11796946601329344,0.009495272590261452,0.07414207952146039,0.1330165879059438,0.036846979368268466,0.06009719361871908,0.008291328183090477
0.13379531988017623,0.0034257004772515814,0.09818570125307569,0.0075486631987263285,0.0680791126425777,0.07548745505548524,0.008075385707361889,0.008314116645137877,0.10782274368203265,0.03250689012014133,0.00898660453588041,0.005429896289741381,0.002972358615943787,0.11686563785361208,0.010027040959903644,0.07374114297829615,0.1321359402685893,0.037710738953406944,0.06002788398752997,0.008861666895129829
0.13314440726157054,0.0036836617621421176,0.0989584982360481,0.007216531718565249,0.06658837643199102,0.07639395358827276,0.009166921554575543,0.009428874222699096,0.10592580819435558,0.03169650230250577,0.009829453242581696,0.006228249410884102,0.0034529852509994365,0.11586378351444787,0.010393112446905363,0.07124070170977649,0.13110050446150712,0.040428307076529016,0.06102859187763243,0.008230775736010682
0.13404882630393003,0.0033257062286693065,0.09846139385551614,0.007373257377604637,0.06817158712683637,0.0756016585855698,0.007863009505278793,0.008124162302821904,0.10821374036543323,0.03235624744934499,0.008757463604372726,0.0052761541084772575,0.0028716961768325442,0.11726829246669548,0.009832646710726506,0.0738872254043239,0.1324609734618012,0.03739926237435178,0.060054354073848314,0.008652342517565123
0.13357792719459993,0.0034969146525341476,0.09984334066261687,0.0067767029373786815,0.06639539589680077,0.07687775254111075,0.008919419384051878,0.009236471315977376,0.10637609752600478,0.031113050515454363,0.009495361908075366,0.006032603809282163,0.0033191766509376775,0.11653447983255541,0.010004903500739416,0.07100340797794592,0.13159257135333416,0.04037035059966684,0.06135823568777924,0.007675836053154245
0.13387936106459056,0.0032680281907824294,0.10245106970670431,0.005698393403652605,0.06479504151449571,0.07858303117781375,0.00935676242779548,0.009765262365722161,0.1058870050681442,0.02917760743154326,0.009481511500915809,0.006243891921255352,0.0034614056469012156,0.11703438388951128,0.009349811888110458,0.06851652684859674,0.13164979514001462,0.04250273049451627,0.06273314506523424,0.006165235253699555
0.13452630226578188,0.0030896962168883166,0.10177334296715237,0.0058695916432515,0.06601944014574955,0.07792315287114121,0.008308720196936707,0.008741314964921958,0.1074830241484064,0.02984180588724091,0.008716285214923382,0.005560186059305292,0.0030026807850264924,0.11807246092864258,0.009144450375836517,0.07056535322065532,0.13269874354277733,0.040072498012193244,0.062041253671674956,0.006549696881494047
0.13494957931229432,0.002979045743306701,0.10020004919026987,0.006387107723278115,0.06789372422610544,0.07665130036105507,0.00731755052817728,0.0076852008165125335,0.1092606579145294,0.03124896471819093,0.008037802977739258,0.004885505444814828,0.0025950871195246127,0.11879195651906063,0.009076747654651052,0.07336661071148826,0.1335345347534347,0.03718777295131298,0.060596882432982516,0.007353918901271535
0.13612425402309639,0.0025331889219726215,0.10132908591495246,0.005850723476494139,0.06882922943866897,0.07648006461706337,0.006191183296441253,0.006574410420839376,0.11137272539319899,0.03068697233739864,0.0068984912731244,0.00406019733481621,0.002107780346609121,0.12070627720694758,0.008257434525398783,0.07477951892279544,0.13509199680137293,0.03468490300316765,0.06068922737471961,0.006752335370922061
0.13643263100017017,0.002413429434726882,0.10124493974384331,0.005712924967545555,0.06837228571230596,0.0767008406575383,0.005951666675541128,0.006354766728056739,0.11230440537101671,0.03036276107537003,0.006642660896130443,0.003851158636129426,0.0019955815658597095,0.12121050691798742,0.007800929784977128,0.0753567692346119,0.1353132434738242,0.03491960355525293,0.06060555273824323,0.006453341830868825
0.13668110232900882,0.002299897371923877,0.10163441066615812,0.005490979940421794,0.06915633350762444,0.07685342464341714,0.005633474636479154,0.0060849507309244655,0.11269347640819014,0.03042514089109984,0.006352789294535292,0.0036890436955767498,0.001873246050370097,0.12179124352146607,0.00768418325320904,0.07556922356900247,0.13578094823595568,0.033666789048660946,0.06021886564070513,0.006420476565270738
0.13654381569091806,0.002352913347866781,0.10145121042791327,0.005592480578472972,0.06910367073741971,0.07678431447032803,0.005751160902839359,0.006194941454367888,0.11243630845194497,0.030547040284851865,0.006479662979470828,0.0037715229385122443,0.001923165580334147,0.12153647731893857,0.007803272453550965,0.07547164157879274,0.1356105440008471,0.033888832102075835,0.060216969146543974,0.006540055554010692
0.13617854064089727,0.0024943363303386607,0.10097502512551976,0.005860825408412257,0.06896481811387609,0.07660286891001784,0.006063593161859369,0.006485480571813625,0.11176640017857359,0.03085948598600976,0.006815872123679994,0.003991185796501801,0.002057202381038212,0.12086941111328439,0.008116311755501957,0.07521736613826223,0.13515576338738927,0.034460723566183585,0.06020857972261047,0.006856209588229868
0.13568208177379312,0.0026874280928204895,0.10035169465909188,0.006221817975074499,0.06877878575938487,0.07636149564884645,0.006486718781243621,0.006875754774347242,0.11088659658862389,0.03125881768019329,0.007269842105740527,0.004290253398394625,0.00224214723117465,0.11998600605109684,0.00853344391755189,0.07488311242596497,0.13453464000644413,0.035197617374138596,0.06019027064220372,0.0072814751138706646
0.13565093383443633,0.002699573183851021,0.10031343485484061,0.006244326819672862,0.068767207905766,0.0763465341115998,0.006513212625447318,0.006900072633129201,0.1108324957164998,0.031282976536635546,0.007298211720923147,0.004309035715033013,0.0022538546235549373,0.1199314208707551,0.00855931239874693,0.07486253890650264,0.13449556623922188,0.03524240638212152,0.06018888693965375,0.007307997981608614
0.13576079442050942,0.002656745199697939,0.10044881691508722,0.006164852109345411,0.06880809227853399,0.07639939498180189,0.006419743297885505,0.006814212521262781,0.11102388273311059,0.03119730664714701,0.007198078045515557,0.004242790592258745,0.002212613659333415,0.12012439549580749,0.008467912501195406,0.07493530457482908,0.13463335071797913,0.03508367438718294,0.06019366536341839,0.007214373558098124
0.1357867188243738,0.0026466410147435596,0.10048093984776092,0.006146068340860524,0.068817757186647,0.07641191220592287,0.006397675174925831,0.0067939114407257585,0.11106927967186847,0.0311769092944771,0.007174427206315052,0.004227167410029749,0.0022029030316273106,0.12017009257607157,0.008446281642200211,0.07495255688708206,0.1346658376166925,0.035045928111426275,0.0601947495728258,0.007192242943423645
0.1360242186690372,0.0025542476008085504,0.10077846232123276,0.005973481484007698,0.06890668114369607,0.07652723425400663,0.00619530233497167,0.006607348488360234,0.11148927852320745,0.03098659916005842,0.006957345602483961,0.004084085954277803,0.0021143518485102755,0.1205920357938029,0.008246965591841312,0.07511213741086789,0.13496305177183957,0.03469454941155492,0.06020369394322388,0.006988928692210826
0.13539171984274048,0.002800662430343309,0.09999878379573177,0.0064306966378281545,0.06867073297549312,0.07622285196785827,0.006733223307166273,0.007101576618284051,0.11038763710797628,0.03147808800891521,0.007534406153635695,0.004465337880103601,0.0023517397288401335,0.11948198678864146,0.008772676907349624,0.07469436157096741,0.1341695505399483,0.03561095806010713,0.06017492894649669,0.007528080731573047
0.13556878820523424,0.002731632599658112,0.10021297774516769,0.006303631378852391,0.06873672205373099,0.07630718083521558,0.006583048729113263,0.006964114218914923,0.11069040087093814,0.031346199464938884,0.007372982574501016,0.004358583181380329,0.0022847928335180605,0.11978791972321495,0.008627369780291242,0.0748085039792774,0.134392445513254,0.035359765124440834,0.06018509197237331,0.007377849215984679
0.13499500626159336,0.002929775620934554,0.09972230054177425,0.006682797046000641,0.06684454194832852,0.07582703099519546,0.007422282184046109,0.007771933163879898,0.11002061030399389,0.03116601211006258,0.008033971369590576,0.0046899662809806045,0.002548124099067096,0.11843585788299864,0.008480048779730742,0.07362871459984374,0.13305261996488288,0.03884266127824666,0.061765747841428575,0.00713999772742123
0.13407722100350242,0.003364680667670352,0.10017114529269469,0.006271263586550213,0.06527462610130987,0.07691974538799629,0.009056863314131492,0.00937018570027658,0.1073764977305181,0.0310298442187891,0.009150990066497723,0.0058364329404975105,0.0031978647297410748,0.11665252386164038,0.009100952668896255,0.06963176027782628,0.13178122724335214,0.04169691246449131,0.06351281581307781,0.006526446930540389
0.13444261983934025,0.003167468752346545,0.10034048838721149,0.006420657465672955,0.0670950414999322,0.07695317900246292,0.007989117668833713,0.008357630269783346,0.10800670583579385,0.03098471270776254,0.008613591128081279,0.005363785229981002,0.0028883102695381026,0.11794276345859424,0.009402351565034536,0.07208950653848327,0.13278948212617675,0.0387288956005701,0.061115583898795005,0.0073081087556059144
0.13459842958355914,0.003121975158674043,0.1012703446339626,0.0062994709778491165,0.06710449242772551,0.07675965984122039,0.007972766023097856,0.00820829372179737,0.10790114965009219,0.030621058884246627,0.008485418611242196,0.005269596131984216,0.002865508640084192,0.11803272573816115,0.009473407568825379,0.07171295470434223,0.13299444256829998,0.03855920182422859,0.06174574649649971,0.007003356814107537
0.13445911195906568,0.0034159344626421067,0.10166017107579171,0.005872969028283082,0.06310622919237104,0.07874178130577884,0.00924239892308349,0.009483082191992044,0.10712664612634634,0.029163205946596524,0.00878031356199969,0.006258555507516618,0.0034279733609483593,0.1174874603489888,0.009349690869377142,0.06916811505029985,0.13203477263673863,0.04166950089259743,0.06351982546133694,0.0060322620982456695
0.13451477279964486,0.0034936281898355548,0.0999876311238791,0.0063427867232109325,0.06375594880556891,0.07817207225201593,0.008861851545135194,0.009116613778911506,0.10800399712861311,0.03021934390463904,0.008575394014758653,0.00607233970886128,0.0032893178422567764,0.11758523748452437,0.009433030724547223,0.0707731274913969,0.13219936273115868,0.04042844553211315,0.0625318638337732,0.0066432343851556535
0.13513690129365588,0.003183634224978955,0.0991437574870172,0.00665725581228357,0.0656041271035521,0.07737414955036165,0.0075637297355375535,0.00786947030537359,0.11006720132017923,0.031114547256211062,0.007713461799353636,0.005158432305705859,0.002738466383309314,0.11872269664838649,0.009096783864899963,0.07360286893357848,0.13331376871903347,0.03775511005070703,0.060972940783771634,0.007210696422103357
0.1349840615576454,0.003644346911318953,0.10008271738637217,0.006109494756592073,0.060581942109552825,0.07951239819749571,0.009247979315027386,0.009424146931456056,0.10880115628326253,0.029236218244745437,0.008045891728152645,0.00643914815564262,0.003466054552302951,0.1179982740558881,0.009131639324019843,0.07011061066809195,0.13214445470066785,0.04142169552416401,0.06376552164247298,0.005852247955128512
0.13533740454486232,0.0035683412883955887,0.10013380732323128,0.005756238395947787,0.05892206827632498,0.07989091517897662,0.009319592193132486,0.009600499102832147,0.10942249938440433,0.02894760559493045,0.007749082036127296,0.006301341847114436,0.0033526353926285105,0.11826666424633539,0.008503941103571644,0.0688825840810958,0.1321670377829814,0.04310904764417299,0.06574128691380363,0.00502740766913094
0.13564065377884799,0.0032434066464169815,0.09977552170509212,0.006222414365820819,0.06289863291866518,0.07871855530291802,0.007834032446133071,0.008156739471553107,0.11051062686463144,0.029952615375272097,0.007319819915612347,0.005414478731554706,0.002853304222881038,0.11924890787359041,0.008772787851141715,0.07258102627506402,0.13344224095499668,0.03878875705835776,0.06239691023842946,0.006228568003021033
0.13409733243571803,0.0032663528218752204,0.10109614019320375,0.006195822488592486,0.06601888136174935,0.07758824703978363,0.008657305271354204,0.009047365578452975,0.10686265756258811,0.030255584253390054,0.009103838817870144,0.005819994539262557,0.0031730143646738988,0.11736344976406157,0.009505879293290076,0.07051763800316527,0.13216363874248344,0.040453267921751294,0.061873233503118144,0.006940356043615785
0.13390059053564476,0.0034426755241472656,0.10132475835595244,0.0060610673028373835,0.0642482795487543,0.07832866315686626,0.009378226883689486,0.009735291874557834,0.10621213133467561,0.029612294130274122,0.009366730900523907,0.006356790285711176,0.0034970362156960333,0.11688338339236835,0.009579851899395397,0.06920377474403666,0.13156489076997813,0.04200765226158823,0.06276120989489191,0.00653470098841076
0.13371803926432083,0.003890840216248828,0.09989995371760127,0.006450413787866785,0.061821855965493104,0.07872139804951094,0.010191850121460606,0.010333227276516874,0.10636500447932458,0.02973884099489478,0.009353613415571147,0.007056253121750382,0.003905333489099749,0.11621197218733549,0.009880622483523387,0.06894835835026877,0.13077872141529362,0.04284768193485472,0.06335521138717644,0.006530808341887718
0.1339099872906724,0.003801690585982947,0.09830796194828895,0.007176842662602049,0.06409831698643009,0.07729676983289308,0.009128143948619936,0.009284635544305713,0.1075986165584675,0.03129899020947885,0.00895628356161862,0.006301838458622131,0.003453659304477671,0.11660888644757626,0.010028685953974163,0.07168611939966628,0.131458094870219,0.040243013320913255,0.06177612678981936,0.00758533632537173
0.13345219191724808,0.003887346347797327,0.09907698359459546,0.006908739309003543,0.06364217183595995,0.07766847884617874,0.009819320929887571,0.009993299453061814,0.10623677901302069,0.030739837237775663,0.009565384259054814,0.006774095631536705,0.003756518798695593,0.11593516970737279,0.010192940413650424,0.07006020217421328,0.1308157642408042,0.04178148870318906,0.06238305464366729,0.00731023294328699
0.13466101128978575,0.0036630766591490807,0.0986575328503973,0.006879646614587388,0.06271452428465704,0.07815532798746644,0.008733788824282123,0.008944598573789597,0.10892216165532163,0.03061600199901037,0.008164317343334624,0.006078594362743968,0.0032840902394503267,0.11760539085452093,0.009552801851882441,0.07200711392191513,0.1321172926601083,0.04002714267477799,0.06229114424940821,0.006924441103411373
0.1343551817922865,0.003923706864239837,0.0994033881888862,0.006476772454139719,0.060361470553906976,0.0792246882737009,0.009888398589629348,0.009982247351383054,0.10781172605175007,0.02958143889243076,0.008579182597526611,0.0069218996252513616,0.0037789699357790017,0.11698047592869337,0.009591660883895466,0.06972204045652128,0.1312544335449518,0.04226028086904061,0.0636843515853214,0.006217685560665736
0.1343029682335393,0.003842632828408892,0.09947076153172706,0.00633094811498831,0.06104347816349967,0.07887402627937061,0.00987232188232461,0.010036398750525996,0.1075828921640517,0.02983922442952413,0.008758487939773843,0.006800281400721128,0.0037136553022961505,0.11681579756589891,0.009466481108089935,0.06918172540692101,0.13129833116831127,0.04255098263831586,0.06411491760077463,0.0061036874909369924
0.134479268033555,0.0037320760144031,0.09930417252807634,0.006531114461808788,0.062165391423883186,0.07853668192972514,0.009277111097222023,0.009456734648286523,0.10808936186480095,0.03013838397538629,0.008529715746998939,0.006442513432257234,0.0035007967182950892,0.11729208736909655,0.009561902478037305,0.07058075664759463,0.13179031465340943,0.041038001941921046,0.06300585126924935,0.006547763765993073
0.13450137439091164,0.0035779672256659465,0.0996584779579404,0.006473033909102816,0.06345508489081818,0.07809627518735836,0.00895148263077752,0.009146678977501125,0.108081565567178,0.03034410798220818,0.008548286660694637,0.006148245634112572,0.0033377737962043967,0.11746159911052535,0.009533800730751139,0.07086845429749343,0.13211013974178357,0.040385114806639234,0.06262308227261411,0.006697454229719384
0.13460199421635546,0.003740116673739323,0.09961760521801771,0.006147690167434287,0.060660958095361636,0.07905052531644166,0.009678218675779698,0.009897295371641513,0.10808589823666023,0.029692965574317758,0.008467106437324779,0.006601297956806676,0.0035771141852887762,0.11721542193476155,0.009145097577896654,0.0690392357368167,0.13159312888004365,0.04272896629493519,0.06470056294960977,0.0057588005007669805
0.13462095969311802,0.003489617159587331,0.1002834300643174,0.006180869164991356,0.06312199725560587,0.07855000977943079,0.008966428348092569,0.009222380816417146,0.10805217045354638,0.029861464999604247,0.008505842584542605,0.006153330941188149,0.003330825912822727,0.1176961991316225,0.009323748865636139,0.07037283591660116,0.1322072634533699,0.04078818017696037,0.06289970353289429,0.006372741749651051
0.13471258645595457,0.0030702478339316797,0.10030155451064282,0.006378679686848363,0.06748118066484994,0.07683604441734382,0.007644604042000504,0.008019468542680139,0.10862880584313103,0.0310967778438843,0.008310362272846377,0.005121961168994275,0.0027365269476397145,0.11839637664846073,0.00923496504591856,0.07267186169684815,0.13318966615342576,0.03797982270275345,0.06089601540909441,0.007292492112751379
0.13386581281307453,0.003589374590489869,0.10224716010841436,0.006267070432178755,0.0641546122104539,0.07736759477973909,0.009699459335195972,0.009580871753674199,0.10576620458508386,0.029588343095847396,0.009333077236411864,0.006386413898101401,0.0036211874644048797,0.11634798641946864,0.010113425178628527,0.0687756539822486,0.1314600299523302,0.041762876064556885,0.0637107396363781,0.006362106463318974
0.13405711422621694,0.003980202618803408,0.10015663064623863,0.00673658383460886,0.06209854090018383,0.07710875997604709,0.010060400327319034,0.009720603637111544,0.1069076402781055,0.030166828705065634,0.008992821342054726,0.006655558116619454,0.003770242220869273,0.11603003031060087,0.010172945424248885,0.06908076263245226,0.13115846764224717,0.04194307139888204,0.06490530536565924,0.0062974903966656615
0.13452509744972885,0.0038849753866219278,0.09905139345547419,0.006852279719087431,0.06181381769201752,0.07804771796909878,0.0093900511982035,0.009281167826828831,0.10830683956432997,0.030347122601419838,0.008306230409248154,0.006490741632095738,0.003579017535012552,0.11692162313991872,0.009992875034529464,0.07059182507433241,0.13179027215371192,0.040627333691095543,0.0636032582705221,0.006596360196722543
0.1342116178117322,0.003774842743125363,0.10373320841482005,0.006384603694569552,0.06308028043474614,0.07617474686680047,0.010051125698597138,0.009186699403839343,0.10590250075627665,0.028977403452818275,0.008957232585231489,0.006367985582322049,0.0037685805470191965,0.11608784110690298,0.010648190437019702,0.06830102262074672,0.13157664729531812,0.04131006280372553,0.06567411998963864,0.005831287754750435
0.13463165843245198,0.00380433401006216,0.10683792547143434,0.006081397611566632,0.06196441208752678,0.07639843050576951,0.010031812098011383,0.008929112762273232,0.10608958410755599,0.026902524998780007,0.00817040178165816,0.006110041247746076,0.003923830710311136,0.1159322737540103,0.010710461530339187,0.06789457130006595,0.13195862189539073,0.04071822968447105,0.0678578950369608,0.005052480973614607
0.13559886776430052,0.0034968230670036045,0.10693013441070048,0.006145034320690117,0.06374587207209076,0.0749823024941675,0.00897698080868991,0.008016534139392502,0.10738376876062287,0.026310509190360896,0.007559806449510566,0.005403144817632851,0.0035380315177702326,0.11683504226765949,0.010726362393619134,0.06965287325839704,0.13322584719431005,0.03795988592544931,0.06821251342110905,0.005299665726523076
0.13575325190197252,0.00330477241564829,0.10379587130521485,0.0059939484605396175,0.06309713872362711,0.07667991197263098,0.008459449781394856,0.00791723159947275,0.10902490445911461,0.027885899915719707,0.007418040267548882,0.005409468868085548,0.0031718813083106015,0.11824052939324367,0.009822181631189192,0.07021643295948563,0.13359430492736307,0.038480297648458055,0.06621891286687644,0.005515569594103633
0.13500993750313886,0.003659182056409309,0.10257428156967847,0.005809444652824788,0.060488410014205685,0.07822916300174054,0.009825942030132729,0.009371802425115323,0.107900988832255,0.028562238373851766,0.008155512425956649,0.006370869332513481,0.0035852913616890385,0.11732588018256773,0.00941986752672984,0.06789513310314857,0.13211876008266107,0.04215907643217105,0.06648799151648065,0.005050227576729445
0.13478391506742748,0.003687546969752385,0.10040554706453908,0.0058448280950375115,0.060446090028748026,0.07869180415156589,0.009801453758320365,0.009837772315999567,0.10818859543480551,0.02947087594259275,0.008467604771509447,0.006483828705893815,0.003526064320894905,0.11722750368487098,0.009013829286867135,0.06789578636461097,0.13174525279473362,0.043263102636577726,0.06594045949250354,0.005278139112749295
0.13433661703679722,0.0034157924272726907,0.10230680310059817,0.0060953541458470106,0.0643504948195018,0.07758987407148676,0.00915901457081739,0.00914492336105199,0.1066798877517784,0.029488232421253906,0.008863329764150414,0.0060413652939375504,0.0033752029899092894,0.11714625528097632,0.009768967945013777,0.06935499085016407,0.1321186721496434,0.04092132200205158,0.06361740189626258,0.0062254981214856725
0.13463331732264258,0.003192852748491149,0.10545913709893621,0.0060318899814480196,0.06660506171715215,0.07485335294247872,0.008849638258842121,0.008219317797810082,0.10648832865167324,0.029157735288822567,0.008690828586845807,0.0052853418821159955,0.0031508973455549967,0.11709472212409358,0.009934002176470023,0.0693474865036308,0.13271759990194879,0.039673667190384315,0.06492138731597927,0.005693435164679595
0.13530501406417988,0.002889367656866976,0.10435009033803042,0.005672133629382669,0.06695642156812198,0.07635029120731994,0.007779408162156726,0.00769896779598811,0.10814239366002189,0.02939203210129821,0.007941769645783983,0.004885064684614059,0.002712066302682282,0.11874710423677977,0.00919618106962632,0.07070865360939352,0.1337687552816651,0.03812025440150943,0.06352538847148179,0.005858642113096946
0.13481213025490263,0.003051422025473926,0.10019668518962979,0.006526206789198595,0.06789337796925542,0.07636385874065674,0.007463669374907978,0.00777856642596019,0.10887999563972811,0.031322287352532834,0.008163444271121756,0.004968801606162903,0.002660843938553955,0.11848675351590808,0.009283339376759937,0.07321939059500177,0.13338017169665156,0.03723263258705534,0.060857928929922735,0.007458493720615744
0.13450505252824332,0.003232829035527595,0.09944954092261,0.006728984974654167,0.0671005221744118,0.07663816107697123,0.007860408723730408,0.008160106222432965,0.1085962856477156,0.031494827457455445,0.00844086972640654,0.005295017440086045,0.0028468519216286567,0.11795207157475714,0.00946713349125055,0.07295104816965424,0.1328411050210978,0.03806902805646351,0.0607363197897094,0.007633836045193573
0.13436330522844425,0.0033007953019783755,0.0984060449422302,0.007255408115226113,0.06734996693444155,0.0761104737306795,0.007762959000824398,0.008033485822253335,0.10889251937899712,0.032087689759499514,0.008402573224683053,0.005248337527285157,0.00283667131838772,0.11764577185237975,0.009638795669671033,0.07397798341073361,0.13268275344533603,0.037461116901708585,0.060229840799015714,0.00831350763622499
0.13419641066089485,0.0033227508492883985,0.09838440662954094,0.007319620409288645,0.0677505424997371,0.07585078977032608,0.007834259316148326,0.008091362314737229,0.10855363646647771,0.03224892646438647,0.008592354259244574,0.005277927644696165,0.0028634872751641307,0.11742816125636624,0.009746858413606676,0.07390635738092743,0.13255678791702735,0.03743653678059616,0.06014652929010423,0.008492294401441305
0.13527568943371096,0.0028457238901804355,0.09986024733288999,0.006513107275835243,0.06862690582414516,0.07616796109946096,0.00683119145446301,0.007191110509442634,0.11019226934876694,0.031559892860981036,0.00764074434082685,0.004535163099625154,0.0023957671054752132,0.11928484620374913,0.008866439143015705,0.0746221408880385,0.13402284585042162,0.03577563442399528,0.060165988401206,0.0076263315137701584
0.13584560135879473,0.0026237156051078315,0.10055416014605187,0.0061033655869560935,0.06883973953775527,0.07644037505173501,0.006347537062121191,0.0067477638112144024,0.11117269981554195,0.031130313071721188,0.007120675492416037,0.004191680181407242,0.0021808811680713185,0.12027417007625349,0.008397059396407633,0.0749918713603227,0.13473959425703477,0.03495973453140381,0.06019712257796075,0.007141939911722697
0.13569106302746323,0.002683925216242102,0.10036274273536885,0.006215323907552343,0.06878211995245714,0.07636582119347768,0.006479081306386796,0.006868736868612322,0.11090221400148745,0.03125183016533516,0.00726165642657473,0.004284834251082254,0.002238773431710082,0.1200017696082605,0.0085259798984894,0.07488905182877265,0.13454591065275764,0.035184654710994516,0.06019068594886042,0.007273824868114768
0.13516525816687092,0.0028886588041177027,0.09972949402516328,0.006591348054142812,0.06858533660149006,0.07611596456219968,0.006924361637985662,0.007276093940787092,0.11000777168268201,0.03163660913439632,0.007741818813784226,0.0046016554176187795,0.002437824479608956,0.1190983480707757,0.008955266081582335,0.07455388891360301,0.13388306523455348,0.03593042584489678,0.060157186831558754,0.007719623702182442
0.13430170695652194,0.0032262382150417537,0.09874064954907952,0.007197532543201984,0.06826433844954807,0.07571646667870913,0.007650893987743661,0.007933751048522574,0.1086094655505553,0.03220154988134305,0.008528361631974842,0.00512301236612684,0.00277206435391763,0.11767447576056976,0.0096370339628979,0.07403478084881235,0.1327844426958747,0.03708087851215627,0.06007969089107888,0.008442666116323851
0.13452288158896494,0.003139469550021954,0.09898853114752512,0.007043202076579551,0.06834589303597367,0.0758176528265702,0.007465147226591179,0.007766439913508984,0.10896046754146183,0.03206245714474456,0.008327546101520788,0.004989245585120816,0.002685567801677367,0.11803357404304621,0.009464498468844706,0.07416541166228277,0.13306672234759265,0.03679583943086446,0.060100913175276216,0.008258539331832026
0.1346711784479605,0.00308141407163453,0.09915673183621374,0.006939376969256114,0.06840081875539482,0.07588592389245755,0.007340481865280052,0.007653836417681228,0.10919846714861482,0.03196710407056109,0.008192663012288477,0.0048996543885435374,0.002627917520294074,0.11827642729469358,0.009348038406449464,0.07425384845309972,0.13325564141655968,0.03660114495075577,0.06011463963276527,0.008134691449495994
0.13547745841005318,0.002767309298693797,0.10010203674776574,0.0063694421127825016,0.06870293126226888,0.07626358251958738,0.0066606536433336345,0.007035172655958307,0.11053339819913126,0.031415697365631275,0.0074560196455816935,0.004413697032981483,0.0023192912406284987,0.11962911329967568,0.008702768492775459,0.07474877369886322,0.13427767983292027,0.035488954212717735,0.060180647119956666,0.00745537320869334
0.1360922642622207,0.002527817369054216,0.1008648131648956,0.005923855901100328,0.06893227394718303,0.0765605276870476,0.006137246264592735,0.006553670897898745,0.11161105699144039,0.030930893516866852,0.006895002428344036,0.004043113684975872,0.002089114464428737,0.12071402594849086,0.008189468443437247,0.07515838820699064,0.1350480642799287,0.0345919865668712,0.06020595025999362,0.006930465714238928
0.13637815271046314,0.0024169831833996337,0.10123328894726184,0.00571447918240042,0.0690404733008616,0.07670160686123773,0.005892975559940786,0.00632708107905585,0.11212997710293218,0.030690821862241313,0.006632379752756649,0.0038711089967876015,0.00198373438035571,0.12123206134799058,0.007945916795344243,0.07535538984347044,0.13540453232495578,0.03415150147871481,0.06021374009635702,0.006683795193472669
0.13636850822877986,0.00242072020921731,0.10122069810679404,0.005721569991832525,0.06903681180054816,0.07669680606634417,0.005901232235049416,0.0063347554563444475,0.11211226726868365,0.03069908819519379,0.006641265015486564,0.003876910927762358,0.001987276002380431,0.12121441679006334,0.007954190045433355,0.07534866969865105,0.13539252164167542,0.034166629373921745,0.060213512619301385,0.006692150326537021
0.13608365930332209,0.0025311615163157134,0.1008538648078812,0.005930132154369407,0.0689290417612822,0.07655630603565558,0.006144586886855977,0.0065604613323520435,0.11159563472068768,0.03093796656246668,0.006902886060068119,0.004048295719181217,0.00209229924488398,0.12069857286350953,0.00819674259183351,0.07515252831670016,0.13503731860028864,0.03460500665461006,0.060205668597656505,0.00693786627007973
0.13598208167022757,0.0025706206814091167,0.10072524876403069,0.0060041633480952825,0.06889085544355783,0.07650668870939656,0.006231228412573248,0.0066405226895362565,0.11141422715908772,0.03102080821178221,0.006995904325058614,0.004109456215025139,0.002130006082943735,0.12051676877888706,0.008282474869604612,0.07508362583972447,0.13491038937541616,0.03475761779104545,0.06020223369241627,0.007025077940181998
0.1357756648668523,0.002650950337990484,0.10046723742342255,0.006154076610103271,0.06881363711835962,0.07640656315076388,0.006407078722120361,0.006802567215940522,0.11104991308658466,0.031185619831588515,0.007184509878273756,0.004233829495636087,0.0022070412012043417,0.12015060425547959,0.008455507156532446,0.07494519819171572,0.13465198732221362,0.03506203436956234,0.06019430215363246,0.007201677612023497
0.1358837524868579,0.00260886790207199,0.10060178511078106,0.006075668965165156,0.06885400378804504,0.07645887414353666,0.0063150382150925985,0.006717829036995439,0.11123994711720599,0.031099910025369503,0.007085825379486759,0.004168692418856549,0.0021666380794094857,0.12034178115318402,0.00836510254420363,0.0750174122856306,0.13478736320789908,0.0349035737807016,0.0601986207348824,0.0071093136246245135
0.13621285216075918,0.0024810298767840014,0.10101909643041825,0.005835720242019411,0.06897778826068586,0.07661978336937078,0.006034289078472112,0.0064583123849957565,0.11182847602461882,0.030830827089949473,0.00678437290437832,0.003970541358462367,0.0020445383524748044,0.12093142208410798,0.008087131263992093,0.07524093978875697,0.13519857095604973,0.034408125015528125,0.06020955150764983,0.006826631850526151
0.13620713811434118,0.002483246506094542,0.10101175114311828,0.00583990080313104,0.06897562615538257,0.07661696039842061,0.006039167462591796,0.006462840290201611,0.11181812417855024,0.03083562097736691,0.006789616499350886,0.003973979058327949,0.0020466444320755162,0.12092107835051841,0.008091995989381843,0.07523700958591202,0.1351914421172558,0.03441689755338927,0.06020940175898927,0.006831558625600244
0.1360288859807816,0.002552434764065303,0.10078436500789763,0.005970083772460689,0.06890842932321685,0.07652951101785765,0.006191323191969517,0.006603667753543938,0.11149761561283826,0.03098278410788643,0.006953069218518348,0.004081275900590042,0.00211262216073102,0.12060038511074987,0.008243028927461097,0.07511530140365763,0.13496888702302226,0.03468754350802426,0.060203859217506504,0.006984926997221085
0.13613812799296376,0.0025100165915703096,0.10092329156293231,0.005890366437327189,0.06894955996765015,0.0765830193347394,0.006098103839766976,0.006517442637611788,0.11169349471606026,0.03089303924020304,0.0068529494074354895,0.004015511347450464,0.002072138937154639,0.12079652201411523,0.008150615354590657,0.07518969671012327,0.1351053283764979,0.03452237565201142,0.06020738806423708,0.006891011815558669
0.135742519841866,0.002663863458046507,0.10042620794859877,0.006178084452916622,0.06880127625312239,0.0763905903329018,0.006435296534708828,0.006828508908438095,0.1109919351889105,0.031211645952441528,0.007214748078240377,0.004253812028863058,0.002219465859299354,0.12009221106022405,0.008483141101404244,0.07492316439812773,0.1346104382291963,0.035110226961028904,0.06019289956185754,0.007229963849807408
0.13595370889025687,0.0025816542650282264,0.10068951090862384,0.0060248203932207435,0.0688802119412598,0.07649286215801056,0.006255425992736887,0.006662855236272052,0.11136379671609888,0.031043742682048243,0.007021870755625348,0.004126550693329286,0.002140566667840509,0.12046616641282917,0.008306356068082194,0.07506446423760275,0.13487488952881602,0.03479991862873999,0.06020122256672917,0.007049405256849442
0.13568619104643947,0.00268582189035957,0.10035675438319604,0.00621884352608435,0.06878031260031173,0.07636347962553602,0.006483222003190417,0.006872542297186649,0.11089374652354454,0.03125561843663281,0.007266096993195922,0.004287773726562383,0.002240604171944376,0.119993215169131,0.008530022447348913,0.07488582677340064,0.13453980031613522,0.035191687957600803,0.060190465227362315,0.007277974884836811
