Stock_1,Stock_2,Stock_3,Stock_4,Stock_5,Stock_6,Stock_7,Stock_8,Stock_9,Stock_10,Stock_11,Stock_12,Stock_13,Stock_14,Stock_15,Stock_16,Stock_17,Stock_18,Stock_19,Stock_20,Stock_21,Stock_22,Stock_23,Stock_24
0.051735826,0.020174809,0.04889694,0.03229024,0.095930964,0.05215348,0.044086263,0.047368634,0.035984423,0.03350779,0.061858878,0.02706256,0.031590946,0.05338201,0.020240728,0.021798113,0.05155209,0.023802062,0.021234334,0.0793213,0.03384785,0.0463405,0.027093478,0.038745735
0.051563174,0.02025519,0.048863746,0.032247614,0.095957264,0.05222786,0.04413444,0.0473034,0.036039356,0.03355006,0.062026016,0.027123585,0.031436436,0.053230688,0.02016537,0.021888262,0.051750325,0.02379575,0.021223115,0.07917063,0.03397028,0.046558328,0.027011272,0.03850782
0.051707074,0.020249082,0.04879796,0.03250378,0.095872864,0.05227397,0.044122532,0.047110617,0.036123443,0.033384994,0.061984885,0.026987357,0.031382363,0.053483326,0.020306576,0.021786908,0.051385462,0.02387467,0.021232396,0.07965992,0.03372339,0.046238206,0.026965037,0.038843192
0.05180155,0.020203108,0.04938922,0.032212295,0.095331036,0.05175341,0.044099692,0.047740124,0.036015835,0.033626888,0.0618533,0.027346604,0.031824384,0.05329995,0.02007847,0.021811765,0.051848188,0.023649083,0.021237308,0.07904227,0.03433055,0.04622853,0.027081737,0.038194757
0.051846225,0.020386342,0.048793167,0.032288656,0.09523887,0.05251323,0.043960214,0.047626477,0.03619881,0.033512335,0.062045615,0.026837364,0.031643264,0.05332129,0.020321287,0.02196748,0.051571496,0.02374448,0.021422401,0.078707896,0.033807416,0.04616176,0.027132023,0.038951956
0.051876158,0.020137843,0.04943613,0.032255806,0.09571962,0.0518362,0.04406442,0.04770544,0.035943333,0.033526342,0.061329413,0.027224794,0.031869803,0.053698756,0.020287918,0.02169077,0.051508468,0.023720426,0.02119399,0.07885348,0.034115497,0.04629412,0.027159316,0.038551964
0.051625922,0.02031445,0.049093176,0.032257218,0.09632266,0.052150033,0.043961745,0.04744607,0.036201973,0.033589624,0.06149817,0.026841283,0.031456523,0.05333053,0.020228952,0.021886315,0.051422153,0.023708956,0.021200346,0.079064086,0.034084875,0.046506267,0.027057763,0.038750898
0.05174291,0.020350106,0.0492978,0.032165565,0.09565394,0.051892202,0.04401972,0.047173355,0.035968784,0.033791814,0.062191345,0.027573513,0.03139218,0.05338423,0.01989199,0.021711042,0.052012224,0.023564024,0.021276124,0.07928187,0.03407033,0.04677115,0.026899744,0.03792405
0.051917493,0.020314282,0.048941042,0.03225471,0.09546015,0.051593732,0.043506917,0.047384392,0.036046255,0.03367515,0.062291075,0.026915284,0.031500302,0.05334736,0.020321269,0.021798875,0.051711094,0.023784062,0.021365374,0.079472795,0.033997025,0.046689022,0.027106835,0.038605485
0.05156467,0.020229086,0.04856185,0.03225196,0.0960255,0.05205223,0.044349916,0.048184026,0.03604131,0.03357219,0.06152824,0.02695189,0.032009996,0.053239185,0.020128699,0.021617176,0.051563878,0.02364154,0.021273552,0.07873869,0.034082357,0.0465532,0.02719049,0.03864839
0.051947694,0.020182524,0.049199186,0.032101803,0.09514268,0.051874526,0.043740734,0.047424547,0.035712358,0.03373519,0.062088873,0.027075026,0.03143822,0.05386663,0.020358033,0.021851918,0.051715717,0.023976667,0.02125045,0.078954466,0.03385174,0.046365563,0.027176278,0.038969208
0.05158778,0.020328207,0.04930492,0.032109845,0.0957832,0.051644217,0.044238478,0.047739048,0.035807922,0.03379085,0.061534185,0.02740155,0.031331867,0.053789567,0.019740306,0.021704875,0.051926207,0.023364456,0.021324083,0.07969558,0.034290016,0.04611276,0.027109524,0.038340528
0.05188143,0.020314319,0.0489436,0.032326937,0.095237315,0.051321536,0.044205118,0.047500823,0.03598357,0.033441357,0.06254635,0.027543629,0.031787805,0.053613868,0.02016924,0.021692963,0.051547863,0.023653293,0.021365069,0.07976949,0.033865016,0.046187073,0.026987148,0.03811524
0.05162642,0.020289263,0.048740365,0.032362264,0.0950159,0.052202158,0.043818157,0.04738894,0.035745878,0.03375245,0.06229366,0.026641449,0.031495128,0.05371804,0.020471904,0.021701844,0.05143084,0.024024092,0.021252116,0.07959811,0.033826645,0.04638413,0.026959974,0.039260387
0.05170668,0.020110277,0.048565686,0.03239689,0.095122136,0.052321494,0.044434052,0.047558777,0.036011085,0.033131193,0.0621818,0.027317598,0.031913836,0.053185355,0.020214416,0.021931883,0.051907666,0.02388946,0.021301774,0.07916819,0.033922244,0.0457237,0.027215144,0.038768657
0.05212981,0.02016001,0.04871987,0.032074265,0.09594757,0.05163982,0.043856606,0.047271907,0.03579088,0.03343568,0.06219472,0.026886085,0.031460524,0.05371172,0.020314995,0.02172153,0.05146708,0.02395458,0.021335961,0.079930685,0.033438537,0.04633482,0.027037738,0.039184626
0.05143735,0.020475015,0.048869696,0.032175884,0.09519758,0.052172385,0.044624552,0.04732229,0.035954528,0.033627857,0.06204928,0.026938982,0.03170494,0.05347847,0.020223757,0.021744661,0.051492784,0.02376924,0.021241788,0.079194844,0.034020636,0.046292488,0.02709786,0.038893104
0.051715486,0.020372322,0.048880283,0.032059483,0.09659721,0.05186079,0.0441256,0.047479164,0.036121495,0.03362857,0.06171218,0.027219031,0.031609453,0.05339145,0.020104047,0.021774124,0.051125195,0.023766402,0.021296063,0.07850872,0.033746555,0.047129385,0.026964229,0.038812667
0.05176944,0.020187773,0.048949223,0.031724844,0.097619876,0.05182684,0.044749316,0.046897214,0.035911027,0.033118602,0.062088914,0.027475063,0.031437054,0.053713076,0.020088367,0.021859445,0.051314685,0.023915492,0.021056062,0.07902076,0.03346642,0.046684854,0.02657003,0.038555574
0.052534107,0.020259848,0.049166538,0.03236891,0.09716685,0.051293917,0.044524252,0.04695111,0.036163077,0.033101,0.061895914,0.027219428,0.031028518,0.05367171,0.019969832,0.021573767,0.051075745,0.023462456,0.021107217,0.07960807,0.033368822,0.046944648,0.026855337,0.038688853
0.05165156,0.02011096,0.048326477,0.032220587,0.09622342,0.052007195,0.044330485,0.046680942,0.035756346,0.03331291,0.062514275,0.026790023,0.03133686,0.05367279,0.020369621,0.021599185,0.051548067,0.024188545,0.020958219,0.080931894,0.033413965,0.045923635,0.026947504,0.039184544
0.052211568,0.020075252,0.04897406,0.03201236,0.09623012,0.051870458,0.04414452,0.047207724,0.035809103,0.033562362,0.06165938,0.027132414,0.0317182,0.053969413,0.020179993,0.021713873,0.051200755,0.023642687,0.021247152,0.08003846,0.03351341,0.046172597,0.02700766,0.03870647
0.05178353,0.020105345,0.049248282,0.032525152,0.09544744,0.051411524,0.044104423,0.0473127,0.03583309,0.033324502,0.061736234,0.027490957,0.03137523,0.05355114,0.02001624,0.021493481,0.052313752,0.023748552,0.021345435,0.0796512,0.03406802,0.046396818,0.027043374,0.038673602
0.05190276,0.02024337,0.04843065,0.032127514,0.09577765,0.05197188,0.044205382,0.04753569,0.035641655,0.033428,0.061946105,0.027100367,0.031858742,0.053877246,0.02000689,0.021637185,0.051792096,0.023732921,0.021426516,0.079065524,0.03368436,0.046426073,0.02713985,0.039041556
0.051126935,0.020089991,0.047947984,0.03247067,0.096613854,0.052409228,0.044162948,0.047642615,0.036137696,0.033293482,0.061286617,0.026524378,0.031981148,0.05339415,0.020480536,0.021708606,0.051576406,0.023959009,0.0211385,0.0793295,0.033781122,0.045989763,0.027391601,0.039563317
0.05207962,0.01994372,0.049365863,0.03223384,0.096307896,0.051883724,0.044036377,0.046879947,0.035766125,0.033330493,0.062252164,0.027312761,0.031064756,0.053270333,0.020120777,0.021753121,0.052073855,0.023974849,0.021051973,0.079768226,0.03385794,0.04649951,0.026663475,0.03850865
0.051822048,0.0204511,0.049033053,0.03246328,0.09578686,0.051546156,0.04417297,0.04747137,0.03608096,0.03338399,0.0625121,0.027088486,0.031475216,0.053472742,0.02028241,0.021749707,0.051475316,0.023695191,0.021273823,0.07858426,0.033745944,0.046902947,0.027148087,0.03838204
0.051409785,0.020177232,0.048151102,0.03237159,0.095193595,0.052360147,0.043880727,0.04771976,0.035850473,0.03357844,0.06237164,0.026894663,0.032170225,0.053097147,0.020262126,0.02179403,0.051709976,0.023821445,0.021540223,0.079726964,0.033983696,0.04582128,0.027306056,0.03880764
0.052207213,0.020027839,0.049030248,0.03236552,0.09574714,0.05166021,0.04382838,0.047308158,0.036294986,0.033281192,0.06142048,0.02712326,0.031716004,0.053438693,0.020359544,0.021732323,0.05167354,0.02383419,0.021299953,0.07958934,0.033997454,0.045847088,0.027202683,0.039014548
0.051764347,0.020290086,0.04891606,0.032057688,0.09671923,0.051910035,0.044385046,0.047247633,0.03603336,0.03339935,0.061365545,0.027052261,0.031460654,0.05392973,0.020149194,0.021754617,0.051019244,0.023779565,0.021042759,0.07937544,0.03354269,0.046468884,0.02709472,0.0392419
0.051437844,0.020241378,0.047820836,0.032462873,0.09524732,0.05250855,0.044456836,0.047053255,0.035475057,0.033432513,0.06321394,0.026778527,0.031777628,0.053444445,0.0201698,0.021654554,0.052027952,0.023957977,0.021287248,0.07997147,0.033585843,0.046047416,0.027115274,0.038831454
0.051689155,0.02021304,0.04891731,0.032234076,0.096404165,0.052257445,0.04423152,0.04704462,0.036199242,0.033309404,0.061969448,0.026988847,0.031393483,0.05295715,0.020267203,0.021924827,0.051379923,0.023736408,0.021321308,0.07958932,0.033844598,0.046633463,0.026984215,0.038509887
0.052229274,0.02011471,0.04961693,0.03209005,0.0964154,0.051586535,0.044061713,0.047344062,0.03580322,0.033541713,0.061659355,0.027251368,0.031646572,0.053742073,0.020292725,0.021398954,0.05169525,0.023816535,0.021273512,0.07842165,0.03368094,0.04688768,0.026748117,0.038681656
0.052437484,0.020075787,0.04902858,0.032504585,0.096194685,0.052168034,0.043850526,0.047411192,0.036350746,0.033452928,0.060823817,0.026928956,0.031506494,0.053754304,0.020126816,0.02173327,0.05156459,0.023645662,0.02124171,0.07881316,0.033824008,0.046322364,0.027106186,0.039134126
0.051323634,0.020184536,0.048172727,0.032329086,0.09562349,0.052546974,0.044342097,0.047237847,0.035661645,0.033382308,0.062227726,0.026905421,0.03178039,0.053395063,0.02036061,0.021915412,0.051872168,0.024039263,0.021252736,0.079497434,0.033648733,0.04594143,0.02715292,0.03920636
0.052018713,0.02020999,0.049400717,0.03230864,0.09579958,0.05135586,0.04403758,0.046994787,0.035956483,0.033436,0.06190615,0.027353922,0.031273514,0.05371894,0.020264367,0.021639146,0.051233288,0.023887794,0.021112401,0.08000215,0.03382476,0.04663519,0.026861455,0.038768597
0.05223978,0.020050732,0.04917386,0.032301486,0.09644919,0.05172454,0.043897603,0.046863403,0.036410723,0.033168025,0.061847836,0.027188156,0.031198498,0.053195085,0.020391809,0.021771455,0.051500082,0.024000159,0.02113374,0.07938629,0.034013532,0.046461694,0.02691096,0.038721364
0.051818628,0.020129818,0.049126532,0.03209285,0.09610141,0.05206621,0.044469617,0.04737478,0.035931285,0.033397213,0.061954197,0.027205668,0.03162365,0.053381193,0.020058013,0.02164768,0.051998205,0.023643099,0.021260187,0.079098724,0.034093417,0.046040367,0.02708055,0.038406707
0.051704217,0.020257222,0.04863795,0.032179788,0.09579897,0.05233552,0.044142097,0.0473077,0.03586517,0.03342657,0.062268656,0.027142186,0.03166725,0.053586435,0.02033101,0.02183074,0.05121044,0.023801355,0.02144814,0.07905768,0.033440284,0.046303403,0.027192798,0.03906438
0.051345035,0.020157749,0.048581168,0.03236122,0.09613736,0.052358598,0.04432388,0.04758241,0.036015734,0.03356989,0.061326616,0.027222477,0.031790413,0.05325027,0.020005107,0.02167833,0.051629532,0.023628041,0.021135528,0.07987156,0.03419382,0.046053536,0.02704109,0.038740635
0.051679067,0.020188782,0.049157374,0.032353304,0.096452214,0.05179435,0.043963436,0.047050215,0.036100466,0.033395257,0.06132904,0.027008504,0.031495962,0.053728323,0.020303791,0.021783423,0.0514118,0.023834866,0.02113824,0.08008149,0.033690337,0.046461374,0.027001973,0.038596395
0.05198191,0.020198554,0.048753474,0.032396093,0.09629728,0.051535983,0.04444292,0.047302183,0.03595992,0.03328197,0.06282048,0.027231548,0.031449705,0.05325412,0.019834142,0.021584721,0.052232787,0.02357528,0.021216558,0.079384595,0.034042798,0.046496492,0.026883673,0.037842777
0.0526372,0.020129504,0.049700346,0.03200198,0.09608585,0.051506154,0.043941975,0.047627766,0.035878923,0.033463106,0.061675485,0.02711357,0.031437464,0.053707477,0.020289656,0.021713518,0.050757192,0.023764528,0.021064067,0.079091825,0.033707872,0.0468106,0.027067259,0.038826674
0.051116385,0.020216247,0.048785925,0.03210715,0.09554812,0.05256545,0.044338316,0.047701925,0.03579204,0.03391548,0.06159418,0.02705692,0.031577088,0.05374441,0.020114485,0.022017961,0.051401693,0.023772571,0.021111576,0.0794948,0.034105062,0.045984637,0.027191313,0.038746253
0.05219732,0.020102998,0.049136356,0.032740206,0.096428715,0.051768646,0.044216793,0.0472658,0.036570434,0.033138555,0.06050155,0.026900155,0.031548314,0.053437024,0.020309681,0.021428928,0.05132321,0.023684217,0.021329574,0.07898299,0.033841044,0.046400025,0.027199069,0.039548416
0.05138113,0.020267205,0.04858967,0.032106757,0.09570046,0.05174097,0.043853607,0.047154114,0.03545668,0.033664282,0.062841006,0.027019177,0.031055626,0.05357157,0.02013544,0.02182769,0.051957007,0.023888588,0.021170182,0.081081085,0.033683136,0.046204776,0.026973259,0.0386766
0.051735174,0.020241747,0.048959788,0.032252885,0.09498886,0.051878326,0.04411874,0.047632094,0.036060613,0.033456217,0.06269407,0.027109578,0.03177993,0.052759327,0.020201208,0.021833073,0.0522495,0.023693746,0.021402117,0.07914798,0.0344852,0.04588061,0.027016213,0.038422983
0.051867038,0.020130472,0.04865544,0.032431666,0.09545665,0.052138668,0.04422095,0.047685105,0.035870295,0.033535372,0.06243881,0.026760412,0.031523157,0.053416163,0.020222418,0.02177738,0.051866643,0.023915825,0.021174628,0.078697905,0.03397785,0.046215277,0.027126098,0.038895752
0.052316945,0.020066502,0.049515713,0.03190889,0.09509736,0.051892936,0.043595146,0.047671095,0.036389362,0.033715457,0.061463244,0.027035188,0.031727795,0.05332337,0.020438708,0.021921447,0.051809788,0.023796037,0.0212068,0.079398766,0.034265023,0.0454861,0.027146503,0.03881177
0.051625784,0.020280497,0.048828483,0.032229982,0.09524975,0.052763913,0.04384663,0.04734474,0.035937693,0.033880193,0.061844833,0.0269535,0.03145206,0.05336709,0.020295883,0.02181938,0.051579524,0.023738055,0.021399895,0.079990275,0.03381697,0.045936655,0.027002525,0.03881574
0.052264396,0.020178217,0.048954934,0.032105457,0.09542021,0.052273173,0.04393398,0.046734016,0.03605074,0.03361249,0.062203012,0.027311243,0.031238288,0.05386475,0.02039705,0.022206564,0.05089201,0.024250109,0.02074654,0.07915787,0.03396548,0.046638377,0.026956389,0.038644724
0.052071806,0.020107776,0.04911551,0.03181544,0.09719966,0.051460028,0.044030953,0.04727286,0.03586722,0.03339324,0.061851192,0.02730908,0.031214776,0.053521007,0.019988233,0.021575458,0.051959574,0.023690695,0.021306157,0.07950527,0.033599555,0.046716146,0.026904095,0.03852427
0.051745515,0.01994798,0.048264127,0.03264528,0.096032195,0.05256367,0.04452253,0.046941735,0.035773117,0.033177745,0.061465234,0.026808135,0.031686723,0.053745024,0.020366743,0.021540368,0.051437836,0.023934677,0.021227114,0.08038178,0.033199694,0.045939155,0.027320238,0.0393334
0.05133604,0.020209262,0.047932114,0.032310806,0.09646796,0.053018752,0.04452148,0.04727667,0.035934243,0.033538762,0.061834183,0.027029356,0.03164405,0.053661376,0.020261746,0.021785455,0.05155714,0.02383547,0.021297565,0.07911182,0.03319761,0.046162467,0.027066087,0.039009616
0.051512238,0.02020184,0.04846407,0.03225069,0.09707779,0.052434623,0.04454395,0.04716116,0.035850544,0.033216923,0.06152036,0.026980827,0.031615794,0.053637344,0.020437712,0.021720432,0.051208377,0.023948288,0.02119855,0.078697145,0.033189736,0.04663343,0.02711363,0.039384525
0.051161896,0.020277336,0.048389148,0.032126285,0.09630612,0.052294414,0.04432374,0.04766244,0.035866845,0.033698767,0.06235188,0.026948882,0.031443413,0.052877773,0.02001054,0.021903355,0.05177858,0.023758437,0.021136068,0.078941114,0.034213357,0.046802655,0.027013106,0.03871376
0.051774997,0.020269107,0.048705395,0.032079376,0.0965292,0.05190718,0.04384518,0.04675783,0.036105983,0.03363659,0.06214476,0.027176142,0.03112125,0.053429898,0.020209592,0.021767884,0.05174558,0.023920948,0.021162651,0.07975357,0.033789225,0.04668827,0.026786638,0.03869272
0.05163554,0.020133274,0.048792925,0.0322665,0.09577296,0.052240513,0.043686938,0.04712615,0.035868682,0.033698693,0.0620249,0.027075592,0.03128553,0.053635757,0.020095319,0.021918027,0.052030817,0.02382875,0.021179007,0.0796722,0.034028597,0.04621441,0.02707159,0.038717344
0.051287483,0.020120315,0.048667096,0.03217785,0.09514227,0.052149422,0.044502217,0.047484133,0.035621043,0.033503555,0.06195889,0.027256323,0.031777423,0.053662468,0.020206818,0.021819433,0.051821865,0.023969673,0.021139681,0.079757005,0.034039777,0.04582646,0.027195424,0.038913406
0.051621243,0.02007837,0.04850718,0.032379903,0.09627605,0.052329257,0.044481415,0.04749467,0.03574634,0.033547785,0.0613504,0.026737953,0.03155089,0.053941138,0.020173956,0.021561686,0.051498123,0.023805033,0.021079449,0.07922058,0.033737157,0.04630998,0.027295254,0.039276145
0.051836956,0.020059958,0.0484117,0.03262831,0.095946856,0.052040808,0.044432066,0.047228906,0.036171168,0.032958154,0.061976068,0.02685612,0.031594172,0.05353627,0.020397954,0.02166526,0.051542662,0.024052227,0.021129929,0.07928298,0.033739265,0.045735553,0.027334094,0.03944253
0.05140171,0.020104717,0.047857683,0.03227762,0.096489765,0.052736945,0.04449427,0.046971146,0.035858553,0.033276718,0.062222082,0.026830163,0.03164542,0.053238705,0.02028568,0.021866037,0.051611062,0.024019267,0.021288456,0.07939882,0.03343677,0.046357244,0.027107261,0.0392239
0.05198796,0.020433567,0.049570676,0.03210812,0.09519044,0.05183901,0.043857876,0.04713147,0.035949722,0.03375879,0.06254538,0.027248548,0.031415228,0.053704258,0.0203754,0.02172999,0.051388897,0.02382403,0.021320907,0.07916957,0.03368476,0.04651614,0.026862733,0.038386486
0.051852237,0.020355808,0.048968475,0.03230839,0.09575312,0.052153476,0.04437042,0.047173366,0.036235444,0.033458885,0.062316988,0.02716154,0.031449206,0.05318915,0.02021746,0.021709565,0.051378556,0.023838805,0.021288896,0.078361996,0.033970162,0.046845242,0.026927495,0.038715314
0.0519254,0.020226847,0.048797354,0.032051396,0.096742734,0.0521608,0.04424934,0.04726076,0.03602467,0.033433825,0.062187146,0.026970556,0.031410746,0.053091466,0.020087278,0.021698533,0.05163341,0.02364024,0.021381652,0.07962961,0.03350724,0.046343025,0.026919434,0.038626503
0.050985366,0.020135453,0.048245076,0.032009892,0.09671757,0.052047987,0.044752236,0.04733445,0.03586244,0.033336625,0.0621699,0.027062155,0.03148486,0.053596176,0.020097429,0.022033514,0.051587574,0.023866832,0.0210701,0.079598,0.033855274,0.04587515,0.02733787,0.03893808
0.051682245,0.020136876,0.048825346,0.032095075,0.09711251,0.05171671,0.044409074,0.046935808,0.035954945,0.033288453,0.06177959,0.027054558,0.03108811,0.053221077,0.020221377,0.021610152,0.05132183,0.023962623,0.021108204,0.08016949,0.033591464,0.046904054,0.02680388,0.039006487
0.051418882,0.02014327,0.048204493,0.032408364,0.09671559,0.052333195,0.044481557,0.04697432,0.0358685,0.033313382,0.06148992,0.02675893,0.031418696,0.053691875,0.02022502,0.021570968,0.05151712,0.02378204,0.021324458,0.07978721,0.03341807,0.046364374,0.027381461,0.03940829
0.0518196,0.019959103,0.048557576,0.032239717,0.096067615,0.052164376,0.04424717,0.047438014,0.035888754,0.033248622,0.061874203,0.026887486,0.03184842,0.053052463,0.020121174,0.02159499,0.052176647,0.02375439,0.02136455,0.07937576,0.034041177,0.045864172,0.027278272,0.039135695
0.051739283,0.0201583,0.048644,0.03222615,0.09557252,0.05177278,0.043848544,0.047122184,0.0358277,0.033577833,0.062308185,0.027213054,0.031168938,0.05371624,0.020316103,0.021843359,0.05180641,0.024090197,0.021222757,0.07975816,0.033776835,0.04632405,0.02705771,0.03890874
0.051872678,0.020201622,0.048898395,0.03241905,0.096911155,0.05196076,0.044538293,0.04693999,0.036241744,0.033193763,0.061621305,0.027039666,0.03111641,0.053708598,0.02021806,0.021678,0.05103551,0.023693323,0.02113145,0.07967556,0.03345615,0.04624925,0.027074343,0.03912493
0.05186088,0.020249747,0.04928036,0.032041267,0.09545301,0.051778574,0.04423862,0.04762686,0.035778955,0.033610273,0.061911173,0.027353194,0.031453732,0.053564914,0.020158049,0.021650018,0.051293753,0.02379116,0.021282384,0.07934033,0.03369839,0.046365835,0.027092956,0.03912558
0.052395467,0.020232989,0.048971478,0.032149125,0.09688342,0.05180784,0.04463871,0.046998896,0.03600047,0.03325999,0.061696574,0.027126266,0.031217024,0.053930845,0.020152716,0.021677908,0.05066201,0.023806866,0.021004118,0.079129286,0.033345982,0.047151245,0.026860677,0.038900133
0.052128937,0.020380633,0.04935617,0.03203921,0.09576213,0.051635858,0.043952826,0.0472383,0.03607211,0.03360934,0.061824784,0.027413724,0.031020537,0.05407904,0.020155901,0.021768127,0.05088329,0.023731934,0.021277318,0.07973399,0.033412155,0.046540707,0.027071798,0.038911145
0.051515613,0.020379853,0.048451796,0.032249086,0.097485095,0.051893715,0.04452946,0.04666005,0.036015466,0.033168897,0.062228996,0.02737704,0.031084118,0.05343204,0.019984184,0.021556772,0.051105797,0.023569027,0.021262871,0.08064221,0.032928813,0.047002062,0.026753895,0.038723085
0.051613584,0.020328568,0.04846933,0.032231834,0.096428856,0.052037407,0.044629477,0.047095887,0.036116228,0.033407625,0.062115066,0.02696757,0.031199463,0.05313859,0.020071125,0.02160858,0.051431842,0.023721656,0.021173157,0.08033098,0.033579312,0.04644036,0.02684968,0.03901384
0.051829696,0.02018384,0.048878677,0.032399938,0.09673333,0.05160144,0.04441006,0.047273226,0.035729524,0.033245694,0.061445855,0.027033778,0.031257913,0.053831425,0.019978726,0.021527767,0.051857404,0.02361556,0.021086812,0.07984817,0.033649378,0.046636272,0.026975047,0.0389705
0.050947458,0.020364955,0.048201203,0.032221917,0.09568668,0.05245921,0.044644516,0.047781736,0.035845242,0.03335121,0.06265718,0.027143719,0.031866644,0.052745976,0.020211339,0.021904351,0.05152668,0.023802688,0.021413187,0.07900027,0.033911843,0.046587694,0.027085032,0.03863935
0.051301643,0.020289933,0.049317002,0.03226481,0.0956771,0.051492907,0.04410094,0.047126178,0.03602346,0.03326433,0.062082514,0.027422499,0.031549457,0.053431388,0.02042049,0.021844992,0.051706795,0.023986,0.021097034,0.07968957,0.03406448,0.04607634,0.027002927,0.038767178
0.052090675,0.020016938,0.04957104,0.032144602,0.09528965,0.051416237,0.043650873,0.047810256,0.035730466,0.033741627,0.06146336,0.027328016,0.031648602,0.053846277,0.019948963,0.021589305,0.05230036,0.02372311,0.02120302,0.07955084,0.034396965,0.045918874,0.027090926,0.038528983
0.05200107,0.020341717,0.049707253,0.032384016,0.09241339,0.051561423,0.04365168,0.04874087,0.03602141,0.034032322,0.06114574,0.027369702,0.032174133,0.05416809,0.020216996,0.022003168,0.051986992,0.02367868,0.0212627,0.07797565,0.03501677,0.04563234,0.02764536,0.03886849
0.051777918,0.020331606,0.048608042,0.032396603,0.094458856,0.052461628,0.043556307,0.047653794,0.036282282,0.033503216,0.06174067,0.02731664,0.03230198,0.053408306,0.020547267,0.022009106,0.051395684,0.023878826,0.021423714,0.07860769,0.03408093,0.04581671,0.027339289,0.039102927
0.051260974,0.020387989,0.049084917,0.03202506,0.0959014,0.05194263,0.043975797,0.047427796,0.035738926,0.033660848,0.06183053,0.027329082,0.031781405,0.05382827,0.020217312,0.021772372,0.051209245,0.023699727,0.02142407,0.07928037,0.0336665,0.04650898,0.027246313,0.038799454
0.051040027,0.020303037,0.04895086,0.03267814,0.09497048,0.052228265,0.044844497,0.047653228,0.03598154,0.03335972,0.06154008,0.027344871,0.031776607,0.053282678,0.02009354,0.021759639,0.05214677,0.023745893,0.021236714,0.078623936,0.034435596,0.046224065,0.027102465,0.038677383
0.051478323,0.020309998,0.04902366,0.032269258,0.09488235,0.051606346,0.04447697,0.047535058,0.035422985,0.033751037,0.06228271,0.02742357,0.031539887,0.054086104,0.020148737,0.02181164,0.05149013,0.023723528,0.02121562,0.08003996,0.033672445,0.046308883,0.027158827,0.038341947
0.05209368,0.020307986,0.0486276,0.03255877,0.095881544,0.05218209,0.04456627,0.047548145,0.036236078,0.03341015,0.062065255,0.02672551,0.031462908,0.05354344,0.020211438,0.021931285,0.050982676,0.023603879,0.021045733,0.07910423,0.033984818,0.046073087,0.027142685,0.038710725
0.05209479,0.020353138,0.04941954,0.032118708,0.096938215,0.052160885,0.044054113,0.04722657,0.036360364,0.03352641,0.061091546,0.027315041,0.031745087,0.053410247,0.02026805,0.021836793,0.05137202,0.023549126,0.02144369,0.07761672,0.03354691,0.047139477,0.026891777,0.03852077
0.05109613,0.0199184,0.048752245,0.03205717,0.09537318,0.052226022,0.043845795,0.047359556,0.035591774,0.03370867,0.0622959,0.027488716,0.031791642,0.053546138,0.020056294,0.0219417,0.053023648,0.023909252,0.021115866,0.0805448,0.034477342,0.045055076,0.02692085,0.037903853
0.05207292,0.020074492,0.048993427,0.03236142,0.09588904,0.051360738,0.044009037,0.047083147,0.03595474,0.033530798,0.06195288,0.02752215,0.031188142,0.054014437,0.01989489,0.021500267,0.05239367,0.023715861,0.021162618,0.08015276,0.03376815,0.046126224,0.02696249,0.038315654
0.05202957,0.02020618,0.048641708,0.032049064,0.096306086,0.052065708,0.043699097,0.046842936,0.03627953,0.033499975,0.06230602,0.026493775,0.030893955,0.05343133,0.020578388,0.022073608,0.0515525,0.024137145,0.02091989,0.07977856,0.03377924,0.04618647,0.027019281,0.039229963
0.052293077,0.02013362,0.04997181,0.03184778,0.0948524,0.050998013,0.043505043,0.047777522,0.03583277,0.033913407,0.061622147,0.028005805,0.03139746,0.05355689,0.019976012,0.021742888,0.05186397,0.023537597,0.02130167,0.07938707,0.034476176,0.046412442,0.027133366,0.03846105
0.051534016,0.020334123,0.048506767,0.03249571,0.09475356,0.05242154,0.04367787,0.04736594,0.035948157,0.03389523,0.06204134,0.026623908,0.031308137,0.053897407,0.020243706,0.021773262,0.051999137,0.023892278,0.021161864,0.079436615,0.03419584,0.04606943,0.027166553,0.03925763
0.05198201,0.020156363,0.048705302,0.032497853,0.09468325,0.05219104,0.044487257,0.048167862,0.035832424,0.03334596,0.061379213,0.027192269,0.032419693,0.053716913,0.020243302,0.02183443,0.05110117,0.023517758,0.021493498,0.07895634,0.033871938,0.045616895,0.02749127,0.039115977
0.051195312,0.020130707,0.048556957,0.032597054,0.09618107,0.05174519,0.04427763,0.047519483,0.03561211,0.03327345,0.061840676,0.027192732,0.03209029,0.053686414,0.02004126,0.021571118,0.052033044,0.023684021,0.021386039,0.07950711,0.033808134,0.046151266,0.027118461,0.03880051
0.05220084,0.020065654,0.04831146,0.03252605,0.09611023,0.05202711,0.044640396,0.047417983,0.035614397,0.033366095,0.06225583,0.026805652,0.031330034,0.05366788,0.02007324,0.0216849,0.050955,0.023928031,0.020665817,0.07983488,0.03383742,0.046637405,0.027069662,0.038974017
0.05225416,0.020042034,0.048945546,0.03234261,0.09642717,0.05196516,0.04397143,0.04741536,0.036222816,0.033362016,0.060941983,0.027078131,0.03170817,0.05346729,0.020428674,0.021610374,0.05053716,0.023785619,0.021215664,0.079767525,0.033711143,0.046610013,0.027140362,0.03904956
0.05188177,0.020241963,0.04909192,0.03232268,0.09528651,0.051684212,0.043925986,0.04707468,0.03604826,0.033383206,0.062036082,0.027393263,0.03153808,0.0533443,0.020336902,0.021815242,0.051070355,0.023923166,0.02129443,0.07956529,0.033911694,0.04647471,0.02726771,0.03908753
0.052121196,0.0203012,0.048912928,0.03241196,0.09526873,0.05227648,0.04393465,0.04730829,0.036106482,0.03367186,0.06193498,0.027166005,0.031741902,0.05380445,0.02025848,0.021665737,0.05122319,0.023736069,0.021271216,0.079340875,0.033710387,0.04632443,0.026999999,0.038508512
0.05149585,0.020288866,0.048234425,0.032324363,0.09640053,0.05246714,0.044772167,0.047581907,0.035702616,0.033374246,0.06182656,0.026865799,0.031822823,0.053736847,0.020284785,0.021711817,0.05042709,0.023686195,0.02144063,0.0794863,0.03309142,0.046687122,0.027229123,0.039061446
0.051853992,0.020095633,0.04873971,0.03217838,0.09640234,0.052239485,0.044614546,0.047488354,0.036156587,0.03324219,0.061809067,0.027256474,0.031919442,0.05326984,0.02013618,0.021668898,0.050910585,0.023750769,0.021454237,0.079087764,0.033673998,0.046413332,0.027010918,0.03862724
0.052032143,0.020066598,0.04843562,0.032371674,0.09687646,0.052098386,0.04474529,0.047415063,0.035856277,0.03310239,0.061765723,0.026938219,0.031510234,0.053581882,0.020082861,0.021747371,0.05124562,0.02379027,0.021030046,0.07911869,0.03337454,0.046652146,0.027122894,0.03903958
0.051998973,0.020083817,0.049273018,0.03218795,0.09641132,0.051900998,0.0441663,0.047408655,0.035832852,0.033663034,0.06154292,0.027162036,0.031190502,0.0538446,0.02010899,0.021673193,0.05150634,0.023731086,0.021012189,0.079624265,0.033878513,0.046571612,0.026840314,0.03838657
0.051797863,0.020311704,0.048228383,0.03248266,0.09569952,0.052150976,0.043698512,0.046828657,0.036297556,0.033379186,0.06275963,0.02701478,0.031799164,0.053223852,0.020528708,0.021668185,0.05180784,0.023841392,0.0216573,0.079229295,0.033426136,0.04611899,0.027063351,0.038986336
0.052294943,0.020170245,0.049039766,0.032548003,0.09579802,0.052234586,0.044083815,0.04670611,0.03615076,0.0333186,0.061754808,0.027259463,0.031080442,0.053691506,0.020301493,0.021693962,0.05105146,0.023884464,0.02095971,0.07991623,0.0337319,0.046118952,0.026983501,0.039227266
0.052059796,0.02027549,0.049035437,0.032067608,0.09668007,0.051683392,0.044418324,0.04749943,0.035761632,0.033489734,0.06182734,0.027444117,0.031221759,0.053989954,0.019974753,0.02159337,0.051433712,0.023519328,0.021337789,0.07940031,0.033304434,0.046797063,0.026688863,0.038496304
0.05119151,0.020197002,0.04806237,0.03226958,0.09635653,0.05219333,0.04486928,0.04753974,0.035586428,0.03330054,0.06263985,0.027001651,0.03151843,0.052948378,0.020032339,0.021591475,0.05171463,0.023976656,0.021338318,0.07870746,0.033851318,0.047281798,0.026905065,0.0389263
0.05135803,0.020399112,0.048733365,0.03191104,0.09594924,0.051941894,0.044534415,0.047916964,0.036052223,0.033353288,0.06209579,0.02713411,0.032012343,0.053240664,0.02023861,0.021982256,0.051301464,0.023758436,0.021332253,0.07828614,0.033870544,0.04629928,0.027328819,0.03896974
0.05207898,0.020284548,0.04978011,0.031983625,0.095024265,0.05180933,0.04320393,0.04749562,0.03629588,0.03410855,0.06123969,0.027299877,0.03135581,0.05340654,0.020348458,0.021876048,0.051595014,0.02377972,0.021120692,0.07924,0.03446318,0.04653044,0.026930396,0.038749233
0.05194038,0.02029493,0.04903495,0.03248468,0.09526723,0.05162625,0.04389003,0.047461595,0.03649941,0.033427786,0.06168802,0.027568402,0.03148128,0.053185597,0.020134335,0.021838695,0.05181022,0.023522962,0.021305416,0.0793752,0.034432616,0.045896277,0.027227169,0.038606584
0.051737323,0.020324316,0.049039885,0.032124527,0.0957273,0.052223053,0.044074126,0.047339074,0.03615602,0.03344346,0.061492175,0.027017478,0.031466264,0.053335544,0.020353517,0.021923753,0.051240716,0.023655986,0.021451753,0.08004358,0.033507485,0.0461004,0.027113767,0.03910854
0.05173022,0.020253189,0.04861533,0.032447193,0.09587357,0.05226628,0.044397958,0.047840945,0.035995334,0.033393778,0.061091308,0.027022915,0.03191961,0.053553365,0.0202442,0.021669937,0.050804306,0.023696562,0.021175686,0.07947064,0.03376615,0.04618407,0.02727848,0.039308965
0.051700268,0.020182181,0.048940547,0.03222181,0.09542343,0.052317128,0.04412439,0.048087798,0.03615858,0.0336092,0.061083283,0.026916685,0.032117654,0.053592023,0.02044435,0.02198365,0.051248252,0.023811717,0.021095961,0.078219816,0.03429484,0.046050053,0.027445396,0.038930986
0.051793557,0.020080917,0.048544243,0.032207984,0.0967375,0.052095495,0.044200603,0.046883598,0.03596842,0.033107676,0.062177587,0.027192468,0.03143801,0.052980483,0.020338742,0.02175107,0.05123276,0.02397338,0.021243785,0.08010014,0.033443734,0.046465896,0.026967425,0.03907453
0.051836822,0.020136453,0.048610188,0.03232376,0.09533496,0.052675385,0.044504195,0.04762531,0.035644364,0.033738986,0.062117573,0.027021732,0.03185217,0.05380082,0.020149613,0.021867491,0.051102493,0.023763755,0.021144137,0.07903598,0.033850227,0.046129957,0.027146114,0.038587432
0.05203569,0.02005598,0.048585765,0.032287978,0.09548637,0.052398942,0.0439804,0.047360536,0.035957135,0.03386645,0.06176298,0.027058803,0.031656966,0.053570632,0.020191567,0.021837475,0.051634733,0.023806686,0.021021212,0.07919218,0.034270447,0.046296023,0.02712641,0.0385586
0.05161685,0.02017543,0.048661176,0.03235592,0.096450716,0.052464057,0.0445013,0.047398046,0.036026496,0.03329254,0.061225742,0.02715832,0.031819176,0.053392846,0.020272426,0.021933153,0.05097406,0.02373493,0.021273114,0.07910233,0.033605393,0.046258148,0.027279932,0.039027892
0.05182954,0.02031683,0.04889084,0.031997584,0.096148,0.05190042,0.044113312,0.047221087,0.035641424,0.03373822,0.062368885,0.026899414,0.031154878,0.053941082,0.020198857,0.021746602,0.051108982,0.023891535,0.021067282,0.07948299,0.03355927,0.046692,0.026978374,0.03911264
0.051756125,0.020161794,0.048659295,0.03209257,0.096011765,0.052117005,0.044308428,0.04736452,0.03570988,0.033813488,0.06180453,0.027224468,0.031559937,0.053477284,0.020154526,0.021740189,0.051442884,0.023875812,0.020865336,0.078885175,0.034152217,0.047033302,0.026932688,0.038856797
0.05166064,0.020338474,0.04836054,0.03235403,0.09631759,0.052174896,0.044284757,0.047183275,0.036124162,0.033337455,0.062632985,0.02687295,0.031070651,0.052939143,0.020230655,0.021850105,0.05136223,0.023795595,0.021188596,0.07976994,0.033631098,0.046535093,0.02698344,0.039001685
0.0522393,0.020041859,0.049028065,0.03213875,0.096148774,0.05225764,0.044173785,0.04714637,0.03612358,0.033657327,0.061006404,0.026997432,0.031204328,0.054052513,0.020052116,0.02186939,0.051284336,0.023714881,0.021016149,0.07952543,0.033948164,0.045987688,0.027206633,0.039179087
0.052294545,0.019995138,0.04883619,0.03249212,0.0973651,0.051995423,0.04436735,0.047464747,0.03648555,0.032953158,0.060084578,0.027009426,0.03165442,0.053221878,0.020210344,0.021683374,0.051127713,0.023432171,0.021332214,0.07895499,0.03367143,0.046308976,0.027490195,0.039569013
0.05154258,0.020196803,0.048519317,0.032207847,0.09633242,0.052191917,0.044836607,0.047021467,0.03544737,0.03336837,0.062413085,0.027313037,0.03125533,0.05394079,0.020073524,0.021693284,0.05144991,0.023891155,0.020939736,0.0801433,0.033255562,0.046069946,0.026905851,0.038990732
0.05145202,0.02006763,0.048195414,0.032107685,0.09778625,0.052340183,0.04445533,0.04696023,0.035720624,0.033319168,0.06171696,0.026923805,0.031446632,0.054139107,0.020230124,0.02175576,0.051544104,0.023860646,0.0210942,0.07980262,0.03309259,0.04597896,0.027081985,0.038927946
0.051826257,0.020228902,0.04871601,0.03211933,0.09688128,0.052508872,0.04417263,0.047040608,0.03595536,0.033490803,0.061676107,0.027149342,0.031355515,0.053672258,0.020059405,0.021751419,0.051089175,0.023717595,0.021108579,0.07948029,0.033523764,0.04650578,0.02699535,0.038975388
0.051968243,0.020196997,0.04840255,0.031991784,0.095926166,0.05213593,0.044007275,0.046806604,0.03588015,0.033740837,0.062514745,0.027122116,0.031177646,0.053769227,0.020032058,0.022008631,0.051999457,0.023904044,0.021043045,0.079913706,0.03376165,0.046079464,0.026986517,0.03863118
0.051618528,0.02024643,0.04870656,0.032365166,0.09536568,0.052007105,0.04425191,0.047565416,0.03573697,0.033533335,0.062025428,0.02708206,0.031713296,0.053413812,0.020202694,0.021751316,0.0519832,0.02384914,0.021270318,0.07893078,0.034062915,0.0463637,0.027169056,0.03878518
0.051625457,0.02012222,0.04877463,0.032162853,0.09677392,0.052171502,0.044508938,0.046976965,0.036020998,0.033291332,0.061597724,0.027074218,0.03162358,0.053537544,0.020293718,0.021703823,0.051214814,0.023924528,0.02119048,0.07966709,0.03350646,0.046019785,0.027013173,0.039204225
0.05186872,0.020153321,0.048506714,0.032321513,0.09529825,0.05228785,0.044366978,0.047348414,0.035567556,0.03361023,0.061927065,0.026902825,0.031387076,0.054219637,0.020250248,0.02181384,0.051343136,0.023985831,0.021023778,0.07980507,0.033725813,0.045950316,0.027216107,0.03911972
0.0518257,0.02023676,0.04844799,0.032040372,0.09700504,0.051972948,0.044322036,0.047500663,0.036173888,0.033406567,0.061212733,0.027055252,0.03134833,0.053817548,0.020077428,0.021860933,0.051015258,0.02352723,0.021158407,0.07977287,0.033372175,0.046113178,0.027350178,0.039386548
0.051415946,0.020123908,0.048080347,0.03219578,0.09623983,0.05239494,0.04409356,0.046924215,0.035524923,0.03351668,0.06283868,0.027036605,0.03160134,0.053157598,0.020155147,0.021639923,0.05183863,0.023990588,0.021287905,0.0799943,0.033504214,0.046797473,0.026926694,0.038720734
0.05210933,0.020213412,0.04911904,0.0326646,0.09739152,0.051397454,0.04424115,0.04721592,0.036510248,0.0332415,0.060667016,0.026726652,0.031029357,0.053630132,0.020176012,0.021351276,0.05106588,0.023414548,0.021375308,0.07953631,0.03356771,0.046775024,0.0271439,0.03943671
0.05216778,0.02019972,0.048887193,0.032144997,0.095065854,0.052398358,0.04399571,0.047480483,0.035467643,0.034112968,0.061154265,0.027205747,0.031621706,0.05445214,0.020120585,0.021464422,0.05154749,0.023907576,0.021056782,0.07940852,0.03353386,0.04673282,0.026877739,0.038995713
0.05138363,0.02019864,0.047765426,0.031989656,0.09797119,0.05182488,0.04454652,0.046787094,0.03642373,0.032675676,0.06241724,0.026920747,0.031309176,0.052908525,0.02013842,0.021966176,0.05170403,0.023768762,0.021504847,0.08004797,0.03338115,0.046059374,0.02710512,0.039202046
0.05089826,0.020102173,0.04744,0.03202536,0.097425304,0.052536037,0.045116026,0.046961993,0.035469998,0.033179406,0.062682666,0.026930558,0.031812035,0.05339705,0.020225504,0.02156194,0.05155398,0.024021829,0.021227095,0.079787396,0.033169884,0.04604541,0.027145607,0.039284457
0.051895995,0.020208202,0.048690673,0.032243997,0.097055085,0.051867396,0.044340443,0.047044598,0.035546824,0.033786133,0.061902832,0.026927818,0.030982321,0.05399186,0.019988433,0.021309897,0.05185419,0.023836281,0.021175995,0.0791205,0.03344569,0.04741319,0.026408974,0.038962737
0.05061037,0.020102112,0.047226787,0.03231532,0.09480455,0.05301484,0.044572715,0.047481492,0.035616606,0.03399358,0.06295161,0.026655173,0.031738285,0.05345072,0.020068457,0.0219903,0.052884106,0.024123661,0.020782502,0.079991914,0.03459693,0.04497207,0.027314045,0.038741793
0.052721888,0.01995127,0.048999425,0.03194527,0.095397696,0.05159392,0.043194298,0.047600877,0.03623184,0.033756427,0.06091977,0.027246343,0.031622324,0.054414947,0.020328483,0.021667592,0.051628053,0.023584288,0.021263178,0.080231555,0.03376612,0.045065347,0.027489357,0.03937977
0.051177334,0.020278616,0.04826229,0.03217391,0.09571953,0.053029746,0.04394241,0.047299866,0.035793543,0.033635423,0.061650306,0.026511975,0.031628143,0.053607706,0.020602563,0.021782145,0.0519089,0.02403561,0.021189436,0.07868642,0.033579033,0.046088666,0.027376339,0.04004014
0.052086573,0.020030955,0.048612688,0.03191462,0.09535577,0.052234408,0.043844584,0.047577348,0.035820637,0.033984087,0.061870143,0.027046418,0.03144003,0.053655066,0.019829934,0.02152513,0.052145347,0.023919983,0.021173174,0.07885035,0.034625817,0.046150435,0.026875895,0.03943054
0.05118221,0.020118732,0.047429293,0.032387026,0.09573401,0.052272305,0.04460153,0.046978205,0.035106402,0.033352572,0.0630854,0.02635431,0.031410992,0.05433557,0.020316098,0.021591846,0.051603414,0.024235489,0.021100102,0.08111728,0.033163726,0.04554789,0.027330816,0.03964478
0.05212034,0.020004079,0.047682233,0.032304503,0.09854276,0.05243918,0.04511315,0.04633587,0.03647242,0.03283255,0.06191507,0.026929557,0.031106457,0.05370711,0.020101905,0.021663038,0.050722394,0.02363884,0.020864327,0.08014718,0.03289238,0.045959055,0.02721757,0.039288037
0.052004207,0.020098234,0.048651993,0.032167435,0.096189804,0.052446708,0.044200137,0.04664115,0.035858802,0.033300627,0.06192067,0.026831359,0.031358153,0.05357096,0.020353714,0.021644916,0.051624954,0.024075413,0.021096421,0.07948812,0.033538915,0.046148505,0.027226398,0.039562408
