0,1,2,3,4,5,6,7,8,9,10,11,12,13,14,15,16,17,18,19,20,21,22,23
0.04117676,0.0435305,0.04097818,0.043168012,0.0433882,0.040686462,0.040870477,0.041576855,0.041941147,0.041126765,0.041110385,0.041471325,0.041758128,0.040297933,0.042311035,0.04227169,0.04146988,0.042722777,0.04183667,0.042766053,0.041902557,0.041004606,0.03995979,0.040673792
0.040981524,0.04210179,0.041747123,0.042150296,0.041875724,0.041923925,0.039841153,0.03988725,0.042014774,0.04174902,0.040495947,0.042838585,0.042566203,0.0424008,0.041054763,0.042730812,0.04239061,0.042369887,0.041663382,0.04206528,0.042059258,0.04166047,0.04043133,0.041000076
0.041979704,0.043476265,0.041185822,0.04311756,0.042692468,0.040298056,0.0406672,0.04052363,0.041285228,0.041470006,0.040827654,0.04183286,0.041280337,0.040938377,0.041774847,0.041561384,0.04166558,0.042447403,0.042560894,0.042891126,0.042357773,0.04128591,0.041130606,0.04074929
0.04092764,0.042878218,0.040589042,0.040871814,0.041518733,0.041291572,0.041342173,0.04141858,0.04081308,0.042707756,0.041650966,0.041910917,0.042116422,0.041611232,0.04129218,0.042677443,0.042762075,0.04259596,0.04147078,0.0419445,0.041103058,0.041258607,0.04099968,0.042247612
0.04157892,0.043244608,0.04074214,0.042809095,0.04211097,0.04112621,0.042648744,0.040763825,0.040699888,0.04177255,0.041301873,0.040937234,0.041519392,0.041284524,0.04157268,0.04184213,0.041890483,0.04303437,0.041847154,0.041973487,0.04169105,0.0407597,0.041275706,0.041573286
0.041089676,0.04259915,0.041292112,0.04175303,0.04182466,0.0417191,0.04109041,0.04032019,0.041044995,0.042258978,0.041507587,0.04199431,0.042390067,0.042199276,0.041238938,0.042138346,0.04261941,0.042639736,0.040934823,0.042104684,0.041499186,0.04100615,0.040722866,0.042012315
0.042596936,0.043203983,0.04072717,0.042703483,0.041377056,0.04009998,0.04176969,0.04041406,0.0405829,0.042002253,0.04010753,0.041449424,0.040783085,0.04147253,0.041071992,0.041674625,0.041757375,0.042473577,0.043725975,0.04209528,0.042567894,0.041786097,0.042412147,0.04114498
0.042301565,0.042962477,0.041370213,0.042862665,0.041580714,0.041329328,0.04257576,0.04005738,0.040872063,0.041791473,0.040682804,0.041543815,0.041299395,0.041954346,0.041158542,0.04094141,0.04174902,0.043043736,0.042779353,0.041249573,0.04252549,0.04097656,0.0416204,0.04077189
0.04269488,0.043576237,0.041197766,0.043066785,0.042224627,0.04038065,0.041876126,0.03962031,0.040215004,0.041670255,0.040992524,0.041330025,0.041180745,0.04189608,0.04117507,0.040699713,0.04192397,0.042589348,0.042249065,0.042508844,0.04222775,0.04083337,0.042289425,0.041581497
0.041457046,0.043473642,0.040822778,0.04226946,0.04244253,0.04067878,0.04165876,0.04151894,0.04114581,0.04184533,0.041241,0.04116429,0.04169204,0.04096842,0.041891184,0.042121198,0.041907575,0.042803768,0.04165882,0.042280253,0.041598808,0.041035775,0.040756743,0.04156704
0.041989088,0.043197397,0.041043844,0.0423491,0.04194672,0.04060383,0.04158383,0.040750116,0.040769137,0.041998032,0.041091662,0.041456454,0.041529145,0.04141806,0.041453008,0.041526295,0.04202952,0.042500522,0.04206103,0.04235845,0.0420299,0.04122079,0.041515186,0.041578937
0.042220082,0.04244968,0.041494355,0.041576557,0.042342693,0.040410124,0.039276745,0.04013774,0.04130025,0.042239342,0.04054532,0.04286456,0.042141538,0.042492792,0.040654235,0.041718546,0.041868757,0.042012308,0.04287005,0.042719018,0.042072885,0.041373093,0.04191397,0.041305322
0.04146355,0.043312684,0.04130044,0.042703718,0.042834256,0.04093545,0.041093655,0.041109584,0.041627187,0.0413997,0.041042507,0.041513015,0.041894563,0.04108786,0.041943304,0.042041972,0.041752968,0.042639535,0.0415167,0.04233194,0.041885782,0.04108714,0.040436633,0.04104584
0.041882347,0.043156214,0.041489247,0.042875256,0.042973366,0.040811572,0.04245868,0.040768415,0.04129541,0.040979438,0.041189414,0.041450262,0.0416473,0.041176844,0.042333845,0.041793425,0.041041177,0.042821925,0.04097393,0.04151674,0.04206855,0.04109949,0.040947158,0.041249998
0.041388113,0.042942204,0.041379698,0.04273274,0.042511668,0.040836673,0.040828824,0.04085987,0.04141089,0.041543487,0.041112963,0.041758873,0.041680537,0.041253805,0.04190269,0.041792057,0.04182022,0.04255769,0.041949473,0.04242727,0.041930385,0.04129629,0.040883563,0.041199997
0.042797573,0.04271807,0.042323742,0.042464178,0.041950352,0.04145169,0.041627776,0.039703045,0.041104354,0.04132379,0.04027221,0.041560113,0.042166714,0.042845204,0.040960878,0.04121806,0.041836888,0.042328365,0.04135981,0.04139582,0.04262995,0.041267592,0.0416924,0.041001398
0.04176772,0.042544622,0.041432854,0.04211896,0.041737825,0.041126773,0.0404685,0.040501773,0.041698743,0.041902445,0.040148567,0.04221578,0.041960515,0.042015865,0.041134477,0.042382244,0.042083208,0.04227741,0.042360097,0.041872844,0.042320207,0.041856308,0.041060727,0.04101153
0.041571364,0.043434996,0.041048832,0.04276286,0.04262705,0.040853295,0.04139303,0.040051132,0.04075412,0.041582815,0.04106128,0.041365385,0.04185931,0.042085726,0.041117605,0.041613467,0.042218734,0.04304586,0.041229304,0.042518806,0.04120583,0.040833477,0.04157024,0.042195454
0.040870253,0.042945217,0.04126489,0.042990714,0.042939436,0.041132547,0.040749595,0.041014105,0.04193149,0.04133658,0.04087109,0.04194285,0.041822176,0.041051824,0.041924667,0.042444624,0.04159235,0.042620182,0.04198033,0.04229663,0.04180914,0.0413261,0.04024736,0.040895887
0.041709136,0.04287114,0.04143001,0.041775275,0.042273875,0.041053046,0.040960725,0.040551823,0.041017108,0.042092312,0.040673286,0.04178447,0.04191839,0.041981917,0.04133966,0.04185774,0.042007532,0.042617925,0.041778803,0.042035293,0.042000152,0.04167951,0.041176394,0.041414447
0.041765403,0.0432925,0.040943883,0.04217384,0.04227115,0.04074618,0.04232295,0.04100585,0.040632892,0.04198763,0.041522752,0.041101966,0.041418724,0.04129659,0.041673146,0.0416786,0.042023715,0.04303952,0.041582286,0.042011987,0.04169205,0.040812913,0.04115299,0.041850463
0.041791014,0.04300471,0.041072708,0.04257046,0.042162284,0.040926572,0.041474324,0.040612254,0.041222245,0.041788068,0.040821977,0.041497707,0.04154564,0.04152459,0.04142586,0.041955747,0.04196997,0.04265554,0.04210705,0.042078383,0.04209054,0.04134242,0.041176036,0.04118396
0.041627385,0.04340419,0.03968857,0.041799244,0.04158135,0.039663475,0.041891113,0.041603323,0.040101603,0.04225763,0.04190541,0.04103507,0.040467475,0.041152105,0.04207473,0.041220512,0.042394105,0.04248655,0.04298398,0.04311295,0.041907266,0.041091222,0.042057954,0.042492773
0.04085489,0.042650998,0.041111425,0.042277247,0.042000666,0.04110947,0.041069992,0.041078113,0.0408111,0.042223636,0.04160039,0.04167421,0.041473977,0.041583426,0.041704815,0.04189639,0.04186733,0.04275146,0.042003985,0.04200999,0.041422524,0.041494858,0.041398223,0.041930877
0.041985672,0.043099493,0.04165136,0.043072913,0.042756975,0.041566685,0.040965844,0.040549234,0.042104285,0.040817577,0.041242965,0.042021226,0.042049356,0.041198302,0.041894864,0.041768014,0.041902162,0.041963775,0.04161629,0.041807257,0.042105205,0.041083224,0.04030815,0.040469162
0.04190447,0.043014504,0.041669194,0.04257582,0.042536654,0.041286867,0.040823326,0.04015354,0.04128942,0.041452475,0.040636133,0.04186835,0.042115297,0.04197724,0.041422784,0.04168014,0.04189649,0.042348772,0.04166537,0.042218618,0.042315826,0.041238524,0.040977284,0.040932924
0.042098083,0.043453604,0.041290965,0.04290185,0.042780675,0.041219,0.042040512,0.041340843,0.041243825,0.040916573,0.041307632,0.041366242,0.041249007,0.040461816,0.042029053,0.041767184,0.041748676,0.04254961,0.04205725,0.041883476,0.04188145,0.040788017,0.040629085,0.040995575
0.041547645,0.042540666,0.04155454,0.041726194,0.04201796,0.041308418,0.040315967,0.04023391,0.041450754,0.041996658,0.040905204,0.04232386,0.04243183,0.04217398,0.04105435,0.042222593,0.042434495,0.04236867,0.04154839,0.04234438,0.041898243,0.041282997,0.040819105,0.041499175
0.042563576,0.04297828,0.041602425,0.0434133,0.04238994,0.04073457,0.040298603,0.039360642,0.041270066,0.04160324,0.04023449,0.04217355,0.041071124,0.04186775,0.040938023,0.04065109,0.041978434,0.04222547,0.04256164,0.0430542,0.043091405,0.041903622,0.041677535,0.040356964
0.04157144,0.043491177,0.04081662,0.042659767,0.042392522,0.040918883,0.04146387,0.04143052,0.041419543,0.041657053,0.041173037,0.04089587,0.041797116,0.04109153,0.042144757,0.041922476,0.04158505,0.04265344,0.04144645,0.042186078,0.041906025,0.040974572,0.040880434,0.04152177
0.041625623,0.043634146,0.041705344,0.043145195,0.042542297,0.04115144,0.041751742,0.041096915,0.04141284,0.040683582,0.04090232,0.04105415,0.041457213,0.04115253,0.042146448,0.041968204,0.041116215,0.042789284,0.041175667,0.04200755,0.042295724,0.041477133,0.04062713,0.041081306
0.042125516,0.042946547,0.04115481,0.04106423,0.041720975,0.040253293,0.04023224,0.040749084,0.040314075,0.04291709,0.040458504,0.04189395,0.04162264,0.04206981,0.041106053,0.041785058,0.042443387,0.041961677,0.042615585,0.04242554,0.04271956,0.041894276,0.041990306,0.04153584
0.04148321,0.04243213,0.041391857,0.04153173,0.04182335,0.041411843,0.040804014,0.0405949,0.041174874,0.04225324,0.041119143,0.04218279,0.042153727,0.042177644,0.041428793,0.04214073,0.04252534,0.042337343,0.040987957,0.042023234,0.041906297,0.041259713,0.04076278,0.04209338
0.04158597,0.04298501,0.040715244,0.04194922,0.041239936,0.04016102,0.041226067,0.040847145,0.040379923,0.04276706,0.041405797,0.041135564,0.041562136,0.041836962,0.04139595,0.041965503,0.042528544,0.042469934,0.042311233,0.042054195,0.04175505,0.041804686,0.041154828,0.042763
0.043263655,0.04382195,0.04121757,0.042804755,0.04167407,0.040244594,0.041999582,0.040656384,0.040606108,0.041479852,0.04072147,0.041722305,0.040374342,0.040823348,0.041529555,0.041058335,0.04185447,0.04205249,0.04340156,0.042010028,0.04241625,0.04110952,0.042002093,0.04115568
0.04155163,0.043380085,0.041161846,0.042188145,0.042511597,0.041107576,0.042148694,0.041594297,0.04128662,0.04164215,0.041222904,0.04085249,0.04203053,0.041292917,0.04191619,0.042036008,0.041858114,0.04282472,0.04097214,0.041734092,0.04154869,0.040921208,0.04059902,0.041618306
0.042190097,0.042634193,0.041752674,0.042254478,0.041713014,0.040971994,0.04218642,0.040066756,0.04049836,0.041939996,0.040957306,0.040844753,0.042433795,0.04264249,0.041721694,0.040913373,0.04248437,0.042060137,0.041742496,0.041807685,0.042235695,0.041238315,0.041129626,0.041580267
0.042960197,0.043762732,0.041594554,0.043310404,0.04277825,0.040138315,0.04168932,0.04079487,0.04126612,0.04106237,0.040352147,0.04102113,0.041153617,0.04110789,0.041867718,0.040926937,0.041198067,0.042328876,0.042368706,0.042092074,0.04273111,0.04135364,0.041582268,0.040558677
0.04187723,0.043390602,0.040912844,0.043055877,0.04251159,0.040478807,0.041794084,0.040911175,0.041338466,0.041469328,0.04083088,0.041066445,0.041336767,0.040857606,0.041752532,0.041908655,0.041672055,0.042664144,0.042513594,0.042098872,0.04215743,0.04115924,0.04119497,0.04104689
0.042488065,0.043021172,0.042176798,0.042879775,0.04247612,0.041243598,0.04118663,0.039990336,0.041493356,0.041162796,0.040539328,0.041664936,0.04197845,0.042116504,0.041465208,0.041142818,0.04173064,0.04223709,0.04138633,0.04180979,0.04256332,0.041293453,0.041197307,0.040756132
0.042130608,0.043194596,0.040839776,0.042047035,0.041526534,0.040930394,0.042298574,0.04068854,0.040378198,0.04243789,0.04157553,0.041223146,0.041251853,0.041879117,0.041314747,0.041281994,0.04217969,0.042701848,0.041833587,0.041830026,0.041591655,0.04072275,0.04194929,0.04219269
0.0435441,0.04324375,0.04193659,0.04258248,0.041623257,0.040430307,0.04158564,0.039768286,0.04066378,0.041676614,0.04012753,0.04148612,0.041266877,0.042350598,0.04103944,0.04049995,0.04176891,0.04201841,0.042414356,0.04175752,0.04295816,0.04167475,0.04256461,0.04101793
0.041670036,0.042800847,0.040841937,0.042707432,0.042267833,0.04028229,0.04270858,0.04112556,0.04148203,0.04187644,0.041184388,0.040716525,0.041564375,0.041183323,0.04130186,0.04143086,0.04213928,0.04303022,0.041918032,0.04224059,0.04137757,0.040843245,0.041779764,0.041527025
0.04028601,0.04260542,0.04090461,0.041338366,0.04207548,0.04209073,0.04138377,0.04122371,0.041343883,0.04208702,0.04195368,0.04174192,0.042762812,0.04197654,0.041387092,0.04285562,0.042685848,0.04264414,0.040646013,0.042046238,0.040809058,0.040791634,0.040307034,0.04205336
0.042361483,0.043224763,0.04103234,0.04178601,0.041325204,0.040752523,0.04224056,0.04049473,0.040171668,0.042413205,0.04114907,0.041178234,0.041512962,0.042052772,0.041133378,0.041294657,0.042336043,0.04259835,0.041811842,0.04191234,0.0418807,0.04115679,0.042091552,0.042088866
0.042259116,0.043259297,0.041299693,0.042368747,0.042192876,0.04085394,0.04240908,0.04129452,0.04115637,0.04159641,0.040842954,0.040820207,0.041580874,0.041554976,0.04162582,0.041531682,0.0416708,0.042609338,0.041494932,0.041359436,0.04202959,0.04135062,0.04147092,0.041367844
0.042857256,0.04317531,0.041128337,0.041834794,0.041424226,0.040398214,0.04151302,0.040261697,0.040519338,0.042139348,0.04049317,0.041933537,0.0414002,0.04222695,0.040950388,0.041401085,0.042199146,0.04212663,0.042657826,0.04184843,0.042352695,0.041209165,0.042104013,0.041845195
0.041565817,0.04264369,0.04158369,0.04311769,0.041826554,0.041499503,0.04080374,0.0400652,0.041373834,0.041560926,0.040036306,0.04217319,0.041539192,0.04218264,0.041320875,0.04223236,0.04184905,0.042624272,0.042111278,0.04191395,0.042547934,0.04150183,0.04107373,0.040852778
0.04218327,0.04314232,0.041117173,0.04140137,0.04129943,0.04098556,0.04222116,0.040864736,0.040450696,0.04237786,0.041073814,0.04115442,0.04177263,0.042057734,0.04124383,0.04165692,0.04239703,0.04259172,0.04151228,0.04162312,0.04171362,0.04128233,0.0417336,0.04214337
0.04283118,0.042979848,0.041771643,0.042393107,0.042222638,0.041084938,0.04202839,0.04143304,0.040836915,0.041385725,0.041019067,0.040513244,0.042428084,0.041940983,0.041990492,0.041708082,0.04122859,0.041738987,0.041767962,0.04173018,0.042202387,0.041040298,0.041711714,0.040012524
0.041626234,0.04319621,0.040589876,0.041821938,0.041796163,0.040602364,0.04120814,0.04101292,0.040874492,0.04225379,0.041057654,0.041911446,0.041480772,0.04119674,0.041339025,0.042230297,0.042266015,0.042453747,0.042604256,0.042303618,0.04182684,0.04143538,0.04145043,0.04146167
0.0411152,0.043005466,0.040453747,0.041671652,0.04167113,0.040605016,0.040608563,0.04073393,0.040872928,0.04259055,0.041508596,0.042121448,0.04178291,0.04141255,0.04130749,0.042352144,0.04260404,0.042481463,0.042231835,0.04284664,0.04152694,0.041388873,0.04123265,0.04187425
0.041942917,0.04272905,0.042107265,0.042323817,0.042238764,0.041704576,0.0411537,0.040151168,0.0415343,0.04146255,0.04079769,0.041785885,0.04240974,0.042378183,0.041356612,0.04160647,0.042092763,0.042360708,0.040830966,0.041645356,0.042137425,0.04121363,0.040853992,0.041182496
0.04185797,0.043667797,0.04096818,0.04251942,0.042613488,0.040204383,0.04168245,0.04176758,0.041409906,0.041468352,0.040836025,0.040911384,0.04131704,0.040679004,0.04217858,0.04183571,0.04141689,0.04261227,0.04223554,0.042298432,0.042002015,0.04136667,0.041011967,0.041138966
0.042847823,0.043257967,0.041415244,0.042304132,0.041678898,0.039697632,0.041092824,0.04096811,0.04099346,0.041836593,0.040151626,0.04128417,0.04159873,0.041522123,0.04154331,0.04161744,0.041881513,0.042055402,0.04307233,0.042248927,0.04235589,0.041560046,0.041882217,0.04113357
0.04164768,0.04274411,0.041195348,0.04161213,0.041434728,0.04126263,0.041012153,0.040511157,0.04032027,0.042529784,0.041420873,0.041882988,0.04191363,0.04228522,0.04122512,0.04182179,0.042238284,0.04252773,0.041855212,0.042064916,0.041783087,0.04116529,0.04160641,0.04193951
0.040944107,0.042589065,0.041495718,0.043038156,0.042619623,0.04162489,0.041297946,0.040526986,0.041701138,0.041083373,0.04097344,0.041849732,0.04198936,0.041418735,0.04192206,0.042316444,0.0415587,0.042827506,0.041692868,0.041782755,0.041881002,0.041288845,0.040654287,0.040923238
0.04240879,0.043140452,0.041479588,0.04116791,0.041450463,0.040769115,0.041359972,0.04166025,0.04058829,0.042062797,0.04076458,0.041127447,0.04176714,0.04193828,0.0420781,0.042065285,0.041401573,0.042180937,0.04240355,0.041830547,0.042259637,0.041333187,0.041500915,0.04126122
0.043064818,0.04325457,0.041486073,0.043956235,0.043048557,0.040898353,0.042444587,0.04088666,0.041528504,0.04117657,0.04053612,0.04070041,0.041153092,0.041026697,0.04154736,0.040796112,0.04115703,0.041841388,0.04220794,0.04205421,0.042668045,0.041237608,0.04144534,0.039883673
0.0429997,0.04240664,0.041745603,0.04286584,0.041539013,0.0404878,0.04082258,0.039350618,0.04042213,0.04200873,0.04033856,0.04230395,0.041926514,0.042836737,0.040225305,0.04101052,0.042181645,0.042138632,0.042156395,0.04211486,0.042496122,0.041440833,0.042662594,0.04151861
0.0415026,0.043262795,0.040505923,0.041944273,0.042421434,0.040892735,0.04201077,0.04155926,0.041339587,0.04155613,0.041434202,0.0415973,0.041546475,0.040797383,0.04177418,0.042041518,0.042167537,0.042397734,0.04214672,0.041908804,0.0418654,0.041142546,0.041082215,0.041102447
0.04159303,0.042801794,0.041124545,0.041870646,0.04147678,0.041274413,0.041930594,0.039968845,0.040436544,0.042011783,0.04143694,0.04181894,0.041846115,0.041912667,0.041438762,0.041816473,0.042469114,0.042787258,0.041450996,0.042182293,0.041514877,0.041023858,0.04168043,0.042132333
0.042574618,0.04326839,0.041772474,0.042697642,0.04234702,0.040658187,0.04120686,0.04049945,0.041339375,0.0414371,0.04038568,0.041547395,0.04169635,0.041723907,0.04160093,0.041378047,0.041660234,0.042207476,0.041899078,0.04193836,0.04250744,0.041493583,0.041319247,0.040841088
0.04230238,0.042575594,0.040948197,0.04155151,0.041506495,0.041274484,0.042168364,0.040245008,0.040599775,0.042224333,0.041219983,0.04171552,0.041492455,0.041707072,0.041136485,0.04184338,0.041999623,0.042900853,0.041843917,0.041989524,0.041617505,0.041308586,0.04218896,0.041639976
0.041993592,0.042409826,0.041078642,0.042376056,0.041348506,0.04078187,0.04125741,0.03981503,0.040684246,0.042575754,0.040890746,0.041959945,0.04154766,0.042114682,0.04070596,0.041113615,0.042233586,0.042341854,0.042675823,0.042090315,0.04242708,0.04181618,0.041872386,0.04188919
0.042219806,0.043312684,0.041215703,0.04237056,0.042008843,0.0407126,0.04177438,0.040645592,0.040784314,0.04190434,0.040889896,0.04127802,0.04157234,0.04159368,0.041428998,0.041427717,0.04192373,0.042509448,0.041897234,0.042033333,0.04210431,0.04122907,0.041627012,0.041536454
0.041513924,0.04243363,0.040400144,0.042569734,0.04243283,0.041854665,0.042760912,0.04090886,0.04149511,0.041735288,0.04106544,0.040475924,0.042311642,0.041549467,0.041125815,0.042512886,0.041491132,0.043517828,0.041838992,0.041463558,0.04169068,0.04065727,0.040771037,0.041423224
0.04208133,0.042936224,0.041209508,0.04215244,0.04112902,0.040637687,0.04189308,0.040348604,0.040519997,0.042501993,0.040597305,0.041354787,0.04136795,0.042392537,0.041103438,0.04175338,0.041966174,0.042844526,0.042012688,0.042060636,0.041815653,0.041412566,0.04193703,0.04197146
0.042391125,0.0429758,0.041985933,0.042597953,0.042010035,0.040706296,0.040632244,0.039789684,0.04112184,0.04146891,0.04030295,0.042314056,0.041929964,0.042224497,0.041283403,0.041526187,0.042099036,0.04195902,0.041969683,0.0421924,0.042599745,0.041837066,0.04138363,0.040698573
0.041902307,0.042553965,0.04159068,0.0417419,0.041304387,0.041346986,0.040836114,0.03979314,0.040744517,0.042340737,0.040978596,0.042219993,0.041985083,0.042620834,0.040891394,0.04159814,0.04255578,0.042321943,0.041661933,0.042043824,0.042013068,0.041481353,0.041690733,0.041782573
0.04133516,0.042996246,0.041191638,0.042310774,0.042256545,0.040855523,0.040221706,0.040631816,0.041469343,0.041875638,0.040953614,0.042263284,0.041826475,0.041401688,0.041518927,0.042222578,0.042150684,0.042459246,0.042051718,0.042710822,0.041959334,0.041427784,0.04070383,0.041205578
0.041197002,0.043474805,0.040638693,0.04182069,0.042229727,0.041037202,0.042317472,0.041464448,0.04066487,0.04212328,0.041696697,0.040976714,0.041930266,0.041179586,0.041821834,0.042329516,0.042128325,0.043036684,0.04115281,0.042009372,0.041123364,0.040757842,0.0408632,0.042025637
0.04292319,0.043594226,0.040531293,0.042580575,0.042010847,0.039588414,0.0409848,0.04045449,0.040221203,0.04177385,0.040743373,0.041981097,0.040392254,0.040645674,0.04125253,0.041297276,0.041918647,0.042335924,0.04411322,0.043212567,0.04272457,0.041474383,0.04219955,0.04104608
0.041495167,0.042707838,0.04056545,0.04139333,0.04052977,0.04146394,0.042954452,0.04053353,0.040261935,0.04298691,0.040781293,0.04135771,0.041667543,0.04228898,0.040503394,0.04225946,0.042555586,0.04324334,0.042532973,0.04123412,0.04161429,0.04106542,0.041776687,0.042226847
0.041807957,0.042601053,0.04204985,0.041818637,0.04151859,0.04152189,0.041186187,0.040687267,0.041073754,0.042009756,0.040797424,0.04166082,0.04197306,0.04261652,0.04132648,0.04161729,0.042066593,0.042284265,0.041375738,0.041070845,0.041942865,0.041648306,0.04148205,0.041862816
0.041629285,0.04244052,0.04193066,0.042306826,0.04150836,0.04175362,0.041920695,0.04123241,0.040729947,0.042643316,0.04125667,0.041530006,0.04232331,0.04219892,0.041972738,0.041499183,0.042339522,0.04255681,0.04047126,0.041093677,0.041254357,0.04187191,0.040278744,0.041257218
0.041822586,0.043063298,0.041320883,0.042625215,0.04196579,0.040962026,0.04176616,0.040877823,0.041675303,0.041230023,0.040151093,0.04149004,0.04159895,0.04174518,0.041628648,0.042050485,0.04173807,0.042457834,0.042160667,0.041749947,0.04225675,0.041392826,0.04121156,0.04105881
0.042319786,0.042927295,0.04201547,0.04254272,0.042247575,0.04110758,0.040954813,0.0403366,0.041499104,0.041423637,0.04046172,0.041761823,0.041917764,0.042089343,0.041440032,0.041408777,0.04176903,0.042215582,0.041618854,0.041755702,0.042426735,0.041551266,0.041263252,0.040945563
0.041669376,0.043069076,0.041118436,0.041553475,0.041747198,0.041048534,0.04161401,0.04124194,0.041031588,0.042201433,0.04101528,0.041377187,0.042024657,0.04181148,0.041437212,0.042135384,0.042264674,0.04261836,0.04134354,0.041783925,0.04159707,0.041300766,0.041072987,0.041922458
0.042318504,0.043057475,0.041489,0.042194925,0.041843735,0.04095447,0.041910723,0.040291645,0.040758714,0.042032912,0.040890902,0.041419134,0.041658174,0.042040322,0.04132911,0.04124979,0.042016532,0.04255706,0.041480474,0.04188415,0.042087488,0.041256286,0.041574076,0.04170441
0.04240282,0.043175418,0.041453946,0.04311493,0.042294484,0.04059631,0.041326642,0.040428344,0.041436065,0.041283224,0.040139385,0.041531507,0.04139306,0.04148453,0.041490693,0.041595187,0.041475113,0.042404536,0.042690217,0.041983895,0.042659353,0.041573137,0.041478362,0.040588867
0.04213105,0.042810548,0.041943498,0.042223133,0.041715726,0.04121197,0.041282713,0.040324252,0.04109384,0.04180448,0.040638234,0.041798897,0.041651893,0.04245151,0.0411251,0.040985517,0.041966707,0.042173926,0.04197424,0.041481003,0.042374257,0.0416532,0.041941296,0.04124302
0.041140985,0.042913567,0.040567767,0.042124715,0.04211364,0.0405354,0.042748157,0.041447487,0.040801715,0.04144089,0.04086893,0.040730674,0.041778136,0.04214907,0.041932426,0.04277418,0.041489534,0.042986915,0.042401314,0.04140685,0.04108054,0.040476654,0.041762333,0.04232819
0.04296788,0.04303434,0.041987263,0.042613838,0.041818548,0.04089285,0.041325886,0.03958113,0.04084367,0.04162325,0.040454503,0.04172946,0.04161055,0.042427246,0.041066624,0.040773906,0.04195201,0.042143855,0.041945387,0.041900847,0.04269832,0.041454747,0.042075366,0.041078504
0.041416805,0.04305139,0.040410876,0.041312434,0.04131702,0.04084492,0.041644588,0.040909484,0.040190037,0.0429331,0.041591007,0.041579884,0.041666426,0.04173873,0.041117486,0.042062756,0.042704858,0.04283341,0.041892253,0.04246325,0.04126507,0.040974732,0.041592058,0.04248738
0.04096525,0.043003425,0.04116277,0.042245224,0.041850746,0.041232016,0.04090125,0.040840644,0.041330002,0.041837536,0.040980212,0.041968614,0.04192031,0.041528333,0.041579615,0.042758342,0.042052224,0.042971883,0.04149829,0.042440757,0.041485157,0.041444402,0.04057776,0.0414253
0.041113723,0.043077387,0.041106142,0.04235531,0.042564504,0.041306615,0.04148794,0.041359358,0.041611876,0.041537177,0.04109754,0.04135599,0.042142946,0.041236505,0.04189197,0.04251465,0.041860357,0.04281378,0.041372944,0.04196374,0.041615777,0.041034333,0.040302806,0.041276585
0.042130347,0.043401282,0.04221009,0.04161614,0.04168346,0.041311774,0.04275901,0.039546803,0.04004983,0.04232788,0.040977277,0.04105292,0.04202743,0.042439148,0.040622182,0.040937386,0.042744987,0.041787796,0.041469797,0.04148617,0.04269887,0.04170405,0.041862667,0.041152682
0.042313103,0.04317141,0.041220795,0.042246986,0.042106193,0.04127682,0.042558763,0.04053051,0.04138337,0.041217137,0.04072161,0.04186417,0.04138999,0.041600358,0.041099086,0.04179885,0.041779105,0.04203985,0.042681307,0.041029934,0.042389948,0.04121322,0.04167171,0.0406958
0.04200963,0.042753503,0.04159427,0.042053968,0.041422766,0.040974822,0.04107937,0.039986014,0.040772904,0.04227679,0.04086668,0.041994672,0.04209124,0.04230024,0.040969197,0.04149447,0.04257677,0.042533804,0.041790787,0.0419485,0.04209058,0.04130125,0.04161321,0.041504547
0.04148006,0.043595806,0.040740114,0.042715084,0.042610567,0.04053087,0.04209628,0.041344263,0.040842682,0.041706353,0.041562166,0.040868547,0.04131891,0.040908318,0.041940402,0.04156071,0.041740406,0.042809565,0.042033028,0.04229315,0.04173522,0.04090905,0.041076507,0.041581977
0.043010462,0.04351026,0.04152393,0.042418294,0.042153765,0.040501047,0.041998923,0.040588494,0.04093558,0.041832548,0.040323563,0.04082228,0.04167128,0.04199878,0.04157064,0.04127782,0.041425813,0.04226763,0.04149459,0.04172269,0.042203426,0.04158207,0.0419354,0.04123071
0.042242143,0.042823292,0.041513927,0.042598072,0.041636743,0.041234627,0.041978143,0.039768882,0.04064452,0.041821726,0.04075568,0.041549746,0.041699868,0.042234242,0.041068576,0.041352786,0.041991282,0.04256438,0.042022713,0.041794024,0.04233364,0.04121303,0.041852232,0.041305758
0.041619726,0.043395516,0.0411559,0.04287985,0.04282321,0.040660825,0.042109955,0.04147733,0.04142086,0.04130716,0.040719207,0.041028578,0.041639958,0.040772744,0.04209255,0.041996237,0.041428976,0.042920165,0.04188646,0.041865576,0.041881878,0.041158177,0.040715117,0.04104405
0.04194736,0.043099232,0.04084746,0.041925423,0.041420903,0.04046075,0.040853094,0.040234566,0.040464655,0.042515375,0.041047044,0.04207299,0.041362688,0.04172982,0.041098278,0.041689478,0.04244199,0.042443417,0.042576678,0.042721912,0.042001132,0.041438922,0.041861698,0.04174512
0.0419455,0.04273854,0.041621223,0.042417336,0.042234816,0.041239828,0.04078318,0.04044535,0.04169791,0.041480895,0.040761236,0.042091012,0.042011417,0.041745108,0.041450553,0.041496877,0.042072505,0.042305406,0.04156592,0.042214144,0.042389613,0.041469835,0.040891673,0.0409302
0.042704333,0.042828757,0.040680625,0.042222537,0.041368987,0.04041999,0.04298821,0.040495627,0.04072199,0.041724183,0.040242173,0.041100327,0.041215353,0.041876376,0.04094969,0.04154256,0.04193359,0.04270467,0.043157827,0.0414353,0.042594098,0.04122422,0.04222531,0.04164322
0.042655755,0.04310114,0.041432336,0.041670073,0.041531637,0.0408784,0.042232614,0.040834777,0.04062504,0.04221409,0.04078701,0.04085957,0.04177104,0.042166084,0.041224193,0.041339274,0.042007864,0.042388093,0.041536,0.04144146,0.041902293,0.041426957,0.041934818,0.042039424
0.040491015,0.042455506,0.04095082,0.042067263,0.041531865,0.041921247,0.042127173,0.040707674,0.041113205,0.04199547,0.04139275,0.041573104,0.042304132,0.042066716,0.041326776,0.042744745,0.042242475,0.043115523,0.041425522,0.041505214,0.041480128,0.040873267,0.04050995,0.042078454
0.041792274,0.04257744,0.04166734,0.041744843,0.041562952,0.041034292,0.04027682,0.039791554,0.040338587,0.04188232,0.0409073,0.042880353,0.041755933,0.04244327,0.040767744,0.041909505,0.042308003,0.041950442,0.0426164,0.04239258,0.04188194,0.041893225,0.042009696,0.041615173
0.04122757,0.04365036,0.041387748,0.04286194,0.041794606,0.04093104,0.04197524,0.0409208,0.04086035,0.041353773,0.040543143,0.040644523,0.042117454,0.04099192,0.04158539,0.042291123,0.042023808,0.042822976,0.042294163,0.04205809,0.041981455,0.04134232,0.04086099,0.04147923
0.04229145,0.043267548,0.041621156,0.042269982,0.042155348,0.04137403,0.04282142,0.040815305,0.04083451,0.041594107,0.041152276,0.04063158,0.04202834,0.042030413,0.041571446,0.04124103,0.041911874,0.042698815,0.04070727,0.04128233,0.041867442,0.04082824,0.041309908,0.04169422
0.041449618,0.042783365,0.040953547,0.04219137,0.042133678,0.04179157,0.042997006,0.04104128,0.041163784,0.041640405,0.041218556,0.040840242,0.04203869,0.04152433,0.04160151,0.04234693,0.04182218,0.04321819,0.041111693,0.041311752,0.04138977,0.040837646,0.040980868,0.041612048
0.04224961,0.04286144,0.041663777,0.04206215,0.041662175,0.04142769,0.042297214,0.04027528,0.040599387,0.041928347,0.041325077,0.041178957,0.042048138,0.04220314,0.041495085,0.04128595,0.0420891,0.042594925,0.041067295,0.041707285,0.041794818,0.041013476,0.041508958,0.041660666
0.04164391,0.043523636,0.04114643,0.042689953,0.042825926,0.040915493,0.042151947,0.041572373,0.041423496,0.041343,0.04108884,0.04077871,0.04182174,0.040980507,0.04207112,0.041944526,0.04157821,0.042840973,0.0413087,0.04186445,0.04175376,0.040907208,0.040573064,0.041251995
0.041959733,0.042932704,0.042002223,0.042401966,0.041639183,0.040814303,0.04132163,0.040092915,0.04070574,0.042017676,0.04067559,0.041715134,0.041768387,0.041900568,0.041140966,0.041320298,0.041967377,0.04247614,0.042149283,0.041701145,0.042355057,0.041601315,0.04178082,0.041559808
0.04047831,0.043049272,0.040485267,0.041085016,0.041396793,0.041515257,0.04142246,0.041342903,0.040184524,0.043131005,0.04208808,0.04164491,0.04194604,0.04139421,0.04148567,0.042623084,0.04277978,0.043172564,0.041387293,0.042643227,0.040878456,0.040469877,0.040759496,0.042636428
0.042353526,0.043220304,0.040549215,0.041301146,0.041637644,0.04014922,0.042298887,0.04097228,0.04049327,0.04246714,0.041247606,0.04131062,0.04127273,0.041452147,0.041345127,0.041888207,0.042392656,0.04288709,0.042035103,0.04201215,0.04188379,0.04116368,0.041529685,0.042136777
0.04165405,0.042932387,0.041026097,0.041312627,0.041550506,0.04086582,0.040982377,0.04114583,0.0410555,0.042396203,0.040879633,0.041761838,0.04206751,0.042025495,0.041246068,0.042335052,0.042414863,0.042445317,0.041656356,0.041954137,0.04166263,0.04158723,0.04122267,0.04181977
0.04310569,0.04287991,0.041843146,0.04213565,0.041187275,0.040858485,0.041253015,0.03927811,0.040404905,0.042098332,0.0404718,0.041912533,0.041502673,0.042788394,0.040758625,0.04078015,0.042343542,0.042091485,0.042189084,0.041925903,0.04262887,0.04161679,0.042530764,0.041414842
0.040599134,0.043306243,0.040546726,0.042075243,0.042582184,0.04085724,0.04097335,0.041745972,0.04143819,0.04200771,0.04152957,0.041600637,0.04193288,0.04069926,0.04200026,0.042813867,0.0421332,0.04293249,0.041566495,0.042687,0.04121877,0.040994424,0.040096182,0.04166301
0.042625587,0.043033566,0.041485846,0.0420054,0.04161228,0.040869225,0.041952297,0.04022257,0.040576924,0.042115238,0.040849533,0.04151969,0.0414821,0.04228774,0.041084483,0.041208398,0.042068113,0.04237949,0.041686147,0.041658808,0.042278808,0.041410197,0.041918773,0.041668728
0.0422411,0.042996876,0.041403417,0.041954387,0.041435484,0.04077876,0.041450724,0.040653795,0.040961023,0.042045772,0.040536046,0.04165653,0.041721877,0.042111617,0.04121124,0.041670296,0.04203809,0.042347975,0.04206591,0.041712575,0.042198487,0.041562118,0.04163574,0.04161015
0.041651685,0.043072302,0.04094854,0.041427355,0.04155726,0.04089635,0.04174189,0.041403797,0.040806126,0.042407,0.04107985,0.041283734,0.041838057,0.041774407,0.041419793,0.042112194,0.0422575,0.04265774,0.041565925,0.041743882,0.041506704,0.041388202,0.04133219,0.04212752
0.042838015,0.043074775,0.04161861,0.042324707,0.04173296,0.04091736,0.042089794,0.040482324,0.04105621,0.041641835,0.040385723,0.04108418,0.04178407,0.04226281,0.04124191,0.041212536,0.041794524,0.04226609,0.04180355,0.0412662,0.042447057,0.041564167,0.041899957,0.04121058
0.04288454,0.043320037,0.041772325,0.042606644,0.04206608,0.04068545,0.04195477,0.040528078,0.041024577,0.041434277,0.040338043,0.041040134,0.04151655,0.04190604,0.04148676,0.041073002,0.04158514,0.042333867,0.041988637,0.041573927,0.042576935,0.041454807,0.0418437,0.041005675
0.041633897,0.042850018,0.04092426,0.04145362,0.04119782,0.041282568,0.04204544,0.04068587,0.040464632,0.04261,0.041469738,0.041523594,0.04190122,0.0421233,0.041033957,0.04183494,0.042649828,0.04270594,0.04134277,0.04193843,0.041349247,0.04113469,0.041588895,0.042255376
0.042076916,0.04300611,0.041318107,0.041835103,0.041599546,0.04114843,0.041973967,0.040805772,0.0406015,0.042127088,0.041027196,0.041311786,0.04188251,0.042123187,0.04123471,0.04143028,0.04214229,0.04250151,0.041418657,0.04142774,0.04187639,0.041293763,0.04181797,0.042019494
0.041811094,0.043355778,0.040954873,0.042293545,0.042059805,0.040590085,0.04186376,0.041328285,0.041011754,0.041959714,0.040993672,0.041028485,0.041504502,0.041211534,0.04170124,0.041812904,0.041906066,0.04279499,0.041935865,0.042194642,0.041699845,0.04114416,0.041286472,0.041556887
0.041680522,0.042855304,0.04147933,0.04214513,0.04227235,0.040886827,0.04174394,0.041090503,0.041556776,0.042045753,0.04103356,0.04134824,0.041825797,0.0416667,0.041391365,0.04155921,0.041724127,0.042684242,0.04116652,0.041357752,0.042184114,0.041624676,0.04091772,0.041759565
0.04162755,0.04242881,0.041147288,0.041671365,0.04122366,0.041977912,0.04205101,0.040373344,0.041078117,0.042186506,0.04085232,0.04137232,0.04216321,0.0425884,0.04096193,0.04210161,0.042597182,0.042870995,0.041316736,0.041413836,0.04167186,0.041106064,0.04122734,0.041990705
0.043331757,0.043153204,0.041677803,0.041807085,0.041675,0.040578183,0.042653453,0.04047985,0.04051213,0.04186488,0.040493295,0.04070632,0.041661393,0.04257211,0.041525126,0.04108294,0.04170356,0.042201653,0.041702628,0.041626126,0.042296946,0.04112978,0.04205188,0.041512884
0.043347847,0.042610746,0.04117772,0.041554753,0.040927835,0.040634487,0.041930962,0.039464567,0.04021938,0.042491186,0.04029583,0.041633245,0.041621245,0.04309952,0.040072996,0.040844288,0.042164557,0.042129554,0.043047648,0.04168435,0.042345308,0.04131513,0.04349955,0.041887313
0.04212623,0.04311527,0.041250482,0.041801516,0.04108042,0.040795133,0.04236548,0.040431805,0.040177304,0.04218526,0.041433875,0.041619886,0.041446067,0.042303097,0.04110168,0.041195508,0.042116396,0.042418074,0.042156715,0.041498166,0.042312533,0.041070387,0.04182605,0.04217269
0.042381506,0.042754374,0.041354407,0.04174754,0.040945474,0.041809257,0.042273432,0.040245976,0.040444717,0.042273756,0.04146811,0.041988242,0.041510083,0.04197267,0.041004922,0.041451037,0.04280583,0.042133585,0.041821912,0.0411797,0.04170803,0.040884048,0.041496996,0.042344376
0.043192446,0.043770764,0.041389123,0.04207608,0.041578088,0.040334504,0.042109076,0.040908508,0.04048797,0.042162444,0.040479682,0.040589485,0.04150596,0.04138089,0.0415277,0.041226234,0.04180811,0.042435315,0.042253215,0.04142001,0.042600207,0.041269038,0.042226255,0.041268878
0.04277564,0.04267338,0.041832086,0.04235074,0.041947242,0.04091626,0.041624676,0.040423665,0.041289866,0.04193119,0.040594317,0.04139155,0.04232054,0.042344533,0.04099356,0.040996026,0.041956447,0.042040344,0.0413551,0.041030757,0.0424909,0.041711014,0.041863944,0.041146275
0.04244015,0.042527307,0.041386474,0.041997124,0.040650908,0.041548856,0.04219359,0.039919622,0.040402707,0.042300902,0.04068322,0.041135274,0.041788854,0.043032315,0.040844288,0.04122728,0.042141326,0.042408183,0.041866776,0.041043725,0.042293854,0.041488796,0.04266197,0.04201647
0.042063437,0.04348188,0.041350365,0.042358357,0.042396046,0.040500995,0.041719247,0.04143728,0.04149065,0.04141602,0.04069451,0.04097153,0.041592106,0.041172437,0.042060588,0.0416157,0.041472256,0.042455904,0.04195497,0.042029016,0.042136647,0.041391928,0.04115325,0.04108487
0.042306565,0.043344542,0.041557964,0.042470813,0.042292174,0.041105974,0.042413123,0.040806837,0.040956363,0.041524775,0.041019104,0.040828146,0.041850373,0.041785546,0.0416351,0.041275416,0.041804727,0.04262795,0.041113906,0.041567363,0.042011168,0.040951226,0.04129474,0.041456126
0.042061657,0.043164656,0.041179724,0.04151501,0.041628383,0.040914193,0.041942496,0.041199278,0.040784877,0.04224124,0.040880818,0.041142642,0.041883245,0.04193261,0.041378856,0.041829243,0.04221199,0.042541176,0.04142306,0.041622873,0.04178148,0.0413409,0.04144946,0.041950136
0.041549053,0.042752728,0.040944017,0.042497687,0.04188071,0.04105509,0.04180972,0.040759142,0.04104855,0.04199537,0.04092732,0.041376237,0.041484512,0.041467685,0.041524414,0.041904952,0.0418489,0.042655766,0.042417858,0.041674178,0.04198527,0.041536584,0.04128428,0.041619916
0.042056225,0.042722844,0.04199399,0.042159326,0.04214556,0.041607413,0.041468304,0.040586185,0.041656405,0.041389544,0.040553626,0.041506283,0.042362414,0.042450868,0.04131258,0.04171667,0.04189133,0.04221778,0.041083857,0.041380733,0.042085823,0.0414049,0.041064896,0.041182376
0.042754855,0.043265212,0.04147552,0.042112038,0.041867547,0.040507313,0.04253682,0.04088268,0.041026954,0.04158892,0.040818445,0.040939633,0.041371323,0.041675724,0.0416836,0.04139788,0.041992176,0.0423875,0.041544273,0.041327626,0.0421689,0.04135548,0.04181876,0.041500743
0.04275419,0.043461267,0.041019175,0.04240765,0.04156405,0.040205363,0.0423002,0.04052171,0.040392827,0.0421139,0.041170828,0.04090206,0.04165813,0.041849464,0.04123241,0.041060224,0.04202313,0.042120807,0.04217544,0.041305996,0.04236909,0.041361876,0.042458892,0.041571334
0.041752364,0.042641237,0.041450374,0.042128652,0.04209526,0.04125015,0.042029988,0.04094364,0.04106572,0.042218115,0.040879965,0.041279957,0.042048067,0.041787248,0.041098412,0.041298352,0.041973397,0.04270886,0.04127031,0.041442,0.041993745,0.041568935,0.041491084,0.04158415
0.042087544,0.043089714,0.041475996,0.04211074,0.041189395,0.041245498,0.041726466,0.040541902,0.040319733,0.0422991,0.040294807,0.041228235,0.04191427,0.04227503,0.041005477,0.04132556,0.042577527,0.04227345,0.04223444,0.041321475,0.042121142,0.04148866,0.04223166,0.04162215
0.04167732,0.043270662,0.04021138,0.04229901,0.041922342,0.040165268,0.042086504,0.041174777,0.040467195,0.042582203,0.04138108,0.041188493,0.041069858,0.04102291,0.041539446,0.04178705,0.041897777,0.04277391,0.04251106,0.04226945,0.04178972,0.041234158,0.041521534,0.042156886
0.042199016,0.04263344,0.041552093,0.0411606,0.04099591,0.04127276,0.041230936,0.040321402,0.040709186,0.0425111,0.040677756,0.04191077,0.042122763,0.042718157,0.040874336,0.04178114,0.042621486,0.04228342,0.041477527,0.04159057,0.04189986,0.041576758,0.041784715,0.04209431
0.04173074,0.042928964,0.041067503,0.04162494,0.041383795,0.040957127,0.042176504,0.041060273,0.04061337,0.042261157,0.041185554,0.041156113,0.04201703,0.042350262,0.041173838,0.04200439,0.042326562,0.042643484,0.041305486,0.04136742,0.041609295,0.041408308,0.04161789,0.04203001
0.042568646,0.043409474,0.04081935,0.041501418,0.041266788,0.040296722,0.04269011,0.041299134,0.040213734,0.042615153,0.04080921,0.040849593,0.041255645,0.041679688,0.04131093,0.041408654,0.04204141,0.04267222,0.04194269,0.04164959,0.04178711,0.041401643,0.042138744,0.042372316
0.041638024,0.042720325,0.041867908,0.0425697,0.042109385,0.04140269,0.04133723,0.040569134,0.0410982,0.04171584,0.041267302,0.041636646,0.04177246,0.041994024,0.04163369,0.04144202,0.041897587,0.042405237,0.041384827,0.041447848,0.04200826,0.041486498,0.041279152,0.041316047
0.042786323,0.043098092,0.041506033,0.042211577,0.041870367,0.040402196,0.04153721,0.040337875,0.041050926,0.041945416,0.040290207,0.04159132,0.041118678,0.04183641,0.04153529,0.041181497,0.041927125,0.042481404,0.04201134,0.04197083,0.042335723,0.04185594,0.041703645,0.04141462
