Stock_1,Stock_2,Stock_3,Stock_4,Stock_5,Stock_6,Stock_7,Stock_8,Stock_9,Stock_10,Stock_11,Stock_12,Stock_13,Stock_14,Stock_15,Stock_16,Stock_17,Stock_18,Stock_19,Stock_20,Stock_21,Stock_22,Stock_23,Stock_24
0.04840592539717582,0.059282486831681254,0.005735493445079488,0.07042173966886527,0.06845702501172135,0.06477018977710455,0.02997633827031249,0.039638516600077243,0.012311628172745925,0.06569288950480788,0.012755874841295766,0.06555172234474338,0.007568129053301787,0.04423773070746579,0.052510444821041675,0.010882317988073415,0.009817423063970874,0.009573740210588677,0.06043294272294211,0.06695559706587813,0.055215629080279306,0.01059249497438139,0.06591400954760514,0.06329971089886127
0.04766812422752299,0.05903181718863146,0.005976186631134658,0.07059330441585443,0.06859234212667374,0.06459793702217273,0.029295795553111122,0.04026104004980975,0.01279916413836039,0.06556134756757828,0.013426163009112212,0.06546911531995109,0.007839514966715781,0.04321750907182357,0.052355048909915824,0.011287116863957261,0.01021350284491245,0.009957408917812492,0.060122837229700035,0.06702343533104736,0.05483302527869638,0.010879405836587124,0.0658075865979382,0.06319127090098067
0.04752335276431321,0.058982105767800094,0.006023892221738949,0.07062669003915709,0.06861871842179874,0.06456288695668264,0.029164637442146337,0.04038250862218068,0.012895491940192221,0.06553431223778965,0.013559287221537222,0.06545205549215491,0.007893121774571745,0.04301797872482274,0.052324840225527414,0.011367052618600092,0.010291849142232867,0.010033297552358066,0.06006099346288344,0.0670364641609749,0.05475760135564041,0.010935829301293895,0.06578559948977826,0.06316943306382444
0.04731049986821599,0.05890869403688582,0.006094336602181321,0.07067560945173393,0.06865738171463415,0.06451060292397265,0.028973157867981422,0.04056071630690278,0.01303753497697292,0.06549383115323272,0.013755989513020893,0.06542644962395897,0.007972169533786017,0.042725029520155736,0.0522805788726058,0.011484902003716414,0.010407432098372664,0.010145253314719908,0.05996944320622184,0.06705542732937762,0.0546464882299129,0.011018878909823605,0.0657526104920479,0.06313698244956602
0.04726432398900124,0.05889272079693342,0.006109663933367761,0.07068619635637113,0.06866575104763163,0.06449914141502601,0.028931834200576753,0.04059931190330423,0.013068411823846169,0.06548493482626598,0.013798811281553244,0.06542081486406456,0.007989350917503748,0.04266155171151853,0.052270999433842766,0.011510514828208262,0.010432565407088151,0.010169599657707674,0.05994948959272303,0.06705951470982074,0.054622350357159115,0.011036908065961623,0.06574535019530858,0.06312988868521564
0.04821398829951772,0.058929886603941176,0.005937366402024053,0.07046069630356852,0.0684153298010368,0.06491650878911133,0.029464060153866795,0.03910228797291897,0.012707953751903886,0.06570800774784931,0.013145197674578222,0.06529957427913244,0.007682784718089021,0.043747493799720184,0.053022995570284566,0.011264060672491012,0.0101030137967492,0.009874634400622398,0.06009509689217231,0.06699552954259838,0.05529152368575841,0.010707519662081581,0.06602961333921856,0.06288487614076517
0.04724620922725739,0.058764633468293144,0.006174586094636536,0.07068627828973344,0.06863511193987581,0.06457556099997362,0.028781172695289597,0.04032762683429063,0.013193653925892179,0.06550109634948423,0.01390703546266868,0.06531906299982816,0.008014412637047994,0.04254413375684101,0.052496901587504405,0.011636430066121082,0.010519279232283543,0.010263799477928298,0.059831601669727556,0.0670691380901154,0.05468599988632042,0.01106042042452548,0.06580271365146909,0.06296314123289232
0.04789974152305327,0.058563277778763564,0.00616732874895728,0.07052724440395769,0.06840236555874611,0.06501170925665284,0.028887928872189415,0.03875774949073022,0.01315968179097019,0.0656946782858685,0.013626687708732935,0.06505166872110009,0.007837747719832254,0.04311565696586386,0.05343669255874067,0.011687384626812722,0.010437158753997961,0.01022062885764585,0.05972884947195225,0.06704312504617548,0.05528287130104715,0.010865266517682477,0.06611057194788059,0.06248398409264663
0.04817584387787416,0.05865012696909603,0.006175128651738216,0.07033464807585656,0.06815359014334271,0.06562184611453234,0.028994760098014556,0.03701414602577779,0.013227987180211453,0.06589906446579326,0.013373458084846034,0.06487347670262911,0.007555380064274063,0.04353255010648807,0.0541999200021387,0.011968616935256075,0.010576378869561554,0.010180844062544655,0.05962088389314922,0.0670178997515026,0.05589002459902851,0.010789990117827879,0.06645553493979697,0.06171790026871948
0.04791564255543949,0.058526340105577085,0.00618476909965129,0.07052173692611867,0.06838375586974056,0.06505080831659597,0.02883991897717385,0.03862029009416298,0.013192788320269924,0.06571050847057938,0.013644114337065255,0.06501203988004527,0.007834624606391706,0.043112118113034205,0.05353603172926259,0.011727632689958446,0.010460566384459469,0.01024543655931801,0.05969152016000359,0.06704287825434974,0.0553307416494261,0.010861646972101449,0.0661427641195758,0.06241132580969917
0.04863963495965139,0.05883385212950458,0.006025317644067607,0.07019578964420982,0.06804001996325613,0.06579706642596427,0.02948225567902709,0.03632545096099614,0.012932024715663926,0.06598528636591773,0.012938637024801053,0.0649038353614283,0.007348057412622577,0.04421503183588134,0.054397714448846515,0.011776731029068224,0.01036732069868097,0.00994438171604534,0.05982617368974702,0.06696013349835236,0.0561966839287609,0.010628186380713838,0.06655816338079396,0.061682251105998925
0.04938418841328408,0.05918482466879013,0.005807204213482204,0.0698240705597542,0.0677451335705522,0.06627199668225182,0.03057573371946076,0.03425065718806707,0.012496070997299717,0.06613774693365275,0.01224747509020569,0.06483074822201505,0.006880802040740237,0.0454554291446009,0.0550792651416684,0.01169952056224154,0.01018026950332464,0.009567422113175832,0.06016715898873729,0.06678816949189491,0.056865008220751835,0.010431604293810631,0.06685718401788533,0.061272316222352755
0.04891807097150227,0.0589891752131405,0.005950515219246838,0.07000097062986894,0.06788240059619124,0.06607384004439482,0.02999200304221781,0.03517969105821991,0.01278480237421299,0.06605487663905195,0.012669593100688948,0.06483083280569642,0.007117097299987043,0.04472999374801486,0.054792542801370324,0.0118346161010626,0.010352016706585967,0.009804093957650015,0.05995759930807638,0.06686595849771002,0.05652545959288574,0.010575963048302174,0.06673577764469112,0.061382109599231134
0.04933883829003175,0.05932532827893134,0.005856389012508259,0.06934900352828142,0.06750597507863558,0.06674523086106292,0.030842055250428387,0.03179608945073741,0.012529609531604594,0.06621900616497407,0.012505237782392174,0.06456754390731508,0.006564794080951636,0.045973459509865824,0.05578594387254224,0.012512453393670606,0.010588744906982882,0.009613859468569103,0.06036731116727605,0.0667006067805318,0.0571090726121571,0.010665553044802762,0.06711779066177291,0.06042010336397411
0.04922623298977679,0.05919960325842661,0.005900925860972248,0.06958785841295524,0.06761874433067229,0.06654656691606357,0.030597790275217775,0.03297946710165371,0.01263957932036137,0.0661652743497447,0.012520245188978677,0.06462601598108582,0.006762739857805925,0.0454698726585606,0.05548792031300306,0.012259983447853623,0.010576430696635,0.00969493726949264,0.06018618302473899,0.06669339192298737,0.05696997015857143,0.010662531808323644,0.0669591052633121,0.06066862959280681
0.04921085091187653,0.059187066388257686,0.005901687817729269,0.06961850759295148,0.06763658932485238,0.06651486928519165,0.03056495063881765,0.03313747747100274,0.012645798404209272,0.0661582062730598,0.012520424942877391,0.0646425948274788,0.006785616983798271,0.04542428969415082,0.05543981043740334,0.012219608959191141,0.01055255219466629,0.009698074242732078,0.060170767560924356,0.06670555108568041,0.056943306790000384,0.010650773203096231,0.06694633523041414,0.060724289739637886
0.04824179007458313,0.05880900431256418,0.006204962801023613,0.06995099123653813,0.06786369251505478,0.0662121978133196,0.029563169493425197,0.03468898820098368,0.013276591082201458,0.0659869378757371,0.013337384562109571,0.06459474191393154,0.007209067214123922,0.04395633616941265,0.05501943895170544,0.012541209818563655,0.010932652762443606,0.010179538669383318,0.05970413088330115,0.06683369893139139,0.0563552405350626,0.010939413557417016,0.06679456101804879,0.060804259607674487
0.047998144806980544,0.058750135011298006,0.006304289483405438,0.06988663452926562,0.06783709323842663,0.06629902019554289,0.02940618765457407,0.034334012797746886,0.013455694338143302,0.06597010350615662,0.01361688252846797,0.06448119909071993,0.007221945797500017,0.04371422021661502,0.05514642937078544,0.0128762820347185,0.011196766986711739,0.01032567346570083,0.05963222671905976,0.06680605964346424,0.056305656595819945,0.01110229039285729,0.066819104472655,0.06051394712338433
0.04883328409950012,0.058967444367100885,0.005981513244225678,0.06999939893962016,0.067879930877967,0.06609137205738448,0.029948706566565446,0.035121972694279815,0.012847632122678273,0.06604565609626048,0.012744416147731405,0.06480305375474398,0.007127869106431697,0.04462990781230841,0.054823968672972394,0.011914934512153662,0.010418717114911605,0.00984902504817527,0.05992192360544903,0.06686255869661883,0.056508764409850934,0.010616864275054948,0.06674792043068187,0.06131316534733362
0.04967290975422655,0.05953478496153526,0.005624015613326964,0.06916315668676615,0.06739792440034005,0.06685235099310698,0.03132548465245525,0.030718891777151532,0.012295179688867952,0.06625331156798486,0.012324205355863512,0.06459419282521112,0.0063000064997515825,0.04677313736918584,0.056079313629577306,0.012354482963771781,0.01027077363103435,0.009348291200655407,0.06070800101333726,0.0668036727141038,0.0573921926011951,0.010466285436943869,0.0672595552261423,0.06048787943746524
0.05054252049636923,0.05972630976893491,0.005509840872248419,0.06912087587108909,0.06732852460594473,0.06688993098446647,0.03202423943633472,0.030803422461727237,0.011736259772860505,0.06637664326092026,0.011414946994153942,0.06472301650988037,0.006191884781804512,0.04759266297928553,0.05601425732724193,0.011865628325176071,0.0099967705694934,0.00903170881582307,0.06081325135597486,0.06655940047698992,0.05768692951644497,0.010243270760687219,0.0671720931003683,0.06063561095578035
0.05009720932556173,0.05952519307617383,0.005631153236215941,0.06932536655127579,0.06744640292025757,0.06673885111966595,0.03150214215880789,0.03177710900681836,0.012057282624171911,0.06630017596604706,0.01177323996643841,0.0647065924573173,0.006412177451280523,0.04679195762864696,0.055787413715110264,0.011913592218863017,0.010168064363765258,0.009258714060264473,0.06058584873968192,0.0666079999334044,0.05743531106449855,0.010367148276342114,0.06707656202149355,0.06071449211789722
0.04986965075223417,0.059401584259858864,0.005675660418967088,0.06954284593104305,0.06756720609550876,0.06654239273819092,0.03117222885289763,0.032861847265878236,0.01220008036001069,0.0662367247698866,0.011903622055527578,0.06477247888167147,0.006597781049470004,0.04629436417508083,0.05548276063814625,0.011737317417834304,0.010122658813626496,0.009349150979224195,0.060431713351108564,0.06667748844547064,0.05723558188930245,0.010359427882769997,0.06697521376973035,0.060990219206560864
0.049508258585971625,0.05923413652841994,0.005769728853518508,0.0697753754305824,0.06771259183722819,0.06631671906595142,0.030711015289571382,0.0340222097332849,0.012416647722700206,0.06615945714417543,0.012147504123323157,0.06483191123136571,0.006823225614742584,0.04564897250122202,0.05514280827514382,0.011667515048869549,0.010138117543484306,0.009507275521303584,0.06022762077588901,0.06676908248650064,0.05694364115441008,0.010397914167195472,0.06687818161230569,0.0612500897528404
0.050048198425145324,0.059469894979283996,0.005621232675388256,0.06948192638600785,0.0675258195266293,0.06659163052012022,0.031367275466190704,0.03257124635216349,0.012085878450420383,0.06626377122583176,0.011758178133201734,0.06477946414937134,0.006521451373298357,0.046566163409222455,0.05556180141625297,0.011678830911244442,0.010053882120353047,0.009262249177157319,0.060514352247829674,0.0666536978177944,0.057342154708919686,0.010306580588856057,0.06699852791428579,0.060975792025031436
0.0495308350336562,0.0592755959554041,0.005781995553888485,0.06964318491975452,0.06763736258864068,0.06646259245367007,0.030817294433847908,0.0333270796034856,0.012419996151550863,0.06618620907364992,0.01218940177897665,0.0647479797858879,0.006733382724719724,0.04579278495593348,0.05535968368230964,0.01187667981701245,0.01027205165789238,0.00951757384544309,0.06027853372314399,0.06671650585647058,0.05704345998632648,0.010470076091110702,0.0669353753168985,0.06098436501032608
0.05006388140322578,0.05951578688806708,0.005643458161482276,0.06932580303689584,0.06744908049538095,0.06674042227846054,0.03147115406084544,0.031776860651150894,0.012077763872603396,0.06629744698547836,0.011803940467244594,0.06469999981224445,0.0064195651371573275,0.046754434131689046,0.05578767999003291,0.011944073984714705,0.010190331331168633,0.009276008060231346,0.060574208139407774,0.06660984402017821,0.057419637163008644,0.010382053551956488,0.06707850127593121,0.060698065101444106
0.049985204975778866,0.05969026438441963,0.00549067782727139,0.06904245625710097,0.06731557450143892,0.06692074948597809,0.0317114568646881,0.030099924174678213,0.012072559438980193,0.06629809575169793,0.01208974520152406,0.06461618567489077,0.0061355519583867445,0.04734444605601491,0.05624308209439137,0.012227457257139487,0.010071896683670816,0.009161443948383183,0.06090261309673042,0.06680542016398983,0.0575900474945681,0.010344944974013873,0.06731812362782084,0.060522078106443285
0.049490799526232136,0.059375483039564865,0.005830347925299727,0.06931567784086297,0.06748051970568693,0.06677391444557462,0.030984263514795503,0.03167553140791467,0.012424115169556193,0.06624588153551544,0.012357676062810364,0.06458311310893258,0.006524227984435721,0.04616846881428063,0.05580460130857859,0.012459283359032108,0.010539756456876387,0.009549326000114074,0.06040786934289162,0.06666402240979655,0.057175133938039684,0.010630678823803601,0.06712038967299,0.06041891860641504
0.04953397366167568,0.05955038323381637,0.005555705069295595,0.06913176902546993,0.06738529706127117,0.06684683650166337,0.03128991594026755,0.030410465835340905,0.012382928295260885,0.06622217862612169,0.012536434280601302,0.06457028182922693,0.0062419698377076714,0.0467906649212795,0.056201934152986396,0.01238219605785767,0.010202327507401144,0.009342698387317045,0.06080205181979895,0.06692181497305913,0.057404668170887525,0.010440882977070408,0.06732466868384951,0.06052795315077368
0.04933107137265984,0.05921279688386391,0.005852063590594026,0.06965724407337634,0.06765344454376418,0.06646355446622954,0.030640270827647916,0.0333622328045308,0.01255666161849552,0.06616359008389344,0.012381292602715772,0.06470232437048691,0.0067847503641154305,0.045536995900423906,0.055361912261753965,0.012038595988199612,0.010412794095107583,0.009625108005783404,0.060201979937556487,0.06672146117234067,0.0569608983366979,0.010564165338998906,0.06693000103342416,0.060884790327339795
0.04886600329868741,0.05895553811019924,0.005962881733214002,0.07004816278476453,0.06792075543601978,0.06600517576027652,0.0298753152113717,0.035468608000973935,0.01280880781582751,0.06604007143871177,0.012720779802213278,0.06485344407228992,0.007170753542187335,0.04462334935184115,0.05469120397174317,0.011805530245487389,0.0103433172976935,0.009829723346051322,0.05993234448389848,0.06688921004215213,0.056449096119024475,0.010580999414822535,0.06669159449228386,0.061467334228265065
0.04981146330921599,0.05926085192695785,0.0056419098053429075,0.06990632809110715,0.06781683626849844,0.0660614796014838,0.030661279958484933,0.035066509099864314,0.01215895031479996,0.06616657709467005,0.011879064548456733,0.06502869821146569,0.006899022634884633,0.04588925669775713,0.05472857032914009,0.011169763176439815,0.009766237240909009,0.00933805988093514,0.06033560473315662,0.06684238803317206,0.05684685080850408,0.010190179667205751,0.06671855457094077,0.061815563996607086
0.05015999448166005,0.05928016610180118,0.005508334254431514,0.06997144057184414,0.06792057584748072,0.06569972995901274,0.030803060343119814,0.03608296239689931,0.011838587293589135,0.06615164043040855,0.011678711879678897,0.06519096936199135,0.006961992500314884,0.046217275510248165,0.05435414985427631,0.010671098545452581,0.009378125062889951,0.009132047266299074,0.060515224408277696,0.06684713839251676,0.056645169004819675,0.009995354045330357,0.06653784240241106,0.06245841008524608
0.051043594490792765,0.05962085627103457,0.005224308720599463,0.06973153212862258,0.06772011371890017,0.06597368091773474,0.03173939445365564,0.034924461297723336,0.011278141544743768,0.06628902532244285,0.01085205108319588,0.06526364795717593,0.0065909697546855115,0.047518381568046206,0.0546682526720148,0.010255193983659937,0.008963178742991523,0.008678776790098701,0.06086699239090032,0.06676629187791255,0.05722692925115746,0.00966288945359796,0.06668717745371092,0.062454158154602424
0.050469289614985396,0.05950885310289969,0.005434501742345872,0.06971519673800017,0.0676688602660439,0.06623904486951329,0.0314092071790632,0.03415167733609599,0.011738666293793413,0.06626130030314967,0.011296645335770605,0.06506978304904745,0.006623632431859174,0.04686027311734564,0.054991362814840704,0.010877171772946474,0.009461600561728737,0.009003809255680957,0.06061495390538502,0.06676043513588507,0.05724615099496884,0.009956895657553718,0.06682500730141677,0.06181568121968022
0.05090898763290641,0.05975277036102796,0.005335034882644892,0.06935073609536219,0.06741727424966763,0.06664552246718335,0.032214212318692,0.03205692167500072,0.011512650346159713,0.06635854674571828,0.010984956462865177,0.06492053493742207,0.006260596950939757,0.04773204489136976,0.05566638637554671,0.011102433921708853,0.00953095566195661,0.008816341951876411,0.06085412785462485,0.06660242667206187,0.05773833746191153,0.009943283591409597,0.06703657055694266,0.06125834593500099
0.05102480152804407,0.05974005829612256,0.0052695032460761074,0.06950128671122294,0.0675013877954383,0.0664597160125055,0.03217630548318845,0.0329773675223317,0.011404513679562087,0.06634229935535839,0.010809290579463416,0.06505766544649111,0.006341650370753911,0.04773397514592295,0.05536093059163789,0.01072251870599318,0.009263654480279696,0.008727529205143409,0.06084950245071128,0.06666372849955728,0.05765597974837072,0.009784844659421804,0.06695933645377596,0.06167215403262732
0.05058344666776532,0.05949490893642962,0.005378430919427895,0.06980036606369996,0.06775131558093178,0.06603601044740208,0.03131078643123218,0.034931937198649975,0.011612552604366558,0.06625301312246423,0.011213073627780526,0.06518098837712691,0.0066988936585680075,0.046912602101763595,0.0546993056988296,0.01060350699341959,0.00926881787385343,0.008925560224177554,0.06066337636283106,0.06680525796126571,0.057117316527613815,0.009858186369343332,0.06671028995247612,0.06219005629858114
0.05069005902912303,0.059444843527656846,0.0053311730660744105,0.06986973957487179,0.06785443910416065,0.06571163925427428,0.031330029184232895,0.03583240309443795,0.011465870588391661,0.06620103403441539,0.011236246263224645,0.06526530277511038,0.006806954887234293,0.04694780331488501,0.05438578128200027,0.010328662029985638,0.009062655339863073,0.008860258275737075,0.06075529813964979,0.06679257370725968,0.056843818958620895,0.009786978054098438,0.06654737100050069,0.0626490655141912
0.050167444712131734,0.05949019923592252,0.005358474944625804,0.07000513971480347,0.06803622506411736,0.06538626078911446,0.03120845484386005,0.037147904191948314,0.011526572990849073,0.06603445380942405,0.01149017189396239,0.06543112508543612,0.006991910237572348,0.04638597335386785,0.05365114309017023,0.010299135564228998,0.009133633369837682,0.008942964557764041,0.06081048947883442,0.06682159806627945,0.056354265863778695,0.00996766099424097,0.06631842239078121,0.06304037575644876
0.05039249518043603,0.05934308510856836,0.005409777476022882,0.06994869976762025,0.06791947606636524,0.06561829986112558,0.031064046595784517,0.03622525234101435,0.011622822646064374,0.06613869084681594,0.011470703267141035,0.0652469257714417,0.0069275645302566595,0.04654713527676091,0.0542455568813593,0.010446641835403132,0.0091908691240567,0.009005268691121532,0.06066913560939505,0.06681598707448319,0.056677112876923084,0.009900638154308262,0.066497974802642,0.06267584021488991
0.05087895731467039,0.059672971548763214,0.0053103790019569655,0.06957188424494164,0.06755715133976145,0.06638071059646317,0.031940772159852436,0.03339537484661994,0.01148693754978178,0.06631954481124398,0.010937538673551007,0.06507318834876426,0.006429724773141432,0.04749010568708019,0.05522364114903075,0.010737603784520556,0.009299491527452169,0.008798854247941964,0.060787426613785916,0.06669659423256809,0.05752785801550484,0.009823096832609863,0.06691054664804687,0.061749646051947146
0.05072461578105219,0.05970786023317304,0.005405194898862768,0.06932329926955838,0.06740966802733224,0.06669362951167297,0.03207086204399842,0.03185495282088617,0.011644277106694554,0.06634838048509704,0.011177550431077399,0.06485272924228418,0.0062803206034913244,0.04753268219235629,0.05574142200982502,0.01132817761658791,0.009709611249477385,0.008922024271207023,0.060800139214423246,0.06659175779426393,0.05769349142832735,0.010059051813230739,0.06705170591683696,0.061076596038283464
0.0494408750844645,0.05905954703679996,0.005744194716937742,0.07010529257695998,0.06800661396520383,0.06567977364668735,0.030127268861741604,0.03642381829308502,0.012334422849994774,0.06607170104451396,0.01226850167726075,0.06508659251037537,0.007170893156324932,0.04524521496102597,0.05429779685349027,0.011129814518551344,0.00980550927229941,0.009500165240605011,0.0601960681598889,0.06691722756363754,0.056386266068486825,0.010278232031796099,0.06652079391850976,0.0622034159913591
0.04897741777185283,0.0589407846895485,0.005908017435029535,0.07015090324761956,0.06800995538785756,0.06580223044713805,0.029748301264026552,0.03624069423372276,0.012693207901135642,0.06603190476197401,0.012635515224034433,0.06497425192423505,0.007256585999808176,0.04466041955782201,0.054391682194527044,0.01153434674930103,0.010150865880736703,0.009763700223578142,0.05997441084536408,0.06694617617136032,0.056325657798942254,0.010484932526093803,0.06656343188908355,0.061834605875208414
0.048741134072982986,0.058823880377454,0.005976440746757434,0.0702508513964506,0.06811161735533905,0.0655879172901759,0.02947326642913629,0.03692861365426758,0.012810188285487172,0.06597276014054652,0.012882106037077934,0.06499056233997948,0.007404616981931079,0.04427901699256117,0.054186063539754095,0.011543984563112456,0.010199847326125226,0.0098633571243228,0.05988601918998796,0.06698141653194303,0.05606639995557756,0.010549907761440552,0.06646242799802324,0.06202760390956588
0.04762025109697161,0.058380953904934,0.006307935865327489,0.0705841179239381,0.06841278605331275,0.0650289095053107,0.028496560049255975,0.038722508845161166,0.013437898110135005,0.0656769091632571,0.013947679982202497,0.06492145554979782,0.007940482164422747,0.04269192076544953,0.0535892984167765,0.011950888393155888,0.010659388949200018,0.01043806040642115,0.05950996249814872,0.06706581081259227,0.05523663615012187,0.01097345693412947,0.06614285970354704,0.062263268756430575
0.04711104398016369,0.05818629445017843,0.00650900809718529,0.07067952225116861,0.06847489801377671,0.06498029760059755,0.02799498665471287,0.038963772268312755,0.013844085785978346,0.06561580908147405,0.01446347909046472,0.06481580640123989,0.008107730994668032,0.04196559365629253,0.05360210440508921,0.012311651470849762,0.01098691941323101,0.010726813221300877,0.059218338946496016,0.06711279521174354,0.05500623567551266,0.011171616781610608,0.06610579165641113,0.06204540489154172
0.045282201257393,0.057868060769426195,0.006940356725059008,0.07111389259269438,0.0689235539670487,0.0641784414181081,0.026906140154370987,0.04153298668255174,0.014711401215486038,0.06511118071708115,0.015930261628355227,0.06487885752298297,0.008786047688030261,0.03973290929709093,0.052437742768598805,0.012929978707911965,0.011734046860929177,0.011457272716271009,0.05876641296377393,0.06724017583615952,0.053758413458492374,0.011856795911470222,0.0655539899382082,0.062368879202506104
0.046015100407751246,0.057837106390983446,0.0068329241487996495,0.07094080758574704,0.06870999121463933,0.06457974345323611,0.02720512683206765,0.04024390245575616,0.014484676986697436,0.06532592218218117,0.015442075910768242,0.06473681060450598,0.008547802551023168,0.040509037880509226,0.05312854473255227,0.012799385875853499,0.011511210226593559,0.011266247851114061,0.0588322994839948,0.06719945926166576,0.05432850502306411,0.011604687225148777,0.0658378401759324,0.062080791539414905
0.044753110618636446,0.057306259734158815,0.007327262447789696,0.07119081924320356,0.06887458709648141,0.06432864084547633,0.026065264176550407,0.04102270367024251,0.015458160012786151,0.06507970894292049,0.01674661342814294,0.06444032760530355,0.00901526579317245,0.03878072339002481,0.05306759502435301,0.01364394186724441,0.012305132571734309,0.012018230866829694,0.05812700063318139,0.0672899539514152,0.05374025182270129,0.012099478142692438,0.065676629021888,0.06164233909307072
0.04533972968785306,0.05755415496572871,0.0071572644732198045,0.07100452178779124,0.06870161181918066,0.06472340173675477,0.026491302131266135,0.04000721471570114,0.015149392849442493,0.06530337157280607,0.016164663660308682,0.06448407249334696,0.00870032784746438,0.03956528113397951,0.0534354483678645,0.013463551710186823,0.01207623755224638,0.01169959728073123,0.058306985684899594,0.06725649300028519,0.05419670639934042,0.011870707063826648,0.06590630078584526,0.061441661279930324
0.04434904327668924,0.05721172638478571,0.0075295010882494295,0.0711412904768402,0.06877663115551359,0.06467882727291886,0.02575198851721873,0.0403029426807461,0.015902512410092454,0.06510379192522675,0.01711406937939623,0.06424265347358522,0.008997800132214405,0.03829271668066856,0.05341362528258968,0.014196959240371104,0.012748967257537,0.012277234758159283,0.05779218853325672,0.06730452727757466,0.05382315832203047,0.012288939987237447,0.06582173571560457,0.06093716877149359
0.04434358373823057,0.05731525604117481,0.0075228657619289645,0.07088676272174782,0.06856342579936762,0.06514242514352193,0.02612055064496257,0.038784002169833104,0.015974115998256145,0.06516322777140068,0.017091435848521155,0.06404288655426352,0.008726077443206953,0.0385222805725646,0.053998613167331885,0.014538300424934687,0.01294831242690676,0.01225862512587899,0.057851455607479306,0.06720649432400964,0.05417151806664577,0.012346217193762997,0.0661553435570537,0.060326223897015786
0.04259447261809679,0.056638284807580125,0.007884674788104382,0.07128848236826565,0.06887690613356758,0.06445550423311949,0.024784631414554722,0.0402321764861339,0.017301781503347147,0.06461427245403227,0.01907556564789602,0.06377533571309493,0.009294498599871054,0.036356722051229313,0.05374823504689073,0.01519025379917036,0.01357732082022154,0.01310159668833251,0.05724249202703576,0.06763133307605444,0.05327953301615481,0.012780565450794187,0.06590873549754986,0.060366625758902434
0.04135865738058524,0.05628305614715778,0.008430173671422509,0.07190148836705323,0.06955686579634517,0.06289894702383259,0.023819863088833954,0.04458549308415029,0.017674010991537814,0.06402996869662402,0.020127701353442363,0.06401068841709893,0.010341758899613923,0.034494495754987926,0.051808776451643064,0.01533073289835963,0.014109626513600714,0.013750332584232125,0.05665930228706549,0.06751147674913985,0.05165363789708911,0.01345299076420124,0.06469622099846095,0.061513734183522115
0.04097493830076514,0.05705817664579468,0.008419210924846914,0.07116830860354117,0.0705594110922085,0.060845871491488845,0.022887414682042424,0.04289588729817558,0.02156302707824012,0.0636258499534797,0.0243910856182568,0.06051382392810709,0.009034304908364843,0.031864331781330545,0.05494135567090917,0.014859062163579597,0.014180080823354643,0.013004436965321196,0.053296934603789294,0.06860979305191729,0.05287636059712824,0.013491341874465037,0.06534558526869598,0.06359340667419722
0.04275914160974211,0.05660478998623703,0.008140549609866484,0.07137222161866812,0.06895425447764704,0.0643426136466085,0.024638583663260785,0.04120315731536951,0.017081905409356633,0.06470823446675811,0.018771290258497726,0.06385429021095314,0.009548513919193797,0.0362469631993381,0.053261057552680034,0.015278790334779342,0.013775452755873102,0.013193332564544115,0.056972935091576214,0.06735472859243094,0.05302473415952769,0.012954442970027473,0.06557891259098758,0.06037910399607642
0.042964849406872,0.05668882806746001,0.008061105936511482,0.07133267215912503,0.06892306248622766,0.06440906343535749,0.024793465383435413,0.041027776786329635,0.01692960569048506,0.06476546384922251,0.018550818746557587,0.06389843430974526,0.009465777881390698,0.03651762182563614,0.053303349709017955,0.015152319782610817,0.013650406076849376,0.013072869317556834,0.05708227406905322,0.06734356699438966,0.053142832782002894,0.012871048769472085,0.06562616796505755,0.060426618569633626
0.04167356121816126,0.05643170352145932,0.008291802281219613,0.0718575977499272,0.06950230911730217,0.0630255513592641,0.02409066134282856,0.04443738233148403,0.017342020918569016,0.06413042451817406,0.019689106702161223,0.06417181301096983,0.01023452173699445,0.03496148172762536,0.05175259130237018,0.01511475086730594,0.013894632975441815,0.013554439524534343,0.056919727140618076,0.06747413645230588,0.0517862265140428,0.013320565353630541,0.06474904879197713,0.0615939435416331
0.03937707335065708,0.05686717764454007,0.00792860919757796,0.07201574236387445,0.0710174456313727,0.06101765572357181,0.021782193829314112,0.04386952745046568,0.021761113327272548,0.06353435212510398,0.024619605168184462,0.060968043360786886,0.008976135745431288,0.03070677120979951,0.055178313888779945,0.01496165109297057,0.013898601673178836,0.01348411509324931,0.05385436236730065,0.06930484017403465,0.052609776369851154,0.013175691571269672,0.06574871725073796,0.06334248439067472
0.03960754260594594,0.05699819963076448,0.00821774095912083,0.07153895452608984,0.07115033064319257,0.060273582666727624,0.021718513902538296,0.04313534747552635,0.023131967669808885,0.0633756068244817,0.026161298546273807,0.05958491548670218,0.008757447706367437,0.03008397800249104,0.055984272191969615,0.014992459252847267,0.014199857169872937,0.013283064287134078,0.05246183050709759,0.06937329387850429,0.05293880655263533,0.01340122566806496,0.06575042691687895,0.06387933692896401
0.04073371108726868,0.05593461787550163,0.008261762894491192,0.07171053884265921,0.06921421426392599,0.06371749807674232,0.023479928747014163,0.041715393142293444,0.01870374562847351,0.0639825909189466,0.021149626413210016,0.06348305462835883,0.009878649880398698,0.03411408289854886,0.053486239315410855,0.015908638758185347,0.014270168551782408,0.014005240036904067,0.056582743629269606,0.06807771239253471,0.05234816459675702,0.01325564920196864,0.06562810372503262,0.06035792449432156
0.040116475639177675,0.05579645879841367,0.009009407670653332,0.07184207657856048,0.06997016110624724,0.061973971592681566,0.02251988309826049,0.04442112617723152,0.02002888276095564,0.06355026687566358,0.02296462888853158,0.06236158206704892,0.010389340448377872,0.03206748983944465,0.053050918701885906,0.016124933530952984,0.015006881655963675,0.014361943405459465,0.054680433707051224,0.06793460426575104,0.051557997494671826,0.013961270643656548,0.06472540173176815,0.06158386332159097
0.03878493925244464,0.05533915974771618,0.00958421175366742,0.07167229714785359,0.07048726045957106,0.06071220069397785,0.021170285078311746,0.044112671977246894,0.022994998871938815,0.06294408603524577,0.026510299530571112,0.06014018949843801,0.010313204403693186,0.029447564538725653,0.0545811441060134,0.016869121875112223,0.015911187936539267,0.014922378066364157,0.05226154654113936,0.06851549716147125,0.051560319187815534,0.014461639273582072,0.06481450888060102,0.06188928798195981
0.03816988206999828,0.054498884742755584,0.00925499805840904,0.07237572047189941,0.06972942060427988,0.06176698249542236,0.02135668508548765,0.0450526333250277,0.021037428208066377,0.06281821399616595,0.024901384057197197,0.06288573070126786,0.011274575010343428,0.03071273994150818,0.05265164687886354,0.017081136369130476,0.01555009974208067,0.015609250611751117,0.05505178779522132,0.06853859381862187,0.050400978113907195,0.014139333991667977,0.06457203656235609,0.06056985734857083
0.036138485160757,0.053558461720701805,0.009074016538335854,0.0724293884761559,0.06977517421163074,0.06067868740287562,0.020320390496921515,0.04428023241597926,0.023399590885928225,0.06169855869874628,0.028821042923764806,0.06216733378378753,0.011367728355665,0.028960229951019267,0.05361237880572197,0.017525175104828195,0.015700103459369563,0.01631692888515005,0.05490924611442901,0.06970432552368287,0.04979089578796672,0.014125090966711098,0.06491389611368326,0.06073263821618846
0.03546694431462266,0.053555573506483975,0.008239175442198222,0.07194396723973807,0.06943438576198543,0.06069171987079379,0.02020598251240579,0.041442644139426735,0.02436595504939453,0.0614054633797019,0.031151188818054,0.06170015177741207,0.010598257731933371,0.02914440569636205,0.0550818484376045,0.017375358215369355,0.015086198790588125,0.016113267089316208,0.05592469353027135,0.07050612746625885,0.050211342270999194,0.013718460871614394,0.06573401304941702,0.06090287503804841
0.032372555201600386,0.05360046978889568,0.006674400835082256,0.07092319169528294,0.06880840132692365,0.0612099833996845,0.019233555782943827,0.03480118217025086,0.026310751043173708,0.06032859202968009,0.037337993226415955,0.06130752219926075,0.008944887336329343,0.02964152980453783,0.0576212593184213,0.017748671826739715,0.013657235868930355,0.015886525246604617,0.05851686629990795,0.07226852807791341,0.05068845103877625,0.013273158665567695,0.06772063024289521,0.061123657574181714
0.03145761038149344,0.05293680547249482,0.006973740448166406,0.07120819012396817,0.0682301349635749,0.060734034412997184,0.019047243246405828,0.03547227142415529,0.027498924052589222,0.059898103959411676,0.03959867962426293,0.061367120914596764,0.010035502489631741,0.028924699900482655,0.057810436940840565,0.017969701194846463,0.014167440188963898,0.016748476834641625,0.0582178511963355,0.07212977019208361,0.04893956787953743,0.013060663056434435,0.06681527934745493,0.06075775175463052
0.031187168104444336,0.053822320172968355,0.006129058693442407,0.07092305078296682,0.06856634012489005,0.060188698324993746,0.018777651101975473,0.03458962849175973,0.027781450680056597,0.060150736190100265,0.0407411567661535,0.061072713834298166,0.00921438233966319,0.028690421219277135,0.05829385563182943,0.017356932933905396,0.013145782741752718,0.015980461836586995,0.058817221507062666,0.07268394110436176,0.04953205648018401,0.012673633949843065,0.06766922164663126,0.06201211534085294
0.027863338739863634,0.053169492496848825,0.006004886828682336,0.07335160751784028,0.07045005148222705,0.05520821556996806,0.01679173448194534,0.04404939004391939,0.029934558419675683,0.058502341983786635,0.04311896722271955,0.060782610881970144,0.009785484385564754,0.023214910039560107,0.057600646056917726,0.01656749561107926,0.01291451907678959,0.017593934090079283,0.057973512762841746,0.07409041333048527,0.04723567137028331,0.0129990979331238,0.0666153699945705,0.0641817496792577
0.030535284341612727,0.054028171269065735,0.005739773391779561,0.07162557488566663,0.06900764424447674,0.057976156281219236,0.01829950716846247,0.037856677708201295,0.028742724468732044,0.060071936524301095,0.04174225879493314,0.060971902222723105,0.009284309769811651,0.02679982219997102,0.058594987955967126,0.01643772459288836,0.012580542925535398,0.016026492814926904,0.05873709325008626,0.07307651848624734,0.048907572960616916,0.012483593507947298,0.06716388356316144,0.06330984667166649
0.029876250954408632,0.05488730385606338,0.005179731584367304,0.07181362925240764,0.06886285976775036,0.05568156725976331,0.017918313777826236,0.04030013252207709,0.02909455367169959,0.06057819235903272,0.04305037490141173,0.0616068855578464,0.009376285164792228,0.025899355517712087,0.05902923356550436,0.015419330400502475,0.011291232819382116,0.01571050738872647,0.05940961357111002,0.07344863426582016,0.04774309530994079,0.012000253295418253,0.06687279489532691,0.06494986834110973
0.028767400990781282,0.05414173290647116,0.005377262770162458,0.0715797694542222,0.06833834978426222,0.055803441897222465,0.0175616779316465,0.039196729856950385,0.030550138098133672,0.05997588034189348,0.04528149714609708,0.06140929975394843,0.009980091297830016,0.025363016374302806,0.05910277175843069,0.01618361889517935,0.01190681896309046,0.016468909191704042,0.05921599767411691,0.073469218109509,0.04709857333771695,0.012320201658128908,0.06656842520684592,0.06433917660135362
0.031132260342724375,0.05362577931552837,0.006594752344719687,0.07151064980671142,0.06776666064031021,0.05978405291601297,0.019027927410446704,0.038204040178035095,0.02709128491238192,0.06112774143292494,0.039553778467347936,0.06234114956957561,0.010367115531037497,0.02862290402903964,0.057972400994693474,0.017059110625144314,0.013711864358078843,0.01663348388041198,0.05867660859871138,0.0716481476241826,0.04763035853979658,0.012945361719028332,0.06566064441466088,0.06131192234849524
0.02983678765569894,0.0538364493988036,0.006339420464056952,0.07140358253365424,0.06758515198683311,0.06046679830558337,0.018836712442529237,0.03647892539454588,0.02759873438711143,0.06051926901913813,0.04094793617310615,0.06253364095532998,0.010565685176640442,0.028607642240581727,0.05813025132196755,0.01745256926950096,0.013796014664015678,0.016934260716153043,0.059124148826848265,0.07190137585215459,0.04736989015922412,0.012844265918516206,0.06593187064333318,0.060958616494673205
0.026349865451217626,0.05258403412324836,0.006995459466219263,0.07166297325689179,0.06495602137865059,0.061945842363388605,0.01864705360459338,0.03660604464149116,0.028541684452678507,0.059973800467861216,0.043802192531377425,0.06464599984946089,0.01366919675666964,0.02864167668623694,0.0575888518054245,0.018748102942340056,0.015195966255063973,0.019698645415467297,0.06011725324816778,0.07097292277202803,0.04347938752543341,0.013402023027995057,0.06343168649410573,0.05834331548398879
0.024927931391317448,0.052164585188859545,0.006835487586583491,0.07230146225402262,0.06554219785269187,0.06058488730835093,0.017758137881648987,0.0389866064748613,0.02971271795338416,0.05923762952982856,0.04542874938762753,0.06449412197591385,0.013725303661429789,0.026463632706532462,0.057476392540899146,0.018688077260689,0.015116794485908113,0.0203771854057407,0.05997702746469327,0.07163138730027198,0.04270792621234138,0.013598523029710955,0.06322661299994353,0.05903662214674937
0.022816788516459862,0.04936259529410774,0.007968330868723632,0.07281480434869624,0.06380274014093194,0.06090366436408063,0.017258118899943026,0.03883008676488314,0.03245499917535563,0.05719604857643624,0.0487162539577035,0.06518138591555148,0.016693903112109623,0.025250365266813478,0.057028298814462385,0.02022309892600345,0.017002914449855192,0.022964181108571187,0.05970680119537301,0.07151734382664218,0.04010711852093214,0.014433133197931346,0.06095192016415334,0.0568151045942796
