0,1,2,3,4,5,6,7,8,9,10,11,12,13,14,15,16,17,18,19,20,21,22,23
0.06740077,0.06321321,0.06734515,0.00023221193,0.067284256,0.013262294,0.0003552659,0.014929957,0.026438676,0.027803244,0.020279674,0.06740043,0.06740368,0.06712636,0.06700927,0.0553235,0.064058244,0.0001701279,0.067379795,0.067193784,0.063704155,0.00026695576,0.042457018,0.0019619826
0.06740077,0.06321321,0.06734515,0.00023221193,0.067284256,0.013262294,0.0003552659,0.014929957,0.026438676,0.027803244,0.020279674,0.06740043,0.06740368,0.06712636,0.06700927,0.0553235,0.064058244,0.0001701279,0.067379795,0.067193784,0.063704155,0.00026695576,0.042457018,0.0019619826
0.06752088,0.06365026,0.06747084,0.0002057217,0.06741389,0.012689016,0.00032100914,0.01454938,0.025823832,0.027173592,0.019544411,0.06752046,0.06752365,0.06727048,0.06715272,0.05550014,0.06445012,0.00015102861,0.06750364,0.06732947,0.06393395,0.00023768737,0.043225598,0.0018382146
0.067511395,0.06362865,0.06746139,0.0002057195,0.06740458,0.012705375,0.0003202778,0.01456091,0.025806412,0.027237762,0.019601654,0.067511156,0.0675142,0.06726194,0.067144714,0.055539284,0.064443015,0.00015055237,0.06749383,0.06732086,0.063932754,0.00023754124,0.043167002,0.0018390297
0.067598104,0.06382751,0.067548186,0.00020274239,0.06749099,0.012576311,0.00031931986,0.014418827,0.025458645,0.026844058,0.019231103,0.06759724,0.06760037,0.067351125,0.06722744,0.055477727,0.06458958,0.00014961914,0.06758096,0.06740626,0.06398411,0.0002349593,0.043456424,0.001828358
0.067624584,0.063879006,0.067575224,0.00020048924,0.06751893,0.0125987455,0.0003151303,0.014351385,0.025385084,0.026780903,0.019111466,0.06762373,0.06762603,0.06737981,0.06725687,0.05547098,0.064620554,0.00014767432,0.06760799,0.06743309,0.06401407,0.00023216808,0.043424696,0.0018214302
0.06766657,0.06411941,0.06762094,0.00018072214,0.06756768,0.0121460045,0.00028917077,0.01411709,0.02505743,0.0264546,0.01874099,0.06766601,0.06766847,0.06743925,0.06732121,0.055688124,0.06486618,0.00013309407,0.067652,0.06748899,0.06418183,0.00021019559,0.044001725,0.0017222876
0.067749344,0.06434941,0.067705944,0.00017167123,0.067653485,0.011772404,0.0002775011,0.013938633,0.024562646,0.02609297,0.018321384,0.067748815,0.06775038,0.06753087,0.06740843,0.05576658,0.065088145,0.00012654653,0.06773502,0.06757711,0.06428822,0.00019888647,0.04451084,0.0016747764
0.067737296,0.064443775,0.06769747,0.00015753935,0.06764851,0.011664928,0.00025576336,0.01370717,0.024634045,0.026019959,0.018307699,0.067737214,0.067739144,0.067532696,0.067420095,0.05602971,0.06515485,0.00011618454,0.067724474,0.0675785,0.064422056,0.00018440532,0.04450099,0.0015854727
0.06780774,0.06458281,0.067768134,0.00015587213,0.06771927,0.011580414,0.00025523332,0.013628965,0.02432717,0.02571941,0.01800317,0.06780726,0.06780931,0.067605115,0.06748728,0.055954255,0.06525712,0.000114954884,0.067794666,0.06764852,0.06445722,0.00018328796,0.044748943,0.0015838773
0.06770127,0.06421358,0.06765641,0.0001800824,0.06760159,0.011886307,0.00028853668,0.014087989,0.02477197,0.026217503,0.01849487,0.067700416,0.06770267,0.0674751,0.067348555,0.055734634,0.06497967,0.00013317674,0.067686796,0.06752341,0.06419393,0.00020822782,0.044496372,0.0017169539
0.06772578,0.06430326,0.0676812,0.00017887562,0.06762623,0.01160492,0.0002870259,0.01406574,0.024526713,0.02596951,0.018312024,0.06772399,0.06772612,0.06750169,0.06736977,0.055743586,0.06509604,0.0001314548,0.06771103,0.06754909,0.0642084,0.00020551722,0.045047816,0.0017042677
0.06781719,0.06457212,0.06777569,0.00016352678,0.067724586,0.011402565,0.00026654068,0.013783188,0.024202455,0.025656253,0.017926482,0.067816466,0.06781794,0.06760801,0.06748146,0.05586723,0.06529914,0.00012126404,0.067803815,0.06765113,0.06437815,0.00018948836,0.04504103,0.0016343159
0.067831226,0.064540334,0.067788236,0.00017341769,0.067732126,0.01154271,0.00027970245,0.013856454,0.024073092,0.025609013,0.017811868,0.06782942,0.067830905,0.06761282,0.06748011,0.055677768,0.06526327,0.00012894109,0.06781746,0.067656554,0.064322926,0.00019987392,0.04525057,0.0016912317
0.067776576,0.064435594,0.0677334,0.0001726888,0.06767929,0.01151158,0.00027998097,0.01394821,0.024336489,0.025764015,0.018120345,0.06777473,0.06777693,0.06755796,0.06742543,0.05578864,0.06520773,0.00012852742,0.06776234,0.06760288,0.0642646,0.00020084028,0.045074537,0.001676676
0.06771451,0.0642781,0.06767128,0.00017679376,0.06761692,0.011600815,0.00028317055,0.01405876,0.024561793,0.02607372,0.018363537,0.06771395,0.06771504,0.0674921,0.06736346,0.05581232,0.0650869,0.00012975182,0.0677003,0.067540705,0.06422507,0.00020316549,0.04492304,0.0016947403
0.06775009,0.06427531,0.06770751,0.00018218395,0.06765084,0.011634017,0.00029398958,0.014094872,0.024468046,0.025910772,0.018364495,0.06774945,0.06775199,0.06752282,0.06739328,0.055692207,0.06509288,0.00013359595,0.06773597,0.06757323,0.064214356,0.00020936078,0.04487975,0.0017189869
0.067715846,0.06429466,0.06767202,0.00017904556,0.06761648,0.011475554,0.00028821352,0.014126707,0.024484068,0.025922487,0.018336462,0.0677142,0.06771559,0.06749207,0.06736003,0.055779546,0.06512671,0.00013128584,0.06770067,0.06754005,0.06420078,0.00020457081,0.04523319,0.0016898088
0.067620866,0.064127155,0.06757833,0.00017761899,0.06752369,0.011553914,0.0002821286,0.0142199155,0.024969304,0.026370853,0.018657312,0.06762015,0.06762226,0.06739583,0.06727646,0.05593022,0.064984955,0.00012964805,0.06760658,0.06745014,0.06418487,0.00020363127,0.04483314,0.0016810396
0.06764052,0.06414687,0.06759875,0.00017270795,0.06754646,0.0117259575,0.00027797316,0.014153013,0.025024079,0.026299313,0.018737882,0.0676391,0.06764292,0.0674214,0.06730431,0.05591545,0.064974934,0.00012651691,0.067626745,0.06747431,0.064253874,0.00020145613,0.044432838,0.0016625809
0.06758012,0.06405326,0.06754024,0.00016866319,0.06748909,0.01172939,0.00026803123,0.014116312,0.02515183,0.026697215,0.018868202,0.06758132,0.06758388,0.067367055,0.06725719,0.05610521,0.064911366,0.0001218634,0.06756784,0.06742021,0.06426378,0.00019541054,0.04433592,0.0016266037
0.067515016,0.06387456,0.06746985,0.00018461328,0.06741594,0.011589329,0.00029299656,0.014529309,0.025240814,0.026668089,0.01909303,0.06751448,0.06751665,0.06728635,0.06716405,0.056008425,0.06485458,0.00013401962,0.06750029,0.06734202,0.06407331,0.00021079145,0.044810966,0.0017105406
0.06756282,0.064037256,0.067518994,0.00017562055,0.06746415,0.011606396,0.0002807071,0.014230362,0.025173048,0.026585793,0.018854728,0.06756167,0.06756386,0.06734086,0.067219436,0.05606794,0.0649454,0.00012750665,0.067546465,0.06739545,0.064158216,0.00020130094,0.044722207,0.0016598282
0.067585975,0.06418075,0.06754822,0.00015483086,0.06749888,0.011607707,0.00024811647,0.013902933,0.025168642,0.026582569,0.018809382,0.067585565,0.06758854,0.067384124,0.06728164,0.056309097,0.065025836,0.000111889305,0.06757268,0.06743571,0.06437838,0.0001798495,0.04431616,0.0015425973
0.06769523,0.0642694,0.06765375,0.00017399927,0.067597724,0.011445082,0.00028030341,0.0140647115,0.024624266,0.026100254,0.018302461,0.06769365,0.06769661,0.067474626,0.067350715,0.05585011,0.0651292,0.00012808044,0.06768243,0.06752498,0.06424272,0.00019884812,0.045137666,0.0016832406
0.06753689,0.0637822,0.06749047,0.00020001293,0.06743184,0.01161665,0.0003118355,0.014653607,0.025195612,0.026897624,0.018960629,0.06753721,0.06753853,0.067293376,0.067167655,0.055777885,0.06479153,0.00014502277,0.067522645,0.06735367,0.06395605,0.0002255043,0.044805553,0.0018080107
0.06770206,0.06421699,0.06765737,0.00019306327,0.067597084,0.011334032,0.00030809705,0.014305957,0.024353895,0.025939116,0.018296247,0.06770109,0.06770227,0.06746774,0.06732799,0.05563909,0.06512249,0.00014220772,0.06768823,0.06751737,0.064064346,0.0002194093,0.045726646,0.0017772771
0.067647755,0.06421351,0.06760526,0.0001712755,0.06755073,0.011634952,0.00027480852,0.014102679,0.02483739,0.02628942,0.018534115,0.06764547,0.06764832,0.06743011,0.06731177,0.05598724,0.06504048,0.00012594595,0.06763402,0.06748032,0.06423416,0.00019781337,0.044748556,0.001653919
0.067727126,0.06455111,0.067688145,0.00015248432,0.067638084,0.011188747,0.0002482257,0.013759211,0.02432713,0.025861355,0.017936168,0.067726634,0.06772879,0.067528754,0.067415565,0.056161053,0.065327,0.00011100598,0.06771482,0.06757224,0.064443775,0.00017716791,0.045460984,0.001554449
0.067704864,0.06438687,0.06766447,0.00016042741,0.06761388,0.011211921,0.00026296897,0.014066238,0.024566235,0.025898889,0.018290015,0.06770282,0.06770649,0.06749523,0.067377046,0.055986077,0.06521115,0.00011839948,0.067691304,0.0675451,0.06435688,0.00018744322,0.04520426,0.0015910594
0.06763772,0.06418048,0.0675963,0.00017243063,0.06754476,0.01166667,0.00027374402,0.014098594,0.024801437,0.026394524,0.01850636,0.06763828,0.067639545,0.06741893,0.06730484,0.055986326,0.06499211,0.00012557783,0.06762382,0.06747258,0.064241156,0.00019832462,0.044824313,0.0016611975
0.06764609,0.06427644,0.06760562,0.00016187147,0.06755585,0.011358135,0.0002632993,0.014014184,0.02472087,0.02619301,0.01848466,0.06764593,0.06764822,0.06743611,0.06732422,0.056121383,0.0651391,0.00011897353,0.06763432,0.06748696,0.06432436,0.0001877557,0.045049295,0.0016033595
0.06751488,0.063867584,0.067469455,0.00018619571,0.067413405,0.011772785,0.0002933898,0.01446032,0.025257444,0.026839184,0.019069554,0.067515604,0.06751655,0.06728062,0.06716662,0.05591793,0.064787224,0.00013649517,0.06749951,0.06733938,0.06404746,0.00021346315,0.04469152,0.0017434245
0.06754669,0.063945554,0.06750295,0.00017586627,0.067452036,0.011801185,0.00027739382,0.014267796,0.025317233,0.02682173,0.019010842,0.06754566,0.06754848,0.067323886,0.067214034,0.05603083,0.06483224,0.0001265934,0.06753257,0.06738041,0.06419704,0.00020160929,0.04428455,0.0016628263
0.06766692,0.06417133,0.06762488,0.00017528354,0.067571335,0.011969145,0.00028521023,0.01413879,0.024818838,0.02629758,0.018662846,0.06766632,0.06766965,0.067446195,0.067325495,0.055757638,0.06494182,0.00012995908,0.06765247,0.06749611,0.06424191,0.00020530581,0.044401076,0.0016839178
0.06771188,0.06436727,0.06767141,0.00016431925,0.06762183,0.011884393,0.00026453618,0.013741494,0.024748301,0.026206225,0.018290924,0.06771223,0.06771387,0.06750434,0.06739098,0.055967964,0.06506315,0.00011994757,0.06769847,0.067550294,0.06435775,0.00019152301,0.044434976,0.0016219781
0.06759624,0.06411585,0.06755575,0.0001605544,0.06750959,0.012102224,0.00026290826,0.0139283985,0.025292404,0.026727427,0.019044712,0.06759667,0.06760023,0.06738688,0.067284755,0.05604275,0.06486611,0.000117720556,0.06758283,0.06743848,0.064318895,0.00019152257,0.043674577,0.0016025865
0.06765084,0.06415674,0.06760767,0.00016755277,0.06755779,0.012086558,0.00026960942,0.013926057,0.025144532,0.02657891,0.018840944,0.06765115,0.06765274,0.06743777,0.0673271,0.055954,0.06488496,0.00012245939,0.06763495,0.06748736,0.06430092,0.00019486257,0.043729533,0.0016349923
0.06753112,0.063965484,0.06749063,0.0001623406,0.06744239,0.012143673,0.00026023542,0.014061055,0.025670575,0.02700823,0.01930579,0.06753279,0.06753493,0.067322366,0.06722461,0.056170635,0.064756714,0.000117810865,0.067517035,0.0673748,0.06432301,0.00018976632,0.043289103,0.0016049627
0.06762129,0.06424732,0.06758152,0.00015321386,0.06753716,0.011942134,0.0002490473,0.0137341935,0.025344308,0.026525239,0.018852005,0.067622416,0.06762512,0.06742008,0.06731933,0.05623092,0.064937375,0.000111878726,0.06760817,0.06747134,0.06443094,0.0001818058,0.043702997,0.001550178
0.067433566,0.0637858,0.06739342,0.00016118881,0.06734718,0.012135749,0.00025606673,0.014064352,0.026012642,0.02737179,0.01960156,0.06743532,0.06743756,0.06722668,0.067135304,0.056353845,0.06462887,0.00011540117,0.067419924,0.0672863,0.06427548,0.00018768833,0.043364733,0.0015695944
0.06754052,0.0640479,0.06749958,0.00015966702,0.067452304,0.012036426,0.00025687102,0.013935034,0.02549765,0.026793724,0.019302178,0.06754126,0.06754425,0.06733344,0.06723313,0.056213837,0.06482982,0.00011639577,0.06752647,0.06738488,0.06433996,0.00018768219,0.043646302,0.0015806879
0.0674258,0.0636646,0.06738136,0.00017773327,0.06732861,0.012167332,0.0002795304,0.014447754,0.026070664,0.027506625,0.019649478,0.0674268,0.067428015,0.067197606,0.06710068,0.05605762,0.06457568,0.00012963315,0.06740908,0.0672584,0.064124,0.00020550619,0.04330507,0.0016823871
0.06739809,0.06371071,0.06735643,0.00016788772,0.06730839,0.0120857665,0.00026551366,0.014291732,0.026027806,0.027468443,0.01969779,0.06739854,0.06740232,0.06718352,0.067090586,0.056260232,0.06462934,0.000120959776,0.067382075,0.06724179,0.06420791,0.0001961101,0.043501828,0.0016062227
0.06760696,0.064111896,0.06756451,0.00016344411,0.06751641,0.01188298,0.00026224347,0.013990146,0.025337882,0.026546692,0.018894536,0.06760605,0.06761007,0.06739527,0.06728515,0.056140844,0.0649016,0.0001190586,0.06759196,0.067448236,0.06432232,0.00019174432,0.04390668,0.0016033183
0.06747128,0.063891165,0.06743095,0.00016045361,0.06738241,0.012127537,0.00025515177,0.014113015,0.02579614,0.027321048,0.019410137,0.06747192,0.067474306,0.06726257,0.06717332,0.056285057,0.064693,0.00011437188,0.06745602,0.06732043,0.064337894,0.00018718066,0.0432866,0.0015780387
0.06754556,0.063968115,0.06750318,0.00017453164,0.067451365,0.011737621,0.0002787563,0.014292071,0.025330724,0.026613194,0.01908125,0.06754599,0.06754977,0.0673231,0.06721046,0.056042902,0.06486191,0.00012914164,0.06753258,0.06737852,0.064169124,0.00020257708,0.044399794,0.0016777498
0.06763314,0.064136334,0.06759,0.00017219715,0.067538396,0.011698214,0.00027692015,0.014187561,0.025002409,0.026333947,0.018704254,0.067633405,0.067634694,0.067413144,0.06729502,0.05593781,0.0649542,0.00012656642,0.06761895,0.0674667,0.06422251,0.00019949803,0.044558592,0.0016655416
0.06767688,0.06437353,0.06763795,0.00015374938,0.06759015,0.011799401,0.00025114452,0.013681093,0.024841366,0.026237361,0.018495828,0.06767732,0.06767981,0.067476876,0.06736928,0.056177616,0.06508404,0.000112932146,0.06766451,0.06752349,0.06443004,0.00018032161,0.044328105,0.0015572396
0.06760502,0.064171344,0.06756571,0.00015560303,0.06751902,0.012073473,0.00025157715,0.013850036,0.025304615,0.026712853,0.018982084,0.067605056,0.06760811,0.06740055,0.06730242,0.056165345,0.06488658,0.0001144384,0.06759141,0.067450576,0.0643801,0.00018381729,0.043552894,0.0015673455
0.06756285,0.06412583,0.06752409,0.00015310675,0.06747911,0.011980727,0.00024589198,0.013890287,0.02545667,0.026877562,0.018979045,0.0675641,0.06756622,0.06736336,0.06726856,0.05624219,0.06488713,0.00011139457,0.0675491,0.067412406,0.06438469,0.00017976496,0.043649454,0.0015464725
0.06751713,0.06395362,0.06747404,0.0001656817,0.067426786,0.01201587,0.00026538712,0.0141518535,0.025627425,0.027102014,0.019234864,0.067517444,0.06752018,0.06729989,0.06720273,0.056098875,0.06474949,0.00012131553,0.06750248,0.067357235,0.06426002,0.00019253771,0.043615848,0.0016273013
0.06754499,0.06399422,0.06750162,0.00016716524,0.06745024,0.012240791,0.0002645967,0.014036745,0.025582526,0.027002688,0.019188263,0.06754483,0.06754645,0.06732958,0.0672294,0.056098998,0.06474054,0.00012101742,0.067528486,0.06738332,0.06427755,0.00019491809,0.04340623,0.0016247622
0.06745577,0.06378104,0.06741338,0.00016800429,0.06736641,0.012526322,0.00026620433,0.014176125,0.026141766,0.027366428,0.019703778,0.067457706,0.06746126,0.067240894,0.06715,0.056099787,0.0645404,0.00012303329,0.067441285,0.067297235,0.064221375,0.00019854838,0.0427596,0.001643628
0.06743209,0.06349985,0.06738424,0.00019689054,0.06732914,0.012686446,0.00030697108,0.014516147,0.026071275,0.027473303,0.019839302,0.0674318,0.06743502,0.06719006,0.06708204,0.05579001,0.06440205,0.00014388305,0.06741607,0.06724928,0.063987784,0.00022748706,0.04313704,0.0017717818
0.067493916,0.063831836,0.06745022,0.0001730484,0.06740142,0.012295592,0.00027308642,0.014142806,0.025863077,0.02716548,0.019473352,0.0674935,0.067497134,0.067275696,0.06717664,0.05606467,0.06462926,0.0001248013,0.06747838,0.06733209,0.064188205,0.00020084278,0.04334011,0.0016348584
0.067618646,0.06425775,0.06758351,0.00014681695,0.067538,0.011905821,0.00023944047,0.013671137,0.025309417,0.026550524,0.018958718,0.06762018,0.06762268,0.06742385,0.06733045,0.056289334,0.06499017,0.00010694666,0.06760648,0.067472175,0.06449192,0.0001736246,0.04357747,0.0015149546
0.06752559,0.063943364,0.067483895,0.00016626429,0.067435846,0.012342895,0.00026333914,0.014040875,0.025871804,0.027146094,0.019401222,0.06752709,0.067530125,0.067315005,0.06722028,0.056122568,0.06465061,0.00012038985,0.06751051,0.06736818,0.06431184,0.00019407371,0.04288848,0.0016197168
0.0673919,0.06362103,0.067350715,0.0001671213,0.0673038,0.012783662,0.00026420393,0.014196082,0.026583187,0.027732227,0.02004877,0.067393094,0.06739714,0.067179255,0.06709072,0.056143582,0.06440117,0.00012044877,0.06737631,0.06723703,0.06422536,0.00019587675,0.04218992,0.0016073982
0.0673888,0.06361609,0.06734371,0.00016980158,0.06729734,0.012714158,0.00026687954,0.01419539,0.026499521,0.02771242,0.020064166,0.0673901,0.06739403,0.067172274,0.06708056,0.056228984,0.06437499,0.00012212401,0.067371644,0.06723068,0.06419607,0.00019796453,0.042349476,0.0016227971
0.067581624,0.06410163,0.0675424,0.000163179,0.06749237,0.011666757,0.00026191832,0.014087433,0.025290748,0.026705995,0.018918758,0.06758336,0.06758433,0.06737486,0.06726818,0.056154042,0.06493049,0.000117887226,0.06756746,0.06742293,0.06433348,0.00018791477,0.044060193,0.0016020568
0.06743265,0.06376526,0.067390054,0.00016449852,0.06734343,0.012598394,0.00025859164,0.014050864,0.026228836,0.027645307,0.019827602,0.067433655,0.06743681,0.06722209,0.067135714,0.056205746,0.06451766,0.00011880926,0.0674175,0.0672779,0.0642893,0.00019349935,0.04244435,0.001601523
0.06750555,0.06382726,0.06746146,0.00017291523,0.06741347,0.012475087,0.00027397307,0.014142118,0.025959332,0.027177656,0.019581225,0.067506574,0.06750987,0.06728728,0.06718452,0.05604538,0.06460207,0.00012476546,0.06749019,0.06734332,0.064185575,0.00020425562,0.04288195,0.0016441859
0.0674761,0.063741915,0.06742933,0.00018116094,0.06737989,0.012528273,0.0002869748,0.014286711,0.025973689,0.02726601,0.019606356,0.06747607,0.06747973,0.06724977,0.06714253,0.05593014,0.06454183,0.00013457687,0.06746029,0.06730257,0.06408909,0.00021198519,0.04310467,0.0017203378
0.06737655,0.06345633,0.06732826,0.00018768657,0.06727923,0.012449484,0.00028732803,0.014485564,0.026390703,0.027809,0.019957997,0.06737788,0.06737845,0.06713897,0.06704386,0.05606329,0.06440819,0.00013245275,0.0673593,0.06720638,0.06405218,0.00021304023,0.04290176,0.0017161375
0.06737454,0.06368237,0.06733293,0.00016086697,0.06728775,0.01227105,0.0002544102,0.014246347,0.026370171,0.027660435,0.019939609,0.06737548,0.06737864,0.067165725,0.067082405,0.056338724,0.064543426,0.00011500778,0.06735765,0.067224815,0.06425068,0.0001875137,0.04283732,0.0015620901
0.067268535,0.063340746,0.06722439,0.00018135371,0.06717455,0.012975909,0.0002770605,0.0144243445,0.027007917,0.028237514,0.020464139,0.06727108,0.0672727,0.06703891,0.06695714,0.056228507,0.06414505,0.00012894726,0.06725001,0.06710979,0.0640629,0.00020785231,0.04207504,0.0016756431
0.06739641,0.063704,0.06735495,0.00016756152,0.06730822,0.012462163,0.00026301038,0.014172117,0.026239043,0.027593706,0.019872088,0.06739787,0.06740072,0.067183,0.06709695,0.056214448,0.0645009,0.00012042887,0.06738225,0.067241386,0.06420995,0.0001970617,0.04289976,0.0016220133
0.06740409,0.06351359,0.067357466,0.000187881,0.06730868,0.012599375,0.00029111168,0.014485971,0.02619987,0.0278275,0.01990389,0.06740384,0.06740831,0.06717121,0.06707635,0.05587203,0.0643951,0.00013734089,0.067386396,0.067229666,0.064032085,0.00021542837,0.042872466,0.0017203757
0.06758128,0.06406138,0.067538686,0.00016517805,0.067487575,0.012284447,0.00026454238,0.013829964,0.025393378,0.026845785,0.019029178,0.06757968,0.067585126,0.06737244,0.06727083,0.056090355,0.064783946,0.000119555574,0.06756708,0.06742188,0.06433008,0.00019519543,0.04359341,0.0016090279
0.06761733,0.06403028,0.06757366,0.00018011683,0.067519896,0.012436872,0.0002885226,0.014199467,0.02545733,0.026750103,0.019050492,0.06761877,0.06762241,0.067389674,0.06727823,0.05561809,0.06474034,0.00013260345,0.06760311,0.06743977,0.06415324,0.00021137095,0.043379124,0.0017092236
0.06762482,0.0641769,0.06758173,0.00016370544,0.06753169,0.01211164,0.00026042943,0.01382714,0.0251529,0.026655987,0.018880052,0.06762471,0.067627385,0.06741767,0.06731658,0.056153566,0.06485528,0.000118993696,0.06761043,0.06746514,0.064346485,0.00019105757,0.043699875,0.0016058631
0.06748709,0.06384803,0.06744784,0.00015758578,0.06740297,0.012273061,0.0002560805,0.014144245,0.025961718,0.027190369,0.019567778,0.067488834,0.067492574,0.06727841,0.0671886,0.056158915,0.06470465,0.00011624468,0.06747438,0.06733429,0.064322144,0.00018793106,0.0429211,0.0015951305
0.06776009,0.064386,0.06771586,0.00016507418,0.06766625,0.011855161,0.0002688871,0.0137206465,0.024604546,0.025987182,0.018326646,0.06775819,0.067759685,0.06754737,0.067432195,0.055939075,0.06506893,0.0001207714,0.067746505,0.067595586,0.06437521,0.0001941999,0.044395402,0.0016105447
0.06737523,0.06373016,0.06733382,0.00015998473,0.06728735,0.012383977,0.00025247948,0.014179887,0.026284436,0.027681775,0.019830514,0.06737664,0.06737952,0.06716606,0.06708359,0.05632287,0.064518236,0.00011623126,0.067359716,0.06722511,0.06427224,0.00018602434,0.042921424,0.0015727654
0.067584835,0.06407629,0.06754322,0.00016562064,0.06749618,0.012008508,0.0002670627,0.0140224695,0.025315389,0.026608469,0.018990668,0.06758492,0.067586474,0.06737355,0.06726449,0.056072418,0.064855576,0.00012107195,0.06757102,0.06742306,0.064290084,0.00019438725,0.04397312,0.0016111409
0.06752312,0.06392321,0.06748069,0.0001603678,0.06743496,0.012575967,0.00025695507,0.01406429,0.026041098,0.02734155,0.019605685,0.06752385,0.067527145,0.0673154,0.067221835,0.05611202,0.064618796,0.00011574811,0.067506865,0.067370154,0.06433708,0.00019061836,0.04216154,0.0015910832
0.06764664,0.06422155,0.067607366,0.00016097733,0.06755867,0.012107319,0.0002583536,0.013767161,0.02513957,0.026602184,0.018606737,0.06764693,0.06764952,0.067443565,0.067337185,0.056047425,0.06494791,0.00011752124,0.06763239,0.06748639,0.06438673,0.00018659203,0.043850876,0.0015904491
0.0675187,0.06383545,0.0674735,0.00018136713,0.06742346,0.012191988,0.00028636906,0.014354928,0.025656372,0.027120464,0.01937228,0.06751996,0.06752424,0.06729129,0.06718118,0.055946756,0.06467396,0.00013252474,0.06750325,0.067347266,0.064107545,0.00021156362,0.043425854,0.0017197278
0.067572095,0.06399869,0.06753235,0.00016432538,0.06748342,0.012279892,0.0002636257,0.01403031,0.02564248,0.026991641,0.019289937,0.06757333,0.067576185,0.0673632,0.06726727,0.05607998,0.06474142,0.000118185555,0.06755802,0.06741775,0.06433706,0.00019376616,0.04291685,0.0016082149
0.067551434,0.06389903,0.06750944,0.00017611525,0.06745901,0.012603797,0.00028062335,0.014055472,0.025641488,0.026960108,0.019193897,0.06755285,0.06755789,0.06733271,0.06722774,0.05593503,0.064622425,0.00013055613,0.067539036,0.06738411,0.06415485,0.00020731798,0.04333855,0.0016865153
0.06764581,0.06412787,0.067602634,0.00017378254,0.067551374,0.011843925,0.00027884202,0.014147248,0.025083814,0.026351903,0.018851766,0.06764607,0.06764609,0.06742403,0.0673108,0.055923145,0.06491948,0.00012513502,0.06763049,0.067476004,0.064220436,0.00020104802,0.0441507,0.0016675573
0.06758501,0.06401407,0.06754172,0.00017749479,0.067489855,0.011993061,0.00028235526,0.014117853,0.025378065,0.026654515,0.019160954,0.06758569,0.06758876,0.06736116,0.06724633,0.055872295,0.06480838,0.00013134882,0.06756995,0.067417964,0.06417639,0.0002045719,0.043961313,0.0016808794
0.06775226,0.06433708,0.067709275,0.00016764658,0.06765917,0.012246317,0.0002690831,0.013751383,0.024893003,0.026159104,0.018383732,0.06775103,0.067753024,0.06754106,0.067426,0.05578498,0.064983875,0.00012205152,0.06773787,0.06758712,0.064388864,0.00019526583,0.043775976,0.0016248045
0.0675693,0.06399712,0.06752663,0.00017510154,0.06747488,0.012220343,0.00028217465,0.014268108,0.025442146,0.026770221,0.019213712,0.06757094,0.06757525,0.06734766,0.06723455,0.055876717,0.06476196,0.00012933329,0.067556314,0.067404896,0.06417295,0.00020825764,0.043526378,0.0016950245
0.06736466,0.06329551,0.06731192,0.00021943945,0.06725287,0.0124572655,0.00033489623,0.015019118,0.026257189,0.027827447,0.020008458,0.067365155,0.06736521,0.06710085,0.0669921,0.0556386,0.064284384,0.00015782169,0.0673437,0.06716985,0.06377641,0.00024673945,0.04332164,0.0018887576
0.06738558,0.063599855,0.06734134,0.00017619172,0.06729197,0.0124275405,0.0002741434,0.014381833,0.0261565,0.02771496,0.019883549,0.067386314,0.06738944,0.06716012,0.06706821,0.056158304,0.06448913,0.000126599,0.06736841,0.067220986,0.064118914,0.00020518052,0.043004397,0.0016704926
0.067506395,0.06385489,0.06746203,0.00017692013,0.06740913,0.012108374,0.00028111113,0.014331764,0.025727058,0.026905533,0.019366499,0.06750568,0.06750846,0.067282915,0.06717635,0.055989366,0.0647217,0.00012782894,0.06748899,0.06734019,0.06417296,0.0002048743,0.04367749,0.0016735292
0.067612685,0.06418023,0.06757141,0.00015814557,0.06752156,0.01215266,0.00025414984,0.013741976,0.025302326,0.026657194,0.018928807,0.067612395,0.06761603,0.0674058,0.06730286,0.056126937,0.06488262,0.00011755035,0.06759994,0.06745442,0.064363904,0.00018734924,0.043667912,0.0015812092
0.06755306,0.06390675,0.067509726,0.0001790753,0.06745706,0.012124504,0.00028511003,0.014267349,0.025471333,0.026851522,0.019186942,0.06755218,0.06755547,0.0673283,0.06722113,0.055882778,0.064734645,0.00012993209,0.06753627,0.06738272,0.06417665,0.0002072981,0.043812566,0.0016876804
0.067705795,0.064229265,0.067665584,0.00016883726,0.067614526,0.011825195,0.00027363264,0.013951952,0.024736922,0.026221046,0.018525353,0.06770606,0.06771053,0.06749087,0.06737215,0.05588208,0.06504225,0.00012508825,0.06769423,0.06753948,0.06427851,0.00019788934,0.04438583,0.0016569222
0.067668244,0.06418649,0.067625545,0.0001745494,0.06757319,0.011873429,0.0002793445,0.014056737,0.024996858,0.026222754,0.018669639,0.06766777,0.06766979,0.0674499,0.06733195,0.05586545,0.06496609,0.00012761178,0.06765425,0.067499265,0.064266585,0.00020127618,0.04431228,0.0016610954
0.067795105,0.0645715,0.06775211,0.00015860921,0.067703806,0.011678484,0.00025978577,0.013756106,0.024528403,0.025735717,0.0181537,0.0677942,0.06779558,0.067589425,0.0674703,0.05590544,0.065210044,0.00011775556,0.0677822,0.06763135,0.06441945,0.00018682414,0.04438992,0.0016141996
0.067742825,0.06434949,0.06769952,0.00016835952,0.0676509,0.012043036,0.00027099412,0.0139003415,0.024812479,0.02609509,0.018333843,0.06774307,0.0677435,0.06752813,0.0674145,0.055821564,0.06501611,0.00012233072,0.067728184,0.06757465,0.064366125,0.00019552036,0.044019848,0.0016596086
0.06786388,0.06462532,0.06782408,0.00016162201,0.06777419,0.011871316,0.00026513118,0.0135645885,0.02432114,0.025703264,0.017962225,0.06786384,0.067866676,0.0676575,0.06753476,0.055766873,0.06526344,0.0001195832,0.06785319,0.067701705,0.06443801,0.00019088482,0.04417214,0.0016346119
0.06784394,0.06455982,0.067799345,0.00017316737,0.06774734,0.011644402,0.00028033298,0.013828715,0.024110258,0.025634777,0.017854262,0.06784457,0.06784335,0.067627154,0.06749479,0.05564744,0.06524048,0.0001281589,0.06783002,0.06766397,0.06428454,0.00019766955,0.045038395,0.0016830848
0.067607686,0.06408837,0.06756442,0.00016939592,0.06751451,0.011838363,0.00027060823,0.014095949,0.025057452,0.02661359,0.018856231,0.06760778,0.06761018,0.06738845,0.06728296,0.055967256,0.06493508,0.00012367814,0.06759334,0.06744468,0.0642468,0.00019611543,0.04426496,0.0016620988
0.06789704,0.06456204,0.0678529,0.00017665423,0.067797445,0.01168471,0.00029076476,0.013832054,0.024067286,0.02545848,0.017985731,0.06789527,0.06789635,0.06767225,0.067538545,0.055480618,0.06524526,0.00013193111,0.067881025,0.06771239,0.064279705,0.00020568076,0.04475156,0.0017043297
0.06779494,0.064595096,0.06775568,0.00015227986,0.067707546,0.011714609,0.0002473377,0.013541276,0.024502784,0.025781522,0.017956683,0.06779332,0.06779683,0.06759623,0.06748039,0.056007054,0.065239824,0.00011300813,0.06778314,0.067640066,0.06449117,0.00017853119,0.04457319,0.0015575378
0.06769039,0.064228185,0.06764886,0.0001703285,0.06759943,0.011998311,0.00027400907,0.013977293,0.024889376,0.026304685,0.018656144,0.06769116,0.06769272,0.06747143,0.06735861,0.05578573,0.06494923,0.00012431471,0.06767635,0.06752441,0.06429581,0.00020035672,0.044132818,0.0016600629
0.067843,0.064576805,0.06780168,0.00016371158,0.06775046,0.011452418,0.00026876963,0.013804767,0.024118558,0.025532357,0.017922599,0.067842536,0.067845285,0.06763199,0.06750411,0.055811863,0.06528225,0.00012325695,0.067830466,0.06767483,0.06439917,0.0001910251,0.044987608,0.0016404283
0.06786719,0.064602345,0.06782487,0.00016942267,0.06776932,0.011614056,0.0002759805,0.013772379,0.024074951,0.025555698,0.017687442,0.06786493,0.06786593,0.06765578,0.06752099,0.05568486,0.06529624,0.0001251472,0.06785368,0.06769389,0.06440173,0.0001967006,0.04496379,0.0016627023
0.06783051,0.0646569,0.06779216,0.00015221069,0.06774514,0.011671901,0.0002517356,0.013538449,0.02439227,0.025555396,0.018044107,0.06783064,0.067833036,0.06762981,0.06751225,0.05593046,0.06528271,0.0001130675,0.06781835,0.067672804,0.064496845,0.00018122276,0.044500303,0.0015677374
0.067879684,0.0645409,0.06783358,0.00017790642,0.06777625,0.011695455,0.00029002578,0.013866861,0.024044788,0.025478998,0.01792341,0.06787663,0.06787801,0.06765508,0.06751631,0.055488855,0.06523271,0.00013233567,0.067862764,0.06769636,0.06430949,0.00020572491,0.044921808,0.0017160939
0.06795914,0.06489253,0.06792142,0.00014851925,0.067873605,0.011414915,0.00024676937,0.013242342,0.023839273,0.025152324,0.017426817,0.06795753,0.06796007,0.06776578,0.06763973,0.055859245,0.06550714,0.00011028934,0.06794778,0.06780161,0.06460311,0.00017249487,0.045005642,0.001551945
0.06782533,0.064577274,0.06778351,0.00016610285,0.06773082,0.011235201,0.0002724955,0.013803375,0.024134232,0.025503842,0.017900448,0.067824855,0.06782469,0.06761179,0.06748051,0.055802338,0.065330416,0.00012117183,0.06781188,0.067656405,0.0643673,0.00019051088,0.04541404,0.0016314592
0.06789157,0.06483354,0.0678534,0.00014545473,0.0678075,0.011394817,0.00023826941,0.013284908,0.024092495,0.025352202,0.017641993,0.06789185,0.06789266,0.06769977,0.06758205,0.056085426,0.065431714,0.00010781927,0.06787918,0.067737155,0.06460868,0.00016906329,0.044846073,0.0015324168
0.067716666,0.06424966,0.06767283,0.00017686556,0.06761755,0.012039866,0.00028489908,0.013976707,0.02482881,0.026129352,0.018521411,0.06771538,0.06771685,0.067494355,0.06736781,0.05575984,0.06502538,0.00012916843,0.06770178,0.067540735,0.064246796,0.00020641787,0.044188976,0.0016919238
0.06766623,0.064333975,0.06762534,0.00015421199,0.067582145,0.011939431,0.00025005886,0.013643611,0.025259523,0.026423115,0.018521702,0.067665465,0.067668796,0.0674642,0.06735749,0.056188915,0.06501485,0.000112615766,0.06765311,0.067511074,0.06439427,0.00018091907,0.04384192,0.0015469972
0.06763558,0.06413373,0.06759223,0.00017138656,0.06754245,0.01222251,0.0002731495,0.013930531,0.025338301,0.02659307,0.018826565,0.06763557,0.06763692,0.06741796,0.0673073,0.055897374,0.06483236,0.00012305431,0.06761795,0.06746893,0.06427641,0.00019735552,0.043690737,0.0016385564
0.06781745,0.06448594,0.067774475,0.00016928886,0.067723505,0.012239863,0.00027665053,0.013745285,0.024534315,0.025962606,0.018321324,0.06781731,0.067820884,0.06760299,0.06747757,0.055595998,0.06507446,0.00012596017,0.067805015,0.067644544,0.06436929,0.0002013803,0.043738496,0.0016753663
0.06786496,0.064580895,0.06782385,0.00016588127,0.06777513,0.01198376,0.00026607397,0.013624434,0.024517514,0.025761383,0.017877385,0.06786455,0.06786459,0.0676559,0.06753409,0.055699624,0.06517781,0.000119133045,0.067851715,0.06770117,0.06442042,0.00019201577,0.04405365,0.0016240604
0.06766645,0.06412853,0.06762276,0.00017267128,0.067569524,0.012438665,0.0002774543,0.013853174,0.025240373,0.026585363,0.018853342,0.06766567,0.067669794,0.06744755,0.067337066,0.055774886,0.064833574,0.00012694403,0.06765237,0.067495756,0.06427377,0.00020381699,0.043419234,0.0016912845
0.06782515,0.06433797,0.06777756,0.00019217517,0.06772074,0.011844089,0.00030708514,0.014086015,0.024437314,0.025734963,0.01817016,0.06782275,0.06782387,0.06758932,0.06744619,0.055360116,0.06506623,0.00014274711,0.067809366,0.06763061,0.06413032,0.0002190127,0.04475662,0.0017696318
0.06766933,0.06431302,0.0676295,0.00015282484,0.06758158,0.012120535,0.0002463184,0.013611963,0.025197206,0.026517825,0.018795775,0.067668095,0.06767095,0.06746976,0.06737319,0.056072365,0.0649817,0.00011022416,0.06765588,0.06751875,0.06448466,0.00017860264,0.043435015,0.0015449923
0.06780153,0.0645211,0.06775917,0.00016087931,0.06771317,0.012005978,0.00025948905,0.01354357,0.024710253,0.0258849,0.0182669,0.0678007,0.06780291,0.06759502,0.06747779,0.055833966,0.06512258,0.000117450036,0.06778705,0.06763465,0.06444066,0.0001875382,0.043975394,0.0015973515
0.06764797,0.06409588,0.06760332,0.0001698397,0.06755363,0.012901637,0.00027349763,0.013806177,0.02554736,0.026786163,0.019071959,0.067647584,0.06765071,0.067430854,0.0673192,0.05575276,0.064682916,0.00012554186,0.067632034,0.06747687,0.06427918,0.00020297266,0.0426913,0.0016506785
0.06749521,0.06379439,0.067451954,0.00017159403,0.0674054,0.012454271,0.00027149965,0.014000835,0.025989158,0.02729367,0.019558985,0.06749547,0.067498356,0.067274876,0.06717817,0.056052446,0.06460831,0.00012382238,0.06747923,0.06733122,0.06423878,0.00019863065,0.04299893,0.0016347598
0.06750693,0.06384859,0.06746427,0.00016747804,0.067414135,0.012689682,0.00026559184,0.0140179945,0.02596696,0.02742867,0.019505411,0.06750756,0.06751101,0.06729004,0.06719844,0.056040563,0.06456449,0.00012249779,0.06749103,0.067344695,0.06427389,0.00019907107,0.042543232,0.00163778
0.0674492,0.06367656,0.067403354,0.00018158759,0.06735201,0.012691223,0.00028510083,0.0143148275,0.02618192,0.027363688,0.01976549,0.06744954,0.06745144,0.06722416,0.067124404,0.0559233,0.064453915,0.00012997903,0.06743073,0.0672798,0.06410003,0.00020956773,0.042862754,0.0016953886
0.067373954,0.06352586,0.06732694,0.00018256539,0.067275174,0.012863823,0.0002844265,0.014411194,0.026548503,0.027827416,0.020010924,0.06737302,0.067376986,0.06714125,0.06704857,0.05595843,0.064308934,0.00013297114,0.06735568,0.06720198,0.06408007,0.00021341715,0.04247902,0.00169889
0.06734459,0.06350567,0.06730178,0.00016793664,0.0672558,0.013200079,0.00026215715,0.014138286,0.026957378,0.028111933,0.020407202,0.067345746,0.06734913,0.06712821,0.06704978,0.05615474,0.06420139,0.00011984891,0.06732695,0.06719002,0.06420608,0.00019877362,0.04147593,0.0016005583
0.06771676,0.06434232,0.06767755,0.00015311464,0.06763277,0.01244266,0.00024981884,0.013448625,0.025213895,0.026522053,0.01866621,0.06771594,0.06772027,0.06751697,0.06741857,0.055988397,0.06494669,0.00011212869,0.06770355,0.067561194,0.06451464,0.00018173404,0.042990014,0.0015641311
0.06742676,0.06366979,0.06738285,0.00017454088,0.067333885,0.0126110455,0.00027171732,0.014186143,0.026243998,0.027567951,0.019797077,0.06742846,0.067430325,0.06720848,0.067111336,0.05607019,0.064458005,0.00012499101,0.06741067,0.067262284,0.064196154,0.00020119679,0.04278352,0.0016486188
0.067414336,0.063614085,0.06736473,0.00018661359,0.06731356,0.012913518,0.00029387898,0.014356254,0.02640087,0.027601287,0.019958364,0.06741432,0.067417145,0.06718034,0.06708176,0.0558823,0.06433415,0.00013604594,0.067395516,0.06723979,0.064008884,0.00021969702,0.042547673,0.0017249169
0.06745846,0.06384783,0.06741881,0.00015055666,0.067377955,0.012980513,0.00024178861,0.013775121,0.02645658,0.027638085,0.019964939,0.06745955,0.06746318,0.06726293,0.067180105,0.056323975,0.06448138,0.00011021906,0.0674431,0.06731272,0.064404815,0.00018052888,0.041533723,0.0015331337
0.067493886,0.063901514,0.06745478,0.00015874636,0.06740962,0.0129552735,0.00025194965,0.013782134,0.0262718,0.02750085,0.01964923,0.06749718,0.067499734,0.06728977,0.06720631,0.056092363,0.064529456,0.00011337721,0.06747989,0.06734177,0.06436465,0.00018743717,0.041988827,0.00157947
0.06727425,0.0633381,0.06723,0.00017723508,0.067182116,0.012480747,0.00027611433,0.014613403,0.026722005,0.028188653,0.020520112,0.067275025,0.067278,0.06704628,0.066964656,0.056231365,0.06429642,0.00012750407,0.0672563,0.06711242,0.06405735,0.00020463947,0.042491205,0.0016560658
0.06734883,0.063656546,0.067306936,0.00015787143,0.06726287,0.012734136,0.00024442482,0.0139245195,0.026769543,0.027886834,0.020137662,0.06735069,0.067352824,0.067144416,0.06706604,0.056505263,0.0643868,0.00011235639,0.067331806,0.06720124,0.064314745,0.00018362147,0.04208169,0.0015382833
0.06725745,0.063408606,0.06721724,0.00015734574,0.06717469,0.0131302215,0.00024707272,0.014195053,0.027360348,0.028452482,0.020714613,0.06725975,0.06726305,0.067051545,0.06698556,0.056463134,0.064143084,0.000111503134,0.06724036,0.06711492,0.06425925,0.00018686576,0.04105716,0.001548631
0.067254886,0.06321916,0.06720876,0.0001840827,0.067160904,0.013442295,0.00028126678,0.014414075,0.027167138,0.028518617,0.020840833,0.0672584,0.06725999,0.06702732,0.066946685,0.056115188,0.06398383,0.0001323787,0.0672351,0.06708775,0.06404575,0.00021352281,0.04131225,0.0016898355
0.06727232,0.06319904,0.06722248,0.00019094317,0.06717433,0.013455598,0.00029302153,0.014519524,0.027159754,0.028443791,0.02077828,0.06727423,0.067279235,0.067033775,0.06695461,0.055924907,0.06394495,0.00013939652,0.067254,0.06710008,0.063982144,0.00022455261,0.041430574,0.0017485293
0.06726238,0.063165285,0.06721564,0.00018676526,0.067168415,0.013565597,0.0002873688,0.01445666,0.02723303,0.028515203,0.02089949,0.067263424,0.06726625,0.067031965,0.0669447,0.05608127,0.06398054,0.00013220788,0.06724167,0.0670955,0.0640193,0.00021912839,0.04106981,0.0016983504
0.067363806,0.06362706,0.067321345,0.0001651691,0.06727505,0.012645302,0.0002585095,0.0141538475,0.026601708,0.027793609,0.02013436,0.067365274,0.06736961,0.0671523,0.067068934,0.056303103,0.06438575,0.000121166566,0.06734817,0.067211494,0.06422678,0.0001941212,0.042315852,0.00159776
0.06736426,0.06349841,0.067318775,0.0001780863,0.0672704,0.013038489,0.0002780518,0.014343228,0.026579136,0.028004464,0.020254206,0.06736456,0.06736734,0.06713714,0.06705148,0.05598169,0.06427684,0.00012850796,0.067347,0.06719985,0.064137705,0.00020778902,0.041990865,0.0016817504
0.06735157,0.06335479,0.06730096,0.00019899775,0.06724893,0.01272598,0.00030836754,0.014673493,0.026623195,0.027773999,0.020372124,0.067352116,0.06735533,0.06710749,0.06700711,0.05584431,0.064228274,0.00014413072,0.067332886,0.06717188,0.063903205,0.00022891442,0.042615093,0.0017767515
0.06747025,0.0637102,0.06742617,0.0001787403,0.06737574,0.0126926545,0.00028064114,0.014271319,0.026082136,0.027427692,0.01969132,0.067471005,0.06747322,0.06724698,0.06714872,0.05597283,0.06446885,0.00012905749,0.067452855,0.0673048,0.06415175,0.00020786116,0.04268077,0.0016844863
0.06754637,0.06387272,0.067503974,0.00017420763,0.06745349,0.012765209,0.00027628898,0.013980103,0.025923394,0.02716989,0.019454,0.06754866,0.067550756,0.0673277,0.06723098,0.055956446,0.06457818,0.00012708693,0.06753253,0.0673789,0.064220525,0.0002046436,0.042558834,0.0016651428
0.06753223,0.06378792,0.06748378,0.00018742563,0.06743428,0.01234422,0.0002934247,0.014361668,0.02570256,0.027112424,0.019469704,0.06753213,0.06753376,0.06729773,0.06719006,0.055807088,0.06460998,0.00013485579,0.06751472,0.06735636,0.06406806,0.0002146456,0.04329744,0.0017335307
0.06746224,0.06377978,0.06741869,0.00017245545,0.067366645,0.012265981,0.00027219468,0.014217353,0.025859851,0.027326467,0.019487435,0.06746194,0.06746468,0.06724158,0.0671416,0.0560957,0.06464284,0.00012732383,0.06744604,0.067295566,0.064191476,0.00020017232,0.04341288,0.0016491287
