Stock_1,Stock_2,Stock_3,Stock_4,Stock_5,Stock_6,Stock_7,Stock_8,Stock_9,Stock_10,Stock_11,Stock_12,Stock_13,Stock_14,Stock_15,Stock_16,Stock_17,Stock_18,Stock_19,Stock_20
0.057501859454634305,0.05706413623042468,0.062493383740024847,0.057234890600379,0.009114774403120456,0.07673372463712076,0.06357678689135147,0.06791381379527524,0.05801470851673521,0.07216282391207304,0.07442302198680414,0.04372035578186033,0.02722582000339413,0.04445467225327804,0.04818672882523129,0.01723795141204038,0.07391750296183362,0.018911059149292343,0.030958994955339988,0.03915299048978672
0.05695264604894562,0.05786830450239881,0.0630059292466048,0.05685537575317323,0.00949091724475101,0.07713245471488069,0.06284174603574061,0.06722027226068891,0.057952624276234065,0.07223625823793163,0.07318224579581664,0.04306730849981211,0.028316457596795963,0.044677632384448406,0.04706220237480903,0.01776931218307627,0.0737324337339041,0.019458950945515346,0.03245636055836543,0.03872056760610733
0.05734606262061898,0.05862485683928066,0.06272783883012399,0.05756953136012299,0.00944665565163291,0.07721957214725923,0.06279846849536723,0.06719099486891791,0.05738013031709337,0.07169356831037434,0.07294520769129628,0.04303177251168991,0.028197559243389812,0.04436170777711308,0.04735036233410469,0.017804194641983146,0.07359590238690206,0.01910217274902725,0.03248745082654329,0.03912599039715889
0.05723682937023489,0.05842203184541712,0.06264133551079004,0.05782236340926983,0.00922892938157399,0.07778034646035666,0.06304402482293424,0.06754198931182384,0.0571315377001258,0.07126231378975245,0.0733262121390489,0.04381534507759976,0.028439157139616755,0.044598145891975666,0.047747634750212826,0.017442458000761385,0.07322720931681702,0.018479291607931273,0.031705043265694136,0.039107801208063425
0.057951677971854625,0.05964118020220441,0.06230799866676529,0.057447056191570804,0.009140988894408033,0.0787025315577356,0.06410482986020115,0.06782607769406493,0.05533736422349919,0.07013527181991655,0.07387126443736836,0.0442933721229424,0.028483087910567275,0.04423879277796559,0.04669252969642484,0.01735737739314129,0.07337161951416428,0.01771603482378962,0.03163872776016958,0.03974221648124618
0.05754232401026432,0.05863103185011525,0.0623536262411958,0.05775260082175334,0.009041022403833874,0.07804806857583946,0.06346935640949039,0.06779799248235785,0.05612159541447458,0.07058610828397806,0.07385457227586742,0.04459398993709418,0.028364066098089422,0.04485240396327484,0.04758138064238089,0.017438929706501394,0.073109041818502,0.017988814117549098,0.03129173256277783,0.039581342384660004
0.057154195423551386,0.058290538811218394,0.06303666297436894,0.05692378340440629,0.008926331147681004,0.07888434171887429,0.063630088624598,0.0683301348985933,0.055663800032231946,0.07160578466843029,0.07338909209388496,0.04393854891302668,0.029154772793893023,0.04506601250172422,0.04612856354663629,0.0175105092787621,0.07388038453677394,0.018151197920010787,0.03128230998588134,0.0390529467254528
0.05687835345258564,0.05926278976522873,0.06370889745919506,0.056446864490517126,0.008885259807335446,0.0790916640058934,0.06300478476988443,0.06768363602224223,0.05574386492011605,0.0719759072926994,0.07268180549254513,0.0433645220305401,0.02969003703795815,0.045227990441766584,0.04464273286038643,0.017904305771933738,0.07407022074478634,0.018479019800597064,0.03292841636541662,0.03832892746837233
0.05728298388865378,0.05936138256173994,0.06340608664871662,0.056775224480582365,0.009380399169600071,0.07763369140685622,0.0625935065865682,0.06680768984961548,0.057206729278874296,0.07210954391173609,0.07244058521123896,0.042465027514851844,0.028777124448893528,0.04429952050096623,0.04542297626494461,0.018226691138176536,0.07407300122103726,0.019483496402249136,0.033863666889959385,0.03839067262473947
0.0574029274914638,0.05942432129058716,0.06321172896163466,0.05703968625116162,0.009406939763028498,0.0776134346860264,0.06242822077188992,0.06680682016534369,0.05648656621483987,0.07164546794990237,0.0722157871116407,0.04282929540461968,0.02903733196851577,0.04455345694281195,0.04547887484551646,0.01857773575979776,0.07381855036104945,0.019450856584299906,0.033789402921950276,0.03878259455392007
0.05698127896873528,0.05858005617049371,0.06337184833255538,0.05695469806961902,0.009463518029710244,0.07836024751124743,0.062359490311768226,0.06743282970896103,0.05542276883299242,0.0717310379782878,0.07153532748755934,0.04312489142858771,0.030267780624549486,0.045208261259779385,0.04518478956834367,0.01890634004247777,0.07373238408431411,0.01947361498379416,0.03297362513959706,0.038935211466626776
0.0576249482762665,0.06003831678024185,0.06366316482425656,0.05601165296792945,0.008939300865415067,0.07973914491519206,0.06378547008629559,0.06814634118872118,0.05402167055624398,0.07184521402096364,0.07237231163175174,0.04270682974012346,0.029945551565751637,0.044564300664199356,0.04311548543048309,0.018271987619955698,0.07489405138643102,0.018441579279602126,0.033039608102175176,0.038833070098000834
0.05737519687452851,0.05934919576439294,0.06372662698374165,0.05597895320588527,0.009060871492034715,0.0794352838923099,0.06341587583853778,0.06815773597002384,0.054159482077204446,0.07218109288069126,0.07199711215083437,0.04262878049143875,0.030197214274806587,0.04489974511284477,0.04327828034091831,0.018601239687942545,0.07486908463462871,0.018897261522771724,0.03294208569680077,0.03884888110766313
0.058057107742684334,0.05973928330927355,0.06373238188359799,0.056027098151040046,0.008941107958287382,0.07929370933072907,0.06371142626298848,0.0682843626932266,0.05283353363676775,0.071751279259141,0.07213749438728446,0.04254077407365663,0.029867457135347015,0.04498064846683779,0.042818495163878256,0.018657112202369205,0.07501426419311108,0.018786950345001045,0.03337680855148543,0.03944870525329286
0.05845249891838076,0.05941777885079846,0.0634345950604735,0.05626362597282742,0.00936647842412576,0.07816139329295288,0.06328261608420001,0.06775429502721506,0.052592318271770425,0.07144032089357226,0.07164024498225857,0.04250715807874188,0.029798379469823003,0.04486170458692943,0.04295510321815018,0.019630247518034785,0.07495342940787736,0.019606289021978647,0.03438658331419653,0.0394949396056931
0.05895111143011395,0.05959364488920363,0.06324470840357599,0.0565835989216339,0.009070172023312104,0.07835660779905768,0.06369299173930548,0.06860789939983854,0.05145070868871347,0.0715635802612028,0.07190230805449845,0.04265319594818655,0.029490215148321716,0.0448425185818142,0.0426659099606829,0.019718987029905002,0.07567531829062879,0.01875940613046944,0.034254514115891685,0.03892260318364375
0.05862124692012995,0.05998361362862749,0.06401875835258951,0.05621681889108975,0.009042017465593518,0.07919328517274998,0.0637090679324441,0.06869684835783536,0.050973497319603905,0.07193306908963873,0.0712848360130497,0.04183863404389105,0.03013157336979542,0.0451074281573058,0.04181588246079334,0.019232830962496398,0.07576821139415314,0.018727989956361598,0.03485430868082814,0.038850081831023106
0.060045484336676086,0.05891666478948832,0.0638876811232398,0.05740977765367898,0.00871036118758874,0.07856511078394036,0.06374971516016197,0.06993977871048539,0.04963802149220958,0.07206620045064423,0.07167251481282573,0.04202678261530266,0.029392127758395593,0.04503517087031367,0.04193895277253291,0.019924657713678254,0.07627652657596434,0.018229262794530715,0.03492373748825894,0.03765147091008373
0.058372375401701024,0.05801936320357184,0.06364124865507409,0.056615596056941636,0.009204333913742438,0.07765523574089521,0.06271656627232051,0.0679537439204163,0.05311218942584974,0.0726380681847455,0.07127674024795422,0.042477601183071985,0.02995782864788466,0.04468078940997884,0.04269274932916767,0.020566704182992012,0.075651257717082,0.02000514380349917,0.03479000000949291,0.037972464693618244
0.060162984752603024,0.05708271326449478,0.06351385968706752,0.058275871914264366,0.008968695956216884,0.07685637679176528,0.06253127225823482,0.06875759463138595,0.05189523127716737,0.07218259018836953,0.07151996032081226,0.042307640981373816,0.02908665307356245,0.044336065474193054,0.043260863606331,0.02099224837942482,0.07550370058864397,0.019869682662265617,0.03502705925446204,0.03786893493736145
0.06029614796678189,0.05645516268779211,0.06208037903905322,0.05866205965948355,0.008594980920108311,0.07717125772676355,0.061047125820903825,0.06786931600027325,0.05374567759880086,0.07283973979399892,0.07444212211987372,0.04247920371450066,0.02879505886435382,0.04529293822770659,0.0422290247581386,0.02053119591200917,0.07467727107033593,0.019042101799170916,0.034936502971982135,0.03881273334796898
0.05895425252337633,0.055884333635310535,0.06209130061999211,0.05896844014693927,0.00901475572294322,0.07656386552971514,0.06020444247230091,0.06765230814647288,0.054399676021840836,0.07253062503206548,0.07265592462411975,0.043513382305482684,0.030887611565156854,0.04601040405256001,0.043381839708302235,0.021158012034581255,0.07444624720608264,0.019603036096224553,0.034253599900298984,0.037825942656234325
0.059452795034611275,0.05355138665764223,0.0624619856281483,0.06039691224265964,0.008736918542375809,0.07554910347630428,0.059523631785611306,0.06759309772970377,0.05566429901683069,0.07345517608576689,0.07275563787883081,0.04290224114997744,0.02971187216162811,0.045390193752817345,0.04480398928931914,0.02157448071986932,0.07394558176799161,0.02068725940588227,0.03383383314017196,0.0380096045338578
0.05808233059355006,0.054403260163022805,0.062367016261636966,0.06102354403716772,0.008609158294991832,0.07723869711859101,0.058652161244176194,0.06837997120659843,0.05448972830715848,0.07343590266254126,0.07174043028654559,0.043342544801620746,0.031474548212543536,0.04714856652232385,0.04551715746362591,0.02078302347176899,0.073406014527708,0.019067147454877625,0.03251144156923193,0.038327355800319075
0.056706300349182746,0.05248473702730008,0.06332159119546052,0.06181364862819341,0.009132364000579882,0.07673644224754425,0.058585884989025803,0.06787094975298644,0.0557172824217093,0.07288354155356992,0.06994155678478957,0.0439231929466035,0.030931048494655153,0.047712669205035245,0.049002622308379054,0.021785536075216008,0.07201553188447783,0.02070027757920211,0.030114996060078683,0.0386198264960105
0.057540842731367274,0.053714213969037305,0.0628901079698607,0.060766187112570445,0.009277145926530363,0.07573991057577262,0.06007610515196661,0.06824079944998732,0.05603901029162486,0.07274691443291398,0.06937978254194892,0.04278870612032853,0.030801748819307764,0.045360553884868836,0.04871055964598661,0.02032855048255257,0.07352807932868266,0.021396752122124017,0.030756648139001735,0.03991738130356688
0.05633981789276849,0.05301305729835789,0.06337246564638895,0.06111202309796316,0.009132034276167789,0.0762702812575599,0.05918133424293592,0.06841269581330946,0.056079310957893015,0.0726454348317303,0.06835637803818151,0.043861140706786504,0.032059350023482175,0.046681125607857824,0.04960208693682741,0.020495630190439346,0.07258085172215029,0.021273962295336644,0.02999014517599219,0.03954087398787124
0.057722915634744805,0.054536909770131425,0.06345111495550915,0.0600608487603746,0.008262732804773442,0.07680513955437286,0.061380371949789445,0.0690113765883878,0.05604852794548288,0.07305954461865535,0.07088558915150167,0.04324291148722926,0.029797560108422248,0.04506706715316635,0.04786335969980203,0.019118812242202715,0.0743776974589101,0.02008031073880943,0.03000255315624943,0.03922465622148503
0.05713024087567748,0.05458609861486404,0.06356101642286027,0.06035989090651429,0.008288473797029478,0.0768691488409895,0.06028814794033131,0.0687663815185096,0.0572320500704796,0.0731692591823106,0.07059262319390502,0.04387547419132146,0.030499747419572797,0.04550302535609013,0.04818373545750818,0.01956613507074088,0.07366639751701726,0.019992856313414943,0.029912292668111604,0.03795700464275156
0.05694945412672425,0.05519668332945609,0.06395715061754406,0.05976978747325523,0.008298862562789097,0.07720150529694912,0.060301251976693754,0.06845001865646698,0.057455655995434146,0.07336709452132448,0.07052649714942646,0.04356401510219175,0.030706771827560188,0.04543585108952877,0.04720591202041457,0.0195096706255943,0.07383557093039181,0.02006664769422954,0.030766508017638833,0.03743509098638657
0.05772706682064729,0.057513241072175966,0.0637531538478166,0.05941835231889047,0.008203302174331087,0.07759702725879215,0.061181068138728416,0.06813997552855698,0.05673056787327066,0.07278519964857559,0.07120076256688616,0.04304644582065457,0.029707693632761163,0.044560273715566694,0.046216076661168976,0.019037949087494597,0.0742932067345599,0.019302707614711336,0.03180111659593982,0.03778481288847156
0.058401336116268535,0.05745883219361214,0.06341135766597628,0.0590197736293551,0.008507612771439223,0.07676264058524912,0.06155829663803937,0.06771976460146678,0.05705872967031596,0.07244617973612141,0.07161948862722706,0.04295087173729756,0.029154321649686604,0.04380995772552259,0.045959456542742645,0.019481112107918277,0.07442883148292988,0.02002970516341612,0.032245596288886534,0.037976135066528825
0.05869854007465957,0.05765721364214693,0.06320727546445952,0.05947046881876141,0.008425768278700221,0.07655749712586114,0.06144221623566902,0.06761679113514227,0.05689926753504133,0.07204479384146993,0.07170073826032021,0.043241195933489254,0.028961696153106634,0.043701753929563894,0.04624022008290608,0.019637188572318273,0.0742143827181313,0.019902447914327902,0.03225506542960381,0.03812547885432129
0.05791058953973496,0.05683329439520746,0.06320953807490437,0.06025236712843386,0.008609331417282613,0.0764577292806645,0.060396165790965274,0.06752807577944954,0.05705817882623148,0.07192649043711052,0.07071359530841739,0.043705290777558824,0.029939164155597563,0.0446072069578361,0.04747052122521284,0.01990510110938947,0.07334318288414356,0.0200846269819462,0.03182815364199018,0.038221396287923294
0.05830313892484575,0.05735321823764346,0.06307321702950389,0.059818940560511374,0.008330440811401506,0.07724324121492683,0.06153713630745218,0.06843419943584576,0.055520992444741096,0.07212621694425797,0.07128662141619606,0.043314846059857054,0.0293755502671975,0.04449974765697341,0.04682434899676219,0.019336801789141815,0.07423572809002998,0.019256012345375807,0.03112364495371085,0.039005956513625505
0.059698474596545745,0.05762848055349706,0.06315446973247714,0.05986052228313887,0.00891071661388912,0.0758166067089206,0.06146423060561771,0.06725231106133407,0.0551915097475173,0.07095685129585264,0.07074553870828337,0.042740521179409185,0.029063208345565496,0.04361761951837087,0.046067847101816196,0.02027929931964988,0.07400145779472399,0.020909605660318957,0.03325854987778901,0.03938217929528279
0.05903665043232999,0.05732596666929399,0.06329990379317743,0.05988738216494325,0.009335048606755724,0.07590631965079324,0.0606590149184698,0.06702036101601087,0.055495748730232275,0.07138688171232442,0.0695688625066676,0.042334103302707884,0.0296665373124078,0.044092584530782256,0.04621672321177284,0.020870434670823213,0.07380815985738826,0.02151068935668334,0.03338370875638551,0.03919491880005033
0.05968792236981146,0.05746396597795799,0.06295796775855886,0.05977788308955757,0.009692492221539506,0.0752548585154466,0.06108775757736875,0.06678933613281038,0.0552405450665792,0.07081453728305256,0.06963539812196567,0.042071501642400894,0.029155952443767084,0.043634923346011885,0.04631747971897684,0.020963923924612483,0.07394730444302569,0.02205431556390371,0.03353780590183208,0.03991412890082082
0.060076642944645715,0.05825708158790332,0.06376797070614322,0.05956873759429046,0.009068194419358858,0.07542722613106143,0.061722994654457485,0.06628838678082122,0.0542322995098128,0.07134247894557137,0.0698688470080661,0.04147116853615673,0.028987746373570187,0.042714350646928564,0.04480771851801871,0.02058561722369786,0.07468588438879266,0.021850097747105293,0.035535797489348576,0.03974075879424943
0.061145393061700214,0.0566114925055976,0.06255903039850846,0.06064525308835655,0.008519809476079686,0.0749728106451641,0.061184101519738555,0.06728968226495913,0.054708120874323515,0.07193154938656438,0.07215860563769559,0.0419478971474447,0.027691672160004926,0.04299233310025206,0.044802479080970445,0.02114925867963759,0.07470264118042466,0.020836718469558334,0.03497432094241481,0.039176830380604696
0.0606456912613226,0.05585803709524693,0.06155058246409555,0.0601413148507728,0.008889606263514056,0.07480354874198475,0.06034544642790733,0.06690760417565776,0.05613909843880267,0.07181014109596653,0.07359367417680528,0.04314213860235901,0.029077213913123366,0.04405432781111673,0.04458101223152796,0.020928664352371718,0.0741755118298733,0.020449317668748575,0.034117101040355785,0.03878996755844729
0.060494080270440856,0.05493578023187244,0.06161470098648206,0.06072038353064047,0.008526041709862129,0.07487932222358432,0.05981623484004344,0.06753343481800467,0.05625056643387283,0.07218170983249544,0.07394496839463893,0.04365475205322047,0.029134735355358397,0.044609779484368096,0.04473754072144351,0.02118468356253709,0.07411462581674909,0.019987681714934376,0.03361497748225702,0.03806400053719435
0.05989212183922338,0.053031474425175945,0.0608360973253065,0.06240645313255685,0.008057012706045807,0.07598642638576586,0.05687808798392442,0.06872683241269166,0.055115871648237495,0.07272762677051137,0.07532709889116977,0.04523480312260931,0.030821507527399882,0.04812463844550379,0.04437019113124609,0.022038276206484023,0.07286696044600624,0.017903374880232945,0.033086958899680295,0.03656818582022837
0.059909526900242864,0.0537608034369616,0.061110653348994036,0.06197440582285929,0.00839943659855915,0.07553059005254587,0.057110333023874776,0.06784099967429266,0.055455520394297256,0.07187206190228686,0.07431137484104984,0.04568310566923157,0.031059917714060883,0.04769753223323508,0.04466736655413682,0.022308042540194386,0.07237616952556854,0.01875441010204898,0.03327324197258385,0.0369045076929757
0.05944737026930304,0.053830139634085096,0.0607709471966056,0.06169672068237706,0.008456367718746624,0.07559352781469725,0.05814396688830608,0.06830721172541387,0.05598622394177528,0.07210548342542869,0.07447262530870959,0.045693667122648975,0.03046691276537733,0.0470398408957158,0.04613312770035013,0.02157173667945671,0.0725788645730467,0.018499895377841063,0.03170531156008328,0.037500058720031836
0.058481588456587026,0.052764557453710774,0.06135657986645782,0.061693547621449865,0.008464676495299873,0.07597612419901054,0.05860285427931937,0.06841230713560084,0.05465488158538041,0.07189763811313225,0.07301298121786207,0.04597318407693153,0.031219712425466957,0.04787978527469171,0.04746459126195001,0.02114460620010699,0.07215474406209577,0.019023851799878592,0.03079732928184873,0.039024459193218876
0.05803766193089424,0.052736714563511936,0.062221716384905285,0.061637079371382276,0.008374195426107994,0.07676157147664474,0.058152671294320106,0.06846978548406706,0.05401539992950813,0.07264309869352244,0.0720375069885819,0.04492501110726383,0.0322862552342336,0.04837742566029141,0.046325241544298436,0.02085241938462242,0.07251918414773102,0.019095574574957568,0.031791270835357904,0.03874021596779772
0.05818913319739662,0.05429395150681726,0.06325089126349888,0.0604542480850856,0.008640727368593202,0.07582850700600531,0.05920639959053067,0.06729457576458348,0.05652246899708849,0.07248747684033284,0.07087670929296541,0.043790980508906625,0.031330547626212873,0.04575928035783544,0.046027614560896477,0.020846847857023672,0.07327653219945414,0.021015089943835635,0.03291681414369624,0.037991203889241126
0.05750428006722433,0.05397621405849569,0.06330385928188541,0.06092894151307275,0.009052645239003376,0.07589190472527062,0.05816164005690886,0.06713270327069285,0.056563725036790684,0.07277940375110545,0.06957939881775467,0.04353064273925518,0.03207205498665072,0.04625426536085388,0.04663421439351117,0.021598500067808255,0.0726825653610885,0.021408458032992583,0.033059965795922186,0.03788461744371283
0.059771113707607695,0.055999334863283186,0.0625571612357039,0.060302933248948545,0.008832711891045217,0.07608721794597231,0.0601619058679188,0.06709535577418875,0.05357573973414456,0.0719713110301202,0.07169405696208664,0.04253909803693383,0.030003666236313543,0.04510388840353667,0.04418655858435613,0.021178905145047864,0.07395457956513472,0.020423265833980693,0.03503212745578545,0.03952906847789131
0.06156754021796219,0.055143037156390795,0.061686893148079694,0.060674689565190995,0.008698315500615115,0.07537120216721947,0.06005858775089516,0.0679158176440316,0.05262935672765487,0.07222465844163212,0.07285385097380387,0.041276229115185754,0.02861170545621065,0.045113245353168095,0.042879305687543695,0.021408841048464033,0.07458371419379271,0.020263911665958895,0.03681051760234747,0.040228580583852834
0.06304278343096438,0.05444939973985937,0.06097911526892946,0.06125192904863252,0.008819344983985056,0.07383595842180907,0.060307390481004565,0.06826012302614008,0.052213199145051445,0.07169966083773549,0.07331188489802251,0.040876786232977885,0.027270439603235937,0.04451802731078804,0.043397943530240464,0.021745387496187915,0.07463720771908434,0.020740584979976252,0.03753909040511978,0.04110374344025543
0.06265674206178473,0.054558032300569916,0.06054766203223822,0.06133932858302346,0.008951938289129305,0.07429104914432465,0.05928451034962168,0.06794027106288902,0.05243903830724084,0.07141326033606112,0.07370755909583679,0.04183999563740961,0.02830004283897952,0.04569022880650133,0.04295970169267933,0.02217772387961142,0.07401138275350179,0.02022190859742147,0.03724043250400646,0.04042919172716935
0.06451857154127613,0.054498631683263334,0.05959110937690521,0.06160496783090379,0.007996538196676258,0.07493519766320274,0.060896297866488064,0.06966594143013882,0.05059932995127066,0.0721480588139728,0.07656110459677239,0.04136902312848668,0.02577537233017905,0.04525108318806613,0.04205540616152973,0.02102466370119347,0.07528255929739947,0.018090667809784546,0.03681653538950084,0.04131894004298989
0.0640430488665741,0.05378815103793675,0.05965528241743223,0.06166700231418255,0.008241519245104037,0.07464353241663002,0.05984623734180904,0.06911472861236176,0.05165745654391608,0.07201775888032587,0.07613301644957253,0.04171546051458403,0.02673818679168178,0.045731667209176916,0.04213178811408484,0.021524605835002392,0.07465239358897409,0.01875421484904777,0.03702087040696584,0.04092307856463736
0.0644278840531348,0.053584384217096395,0.059544219484472166,0.06220175200750128,0.007793756458039085,0.07501658312701401,0.0590351247105112,0.06959451022525048,0.05217142500333328,0.07263703937151239,0.07687522092714588,0.04171045207862063,0.026605134402418067,0.04613463329018735,0.0414690412201377,0.021484129684188,0.07468461152470263,0.01794366262485737,0.03725060065370462,0.03983583493617265
0.06370911671015865,0.05458694244244082,0.05945608992415811,0.0617734614357839,0.007925055114441588,0.07538289428869382,0.059136837356576155,0.06857856495319223,0.05338275539823189,0.07201084752497651,0.07733207268299337,0.04322713739949061,0.027259518610404296,0.04586747086826587,0.04209241508003538,0.021275927919464963,0.0740620953985766,0.017738209012533958,0.03572262458037078,0.0394799632992105
0.06282694425906322,0.055370111643550456,0.05985205374852775,0.060758117981693394,0.00808223852713069,0.07627993722161913,0.059313946318899066,0.06799752690888358,0.05403405413879444,0.07207194203747228,0.07736072130749884,0.043430230924440316,0.028251123231670547,0.04597661399991543,0.04157961035461938,0.020581486427122094,0.07405545560310255,0.017669819378108537,0.03517833053323436,0.03932973545465396
0.06397315433993987,0.05517303443828813,0.06011399029314096,0.060664610418501255,0.007647699538650507,0.07644193700959283,0.0602345862142301,0.06903528467367284,0.052849863443811235,0.07241610937759652,0.07768574725134912,0.0422227804254106,0.0266899362239336,0.04551523042675922,0.040714224363715565,0.02014323494308147,0.07493701918631426,0.01745443211386044,0.03609671012930942,0.03999041518884208
0.06207883066723663,0.05559729750293557,0.060846278565508026,0.060090910127377564,0.00809820435424726,0.07694086724076836,0.059029117480229,0.06808950853664428,0.054776307973196374,0.07280410958994715,0.07650100918142601,0.042590100752001904,0.02892685283565233,0.04595261135902609,0.04080828660476719,0.020378249680389354,0.07442232783902755,0.017993990527267238,0.03571268300266196,0.038362456179690155
0.062414199457674104,0.05602913174687535,0.06113326155550483,0.06017298796631846,0.008564912929629954,0.0756580324857126,0.059634591451612366,0.06736872909006576,0.05465925098833095,0.07196019122507576,0.07517631869011986,0.042033300907680746,0.02828577096923087,0.044711461695459344,0.0420451437665146,0.020707488479121506,0.07415000643960683,0.019420619378502566,0.03643397603827645,0.0394406247386871
0.06348029457987459,0.054479286284695255,0.059934231325405075,0.061168815012509044,0.00841713458568605,0.07493746034911872,0.05951876323533994,0.06856081134427557,0.05355447781220159,0.07235504542353591,0.07624791464701461,0.04191044967463524,0.027110468234681624,0.045249881654577884,0.04218032972335592,0.021435764762691045,0.07444155422409122,0.018844346204498433,0.03646355625452904,0.03970941466728325
0.06414343691341728,0.05467718720380668,0.05961850288574985,0.06130539282439085,0.008413667894746025,0.07471775241741718,0.06028738241745939,0.06903281618485907,0.05132774782363527,0.0716794529262368,0.07597563970328065,0.04146993831328385,0.026381765544190507,0.04535843567576088,0.04202653937221067,0.02155623416794722,0.07470543191887973,0.018776484289593363,0.03734448838171284,0.041201703141421894
0.06249742620606195,0.055328000003124614,0.060748564523579004,0.06051209282461332,0.008946523770194491,0.07472379586931129,0.06005343336404426,0.06738521102222816,0.053270443463387794,0.07155108787596832,0.07456804515543176,0.04198662116767645,0.028386223214949668,0.04483453697591777,0.04294012699340959,0.020984231077169152,0.07421408249199803,0.019960934826229834,0.036436736797125835,0.04067188237757867
0.06229679633002928,0.05352630998822123,0.060663812949296146,0.06145669083647291,0.008387569307740358,0.07451417230360048,0.06021969148266111,0.06831384791285154,0.05415580301943095,0.07285279989012339,0.07530678226439666,0.04264573594523375,0.027229941358004172,0.044587897996474994,0.04427248445581844,0.021669335855324354,0.07452879103674175,0.019615470830573065,0.03442661418569378,0.03932945205131163
0.06111602625387484,0.054676095127252945,0.0613207018524558,0.06027729406654945,0.00884888040678595,0.07504049427393675,0.060565313309123445,0.06743081875759102,0.05433479932235482,0.07252041267105978,0.07433788406722222,0.04272441616876098,0.028655619439038386,0.04462722691076248,0.044155146857960854,0.020990464530981683,0.07442963596976426,0.020064699590219993,0.03432527682959703,0.03955879359470731
0.061201745449392164,0.05325917713303229,0.06177362761348636,0.06102184798396668,0.008907688927019207,0.07380938961900763,0.06035310053139253,0.0672291566115527,0.05512664719018175,0.07256479491990511,0.07359790552506426,0.04270378423893359,0.027907110203691757,0.04399836689982245,0.045760080948442354,0.021902559696382357,0.07404306700533608,0.021492676280528398,0.0341120984203603,0.039235174802502035
0.06056040791366799,0.05201905353216991,0.061322127745509034,0.06197052127820985,0.008559017807638201,0.07433361865093614,0.059672346921711736,0.06864728514429937,0.055834718061831164,0.07305710807725599,0.07432934017660443,0.04334574774996829,0.027603830413210115,0.04529799091480835,0.04747423155657098,0.021878777554986833,0.07370946606782382,0.02043689245314025,0.031788453074035584,0.03815906490562196
0.06070341520099417,0.05230898362111584,0.06109080965802044,0.06184569979897628,0.008231001726735599,0.07496704580117652,0.05961913888031476,0.06860939338632137,0.05482491518113033,0.07310767873112231,0.07477558718463675,0.04432623585739069,0.02820234665504489,0.045694572753568606,0.04623782882250924,0.021827201765356546,0.07357299700717701,0.019378028912218615,0.03214107123396051,0.038536047822229504
0.06066689371121924,0.05371540174069916,0.061181355185171496,0.06115742362806242,0.008245741959135704,0.07553698392523284,0.06061592608329305,0.0686203507300352,0.05405016994099662,0.0726402939585859,0.07461191142778839,0.043945876790232,0.028146051724554155,0.045388177464042966,0.045775462757291774,0.020982827452219712,0.07407289302705924,0.019073878165754916,0.032192584331302114,0.039379795997323115
0.05964689148218119,0.0549521514803321,0.06278469666804119,0.05879047277957789,0.008465610116317957,0.07617913549677194,0.06267730257344609,0.06857116294564691,0.05467294248950067,0.07297983366126327,0.07354313827551028,0.043058191206127826,0.02765452169617902,0.04412397192295232,0.045635395080777935,0.019973847905361157,0.07491258071498166,0.020063540536842547,0.03199386820423163,0.03932074476395641
0.0589405005282802,0.055868832572617905,0.0642445146235883,0.058084152927961166,0.008761187643005408,0.07646994185125452,0.06237243542569633,0.06752037983156435,0.054599284440942995,0.07347351597332193,0.07166123451522513,0.0419367274916643,0.02867620716434853,0.043698694280208235,0.0444912092093073,0.02026623520622466,0.07502761789989008,0.021215649803708717,0.034067506444036444,0.03862417216715351
0.059721564963699486,0.05523327793880532,0.0641744642210229,0.05845005955389515,0.008490238227013138,0.0759822553434334,0.06199981043225741,0.06745592215254655,0.0553511141733798,0.07388274884877316,0.07241315579784169,0.04191242774763353,0.028150186434695246,0.043286728193173626,0.044428855812929574,0.020304265535004248,0.0749681973403275,0.021343830124135675,0.03432734208831362,0.03812355507111895
0.060211422250196045,0.05561961288540673,0.06361130928221718,0.0595084285360661,0.009040136231465603,0.07495251655114331,0.06041319556267081,0.06646286860572044,0.0566371105631777,0.07315131135637161,0.07204539792061541,0.04191048541482551,0.028474612228949394,0.04290525504845246,0.04483090335156846,0.0213845707315317,0.07400593731181705,0.021929959830721775,0.03520059921210791,0.03770436712497479
0.062306455092221394,0.05612534046338598,0.06108331392007796,0.06059515178485705,0.008856818995005528,0.07458960757798797,0.05997003044503177,0.06709495758530325,0.05528001797923165,0.07175228520871633,0.07501277411187177,0.042840233408411324,0.0275404720870441,0.0436778257654244,0.0439460268397161,0.02153799346602419,0.07377957177027471,0.019828194867409978,0.03537108529779063,0.03881184333421394
0.06241769065767939,0.05627030017859793,0.06010688811103158,0.060549160017224636,0.008976258519456977,0.07464048345910124,0.06032477620561198,0.06691451665100534,0.054479221903203215,0.07095043667262599,0.07559491338074247,0.0435097874606684,0.02782785249216868,0.04422053878203594,0.04392602074150472,0.021339453596062544,0.07369363652043329,0.019421639142004322,0.034856307532624996,0.03998011797621637
0.06269864579535607,0.05551635921857685,0.060923193383629774,0.06008011232873453,0.007877511499302802,0.075979541177463,0.061994743732704784,0.06860988286669878,0.05323254483374184,0.07240587728028869,0.07693968160689758,0.043428535850986216,0.025965447983882617,0.04416759965384744,0.04337897800966084,0.020481498203410786,0.07481970141413112,0.018159719592864804,0.03375564037392841,0.03958478519389303
0.06115543397038477,0.05471147094527412,0.06270398145312163,0.058623795060507446,0.008010141648140826,0.07606193748525443,0.06260622016597604,0.06835626252864314,0.05443284486761212,0.07312135755466523,0.07561460756163743,0.04333433883129154,0.026783897986461917,0.04398344178718579,0.0439186633001843,0.01993323719462012,0.07496115464367618,0.019544661018742054,0.033271519471344234,0.03887103252527665
0.060765227159540726,0.05532661535576188,0.06401849579523329,0.05802511512642354,0.0073979435996745875,0.077041116582223,0.06292085604030773,0.06891455435997593,0.05546994276678289,0.07436649078134298,0.07553185147015895,0.04267705599713174,0.02630607751133459,0.04341356573576649,0.04338343348679139,0.019226760013962816,0.07561823578518817,0.01918129135862939,0.03323322352904776,0.03718214754472215
0.061025815871758364,0.05670672569639361,0.06295235109526762,0.05833546231734231,0.007993562857260437,0.07724865437273574,0.06074023795831703,0.06825482221684458,0.05640708023727807,0.07348166203639894,0.07591528007548783,0.042680520979934,0.02752680191633204,0.04420447515572916,0.0418139831819404,0.020074985519718373,0.07464524341504838,0.01863792622551296,0.034770257528204125,0.03658415134249603
0.06152973574347546,0.058498035701922406,0.06255677053852776,0.058248169882369416,0.008293136417840543,0.07699758107762143,0.0601897095380249,0.06747637059300438,0.056579652754612186,0.07183154832023605,0.0760094885958765,0.04309635639852556,0.028160436586526616,0.04405994024200488,0.04131151720094096,0.01987980692286625,0.07404460711284101,0.018471177286042532,0.035711007264194336,0.037054951822546825
0.06415712221717454,0.05763406749905276,0.06065598398447315,0.06032530465673498,0.007861328345533703,0.07650842384318357,0.05908967029731603,0.06860480892416294,0.05503942707321819,0.0717765087569932,0.07806004203771715,0.04262713272459151,0.026212580490941474,0.044455092139676695,0.04032312654884008,0.020897102305983836,0.07399372264899955,0.017130262970725865,0.037031383714169995,0.03761690882051081
0.06254340837236876,0.05743702913015024,0.06063385542770757,0.05967323626920503,0.00823647826538758,0.07645057664086752,0.06020110564904051,0.0676352535138039,0.05530566078341032,0.07176092168340847,0.07691081385610453,0.04322156420846641,0.027592219504848713,0.04454722278064902,0.041783232840760354,0.02027150130365494,0.07416651644977151,0.017941853078914216,0.03516396095323894,0.03852358928824148
0.0629339697132035,0.055968899912748823,0.060785636758238226,0.0606950454438836,0.007995022930996003,0.07534016642064048,0.06042556410656382,0.06793324694420208,0.055605638758425446,0.07199391357691555,0.07679019503717353,0.04351162038800377,0.026580982938297283,0.04379594245231272,0.04334516719474271,0.020790906969161155,0.07420532657730615,0.018518183458846774,0.03434179282130887,0.03844277759702949
0.061511893907493544,0.05638667657716602,0.06201292846070109,0.05963400110364664,0.007930092811447123,0.0759147598035375,0.06191689577097309,0.0681245323416777,0.05552135802092359,0.07255291977400151,0.07547768580524501,0.04339740352324955,0.02648187709492529,0.043313487653764624,0.04412953448128602,0.020455914888292494,0.07476561872047113,0.019016674359117077,0.033386268407615556,0.03806947649446545
0.060051732780057494,0.05656116913960674,0.06255884303544028,0.058962501692917946,0.00900198961490829,0.07506032652024032,0.06145378997206162,0.06664966441828547,0.056082756810416926,0.07152951820602357,0.07274695030430636,0.04327611247397793,0.028581461815450303,0.04343384076658117,0.04494813178650664,0.020913748448449426,0.0740709364035302,0.02119171929256275,0.03410721022480554,0.03881759629387101
0.06142389947898661,0.05621372960851586,0.06338069030650319,0.05935319207583882,0.007362695671024313,0.07596116190712605,0.0623293276350808,0.06806012934766206,0.05653033424070105,0.07359008018930627,0.07456897363531009,0.042618232322474796,0.02649539293472808,0.042304059747755356,0.044296504150361404,0.01934005022229102,0.07536362281892,0.01976092897246449,0.03348868978869352,0.03755830494625622
0.06101762021124544,0.05650655557123115,0.062385960789089874,0.058948350262086724,0.007534943485964135,0.07644465437572595,0.061633572778989405,0.06832283445434842,0.056821745293286485,0.07348786189475373,0.0749124811891531,0.042846627518758534,0.027344998898150792,0.043438866082208795,0.043270658154905974,0.019639565314267835,0.07531028493155878,0.01920362347094673,0.03367512586330783,0.03725366946002034
0.06102487677294559,0.057678674277983316,0.06291423945200239,0.059099729031184406,0.007815371832643189,0.07590523647863483,0.06181420884026323,0.06730236337793465,0.05694000078627427,0.07265751491939368,0.07362920677993548,0.042624712702310726,0.027709465330226415,0.04247927079614436,0.04405713724517137,0.01941220552819503,0.07500079394645698,0.020034319980137185,0.03412370516168342,0.03777696676047948
0.0628381424907653,0.05646081154675397,0.06189439506564998,0.06026434761768957,0.00704021134782994,0.07583318469573201,0.06190384242346074,0.0687059566118304,0.056363853274891386,0.07356322369656189,0.07592699016729655,0.042888580504037634,0.02573497814133461,0.042387865018525865,0.04376565255262238,0.01941030337953385,0.0754285882077478,0.01836394362387786,0.03368630184219309,0.037538827791665175
0.06137998503947967,0.05697900192463961,0.06247755100269468,0.05961990882652465,0.007573970570216351,0.07607025138260051,0.06177592708605027,0.06793090071081843,0.05635460768557006,0.07323719589006203,0.07437128715650786,0.04252450946226778,0.02701823514401603,0.04272392431582495,0.043900005824649646,0.019736151075172185,0.07526873990680195,0.01943334578057286,0.03389376875500189,0.037730732460528604
0.06114661329622842,0.056838219654113384,0.06344905303421272,0.05946073504863771,0.007706462501095207,0.07566469658445514,0.06199335125025465,0.0673383690217386,0.05640597751719462,0.0731008486307288,0.07337758497427789,0.042255155064501,0.02745654490292452,0.04218856901327272,0.04444951766739517,0.019319896004795147,0.07519452701504917,0.02039885509509832,0.03412952637089428,0.038125497353132524
0.060780330035180664,0.05608992240365637,0.06396351269588801,0.059627646959833504,0.00741983451280709,0.0759706993085184,0.061638166646004855,0.06802032047347487,0.05754070513077982,0.07412800189311071,0.07349001634304679,0.042109991382440204,0.026953527981371385,0.04213402943842454,0.0444552645921284,0.019768169993179242,0.0753780807315501,0.02028331163958922,0.033713936996721594,0.0365345308422942
0.06063149215162347,0.05698233830770118,0.0639400791155582,0.059322123317011984,0.007803206003064797,0.07600170705607387,0.06129510596477949,0.06717696428065294,0.05747626860294853,0.07333960835169866,0.07292047945273107,0.04198586653002886,0.027922679097607754,0.04231136036762781,0.044028912300570516,0.019566261609551237,0.07500611413648207,0.020616455771140057,0.034488268058408135,0.037184709524739366
0.06124766177758081,0.05823766409833195,0.06386921971048568,0.0587409089507255,0.007897274833273144,0.07600609300526172,0.061189696372879264,0.06678251226272887,0.057314781435225254,0.07275492863219575,0.07323835445116318,0.042053432530017094,0.02814578904278674,0.0420467143545846,0.04330195122848076,0.019093905788350286,0.07475660664554094,0.020380717809512366,0.03549601363627134,0.03744577343460475
0.062109974121511514,0.057367050547174066,0.06395625390103378,0.05876053417374974,0.007071217863325492,0.07624724554507263,0.061837862296884885,0.06801961042193148,0.05744107958922073,0.07352157056078584,0.07499050824566185,0.042474931996415485,0.026496321402010085,0.0417914295783217,0.043087321684795725,0.018686003393422135,0.07524795013552195,0.0194518916349262,0.03469198479420389,0.03674925811403081
0.061827345690668015,0.05698430033245293,0.06347870152031547,0.05876888936899591,0.007147527635956959,0.07663876415000857,0.06175104222066783,0.06833332900158237,0.057003729482414486,0.07377320836484867,0.07543865670115676,0.04247389238453187,0.026601712162529836,0.04255654108462504,0.04275490295236574,0.018948843751945305,0.0753651517824203,0.019027314021042744,0.03436523695258737,0.036760910438883826
0.06118214684329814,0.05771375197866422,0.0639072876921528,0.05852253992128252,0.007637755919552315,0.07605047196186268,0.06158650476124085,0.06741767640867824,0.05756357029410273,0.07288058233131228,0.07402567607605542,0.042617525210843415,0.027510357632976906,0.0421568824412207,0.04347413101070077,0.019121587903853727,0.07491512926607283,0.020088589111741342,0.03466831812532079,0.036959515109067316
