0,1,2,3,4,5,6,7,8,9,10,11,12,13,14,15,16,17,18,19,20,21,22,23
0.041770414,0.043067172,0.040626768,0.042754017,0.04327697,0.04123966,0.040354338,0.04176466,0.040830784,0.043191146,0.04355922,0.04222392,0.0405985,0.04145506,0.040313747,0.04330911,0.040222134,0.041966397,0.03982726,0.043556683,0.039188027,0.038673244,0.042201277,0.04402951
0.041400727,0.04343932,0.040597074,0.042416275,0.04268614,0.04111969,0.04064749,0.041709755,0.04073603,0.043009683,0.0437711,0.042348254,0.040744226,0.041452955,0.040103886,0.04351457,0.040310174,0.04213315,0.040182013,0.043724585,0.03916777,0.03885694,0.04185747,0.044070717
0.04129443,0.043427512,0.040120285,0.042135686,0.04277565,0.041652124,0.04055563,0.041393474,0.041014988,0.04295684,0.044026088,0.042173773,0.041086107,0.041483466,0.04034809,0.04369512,0.040034376,0.042299334,0.04023713,0.043864,0.038834665,0.03869607,0.041497134,0.044398084
0.041581612,0.04328173,0.040159937,0.04252413,0.042754095,0.04079471,0.040096696,0.041737303,0.041101255,0.043392584,0.04353877,0.042047083,0.041056365,0.041710023,0.04017472,0.043965146,0.03988806,0.042430267,0.04009637,0.044053596,0.03881053,0.038344212,0.041883204,0.04457763
0.041356876,0.042971913,0.040254634,0.042681944,0.04257141,0.04014768,0.040473748,0.04200626,0.041195616,0.043750416,0.043485694,0.041994825,0.04101369,0.041691937,0.04021183,0.043678943,0.039371945,0.042423345,0.039895285,0.044328507,0.039359722,0.03888668,0.042161144,0.044085972
0.04141223,0.0430763,0.040326826,0.04293294,0.042641684,0.040269,0.040713012,0.041983027,0.04100662,0.04372623,0.04390552,0.04232341,0.04119983,0.041671365,0.04008118,0.044032164,0.03948182,0.042523306,0.039779,0.043782577,0.038791526,0.038748607,0.04154499,0.04404689
0.041549027,0.043589685,0.040348176,0.042715196,0.042706482,0.039958064,0.04062307,0.041764855,0.04117452,0.043500528,0.043202877,0.042357214,0.041620072,0.041483343,0.03984127,0.04453181,0.039545063,0.042273134,0.040079962,0.044243388,0.03879935,0.0388474,0.041384704,0.04386085
0.04184691,0.043190837,0.04010425,0.04271783,0.04239475,0.040411223,0.04078862,0.04223509,0.04087695,0.043638792,0.04336737,0.04246158,0.04161052,0.041895177,0.039333723,0.044303674,0.03955115,0.042166855,0.039676346,0.043897428,0.039081488,0.03859711,0.04173853,0.044113804
0.041937683,0.043176852,0.04017961,0.042950347,0.042375132,0.04069465,0.040702317,0.042538464,0.041001674,0.043754715,0.043371722,0.042450543,0.04146699,0.041802052,0.039583523,0.04418418,0.03921894,0.042164795,0.039315447,0.04382326,0.039317634,0.038627345,0.04188126,0.04348088
0.041753348,0.043684684,0.04044852,0.043324757,0.042508002,0.040380612,0.040390566,0.04249376,0.040684473,0.04398176,0.042968493,0.04223792,0.04204113,0.041642517,0.039403893,0.043826677,0.039218716,0.042412817,0.039004166,0.043749418,0.039638814,0.03906531,0.042004365,0.04313523
0.041351423,0.04410634,0.04027121,0.04295419,0.041945655,0.04024856,0.040370367,0.042377695,0.041025084,0.04412973,0.042957127,0.042615894,0.041942485,0.041086204,0.039826702,0.043700714,0.03892787,0.043230645,0.039674997,0.04392813,0.039432723,0.038665213,0.04188551,0.043345504
0.04061384,0.044326384,0.03918036,0.042995907,0.04149682,0.041076146,0.039323602,0.04234717,0.041717302,0.04350919,0.043926537,0.042573214,0.042107746,0.041253015,0.040288072,0.043967042,0.038870748,0.04305121,0.039964333,0.044240236,0.040370222,0.03768993,0.04212291,0.04298804
0.04001429,0.043030575,0.038790703,0.043080717,0.042133674,0.040414248,0.03924617,0.041602347,0.041860282,0.043015253,0.04398732,0.041957997,0.043556232,0.04061434,0.04039462,0.043629847,0.039011557,0.04352311,0.040628873,0.045079518,0.040637393,0.039014347,0.041948654,0.04282791
0.041213453,0.043750174,0.039984945,0.04353165,0.042507418,0.039185535,0.03959391,0.042337224,0.04273336,0.0427131,0.04135851,0.042014167,0.043017935,0.041837256,0.038992826,0.043645844,0.038483586,0.043437418,0.04100343,0.04509389,0.03953589,0.038551174,0.04147235,0.044004936
0.04133316,0.04351244,0.038331345,0.041804332,0.042796742,0.040511645,0.040171634,0.04175992,0.04244794,0.04306141,0.04165314,0.04338627,0.042854737,0.042022053,0.038143896,0.045256022,0.03889257,0.042696763,0.0406854,0.0456824,0.039536096,0.03675108,0.04186607,0.04484297
0.041346174,0.04343347,0.03854931,0.041556146,0.043244123,0.040361963,0.039991572,0.041848637,0.04172764,0.043857437,0.041608956,0.043965343,0.043398708,0.040903978,0.039440703,0.045234215,0.03866775,0.043280225,0.03959801,0.0463108,0.038849477,0.037217513,0.041248523,0.04435931
0.04110735,0.04314248,0.039415907,0.042553518,0.043737456,0.040083718,0.04003986,0.04257992,0.041464467,0.04432753,0.042627472,0.043616172,0.04254195,0.041286156,0.039760213,0.044584293,0.038186338,0.043303423,0.03893799,0.045916703,0.038426034,0.03807543,0.040489845,0.043795798
0.041842826,0.043095328,0.040508304,0.0421414,0.04314459,0.041521557,0.040393077,0.04251075,0.041583356,0.043511212,0.043680586,0.04334128,0.042149436,0.041600708,0.039668266,0.04380451,0.038082447,0.04254577,0.038390953,0.044033486,0.039323747,0.03913842,0.040578865,0.04340911
0.041704383,0.043884043,0.039691422,0.042640053,0.042546023,0.040853426,0.040565398,0.04259786,0.041545257,0.04383251,0.04270718,0.044681422,0.042038284,0.042893983,0.03894622,0.043912187,0.038292315,0.043685976,0.038358938,0.04405873,0.040114302,0.038266614,0.040133573,0.04204988
0.04178483,0.04460836,0.040475827,0.044207934,0.042906344,0.039756708,0.04084613,0.042149674,0.042426847,0.04291252,0.041276153,0.04556652,0.041228823,0.042571623,0.038552087,0.04394093,0.03856507,0.043010447,0.039526504,0.044113733,0.03956917,0.03807533,0.039968025,0.041960407
0.04102793,0.045336038,0.04058663,0.043918025,0.042711515,0.04026874,0.040981293,0.041077822,0.0429511,0.043297727,0.040678233,0.04579689,0.040517647,0.04058241,0.03795146,0.043355256,0.038512904,0.04349578,0.041847296,0.046110995,0.039487023,0.038096767,0.039739598,0.041670978
0.04174265,0.046192467,0.041460715,0.043776046,0.041663434,0.040682398,0.040395267,0.04084461,0.041351378,0.043896645,0.041582618,0.045954343,0.040366624,0.040464513,0.038417242,0.04400989,0.037245657,0.043814488,0.041185956,0.04502963,0.039049562,0.038574338,0.040685162,0.04161436
0.0436205,0.045604035,0.041711178,0.043705534,0.041810762,0.04109296,0.039950162,0.040917005,0.041099343,0.044237815,0.041222755,0.04483995,0.038985938,0.04137083,0.039543066,0.04307762,0.037746128,0.044181496,0.039036676,0.04464763,0.03895791,0.038750686,0.040484738,0.0434053
0.04287673,0.045063578,0.04078541,0.042492025,0.0429959,0.040492464,0.041263457,0.04284782,0.041596286,0.04374453,0.040572077,0.044793706,0.039954245,0.041300163,0.03864012,0.04225299,0.039578103,0.04453049,0.039460715,0.045222297,0.03870131,0.03809204,0.040150117,0.042593453
0.0413502,0.04453184,0.039009742,0.042815514,0.0431449,0.039774124,0.041724246,0.042959318,0.042405095,0.044162758,0.042162023,0.044249944,0.042548515,0.04056496,0.03853948,0.04377373,0.03814311,0.04355598,0.040228073,0.044272445,0.03935429,0.038087577,0.04082199,0.041820157
0.04175668,0.044592727,0.038854923,0.04315179,0.042842947,0.039207883,0.041531812,0.04268846,0.041880086,0.044286273,0.042466406,0.043366954,0.04283043,0.03977785,0.039599173,0.044518463,0.036693823,0.04323718,0.04037321,0.043843485,0.039219256,0.03903934,0.0409508,0.043290004
0.04247611,0.04475337,0.039449546,0.043969586,0.043113448,0.040111136,0.040975768,0.043273002,0.042888306,0.044298135,0.0419352,0.044112768,0.04178123,0.040516593,0.04054502,0.043432403,0.0362667,0.042307556,0.03932192,0.043674566,0.038954537,0.038588904,0.04060894,0.042645257
0.04084909,0.04602934,0.04145067,0.043052785,0.042547636,0.040152352,0.03969482,0.041919094,0.04266489,0.04535385,0.04215484,0.044602543,0.040986743,0.04186962,0.039768215,0.04270506,0.036906514,0.042269483,0.039738297,0.043964423,0.03927999,0.039118513,0.040898718,0.042022455
0.041682586,0.046522893,0.041961025,0.04245211,0.04176461,0.039763473,0.040873334,0.041769784,0.042064227,0.04618024,0.041887183,0.04400886,0.04032812,0.04073106,0.039444897,0.043166287,0.03825814,0.04219609,0.038942203,0.042865656,0.040475618,0.03865247,0.04070459,0.043304563
0.041976586,0.04523882,0.041284915,0.04167396,0.0420606,0.03922926,0.042708423,0.043534204,0.041789304,0.046195123,0.04185623,0.045464303,0.040557873,0.03995628,0.038403366,0.044399478,0.03684493,0.04287555,0.03900419,0.04266824,0.0411514,0.03844748,0.039592046,0.043087464
0.041441042,0.04543949,0.040662978,0.04230215,0.042794697,0.03987077,0.040636938,0.043613393,0.039701898,0.043913588,0.04139349,0.04511998,0.041372597,0.040429085,0.03865581,0.04519997,0.037091915,0.044451226,0.04030239,0.044417214,0.039917476,0.03824195,0.04010841,0.042921506
0.040894814,0.045278743,0.0416589,0.042883378,0.04328253,0.03919504,0.03986329,0.043903504,0.03912938,0.04467828,0.042116825,0.04458141,0.039990604,0.041880347,0.03790945,0.04491288,0.037120305,0.044101417,0.04190136,0.043251205,0.03828038,0.037898146,0.04194512,0.04334269
0.040840536,0.04545341,0.04210652,0.044370968,0.042136442,0.039055493,0.039904308,0.04531588,0.04038136,0.043847438,0.04179065,0.043169316,0.040424477,0.041925363,0.039335255,0.04408744,0.036889665,0.043091014,0.039927952,0.04264364,0.040826373,0.038522426,0.041325413,0.04262866
0.040837962,0.045678947,0.041043688,0.043947946,0.041069034,0.03995364,0.038550865,0.04466167,0.039823137,0.04337803,0.04283869,0.043037836,0.041343756,0.042467628,0.039338466,0.044662017,0.037064087,0.042295776,0.03861807,0.043868467,0.042323537,0.039962735,0.04093205,0.042301986
0.041420903,0.044907697,0.04076327,0.042561106,0.041736495,0.039326813,0.039693516,0.043552253,0.041224103,0.04296595,0.042203795,0.043851525,0.04187631,0.041133855,0.039216552,0.045199867,0.03738723,0.044199754,0.039711166,0.04469838,0.040320758,0.039887473,0.040211126,0.041950148
0.04126534,0.04542912,0.042004365,0.044138398,0.042258482,0.03859352,0.0404557,0.044310264,0.041399118,0.044122875,0.041786704,0.0445799,0.04205564,0.03971209,0.039311927,0.043758865,0.037083894,0.044069175,0.040172823,0.043686856,0.039277934,0.03800545,0.040839087,0.041682485
0.041380566,0.04664706,0.0416254,0.04298758,0.041771904,0.038675535,0.040757217,0.0446283,0.041492082,0.04573057,0.04129072,0.044831526,0.042035397,0.040321026,0.03934971,0.043635175,0.03578728,0.043806303,0.03937468,0.043323264,0.040291533,0.03806331,0.039862838,0.042331006
0.041027445,0.04576245,0.040455908,0.04223019,0.041345086,0.040257245,0.04161774,0.0441883,0.042463552,0.04613491,0.042180486,0.044945233,0.042494714,0.04162179,0.039271254,0.043900743,0.036276616,0.0436082,0.03893613,0.0427966,0.038814135,0.038836915,0.03893192,0.04190245
0.040458247,0.045728054,0.039595153,0.04295318,0.041146465,0.03964279,0.041576084,0.043930814,0.042098302,0.043476246,0.043242387,0.04581899,0.043183528,0.041119236,0.039185762,0.04456051,0.037084535,0.043950975,0.039879486,0.041568104,0.03859052,0.039421383,0.03940569,0.042383622
0.04284994,0.04736593,0.040573582,0.04212759,0.04118387,0.03863186,0.04155672,0.043149985,0.04101043,0.04478249,0.04375237,0.04538407,0.042702552,0.040018443,0.037299678,0.044346213,0.037120257,0.044832315,0.040528838,0.041736357,0.038592193,0.038930945,0.039812814,0.04171059
0.04179433,0.047632083,0.04171287,0.043024,0.04039212,0.039153036,0.042027626,0.04272981,0.0414055,0.046868622,0.04276151,0.045395806,0.041693203,0.038766146,0.03661121,0.04376237,0.037419703,0.043699954,0.041471723,0.043865923,0.040400084,0.038089283,0.039095175,0.040227905
0.040969864,0.046679642,0.040141426,0.042958997,0.03997928,0.04021207,0.04112857,0.042968526,0.042667788,0.045151338,0.04064966,0.04514059,0.042023446,0.039688636,0.037661783,0.041121844,0.03856203,0.045996487,0.04215377,0.045265988,0.04018296,0.0380006,0.04067197,0.04002276
0.04274427,0.046372227,0.04033758,0.043056518,0.041993268,0.038783923,0.041173078,0.043072816,0.040267624,0.045813303,0.04037718,0.04563763,0.041413967,0.039670028,0.037949394,0.04124683,0.038291957,0.04615322,0.041305717,0.044807237,0.04048096,0.03874189,0.040313616,0.039995693
0.04134711,0.04713784,0.04132888,0.043279625,0.040974684,0.038476966,0.041236144,0.04360537,0.039712727,0.045912948,0.040131714,0.045011345,0.042185593,0.038931433,0.03742449,0.044250358,0.035108477,0.046127245,0.043090418,0.043297593,0.040476173,0.039864685,0.040196005,0.04089217
0.040026516,0.047452245,0.0412609,0.043274418,0.040283967,0.039555404,0.040294293,0.044435322,0.03952813,0.04495906,0.041293815,0.04499574,0.042383626,0.039739802,0.038992636,0.044536185,0.035679422,0.045458455,0.042447343,0.042934604,0.03789649,0.040482853,0.04208087,0.040007904
0.03971685,0.04757922,0.04031068,0.044962883,0.039958015,0.03895167,0.03998873,0.043622755,0.041553225,0.04444534,0.04165848,0.04327238,0.04192708,0.03982951,0.040429927,0.043365274,0.03669294,0.044759486,0.042345777,0.044106487,0.036645185,0.04019129,0.04168946,0.04199742
0.04156463,0.046760768,0.04070294,0.04352233,0.04003654,0.039910767,0.04100988,0.042804938,0.04330721,0.04438284,0.040905267,0.04453492,0.041193713,0.041173715,0.04072799,0.042669214,0.036214467,0.045575984,0.0408035,0.04397258,0.038636293,0.03821816,0.04072866,0.04064269
0.04173554,0.04635565,0.040997684,0.042928062,0.040207762,0.040688425,0.039240595,0.04506857,0.041937396,0.04684287,0.041315787,0.04506473,0.041261744,0.04050599,0.03954506,0.04274457,0.03493112,0.04466222,0.039467104,0.04416389,0.04019165,0.038165707,0.040707678,0.041270137
0.04265003,0.045754623,0.040090457,0.042548575,0.041113883,0.039215647,0.040606085,0.045891553,0.040467348,0.04768352,0.040716402,0.044323765,0.042106196,0.04055345,0.03885816,0.042838257,0.033849657,0.044756502,0.04071165,0.044369265,0.040312335,0.03856946,0.04058542,0.041427754
0.042761687,0.046750557,0.041667674,0.042317916,0.04222674,0.038362224,0.04184522,0.045246124,0.03951724,0.047138423,0.04054269,0.04661569,0.041397594,0.041404106,0.037203517,0.0443934,0.03428712,0.044496298,0.04159099,0.042829998,0.038622092,0.038740236,0.039814383,0.040228095
0.041774485,0.0474409,0.042608354,0.0433068,0.040541183,0.038836494,0.04053521,0.04530032,0.04038973,0.045566805,0.040165126,0.04797181,0.040678293,0.041749883,0.037720103,0.044369392,0.035925318,0.044511274,0.040779367,0.043347754,0.038610727,0.03868282,0.040474914,0.038712975
0.038958922,0.045398347,0.04070026,0.04339098,0.040976964,0.03851163,0.041870162,0.04455961,0.040162127,0.045593522,0.03998669,0.04669973,0.042520966,0.041082002,0.03973508,0.04348658,0.035828438,0.045215063,0.0423966,0.045649353,0.038354076,0.03851463,0.041160673,0.03924762
0.038927205,0.04617457,0.04179529,0.043601405,0.042426556,0.038873825,0.03971275,0.043601688,0.038151674,0.04632253,0.04051687,0.046244707,0.045354478,0.042125486,0.03939577,0.04323967,0.033370636,0.04413916,0.04345635,0.043486014,0.03731868,0.039436184,0.04068511,0.041643348
0.038857717,0.04862742,0.04224762,0.043555047,0.041435067,0.038262665,0.039492536,0.0431373,0.039986342,0.04640899,0.041535147,0.045171496,0.04680955,0.04108988,0.03812532,0.043613505,0.03134408,0.04286521,0.04406133,0.043499157,0.036817648,0.040613033,0.041033268,0.04141065
0.040878385,0.04926535,0.039384257,0.04453264,0.04222107,0.039036747,0.041174028,0.042503294,0.038781434,0.04732619,0.0424992,0.04606928,0.04777405,0.04392212,0.036480457,0.042422906,0.030442083,0.043824587,0.041784912,0.044041406,0.037759084,0.040024865,0.0387175,0.039134093
0.04035188,0.047396954,0.037519146,0.045385767,0.043106902,0.038840268,0.04051205,0.042788148,0.040144384,0.04790694,0.04155399,0.046083495,0.04553363,0.04220689,0.039388612,0.041797973,0.031866472,0.044778332,0.041267492,0.045799512,0.039385445,0.0401658,0.037265524,0.03895434
0.040199775,0.045239486,0.038605217,0.043616224,0.041569706,0.039001223,0.041906644,0.044392474,0.04008062,0.04748541,0.04191833,0.04594196,0.044641376,0.04157293,0.03933301,0.04233809,0.033563387,0.0458024,0.041967187,0.046222042,0.0400419,0.038319465,0.037974726,0.038266357
0.040947713,0.045394827,0.039575167,0.043450862,0.04219687,0.03874145,0.041841928,0.044430904,0.03954447,0.047110207,0.04231366,0.047556117,0.044336546,0.041359928,0.03902177,0.04308213,0.032979,0.046164986,0.041909255,0.044841688,0.03903332,0.03759637,0.037811957,0.038758907
0.0398935,0.04514247,0.03917969,0.044900924,0.04301892,0.03872701,0.041839354,0.045326486,0.041174043,0.04753888,0.042175204,0.048095595,0.04458074,0.04043191,0.037603017,0.04232948,0.033721052,0.045883182,0.041804053,0.04436391,0.0389621,0.037788533,0.03726308,0.038256902
0.041186165,0.04644679,0.039666083,0.043780018,0.041919094,0.039442167,0.043544576,0.047108207,0.04026628,0.0459424,0.04021828,0.048818976,0.04588835,0.04105032,0.035241675,0.042097043,0.03466144,0.045083925,0.043350995,0.04279985,0.038741775,0.038373757,0.037160423,0.037211448
0.03979424,0.04827013,0.039307896,0.04547925,0.041532863,0.038977284,0.043678626,0.04735977,0.039127704,0.04782803,0.03884221,0.048463777,0.043837454,0.04218727,0.03585669,0.042800285,0.034764655,0.045542967,0.043290086,0.04139473,0.038282588,0.03938457,0.03532126,0.038675677
0.03858476,0.049077258,0.03903898,0.04574369,0.04008344,0.039479196,0.041905522,0.048097283,0.038400836,0.047499795,0.039875556,0.048574887,0.04643101,0.040453788,0.03690196,0.04472363,0.034267638,0.047596455,0.04019955,0.040980846,0.038919322,0.04032034,0.035756283,0.037087947
0.04119564,0.047514636,0.03864928,0.04441859,0.03909532,0.03695935,0.043940518,0.047223564,0.038510807,0.046606492,0.042285178,0.04758906,0.047594704,0.040736586,0.037370645,0.04596672,0.032883514,0.046635788,0.0399752,0.040230907,0.038746674,0.04059435,0.037275832,0.038000662
0.04101268,0.0479986,0.039225727,0.045553345,0.03994187,0.03748953,0.04261992,0.044138297,0.03917099,0.046960298,0.040940814,0.046395637,0.04414043,0.041160524,0.03792554,0.044938847,0.03322779,0.047196373,0.04220939,0.043288257,0.0375074,0.040439483,0.037832737,0.03868556
0.039332785,0.04974526,0.04024313,0.044320956,0.0406983,0.03889934,0.04030563,0.042935953,0.039466437,0.047486443,0.041688006,0.045944553,0.0437614,0.041318595,0.039383154,0.0435144,0.03417841,0.046901077,0.0427386,0.045071993,0.03775516,0.03885373,0.038862377,0.036594346
0.038827658,0.0477281,0.038153112,0.043944754,0.041789938,0.038322903,0.041047852,0.044147402,0.04155772,0.04777454,0.042268373,0.04701236,0.043437105,0.041928437,0.038517497,0.04160207,0.034358505,0.0453159,0.042962525,0.044342667,0.040487558,0.03901456,0.03857929,0.036879186
0.039678555,0.04796953,0.039470688,0.04472582,0.042153303,0.036771875,0.041615337,0.043919638,0.040920936,0.048073556,0.041589115,0.04681161,0.042988934,0.041322578,0.038030922,0.04248026,0.03389836,0.046645507,0.042208925,0.043390267,0.041217025,0.039117258,0.03734688,0.03765313
0.040810797,0.04790982,0.04153541,0.043598004,0.04283404,0.03753224,0.041934583,0.045373112,0.039745685,0.049005333,0.041669745,0.04757297,0.043532122,0.03964798,0.037263032,0.041980606,0.03422425,0.04719151,0.040439498,0.043814965,0.039824445,0.039169557,0.037041184,0.036349084
0.03901896,0.047126804,0.04086166,0.042911626,0.04303885,0.037196606,0.041681953,0.045370664,0.040347375,0.04762424,0.04220784,0.04848075,0.044289544,0.039801832,0.03776272,0.0433703,0.03321165,0.046130292,0.040897086,0.043969788,0.041372165,0.039924406,0.036135223,0.037267707
0.03882743,0.0474922,0.040942773,0.043308046,0.039922614,0.037785262,0.038940955,0.045221895,0.04201814,0.046612438,0.042353768,0.04936739,0.044365525,0.04018342,0.039182242,0.044457346,0.034761887,0.0459501,0.039768368,0.0449501,0.04074472,0.038871706,0.036682412,0.03728926
0.039981507,0.047858387,0.039411373,0.042432804,0.04131092,0.039291788,0.038971994,0.04440569,0.04129745,0.0470101,0.041934244,0.048506837,0.044588063,0.04054922,0.04022676,0.04119272,0.03429424,0.047827274,0.041939016,0.046670623,0.040671993,0.036591668,0.03678524,0.03625009
0.04011784,0.04788726,0.041697446,0.04266457,0.04054127,0.03832751,0.04239192,0.043349013,0.041289367,0.04896009,0.04124103,0.04755505,0.044338457,0.04004714,0.040046837,0.041878916,0.032126516,0.04741989,0.042964302,0.046379182,0.040934235,0.034979157,0.03683511,0.036027882
0.041099258,0.047348928,0.043223564,0.043410726,0.039673362,0.038358115,0.040874444,0.044639483,0.03980272,0.04836009,0.0409855,0.049238566,0.045835968,0.04144762,0.03732386,0.042465284,0.03196267,0.046023525,0.043379817,0.044612646,0.039152812,0.035898246,0.038795587,0.036087234
0.040892262,0.048151504,0.041861795,0.043940507,0.03993504,0.039301842,0.0395173,0.044838957,0.04077383,0.04922669,0.04033963,0.049487643,0.0455959,0.042958345,0.03768458,0.04268765,0.031317562,0.045852233,0.041934837,0.04507123,0.039016105,0.036872752,0.038320784,0.034421038
0.041034307,0.048086796,0.04307576,0.042592805,0.038964067,0.03900571,0.042099997,0.045448408,0.04171939,0.049626734,0.041369367,0.047488343,0.044600762,0.042560853,0.03657687,0.042017672,0.032455772,0.045670856,0.04228367,0.043699894,0.040632904,0.03658327,0.036418125,0.035987668
0.041360144,0.048290197,0.042903133,0.040612523,0.03973375,0.03926967,0.043925367,0.046724666,0.041039895,0.048871018,0.041781664,0.046700995,0.046577957,0.04105159,0.034684498,0.042579282,0.032691523,0.04694102,0.043873105,0.04314755,0.04017333,0.035526678,0.036624346,0.03491617
0.041168127,0.049864314,0.04238416,0.04138922,0.03771517,0.040076498,0.044619475,0.04843009,0.04045871,0.048609234,0.040504914,0.04800958,0.046835743,0.038492084,0.036265325,0.042498462,0.03280222,0.049246337,0.04193863,0.0428642,0.039539542,0.036249556,0.03717731,0.03286114
0.0389772,0.048732236,0.042301007,0.043985996,0.03673257,0.040811453,0.04385941,0.047142684,0.041480288,0.04638767,0.03997228,0.047387388,0.047235496,0.036896132,0.038526624,0.04298949,0.0350462,0.048759095,0.04192895,0.044029355,0.040440787,0.034851186,0.037507016,0.034019478
0.037590384,0.048848912,0.042969808,0.0441571,0.03891686,0.040421084,0.04300964,0.04659775,0.040755183,0.045780163,0.03942043,0.048164953,0.04534651,0.036462404,0.03926193,0.04191484,0.03554555,0.048425104,0.042146266,0.04484403,0.04032512,0.036443066,0.03801419,0.034638707
0.038112745,0.04876219,0.042605527,0.04339362,0.03942228,0.040762335,0.042840138,0.046930246,0.03929801,0.044872075,0.038412753,0.049362734,0.044315822,0.038562942,0.0407989,0.04108284,0.033995744,0.04820736,0.041635018,0.04359781,0.041331545,0.038130663,0.037606306,0.035960402
0.03792618,0.05077814,0.03872511,0.04349794,0.0400264,0.040300492,0.041978445,0.04622824,0.04025636,0.044934098,0.03915831,0.048629783,0.04352736,0.038678583,0.040264226,0.0414537,0.034414478,0.048022915,0.0416679,0.044423003,0.042899456,0.03902335,0.036575947,0.03660959
0.03821353,0.051190764,0.039433833,0.04288389,0.039331764,0.04140234,0.042296764,0.04564161,0.039516684,0.046528056,0.042288687,0.047223046,0.046082713,0.040430807,0.038900677,0.040913746,0.033947583,0.046737723,0.04153608,0.044710178,0.04023087,0.038359657,0.037935555,0.034263443
0.038850967,0.05167511,0.040945884,0.044454582,0.039268788,0.041393567,0.04281627,0.045734026,0.038726307,0.04650681,0.039432876,0.049017236,0.04738189,0.041814458,0.038805604,0.04180741,0.034498107,0.045085236,0.040029656,0.045274343,0.038291138,0.037853077,0.03768842,0.032648273
0.03958133,0.05154189,0.039855085,0.04448001,0.040633786,0.04122235,0.04272038,0.045172013,0.038530763,0.046665017,0.038540985,0.048642863,0.045945115,0.040348254,0.038330734,0.041309565,0.03364608,0.046251874,0.040739074,0.046026327,0.039733674,0.038213078,0.036945317,0.034924414
0.038390417,0.050410498,0.040932104,0.042208035,0.0404897,0.040731497,0.044551097,0.044984054,0.039114434,0.048024267,0.04018381,0.04662447,0.044996366,0.039295204,0.040100273,0.041588105,0.035631806,0.046480995,0.042108197,0.04535612,0.03874883,0.035422187,0.038358103,0.035269488
0.037232034,0.050979402,0.041449286,0.04285596,0.03945092,0.041796025,0.044857025,0.044993553,0.038874753,0.047060173,0.041845027,0.046588965,0.046152227,0.040469557,0.03858428,0.04128513,0.03646337,0.046100836,0.042144947,0.04471394,0.038907625,0.03461652,0.03867236,0.03390605
0.036727976,0.05076196,0.04070304,0.04469733,0.040718883,0.04117502,0.043743715,0.045291606,0.0391445,0.045254882,0.04132196,0.04726227,0.046362076,0.038414698,0.038638756,0.040589605,0.035103228,0.048714485,0.043144666,0.04433539,0.039164122,0.03696555,0.03749349,0.034270838
0.0379343,0.051564187,0.04297195,0.0436984,0.041776348,0.03970945,0.042153396,0.045454048,0.038181685,0.04548048,0.039160635,0.04935734,0.046635225,0.038207304,0.03808354,0.04406699,0.033659317,0.04709494,0.043566532,0.043495636,0.03965685,0.03718138,0.035359353,0.035550706
0.03807449,0.050583653,0.043148164,0.043168288,0.042063035,0.041539352,0.040804587,0.045646597,0.03908213,0.044446446,0.039548557,0.050544895,0.044997614,0.03834365,0.03831423,0.043092065,0.034723155,0.046474848,0.043023698,0.04470693,0.040262744,0.036819197,0.03419125,0.03640044
0.037024364,0.050285526,0.043087233,0.044085026,0.042183246,0.041835636,0.04296108,0.046202164,0.038709164,0.045424987,0.039143354,0.051077493,0.044061065,0.039948143,0.038849317,0.04166875,0.0361137,0.04637234,0.04327644,0.04423061,0.03832742,0.03625443,0.035247803,0.03363068
0.038342535,0.049878806,0.0403986,0.044749733,0.042319357,0.041224033,0.04176234,0.044599455,0.038342677,0.04581516,0.04030362,0.049446374,0.046565637,0.03998441,0.03977595,0.040865984,0.035088666,0.046833243,0.042250868,0.045687143,0.039654236,0.035271633,0.037149113,0.033690438
0.04030398,0.048617914,0.041259237,0.045092523,0.040769797,0.041498885,0.041834664,0.042590156,0.038256593,0.045894127,0.04073261,0.04731512,0.04697864,0.0404179,0.039432015,0.038006976,0.035481077,0.046497967,0.042035706,0.04755578,0.040584516,0.035607412,0.037770092,0.035466366
0.038569205,0.04954872,0.04194005,0.045794908,0.03935298,0.042121064,0.042811666,0.04494543,0.038627144,0.046883076,0.0401225,0.048644565,0.045074403,0.041328978,0.039797477,0.037612844,0.036670562,0.04614587,0.041491438,0.045002125,0.040036235,0.036984585,0.037276298,0.03321786
0.036627132,0.050499268,0.042295206,0.044541508,0.038639348,0.04245047,0.042729963,0.04646662,0.03974107,0.047246404,0.042461812,0.050952703,0.044404745,0.041537315,0.03867064,0.03929006,0.036197226,0.04572881,0.041619573,0.04267876,0.04062579,0.03742219,0.034793634,0.03237969
0.036141038,0.050520465,0.04294775,0.044333905,0.039458532,0.043636557,0.043112617,0.045891777,0.039407127,0.046486538,0.04224862,0.05048269,0.04484167,0.041163396,0.037796494,0.040277,0.036034234,0.04428066,0.042885788,0.04352274,0.039490417,0.037894227,0.03524953,0.03189619
0.035335384,0.052456133,0.041403342,0.045383386,0.040114935,0.044316184,0.041657694,0.04558788,0.03678988,0.04643831,0.041202236,0.051304985,0.044491433,0.040838167,0.038504604,0.04017981,0.036073174,0.045560636,0.041745186,0.045369916,0.03898416,0.038186274,0.03544109,0.032635223
0.035133347,0.053393792,0.042814214,0.04486158,0.040419787,0.04105433,0.04275281,0.04369589,0.03588208,0.045314007,0.042133987,0.050794225,0.045321308,0.037663482,0.039203398,0.041393705,0.036171008,0.04673136,0.044801462,0.044620413,0.038895704,0.038388953,0.03544528,0.033113837
0.035744775,0.05249,0.04163675,0.044455163,0.042445872,0.04085739,0.04436497,0.04457758,0.037169024,0.044787213,0.04186333,0.049674492,0.046282392,0.0391714,0.038587973,0.04176312,0.034862816,0.044698484,0.045231197,0.043023318,0.039191432,0.03848136,0.03576288,0.03287708
0.037109934,0.053343028,0.041612476,0.04396275,0.042714074,0.041084472,0.043361884,0.046441797,0.038540274,0.043893673,0.041334458,0.049807295,0.04652805,0.04049362,0.03905622,0.041515958,0.03331557,0.044570614,0.04379445,0.042318247,0.03811022,0.037196316,0.035460938,0.034433685
0.037128467,0.0524489,0.04205153,0.045289915,0.043551993,0.041085888,0.04228372,0.04483892,0.038539905,0.04590497,0.04065035,0.051020987,0.043962583,0.04096919,0.03774587,0.041982938,0.035487097,0.044335794,0.043521956,0.042246815,0.037671495,0.037135925,0.034874454,0.03527035
0.03771295,0.05136022,0.041198067,0.04476013,0.04270376,0.042125933,0.043156013,0.04471807,0.037530143,0.04688242,0.039973393,0.052561104,0.042959943,0.042201318,0.038225107,0.040850826,0.03589001,0.043965578,0.04309958,0.04365613,0.037345253,0.03716977,0.035008945,0.034945343
0.038909808,0.052541036,0.039853543,0.042384632,0.041779015,0.04140391,0.044643357,0.045456626,0.037038926,0.046439596,0.039494615,0.050826143,0.045289617,0.040392067,0.038776625,0.039950345,0.035541225,0.04681105,0.042913865,0.045929685,0.036321707,0.03688057,0.03620976,0.03421228
0.038034372,0.052829787,0.040040303,0.04331852,0.04218511,0.04226178,0.043525998,0.044595376,0.03554038,0.046999913,0.040403835,0.05008439,0.045390468,0.040088028,0.039123714,0.03901699,0.036709473,0.04826691,0.042800277,0.04479366,0.03809445,0.03627142,0.035337277,0.034287613
0.037676122,0.052272968,0.040384732,0.0438253,0.040671155,0.04336727,0.04253187,0.046264287,0.037957683,0.045995727,0.037996966,0.049515694,0.045127563,0.041066438,0.037571833,0.03873412,0.03727082,0.04830051,0.042363066,0.043840013,0.03983951,0.037999604,0.03522723,0.034199595
0.036436558,0.05033684,0.039557956,0.04332286,0.041484613,0.042541273,0.041899584,0.04655174,0.04120178,0.046744756,0.03860145,0.049472332,0.046035785,0.040319875,0.037903927,0.03960572,0.035188783,0.047946956,0.043199454,0.045231864,0.04050706,0.03653505,0.035636988,0.033736773
0.03540397,0.050355848,0.039247945,0.043412324,0.04334207,0.0421233,0.041854627,0.045749545,0.04054053,0.04537729,0.038776163,0.049489893,0.046992134,0.038914025,0.038727704,0.04045384,0.035092577,0.04839685,0.044021305,0.0441939,0.040739644,0.036903057,0.035419375,0.03447206
0.034316175,0.050378367,0.03986089,0.043026224,0.042545553,0.04236759,0.043501973,0.0447804,0.039164923,0.04611885,0.03962789,0.048563987,0.04677769,0.03976119,0.037380956,0.040419012,0.0356868,0.047904454,0.044817954,0.044190675,0.04163943,0.03698596,0.03622316,0.033959933
0.035177585,0.051789496,0.040121075,0.043468703,0.041950554,0.041451864,0.042278506,0.044335745,0.038710576,0.04607633,0.03955523,0.04910622,0.045518167,0.03854509,0.04148193,0.039860494,0.035442743,0.04669025,0.044657342,0.04592919,0.04037386,0.038169853,0.035526484,0.03378268
0.035071153,0.05277258,0.039471604,0.0444306,0.04206165,0.040890276,0.042794812,0.045101464,0.038632266,0.04605209,0.040960968,0.04981381,0.045903105,0.03976088,0.041505743,0.03953032,0.034518775,0.0466308,0.043100838,0.044994783,0.03748482,0.038783677,0.03607693,0.03365611
0.03532834,0.051260576,0.03841732,0.044744827,0.041188583,0.040540516,0.04253335,0.0453902,0.038575407,0.048060324,0.04259533,0.04956273,0.047818027,0.040465098,0.03906653,0.038277578,0.03490172,0.047472503,0.04248359,0.04552816,0.037361037,0.03816049,0.036631167,0.03363659
0.03606307,0.051717788,0.037924767,0.044697303,0.04194741,0.041070107,0.04333667,0.044992782,0.038485315,0.045514982,0.040275626,0.05034042,0.04604176,0.041125454,0.03915092,0.03672616,0.036094353,0.0473261,0.042915575,0.046984196,0.03969532,0.036223657,0.03793591,0.03341438
0.038343985,0.05147298,0.038587186,0.045546733,0.042778935,0.04138291,0.04347719,0.043367572,0.039441176,0.043968413,0.03939018,0.047867756,0.044658065,0.041341238,0.038538627,0.03498257,0.036755655,0.046817657,0.045269735,0.04755903,0.040375136,0.034540493,0.039184242,0.03435249
0.036443297,0.050676353,0.038460333,0.04423715,0.043991894,0.041735794,0.041730374,0.042745873,0.037646815,0.044407677,0.039493363,0.04766016,0.045983404,0.041097388,0.040689398,0.036242094,0.036564495,0.04865917,0.045369193,0.04841085,0.03959053,0.035903595,0.037049156,0.03521165
0.03528246,0.05161168,0.039417956,0.04439274,0.043313522,0.039731104,0.04210652,0.04240757,0.03686081,0.045153134,0.041437086,0.048215505,0.045600798,0.0424761,0.041761324,0.03814491,0.033200756,0.047461502,0.04640157,0.0476757,0.037184708,0.037321255,0.037017956,0.03582333
0.038280446,0.05177798,0.040014718,0.045582168,0.0428749,0.039558753,0.04177813,0.04357657,0.037069254,0.04587267,0.040507127,0.046467308,0.045988526,0.043060426,0.040551297,0.037311714,0.03206325,0.047045104,0.04717587,0.04590342,0.037200283,0.03740719,0.03712435,0.03580856
0.036721632,0.050638262,0.038246863,0.045751076,0.04317604,0.04178348,0.044923823,0.04495069,0.039189428,0.045923214,0.039516028,0.047599062,0.0482238,0.03992412,0.0396839,0.03486576,0.03125453,0.04828129,0.048800167,0.04536635,0.038604397,0.035768624,0.035655014,0.035152458
0.034904636,0.050058775,0.037113473,0.042795975,0.042112913,0.040693305,0.045551337,0.044531442,0.038889505,0.04696235,0.04114745,0.04868001,0.048030056,0.040376104,0.03870794,0.0383434,0.031698037,0.04903395,0.04663138,0.044426467,0.03775921,0.036898367,0.03829827,0.03635569
0.03730983,0.050835293,0.040329613,0.043686543,0.042571824,0.040295806,0.042286295,0.04276131,0.036966123,0.047724362,0.040050067,0.049336176,0.0436478,0.041343573,0.03899161,0.04187283,0.031669095,0.048803676,0.04330041,0.043356497,0.037416097,0.03838845,0.040719893,0.03633678
0.03812364,0.051682565,0.04112832,0.042700652,0.042500168,0.04200745,0.03963561,0.04319211,0.038797732,0.04626298,0.040137384,0.04792686,0.04320858,0.040792584,0.04041587,0.039678674,0.032182816,0.047302786,0.043521095,0.044349115,0.039965287,0.03704839,0.03896304,0.038476225
0.03718273,0.052719932,0.03908172,0.041368935,0.041092467,0.040647898,0.04133024,0.0434269,0.03927819,0.047346905,0.04062728,0.048498776,0.043211114,0.04007307,0.041222017,0.038739502,0.034004945,0.047348287,0.04277105,0.045745544,0.039190754,0.03719089,0.038995795,0.038905025
0.03937735,0.05059284,0.040647,0.042168926,0.040589724,0.041158095,0.043397836,0.0465682,0.037473444,0.048491415,0.0401116,0.04792572,0.044273816,0.04128389,0.03811811,0.03982173,0.03430666,0.049152225,0.0435157,0.043401875,0.03799178,0.035686664,0.036866132,0.03707926
0.039306268,0.050619144,0.039286327,0.04312919,0.041306846,0.040622286,0.044535376,0.0459348,0.03601764,0.049539257,0.0398587,0.047078878,0.04489664,0.039354593,0.038715698,0.040274974,0.030905792,0.05082953,0.045180738,0.04184015,0.039573632,0.037481498,0.036589243,0.037122745
0.037988324,0.052100256,0.037703685,0.04332863,0.04280132,0.040603988,0.044866376,0.042924713,0.032467034,0.04897881,0.04152831,0.045781434,0.046423245,0.039400645,0.040624253,0.041674364,0.031303618,0.050029125,0.044706453,0.042096436,0.036213588,0.03892883,0.038297158,0.039229404
0.03912225,0.051146932,0.039276645,0.044494264,0.044258226,0.038327955,0.04329362,0.042853698,0.035060182,0.04942108,0.040816605,0.044213533,0.04712774,0.041708525,0.038798243,0.04099427,0.032339726,0.046214856,0.04496533,0.04510726,0.034006394,0.038073245,0.038845994,0.039533384
0.038120687,0.0522085,0.038909644,0.04489816,0.044241745,0.038191397,0.043624334,0.04318058,0.03699603,0.049206357,0.039979395,0.04337121,0.046208173,0.043464962,0.040231913,0.0379877,0.03316758,0.04689447,0.04495034,0.04518019,0.036512338,0.037834153,0.03874768,0.03589253
0.036996722,0.051696267,0.0377485,0.043598,0.044434767,0.03974611,0.04514365,0.04357196,0.037287153,0.049156807,0.041785143,0.044023048,0.045404267,0.042149402,0.04089066,0.038347308,0.03390379,0.047074486,0.043328244,0.043401074,0.03868298,0.039242085,0.03643739,0.035950206
0.0387096,0.049022805,0.040094692,0.044742014,0.043682925,0.04063489,0.042419814,0.04317553,0.038009312,0.047949348,0.041971345,0.046220273,0.044900645,0.04158295,0.039806988,0.037847903,0.035486445,0.046243507,0.041523136,0.044200145,0.03710894,0.037270527,0.038168572,0.039227687
0.0370218,0.047990337,0.040245805,0.044221815,0.042240903,0.042629853,0.042198695,0.04598379,0.038539346,0.046640508,0.04160603,0.0465268,0.044073563,0.04151713,0.04007726,0.038050186,0.037468135,0.047620554,0.041156027,0.043364044,0.037297793,0.03449173,0.039532524,0.039505366
0.034072455,0.04662305,0.038447335,0.044368263,0.042953264,0.04476705,0.04043704,0.044789143,0.037776604,0.046545614,0.042056296,0.046744883,0.044968326,0.041348852,0.039916936,0.03776558,0.036291555,0.047823545,0.042132825,0.044977468,0.04008211,0.03637108,0.03905075,0.039689954
0.036959734,0.04724264,0.039051313,0.04198571,0.042821787,0.043843962,0.041355684,0.04540019,0.03814463,0.04695261,0.039126214,0.046998788,0.046096977,0.042235516,0.040166024,0.037987933,0.03504971,0.04736779,0.041540988,0.044731047,0.03882067,0.037228435,0.03911831,0.039773326
0.03905148,0.047550615,0.0391801,0.042392496,0.042101737,0.041517835,0.041482143,0.045693126,0.040582545,0.046735644,0.040609248,0.046285354,0.044965025,0.04065893,0.039728604,0.039974418,0.03575266,0.046761084,0.039580595,0.04397214,0.037803497,0.037208438,0.039239906,0.041172337
0.037260108,0.04946796,0.039149612,0.044719566,0.044013474,0.039962035,0.041947436,0.0438552,0.0384941,0.047210988,0.04154793,0.048624698,0.04419042,0.039528478,0.038508277,0.039466802,0.036960404,0.04644858,0.040016737,0.045524724,0.039364383,0.038352467,0.03820987,0.03717577
0.03735551,0.04974552,0.042217832,0.04439376,0.042549532,0.042150483,0.04250062,0.044071857,0.03696988,0.046924368,0.041052237,0.04874431,0.045088053,0.041691564,0.037494034,0.04004654,0.03695804,0.046123855,0.04026033,0.044967707,0.038928356,0.037314586,0.036938813,0.035512224
0.036995944,0.04902094,0.041125886,0.0430926,0.04249885,0.044105344,0.04082565,0.044258088,0.038022112,0.04451265,0.04233906,0.047231942,0.045715295,0.039730854,0.038920656,0.039454486,0.03866826,0.04733855,0.041254908,0.045650035,0.03750648,0.037000492,0.038609296,0.03612156
0.03694508,0.047744967,0.03869457,0.04372798,0.043655418,0.041879106,0.041479543,0.04396035,0.037843347,0.046068706,0.042462584,0.047830313,0.04349918,0.03964049,0.037913773,0.04003109,0.038568716,0.047913536,0.041106462,0.044654414,0.039476864,0.03837503,0.03966279,0.036865644
0.037198994,0.04866154,0.039629936,0.045001328,0.0427774,0.04017778,0.04224041,0.04399898,0.038029213,0.048292644,0.043153215,0.04832717,0.044036876,0.041790638,0.03589827,0.04062328,0.03454239,0.047712263,0.041102283,0.043323833,0.03998277,0.038778782,0.036838338,0.037881605
0.035522625,0.05017884,0.038819823,0.043729324,0.04348148,0.041786898,0.04351653,0.04565313,0.037661266,0.045065627,0.040633406,0.049869135,0.04730019,0.03816506,0.037493404,0.041672632,0.036146328,0.04539586,0.042793564,0.04663596,0.03944903,0.0385729,0.0358696,0.03458739
0.035669737,0.05251814,0.039897073,0.043895375,0.042599525,0.040671833,0.043328233,0.04447245,0.03815856,0.046220746,0.039099533,0.050965335,0.043485373,0.036024537,0.04006419,0.040418927,0.036935084,0.04552617,0.044223618,0.048169572,0.038982213,0.038092412,0.03508779,0.03549358
0.036235735,0.05163051,0.04004913,0.04527939,0.041883126,0.0411582,0.043990526,0.04221907,0.039465144,0.04906798,0.03936566,0.048588775,0.04097381,0.03925385,0.03902637,0.03926595,0.036688,0.046296686,0.043407906,0.045814943,0.040565506,0.03797277,0.03540304,0.036397878
0.036774654,0.048071258,0.036986925,0.04470164,0.041471574,0.04290036,0.040146966,0.044693615,0.039582346,0.048733484,0.039441563,0.048827816,0.043656267,0.039337788,0.039259765,0.038747523,0.03638012,0.050565306,0.04163734,0.046447564,0.04213739,0.036800805,0.035627294,0.03707061
0.037997168,0.048154257,0.038223825,0.04394025,0.041472502,0.039500687,0.041012686,0.04708929,0.039765332,0.047639374,0.03917365,0.05024065,0.04549753,0.040185407,0.039042305,0.041915014,0.035409436,0.048138812,0.04016569,0.045189094,0.04027304,0.037108734,0.036394086,0.03647117
0.037233055,0.05029148,0.041832253,0.044895135,0.040317927,0.039681546,0.04246002,0.043699525,0.03854379,0.0484912,0.040107023,0.050039183,0.04402683,0.040841307,0.03824288,0.04243812,0.036247365,0.045200218,0.04151534,0.044722423,0.039494924,0.036680296,0.03664765,0.036350448
0.037549224,0.052223455,0.04225556,0.04433799,0.040163077,0.041966658,0.041488383,0.04259575,0.03722911,0.047923267,0.0416359,0.04914595,0.043349613,0.039664254,0.039516956,0.039538946,0.03686695,0.045614682,0.041151162,0.04422776,0.03988693,0.037636567,0.036359835,0.037672013
