0,1,2,3,4,5,6,7,8,9,10,11,12,13,14,15,16,17,18,19,20,21,22,23
0.020474738,0.064708926,0.031694096,0.03883186,0.057109654,0.031956967,0.045937024,0.068102345,0.05484454,0.060065206,0.05535445,0.042953297,0.044500295,0.034380145,0.030593103,0.03973636,0.047275286,0.018629918,0.05279247,0.03174418,0.020321136,0.027674995,0.012537848,0.06778118
0.020474738,0.064708926,0.031694096,0.03883186,0.057109654,0.031956967,0.045937024,0.068102345,0.05484454,0.060065206,0.05535445,0.042953297,0.044500295,0.034380145,0.030593103,0.03973636,0.047275286,0.018629918,0.05279247,0.03174418,0.020321136,0.027674995,0.012537848,0.06778118
0.02043224,0.07168338,0.037746236,0.05196962,0.07979722,0.038123615,0.01913809,0.06798632,0.04372099,0.071911074,0.033746134,0.03323312,0.06303112,0.03806274,0.019463787,0.04042336,0.03333594,0.013063242,0.07403979,0.027437925,0.019956613,0.041994825,0.015257738,0.04444491
0.012284642,0.04468698,0.023421569,0.047064256,0.055776365,0.06032516,0.025451766,0.07660179,0.03730689,0.03172154,0.06076722,0.062360786,0.03709792,0.052187026,0.04288622,0.052337017,0.026733046,0.019405019,0.05544438,0.055393107,0.037483387,0.02430206,0.018560832,0.040401097
0.02524302,0.07496828,0.026264373,0.006024705,0.076184735,0.029768538,0.038842708,0.072639994,0.052687883,0.03588332,0.06345582,0.05585296,0.045728642,0.04127681,0.031000417,0.04247632,0.050331287,0.009010938,0.014532671,0.03828426,0.052737296,0.015555891,0.044772923,0.05647623
0.06254456,0.07336564,0.040360056,0.05710153,0.053769477,0.060427565,0.024485214,0.071021385,0.041045666,0.06925577,0.07165252,0.046124093,0.033648055,0.02264718,0.036596235,0.007640801,0.010424515,0.011828179,0.06442711,0.022642236,0.008776144,0.008098317,0.036701903,0.065415815
0.06518855,0.017204553,0.0048255944,0.0681338,0.020812044,0.06806287,0.037469417,0.059660856,0.032589488,0.07836048,0.05240463,0.017822182,0.08076713,0.076603174,0.06923234,0.029568922,0.022955688,0.021403369,0.057297226,0.0036230055,0.031014487,0.008125255,0.006645386,0.070229575
0.051057175,0.0104838945,0.022760337,0.07150036,0.072218135,0.07847968,0.0038384614,0.07359834,0.02277153,0.026092988,0.0715864,0.0742393,0.023519069,0.0808821,0.06252665,0.022012668,0.013569366,0.02194723,0.008678056,0.08608035,0.012576652,0.037800256,0.011551302,0.040229734
0.045160383,0.03354809,0.077360526,0.021659087,0.07289441,0.027576512,0.0028448345,0.050190657,0.013772379,0.08314424,0.07191834,0.0155737195,0.037581053,0.083559185,0.0629638,0.01851582,0.032998554,0.007421729,0.027928451,0.037561156,0.0068787043,0.0074446625,0.07378142,0.0877223
0.009613383,0.013206338,0.019473922,0.06322712,0.06626858,0.049964957,0.02038475,0.06696273,0.040555347,0.07809508,0.08185815,0.019900313,0.0050021824,0.05884596,0.0648196,0.05782916,0.047471505,0.038890928,0.019624872,0.046746284,0.004480843,0.0033975553,0.04404421,0.07933627
0.03034466,0.029616982,0.0031164465,0.0029882393,0.06522365,0.094519,0.072079286,0.0640233,0.088602774,0.009185762,0.016340319,0.054743864,0.012396249,0.027399419,0.042723473,0.09851635,0.08733375,0.0065854136,0.0016176066,0.0744608,0.04227332,0.006334219,0.0060240584,0.063550994
0.08295203,0.017379452,0.016943226,0.05134639,0.0893742,0.060508803,0.00695989,0.09005998,0.018415578,0.0442817,0.068141736,0.06946207,0.018090941,0.09190996,0.029151328,0.006525231,0.016317327,0.0067046657,0.017482284,0.08134314,0.0045411955,0.020651529,0.0037386464,0.087718695
0.020450337,0.028227182,0.031032795,0.025647895,0.07694786,0.075506814,0.006475821,0.078791864,0.06779272,0.0603283,0.030106526,0.045815036,0.07665397,0.0794004,0.023074482,0.011195739,0.005213866,0.0030541345,0.00068047683,0.050394036,0.06639263,0.013596344,0.06324548,0.059975255
0.006312411,0.033033535,0.049857125,0.059213094,0.056576177,0.061598007,0.020673115,0.023050321,0.06323334,0.063589625,0.051815845,0.06056253,0.005600518,0.06523649,0.040806513,0.0505072,0.0023803122,0.055517722,0.0446922,0.06272903,0.0088191265,0.048360888,0.03290571,0.032929163
0.019517476,0.007685928,0.029566476,0.04658012,0.06273739,0.07674129,0.0027237048,0.074003525,0.07600943,0.06523982,0.06649718,0.070448905,0.010938699,0.0711726,0.01166792,0.012991958,0.03627919,0.008281117,0.03422673,0.07305272,0.012877695,0.020221077,0.055615354,0.054923683
0.037386112,0.05997483,0.010255828,0.08961873,0.059289023,0.05440087,0.089186,0.014094854,0.05926739,0.03794718,0.031906832,0.038364287,0.075183675,0.030913217,0.029668013,0.064505324,0.016590074,0.0354638,0.008480423,0.015273708,0.071522675,0.009943211,0.0033349765,0.057428963
0.05778622,0.050238296,0.045519795,0.047127243,0.06404555,0.069480434,0.042959295,0.01373695,0.06860492,0.031416815,0.005510611,0.023566414,0.06075846,0.056577552,0.061179437,0.06548123,0.008871998,0.03921995,0.0357407,0.0026741752,0.045867275,0.015339345,0.05964767,0.028649697
0.020809608,0.03133516,0.03778783,0.014761977,0.03857152,0.070339136,0.083537534,0.049106937,0.014670161,0.068676725,0.030571906,0.054261647,0.08064155,0.062219623,0.08604685,0.081511624,0.0049939365,0.009658421,0.009070792,0.044288907,0.026713384,0.06314393,0.008440613,0.008840231
0.007801605,0.045879204,0.0038925172,0.092124395,0.06836241,0.04475381,0.054923132,0.026731392,0.013657555,0.017346844,0.011731371,0.03200317,0.06456014,0.013611349,0.08235175,0.0913147,0.078673616,0.060991086,0.015467285,0.026993956,0.026593378,0.08844192,0.0027841413,0.029009288
0.07402481,0.044999167,0.041646473,0.08372732,0.05476358,0.011647751,0.011900525,0.04972329,0.06712269,0.0031745574,0.018958349,0.010615497,0.071950115,0.068589404,0.014238721,0.061326012,0.017627722,0.0042890287,0.01267808,0.07260869,0.015477367,0.085640214,0.01639286,0.08687784
0.048751656,0.04495381,0.012091422,0.06355561,0.06108701,0.066380836,0.04709065,0.0026516356,0.0028300504,0.0012581038,0.012377794,0.0701975,0.07124343,0.012144312,0.02823649,0.0031093266,0.034434933,0.07367367,0.044365775,0.0702579,0.07449062,0.055430494,0.058187615,0.0411994
0.07315287,0.05206087,0.07927334,0.08624485,0.029902348,0.012105598,0.06787506,0.0074058813,0.061379094,0.0035782899,0.08501167,0.027715523,0.064429194,0.026714023,0.018324899,0.013566085,0.0038160053,0.06189385,0.005426973,0.06352465,0.085725494,0.015319933,0.047117367,0.008436131
0.07603458,0.0032233878,0.022052588,0.021313544,0.0009193129,0.10370993,0.046874285,0.00031339136,0.021865595,0.01295793,0.0089163855,0.021863043,0.10219703,0.039331876,0.097993314,0.04778706,0.0402457,0.0015104336,0.015923344,0.0041468875,0.10694068,0.018266957,0.10828933,0.07732338
0.07122771,0.05324342,0.01702442,0.071161054,0.0646507,0.0025825142,0.050645098,0.029826595,0.022492759,0.0009151627,0.03508577,0.052596916,0.0580261,0.01608724,0.026114175,0.06868599,0.023614137,0.022912744,0.044885043,0.021318737,0.06892455,0.036906872,0.070628315,0.070443965
0.0069128824,0.00096647814,0.0021204394,0.018903216,0.0016245318,0.012269265,0.07194791,0.00069762225,0.0417732,0.0006551059,0.019237895,0.07359339,0.10391644,0.003731316,0.0980596,0.02088151,0.12047609,0.105519205,0.010627627,0.011824936,0.08645836,0.0042528515,0.108024016,0.07552612
0.004479363,0.006858735,0.095264934,0.10794798,0.015377493,0.08698198,0.057315495,0.0037682394,0.0055732788,0.00039880205,0.0019207804,0.061111335,0.084352724,0.096678324,0.018662192,0.010889692,0.0115834735,0.029295314,0.00044333693,0.06914277,0.10888092,0.105559774,0.003248722,0.014264385
0.076215744,0.016807051,0.061437424,0.09299612,0.07065325,0.09058516,0.0005306151,0.0014391479,0.0066516497,0.0025745493,0.06030498,0.09250334,0.008449252,0.09200444,0.004375914,0.0035658074,0.011191587,0.090337485,0.0049423156,0.08039914,0.030989286,0.041630443,0.042593356,0.01682194
0.07963204,0.054305505,0.03959745,0.06268098,0.05514066,0.054894216,0.0155521305,0.0024883186,0.0012759811,0.0057777744,0.0035130905,0.0042772745,0.010554759,0.04556007,0.010194745,0.076058276,0.08006782,0.0021147686,0.05977227,0.081622235,0.08257314,0.0046606692,0.083830945,0.083854824
0.07063392,0.03138929,0.05172543,0.058557328,0.02468081,0.027182147,0.012504204,0.00012521139,0.03492523,0.0018808328,0.061062176,0.027516682,0.005260001,0.06185644,0.0044124573,0.07066105,0.07600816,0.07275188,0.066319935,0.07483108,0.011596119,0.0033583287,0.0742512,0.07651017
0.0931493,0.0047811684,0.005120423,0.0455063,0.014305061,0.0049006436,0.006379889,0.008878936,0.008155072,0.0013416342,0.01185176,0.107653,0.09125579,0.09248602,0.013513788,0.023473743,0.09928081,0.003433831,0.013086876,0.011879048,0.04908996,0.08077198,0.10225694,0.10744804
0.06861447,0.010244986,0.0024018942,0.07789565,0.0075128805,0.07378346,0.070982,0.0005444376,0.025806865,0.076117545,0.034704544,0.0031722668,0.06961379,0.078339815,0.03661852,0.056918737,0.056300174,0.043690916,0.042220853,0.044596944,0.029327367,0.0019719254,0.026473887,0.062146068
0.01011279,0.0024420335,0.067945845,0.06891445,0.048640035,0.054866225,0.001565738,0.010037138,0.06838969,0.06076243,0.06899376,0.004437373,0.012268507,0.06863896,0.06594163,0.052156687,0.05394348,0.033664465,0.040589653,0.05770722,0.01683969,0.01045422,0.054416604,0.0662714
0.0037158052,0.06021076,0.0033382014,0.043907948,0.05237421,0.0031565356,0.0044439817,0.044802755,0.043189704,0.058280993,0.06735754,0.069010586,0.0047713895,0.060703907,0.021642238,0.005942131,0.07387712,0.05931686,0.07158691,0.069533646,0.0044082776,0.061786346,0.067829154,0.04481303
0.034698542,0.076775156,0.06230636,0.08165546,0.046043273,0.04060269,0.06603241,0.0018935401,0.025471276,0.05552615,0.01435964,0.05220834,0.06708862,0.06480575,0.025024097,0.08108085,0.03377127,0.0027430763,0.056388997,0.01153633,0.008006155,0.0050420454,0.014739913,0.072200045
0.0029458785,0.031375825,0.04424142,0.0034821057,0.006452881,0.01203009,0.070023485,0.016354918,0.06616531,0.055320427,0.060082357,0.047289044,0.055125296,0.018047707,0.030226303,0.0201963,0.07392561,0.048575636,0.06489269,0.06967451,0.05823172,0.04232198,0.045564372,0.0574541
0.00458992,0.01443063,0.07543676,0.023657998,0.008460336,0.07529995,0.07726869,0.0113716535,0.08835557,0.08986185,0.020111008,0.014622703,0.08022515,0.013520787,0.09187922,0.032312416,0.004977655,0.082735986,0.068513565,0.0010967698,0.09010191,0.014597572,0.011881865,0.004690072
0.012038493,0.08094855,0.010093151,0.07233004,0.00744408,0.028580414,0.067936964,0.080174476,0.06119746,0.07105862,0.021451088,0.037756357,0.07794919,0.02770761,0.04897794,0.029198859,0.011869525,0.01204105,0.03567427,0.009375688,0.026358208,0.06951502,0.051210582,0.04911242
0.035164185,0.069400296,0.033145484,0.055966854,0.06836712,0.022182878,0.002232563,0.025129594,0.065026075,0.056901075,0.03114758,0.05889442,0.078596234,0.060822144,0.012306704,0.018993745,0.04930691,0.0016927557,0.059410963,0.05052356,0.0076401806,0.040288344,0.029951941,0.06690836
0.0025168317,0.041158013,0.07256611,0.020133376,0.06770329,0.037252586,0.027463334,0.0020817812,0.07652078,0.045775175,0.013529444,0.051915947,0.019254351,0.059781067,0.013314561,0.043021824,0.056939207,0.06463807,0.06271499,0.06572551,0.0030623928,0.047700457,0.05872186,0.04650904
0.0058927615,0.03686337,0.040502742,0.091416694,0.00960068,0.07623517,0.031283766,0.0060574855,0.0062622554,0.053474266,0.06610119,0.09969605,0.07457406,0.010483257,0.016646829,0.0065542073,0.04888182,0.09062184,0.04811916,0.0590786,0.032396223,0.04573363,0.039169956,0.00435402
0.04610565,0.076119214,0.024951322,0.035393305,0.025548676,0.033480413,0.054952603,0.04126088,0.06646248,0.024086041,0.002742642,0.041076474,0.044694796,0.091280185,0.02726972,0.003271397,0.029449187,0.03242715,0.084104076,0.018507991,0.032162473,0.07082685,0.014416172,0.079410225
0.021042127,0.04836352,0.06883012,0.05636159,0.047917407,0.06882163,0.009874379,0.048793547,0.03244449,0.0050989217,0.045778695,0.068317086,0.05369751,0.015694039,0.032598585,0.016948685,0.027825894,0.053563166,0.018985996,0.057158887,0.065731354,0.018358331,0.068204105,0.049589954
0.045928564,0.027122682,0.078643985,0.062042113,0.02321561,0.0102382125,0.007326422,0.07623806,0.092727765,0.051585995,0.0113249235,0.067117825,0.0664844,0.020929582,0.05778774,0.030689135,0.038396344,0.0064644474,0.004870407,0.032287687,0.023446355,0.009506164,0.0645986,0.09102706
0.06619341,0.019998379,0.050109345,0.07972576,0.007464961,0.024886489,0.04980233,0.0042071245,0.014196612,0.051201172,0.013243154,0.07385189,0.066454634,0.031718038,0.009805643,0.058236785,0.08164767,0.06304378,0.03455887,0.045623373,0.008143588,0.059580054,0.039408382,0.04689858
0.02682506,0.07504356,0.0113119045,0.08138694,0.0505577,0.058561392,0.056304,0.07392816,0.06511073,0.00064870785,0.04284375,0.023479,0.008680913,0.020318594,0.010328807,0.06856777,0.06450293,0.05838803,0.0134256715,0.042082097,0.078777835,0.01347499,0.014234345,0.041217085
0.0676205,0.058354482,0.05045575,0.009368911,0.042630285,0.06029248,0.043463968,0.017912615,0.0618739,0.05815498,0.006438673,0.013077141,0.048218124,0.06516872,0.06396027,0.02474096,0.05178495,0.0019305785,0.04041621,0.025647566,0.047861923,0.06524264,0.039705765,0.035678547
0.06896577,0.0052852193,0.0033970901,0.086653024,0.03690411,0.005411343,0.038047023,0.0051734876,0.06218755,0.015676292,0.029087529,0.091341175,0.026717534,0.0069056926,0.02601334,0.03348117,0.1081942,0.09867589,0.046188153,0.008496665,0.025010142,0.015245311,0.10448658,0.05245571
0.04731163,0.07076952,0.042339828,0.004862622,0.0408837,0.01158945,0.058423538,0.05413727,0.007830419,0.07510876,0.05578134,0.022849852,0.035786334,0.0052644964,0.04810701,0.073783785,0.06610641,0.010618916,0.074577175,0.018686729,0.050411373,0.054449894,0.024806233,0.04551368
0.020544235,0.07178997,0.01890578,0.064029165,0.0076064966,0.07516037,0.06984029,0.05313122,0.05281258,0.0028822743,0.047160026,0.054751832,0.06541632,0.030936992,0.032968126,0.061077133,0.0038503841,0.0710543,0.065025985,0.0028685296,0.032203004,0.034856442,0.030819785,0.030308697
0.028076025,0.041823212,0.0056595434,0.043220874,0.024466636,0.011233549,0.06072737,0.010856356,0.058701348,0.07317857,0.06814311,0.05433106,0.028635409,0.06359195,0.05411517,0.049488936,0.074020915,0.007151196,0.066693895,0.014537599,0.01697475,0.0040224493,0.06719828,0.073151834
0.048114363,0.04264524,0.00985723,0.065745644,0.020810883,0.06577729,0.0643375,0.067973316,0.012595038,0.06807542,0.06188744,0.0206304,0.0639672,0.063035645,0.0073546562,0.0415826,0.016465243,0.045148667,0.06545388,0.03313651,0.014150106,0.0126716,0.060565438,0.028018687
0.004234672,0.083928466,0.0052866535,0.08177183,0.064506926,0.08371398,0.0408071,0.00051770936,0.049913004,0.016887773,0.033893403,0.070176356,0.04021904,0.06091478,0.008696152,0.077721365,0.013888853,0.041730687,0.022846257,0.04783685,0.06778273,0.04068567,0.036917083,0.005122707
0.023014743,0.061636154,0.096164115,0.043172646,0.038877703,0.00421425,0.003514384,0.08486835,0.03808687,0.020700386,0.0092011085,0.07959124,0.0022766439,0.09796607,0.0063993344,0.009611406,0.006980959,0.03500854,0.05682703,0.085737795,0.0062276386,0.09484717,0.0046850066,0.09039042
0.005219502,0.08151171,0.02660037,0.04454015,0.047459282,0.030146036,0.0962741,0.039735,0.09603825,0.0048349854,0.085262306,0.031675808,0.023944592,0.003263091,0.01665813,0.027274389,0.07725303,0.04358013,0.050513975,0.04438022,0.037260666,0.021995215,0.04434688,0.02023229
0.00047300803,0.014086606,0.009455317,0.0636521,0.055517774,0.042035136,0.058823954,0.06056946,0.032257322,0.06552714,0.011901069,0.032492947,0.05812968,0.06627565,0.014380923,0.038778175,0.07760074,0.015482105,0.07495782,0.04794205,0.060765687,0.042891722,0.019654678,0.036349002
0.0680513,0.019828992,0.0343593,0.08901288,0.04133318,0.086262114,0.011805913,0.022057077,0.081964865,0.047176857,0.0057754596,0.020567028,0.07434736,0.047635388,0.010622057,0.024121933,0.0020744945,0.058054898,0.0119676385,0.040518902,0.0075309733,0.035679627,0.07538057,0.08387122
0.023590947,0.0737815,0.027141295,0.061381094,0.067603186,0.0030054357,0.03099731,0.061267257,0.0442136,0.0058146967,0.008333761,0.036885098,0.073967874,0.014148495,0.010975206,0.0083005605,0.07802498,0.005405037,0.0035964511,0.05770498,0.07329633,0.076994605,0.07762802,0.0759423
0.016224546,0.007909751,0.0788159,0.09405806,0.03790296,0.008200557,0.08553,0.0063514216,0.0756845,0.0022957781,0.08532836,0.08408847,0.02941274,0.043490898,0.016884435,0.0833373,0.029279295,0.012637504,0.024148723,0.093967795,0.016116086,0.057309248,0.008568938,0.0024568092
0.0015072401,0.07191604,0.05864707,0.047248133,0.0026656839,0.06823106,0.037544325,0.00043402074,0.07010236,0.0007964308,0.0020905498,0.072030395,0.060071405,0.05924122,0.0056388415,0.045487583,0.06722401,0.0731393,0.017450737,0.06367571,0.0078473855,0.068921424,0.05402389,0.044065207
0.043212462,0.0723598,0.017376041,0.06142143,0.06005662,0.0043316633,0.0635344,0.012668834,0.017952137,0.057258077,0.05145865,0.06990772,0.048350725,0.005398109,0.010819852,0.072989926,0.054616522,0.07310388,0.0774763,0.07033206,0.012075847,0.024153933,0.0059433477,0.013201685
0.010051453,0.05423967,0.053808004,0.030503353,0.009333916,0.04937501,0.06188312,0.048476584,0.056650277,0.059261315,0.022443498,0.06385216,0.016008513,0.051056955,0.004769677,0.069239825,0.0715117,0.06421662,0.057992876,0.05681153,0.00706755,0.005107849,0.011101536,0.065237
0.01069105,0.0011697562,0.0908772,0.007616464,0.081425905,0.09046637,0.017862806,0.026476102,0.037520275,0.011561035,0.0064058257,0.054302655,0.017481493,0.09203066,0.010043516,0.015003017,0.0055433516,0.026704287,0.0067958934,0.064229995,0.092982695,0.090687566,0.06335028,0.07877184
0.017137952,0.061494336,0.06999385,0.017768247,0.020987911,0.072763786,0.053873885,0.032916818,0.06459157,0.016959896,0.072633505,0.017589418,0.05447572,0.064062096,0.03946542,0.028011816,0.020685494,0.009150948,0.016737632,0.02395427,0.069019854,0.07644518,0.04716827,0.032112073
0.003460124,0.009095204,0.01720939,0.085275285,0.010339819,0.07934591,0.033820152,0.047736663,0.053364355,0.010595157,0.07157614,0.025847903,0.05959776,0.047274765,0.033670887,0.05353832,0.03643762,0.014566047,0.047591798,0.08375324,0.05284979,0.008570489,0.083295114,0.031187989
0.0676714,0.06397063,0.0503307,0.059632994,0.020192435,0.046738096,0.024853282,0.039537538,0.06884599,0.063680485,0.027670944,0.06055117,0.06347212,0.06663751,0.009974232,0.0208088,0.035956196,0.00769286,0.03548989,0.058564298,0.0016270564,0.016666496,0.03620068,0.053234186
0.06403274,0.03898715,0.036146555,0.0664665,0.056130853,0.01832187,0.014432984,0.060842324,0.04562327,0.0065824217,0.02259585,0.06637794,0.0656227,0.013902316,0.031425625,0.06583528,0.015874442,0.06099745,0.04013087,0.021043897,0.05232399,0.053692784,0.034951687,0.047658477
0.0022770169,0.060680196,0.0472341,0.026429849,0.043602847,0.042863928,0.06552051,0.0016436042,0.08266073,0.0038218938,0.07637307,0.070983365,0.0022481924,0.031170193,0.070729405,0.02755315,0.0826581,0.0052841706,0.06807276,0.02171413,0.03362767,0.0595148,0.027542364,0.045793965
0.027073866,0.01610261,0.07138001,0.08344215,0.0055793184,0.0009160846,0.008593733,0.078516714,0.08138655,0.019322159,0.07823827,0.016180186,0.006476435,0.08437879,0.07483663,0.042670745,0.002683563,0.057514884,0.0061232685,0.07028881,0.0013302447,0.0808047,0.0032890197,0.08287132
0.010613946,0.07693995,0.008644015,0.03761728,0.0064746435,0.03608866,0.06534321,0.029781466,0.00637941,0.024766143,0.050231747,0.081544854,0.07768033,0.004584313,0.0070070773,0.0060611265,0.08375749,0.08013124,0.040666264,0.08157018,0.003930589,0.074484006,0.08213914,0.023562986
0.043175615,0.06382854,0.055313937,0.0033698091,0.0578254,0.040843464,0.021736518,0.049122136,0.034512978,0.059113726,0.0576586,0.038743418,0.051545184,0.017242651,0.05483839,0.035171542,0.0057204245,0.02832826,0.030653821,0.05871567,0.012775161,0.06007233,0.05990396,0.059788465
0.0104929665,0.04702382,0.054812327,0.024355128,0.032951064,0.072862126,0.03899765,0.0060523846,0.037314236,0.093770474,0.07629899,0.030949319,0.025039801,0.08936526,0.015029839,0.08375404,0.0076045073,0.024936419,0.005835364,0.01636046,0.07256652,0.017212423,0.0747445,0.04167044
0.039876584,0.0013766991,0.027673364,0.018450586,0.078232825,0.045377888,0.007816416,0.080486976,0.08369554,0.017383067,0.07673214,0.0017314076,0.07789203,0.030863542,0.06631711,0.005180973,0.04098357,0.011057719,0.087957665,0.0838806,0.008611126,0.04056393,0.04144066,0.026417658
0.00044740652,0.059975736,0.056364372,0.030605521,0.05778365,0.076169126,0.022071224,0.015446462,0.04020044,0.06170534,0.031723935,0.07375139,0.015664184,0.07680998,0.021529134,0.016821316,0.0693939,0.04567761,0.014201338,0.06755286,0.014719372,0.07308424,0.050536916,0.0077644926
0.05892192,0.06826619,0.005045225,0.06357602,0.060945254,0.069344744,0.059532538,0.058950115,0.023192044,0.056917015,0.03456809,0.03180615,0.008434012,0.020574912,0.015972918,0.002207614,0.00060395943,0.054463618,0.063240446,0.06785385,0.06717373,0.002346755,0.06701587,0.039047
0.030439818,0.0043626013,0.073248565,0.022727188,0.064759456,0.025768964,0.0030924664,0.062852286,0.07377198,0.030526644,0.06886729,0.06872379,0.04917947,0.03207295,0.04297847,0.014815365,0.07085659,0.007006886,0.0020908671,0.076519355,0.012588796,0.045534287,0.060460318,0.056755587
0.010240807,0.004278866,0.086922325,0.087708056,0.0947667,0.08679253,0.005158187,0.017510718,0.09065731,0.014909678,0.0021943185,0.004890922,0.0751427,0.09130559,0.044495035,0.0033530218,0.091686964,0.0027687976,0.090778,0.018540582,0.031543173,0.0063270084,0.0079128845,0.0301159
0.061268657,0.06746859,0.058584828,0.063925475,0.051874883,0.00063035835,0.0033219154,0.07094017,0.060029283,0.020183815,0.06747577,0.030988054,0.020723708,0.020975638,0.04568644,0.008897273,0.05709099,0.06898145,0.038392738,0.02403446,0.0026020797,0.0629407,0.021049201,0.071933486
0.026483824,0.04852326,0.016239326,0.003072757,0.06467619,0.009543031,0.059877954,0.07387657,0.06623724,0.015456112,0.04944233,0.075546846,0.055710446,0.044345837,0.027128028,0.007410942,0.016130654,0.023564853,0.023533897,0.040869053,0.07053148,0.053649962,0.07462475,0.05352464
0.0030153834,0.06996553,0.02110006,0.04766646,0.08741952,0.008232703,0.06514946,0.082731664,0.0695199,0.086910345,0.04088966,0.022026759,0.0020687238,0.06074537,0.077860594,0.028039427,0.083181135,0.00250622,0.008262688,0.024920315,0.06959836,0.0058566304,0.0130655095,0.019267678
0.080102466,0.00407331,0.017941594,0.011558116,0.07151962,0.0058776005,0.013702576,0.042541917,0.022939293,0.08097012,0.002638754,0.038221706,0.078365184,0.058018453,0.073867224,0.07293976,0.0038740686,0.021697257,0.0764138,0.00061321293,0.0103389835,0.07308401,0.058898624,0.07980235
0.056230076,0.041764427,0.006818,0.049143568,0.04701536,0.014000929,0.009216862,0.031405684,0.028284352,0.059005618,0.05097964,0.05598629,0.05700045,0.051011104,0.050626334,0.030507777,0.0569221,0.0611087,0.046446536,0.05943186,0.016403299,0.048954647,0.052176602,0.01955981
0.018832097,0.042540405,0.06181648,0.06144474,0.059656974,0.06819653,0.06993818,0.06282754,0.044520184,0.023394251,0.05565793,0.042115893,0.06886375,0.032510933,0.047463045,0.016836395,0.020556515,0.0112195145,0.007701405,0.06938681,0.027278675,0.018932892,0.037991498,0.030317387
0.07911078,0.079445265,0.027675116,0.060191244,0.009712907,0.08212541,0.007724037,0.061627463,0.0331302,0.0620744,0.007924896,0.058741137,0.057012387,0.022059727,0.03637567,0.004225602,0.03082668,0.011738908,0.025382798,0.03198918,0.029962204,0.053076636,0.067884274,0.059983123
0.06855845,0.025292633,0.025973663,0.017388772,0.06266371,0.010019708,0.0026482716,0.012779034,0.059198856,0.015784876,0.03318095,0.08555811,0.0730914,0.08117474,0.07600616,0.027788902,0.06578631,0.028122451,0.05844766,0.0066966293,0.07949039,0.006945392,0.011925151,0.06547778
0.020726077,0.03649432,0.03677457,0.005266009,0.010846464,0.008506179,0.05651664,0.055949602,0.03545128,0.07052855,0.013903181,0.015596877,0.051741336,0.03410761,0.0740153,0.053695995,0.07584629,0.05730761,0.063378215,0.00726426,0.074237466,0.017736375,0.060066305,0.064043514
0.09153199,0.041788872,0.014347428,0.04796679,0.03531913,0.040805213,0.0041883104,0.0029325748,0.057263922,0.004665306,0.08809999,0.077255525,0.023961399,0.080177,0.0065656467,0.011925866,0.095586725,0.045725334,0.0066169426,0.0667815,0.014211282,0.008850833,0.058561802,0.0748706
0.08011238,0.036602367,0.07578778,0.06697013,0.0044144494,0.041334677,0.07262983,0.06560117,0.007234336,0.08366023,0.01251965,0.029373385,0.07183937,0.05168562,0.033319283,0.017502682,0.032911748,0.016094286,0.004696715,0.051620584,0.022768218,0.04888858,0.010948293,0.061484285
0.004234596,0.0028621354,0.04354479,0.054522615,0.05544129,0.044661745,0.071253456,0.0061450745,0.05631509,0.022889148,0.07529601,0.048104502,0.07428033,0.007578111,0.07032732,0.05295493,0.039762557,0.028262528,0.018120032,0.071763836,0.039633244,0.018335655,0.0712866,0.022424458
0.0028612276,0.028133433,0.040395144,0.020376904,0.010572776,0.054676663,0.033540376,0.08247998,0.07720071,0.05052502,0.07624912,0.015809055,0.05658609,0.074299,0.08019159,0.028604992,0.0065636192,0.07418065,0.01837928,0.03155183,0.01185873,0.047080282,0.012852214,0.06503134
0.04653444,0.037902467,0.0074519734,0.048037466,0.01931283,0.075692914,0.054140873,0.07170275,0.044721443,0.083998725,0.05599793,0.07191361,0.011884227,0.005120461,0.020759832,0.03802867,0.08468744,0.026844434,0.0058724945,0.028101731,0.058753394,0.020884559,0.00079119153,0.08086419
0.064041436,0.061590187,0.0034681098,0.06472931,0.051528502,0.0654497,0.055003297,0.06100908,0.031412255,0.015065833,0.0067208903,0.015383492,0.06563919,0.06635014,0.0437761,0.024984231,0.022334043,0.042643107,0.04373699,0.004368497,0.059210423,0.044532426,0.053899005,0.033123776
0.03774323,0.06270163,0.014610647,0.07466319,0.07638491,0.023983728,0.040072568,0.020377675,0.056255415,0.027042592,0.035904262,0.06946228,0.0523368,0.016169608,0.0029208863,0.039386727,0.0136718275,0.036006108,0.01805643,0.050999768,0.077761956,0.047436856,0.053437192,0.05261369
0.0047699227,0.034197878,0.10496294,0.007237429,0.10833526,0.008279924,0.004746496,0.012832486,0.042709526,0.013285566,0.07409943,0.03156387,0.086271256,0.046042543,0.011433102,0.0047173495,0.07040884,0.017623542,0.05579463,0.04623087,0.014471496,0.0132329995,0.07792119,0.10883143
0.038734343,0.08193767,0.097774394,0.01956746,0.019391777,0.097549476,0.01708573,0.04164845,0.03359574,0.041768085,0.018805455,0.05360348,0.04432721,0.02678344,0.023532217,0.08860894,0.004152028,0.0760637,0.05722721,0.024398746,0.0021682123,0.008737909,0.022577725,0.059960634
0.066675864,0.05789672,0.0035504308,0.0644257,0.06517782,0.029639684,0.06934017,0.007543677,0.012952023,0.040039945,0.036076136,0.03863639,0.068452716,0.047999,0.02091585,0.0103208115,0.044544112,0.016293207,0.055859398,0.06702326,0.062687024,0.04296738,0.062953375,0.008029292
0.045034472,0.036851227,0.039760362,0.056418587,0.03511685,0.013964095,0.0018098535,0.08169389,0.057035893,0.04289425,0.082333125,0.07575814,0.018315433,0.07521603,0.026073286,0.024900882,0.05632176,0.023262715,0.07309665,0.039589386,0.0067465934,0.0019005676,0.002693764,0.083212145
0.014094287,0.005699682,0.05582261,0.0152765205,0.07544571,0.020157488,0.01317635,0.0779855,0.012527811,0.07828288,0.06913556,0.07685448,0.07702469,0.03844362,0.08196738,0.033314027,0.015665554,0.042180482,0.028760754,0.015742617,0.005037144,0.055276323,0.05869418,0.033434283
0.034150362,0.04768032,0.008745321,0.06331722,0.057557814,0.011436265,0.030712174,0.058507375,0.0022048499,0.06612139,0.061608188,0.04726613,0.006089396,0.05699722,0.046254307,0.059302554,0.06531662,0.050773494,0.05015959,0.06543953,0.001036586,0.06377529,0.030913895,0.014634084
0.0034968234,0.055978097,0.06600093,0.003316747,0.08298586,0.053212393,0.022278544,0.08460666,0.07189075,0.0046155495,0.048338145,0.03144345,0.018177547,0.0058458243,0.06011186,0.068361774,0.06793883,0.026022319,0.04785178,0.0812294,0.006345662,0.011673419,0.00407899,0.07419863
0.030663762,0.026135156,0.003165524,0.07637969,0.041603647,0.028294103,0.049949083,0.08195834,0.079956345,0.06340771,0.05311927,0.07838921,0.007021979,0.065971635,0.022627804,0.0030248552,0.03390047,0.013485516,0.072883286,0.065068446,0.0032344272,0.009929416,0.015297325,0.074533015
0.019067198,0.053030375,0.052009795,0.08470445,0.07089742,0.014189352,0.01602156,0.079758115,0.08347846,0.0045741303,0.004785356,0.07110154,0.039222494,0.03460871,0.040822223,0.07087353,0.0032358703,0.029217942,0.039025288,0.050737843,0.025582368,0.052116025,0.01178728,0.049152613
0.020140871,0.042648483,0.04441442,0.007445565,0.0647787,0.08146572,0.025904771,0.023510175,0.016510157,0.08302586,0.0325862,0.040594302,0.05261357,0.056798726,0.042075638,0.014859889,0.055633128,0.02407318,0.011456234,0.075689025,0.0043571074,0.05216053,0.062683985,0.06457377
0.0048837163,0.051625375,0.04518042,0.05625567,0.05333918,0.058449715,0.061119497,0.06073632,0.059290178,0.06478193,0.045466293,0.010472999,0.057794828,0.00084434176,0.026123296,0.05342643,0.06542628,0.04133276,0.039290953,0.014590483,0.03977986,0.019836044,0.056421716,0.01353174
0.0159358,0.009618837,0.031358816,0.036139466,0.07548323,0.03194359,0.0022040394,0.08921298,0.08172299,0.07290191,0.065849006,0.059522886,0.01701003,0.08169527,0.08082235,0.06550127,0.0047900393,0.009844188,0.02289037,0.03576346,0.021280145,0.0022884544,0.0059514386,0.080269374
0.061624784,0.006357803,0.009493747,0.071578674,0.0056955945,0.043002088,0.060455862,0.024265075,0.0687625,0.039473727,0.06738056,0.056192357,0.062463894,0.035233747,0.06415638,0.025197346,0.015300872,0.05872414,0.05508093,0.017142793,0.009834104,0.040499993,0.038677182,0.06340586
0.008183042,0.063228555,0.027476288,0.017410897,0.08817796,0.082490124,0.024809688,0.057321314,0.05486786,0.084432006,0.05109599,0.040058576,0.0756814,0.07549608,0.018888982,0.0083453115,0.0038750246,0.020953506,0.009628278,0.06296902,0.022061521,0.055274885,0.004487459,0.04278622
0.0140290605,0.10259685,0.026506517,0.014914983,0.032795668,0.024430195,0.073500715,0.111101426,0.10488555,0.020213988,0.032524746,0.08878534,0.037564117,0.070670314,0.024561264,0.023307076,0.03245933,0.08612979,0.007907982,0.034451775,0.014123844,0.010081486,0.0015674356,0.010890623
0.051274057,0.062367406,0.040500157,0.045632944,0.056376215,0.02531986,0.008553908,0.047093123,0.059108578,0.047204457,0.020706806,0.063732885,0.028588654,0.0623539,0.020630205,0.03645773,0.055848707,0.006180183,0.050979786,0.060184225,0.04663577,0.035906065,0.020656368,0.04770807
0.022092335,0.015508565,0.0035092814,0.069590986,0.059053298,0.037454795,0.019066988,0.06786401,0.04454153,0.008445635,0.073226236,0.084055975,0.07824558,0.013744861,0.008814333,0.040109362,0.040227655,0.02084727,0.07945973,0.02585339,0.05042137,0.0780503,0.04276033,0.017056175
0.015916413,0.10477659,0.08437535,0.014638582,0.0506486,0.015942277,0.092083566,0.049250323,0.033719193,0.034402233,0.026410587,0.06415485,0.01703452,0.0034205082,0.013588519,0.093992986,0.023184687,0.005709394,0.004895458,0.06981954,0.047865164,0.1005158,0.0078031956,0.02585167
0.010299118,0.0064459746,0.06919071,0.049065653,0.068177156,0.039068367,0.06246117,0.08090502,0.030903516,0.0029427782,0.020013735,0.07546349,0.07891733,0.06666936,0.029851716,0.063578814,0.01043877,0.010770614,0.017569128,0.07224824,0.048247285,0.07492179,0.0043968465,0.0074533955
0.059858114,0.08975898,0.08753723,0.0026734315,0.03228805,0.043587748,0.018671717,0.003563566,0.060954943,0.05599782,0.04764889,0.079249576,0.025429478,0.009957075,0.049490176,0.013090659,0.022281,0.020807661,0.05740563,0.0025807638,0.08768239,0.087415405,0.035072673,0.006997012
0.06526022,0.019945033,0.008470089,0.058764096,0.017155634,0.04543449,0.024384614,0.065642826,0.009858028,0.06613415,0.024591163,0.060708568,0.06489576,0.058961287,0.03142529,0.024521472,0.02072922,0.05966355,0.026255062,0.05801874,0.0690002,0.048090454,0.055281717,0.016808404
0.070901506,0.08212766,0.034398157,0.06597851,0.06363643,0.037035596,0.035736945,0.05594635,0.024136135,0.058993954,0.019876739,0.070416026,0.05376764,0.0065733106,0.071029216,0.07514158,0.012700461,0.0042698225,0.013981235,0.08206524,0.023725457,0.023701914,0.00083651487,0.01302365
0.08769098,0.0014661282,0.025093136,0.065685876,0.08884735,0.012726092,0.023981385,0.017930035,0.005401818,0.044353586,0.052979667,0.053916834,0.08933117,0.013355011,0.04966179,0.0062431674,0.023872642,0.08081715,0.010793611,0.011324676,0.07444929,0.0030415072,0.07540357,0.081633516
0.014113407,0.037644416,0.08071259,0.040505487,0.039366283,0.009274347,0.073191985,0.06138862,0.054315355,0.06921787,0.062443998,0.03964778,0.012968812,0.0040349504,0.046999563,0.056601755,0.065651,0.017319746,0.008786263,0.01973686,0.083983585,0.0844424,0.0049984404,0.012654458
0.013718854,0.069225706,0.047601115,0.04251053,0.044448372,0.0240715,0.06585222,0.06429841,0.05794962,0.0056000547,0.06836285,0.043459747,0.012947523,0.06266276,0.009502087,0.01652083,0.023057226,0.06248508,0.016212426,0.07343175,0.050560582,0.06346799,0.002561272,0.059491534
0.07854256,0.058105394,0.05409969,0.074824855,0.036766294,0.021210296,0.02355607,0.02667352,0.040468678,0.05061494,0.051030602,0.0709972,0.05891969,0.04031119,0.006771348,0.0036287643,0.04344929,0.049327664,0.067210846,0.017854946,0.047191907,0.02971188,0.022298822,0.026433602
0.049445223,0.054409623,0.050068583,0.049578283,0.076403044,0.0069560544,0.012390649,0.05573821,0.05449635,0.0050523663,0.011200617,0.048657622,0.07406389,0.02038889,0.02400844,0.054171573,0.0095105525,0.017110286,0.00787808,0.018838268,0.07916236,0.05983493,0.08002693,0.08060916
0.01874661,0.039287925,0.087591365,0.0052563343,0.011975506,0.033693053,0.030325733,0.075543314,0.065295465,0.046030004,0.080686204,0.08254338,0.02685617,0.057036724,0.04292095,0.033356857,0.00505969,0.0044159237,0.023421621,0.08718971,0.0041824803,0.0684742,0.058107607,0.01200309
0.0018389676,0.008239312,0.011261887,0.050590854,0.07008511,0.015975308,0.06874903,0.022085944,0.07391908,0.050293576,0.034674652,0.008635014,0.043015804,0.07309178,0.034391116,0.065342404,0.06810145,0.048088197,0.07303612,0.03583528,0.06999321,0.0054177023,0.017025119,0.0503131
0.012796761,0.044609647,0.06372286,0.081438765,0.007325875,0.057185035,0.067377456,0.061516576,0.027695972,0.0068652914,0.061591275,0.0538801,0.07269978,0.039964717,0.014607924,0.006712921,0.03412786,0.03688955,0.015788667,0.04470104,0.012080681,0.069270946,0.05018791,0.05696235
0.07402118,0.074320324,0.034343526,0.00407868,0.08041911,0.013091774,0.04791319,0.044517256,0.07638282,0.04486044,0.007832861,0.06844328,0.062629275,0.019611247,0.018121818,0.049039688,0.0538193,0.024341663,0.010964037,0.03536339,0.0795203,0.015077785,0.037582852,0.02370424
0.012172561,0.06277538,0.046677075,0.039548192,0.067535184,0.010037545,0.04850897,0.070551485,0.006006009,0.071109295,0.07415416,0.06494717,0.070947185,0.04809622,0.037003748,0.009379612,0.003668448,0.032008372,0.04337489,0.041691523,0.063777305,0.040131338,0.029293012,0.0066053183
0.07933162,0.032811522,0.08699695,0.0457833,0.05309785,0.026265088,0.021486517,0.024410145,0.0919751,0.019193042,0.014138742,0.04106918,0.032771286,0.08253083,0.041376136,0.06734321,0.0085391775,0.0055224355,0.00030174883,0.029925862,0.05988969,0.076898105,0.004699732,0.053642813
0.06301057,0.035411835,0.064292066,0.06473406,0.01371057,0.07021151,0.054469634,0.06954778,0.008361669,0.041290585,0.044499762,0.03094386,0.06561947,0.028067805,0.027798695,0.01871573,0.013642077,0.05090902,0.067086495,0.014078132,0.009995336,0.027321331,0.049140222,0.067141786
0.07021361,0.07718458,0.035356056,0.069273,0.033259057,0.06751524,0.01071669,0.01840434,0.055664413,0.025126962,0.015966093,0.058778692,0.06430304,0.07428418,0.006649894,0.048842963,0.028909186,0.013479215,0.016237373,0.038105134,0.060189057,0.011425445,0.049595322,0.05052048
0.08809254,0.011813419,0.028907532,0.043574885,0.018322976,0.015774887,0.07838439,0.08179289,0.034173504,0.06400343,0.018290332,0.064889014,0.090317026,0.08548021,0.024515165,0.05913936,0.026911667,0.003792953,0.021608252,0.008277762,0.024826815,0.013792332,0.012544591,0.08077408
0.055794224,0.018461267,0.050596487,0.06725121,0.0042927205,0.06504276,0.045895055,0.001950121,0.028730702,0.017424624,0.0059525184,0.06451538,0.06584631,0.05415323,0.031258095,0.075965494,0.031077355,0.020781264,0.009808292,0.092362374,0.044312537,0.033842307,0.053750843,0.06093495
0.040278837,0.037291247,0.033958446,0.08057079,0.034210216,0.05257536,0.04776135,0.06239653,0.076773606,0.0123695675,0.03403333,0.03527203,0.07425253,0.06524873,0.02933322,0.064493276,0.0026353044,0.06731714,0.012000493,0.0070564453,0.030619174,0.012792638,0.011731353,0.07502844
0.06848631,0.052111074,0.08763229,0.008903027,0.06409651,0.054890215,0.07285394,0.045995656,0.0709178,0.0073954947,0.0716961,0.03637971,0.06592693,0.045919888,0.028870104,0.019358002,0.05960874,0.005596531,0.044668604,0.048054677,0.0052886344,0.024599835,0.0020165648,0.008733378
0.012407204,0.07598204,0.051367216,0.01320254,0.08098106,0.009365219,0.0933867,0.054346565,0.09307549,0.015091978,0.046111584,0.021696292,0.062173333,0.04757608,0.010152599,0.030543543,0.04238501,0.031498272,0.00640594,0.080408745,0.03581204,0.009363818,0.047869097,0.028797708
0.06313194,0.013550205,0.04681858,0.0024013708,0.059078474,0.07210603,0.008991671,0.0063111177,0.007273477,0.07239363,0.02434544,0.07404882,0.014688554,0.004762297,0.02664345,0.06460743,0.07247854,0.019928705,0.037201226,0.06377741,0.051032968,0.062870346,0.056927845,0.07463048
0.063186094,0.059887085,0.00070241163,0.02924847,0.07671053,0.03361507,0.04855272,0.068040065,0.03111082,0.00997562,0.049095064,0.045007277,0.020422792,0.05396284,0.011379041,0.05325301,0.007873075,0.06932488,0.019175075,0.07812365,0.03994147,0.03093605,0.06554051,0.034936335
0.0048773265,0.05864451,0.077337064,0.015700184,0.037683085,0.071097024,0.030800335,0.049955014,0.07726331,0.066812314,0.025164807,0.0076017603,0.048570637,0.063051835,0.077218816,0.0176638,0.067552075,0.015659297,0.07736687,0.037201982,0.01850578,0.0020860427,0.015514691,0.03667145
0.07181637,0.04609504,0.07719164,0.082008556,0.005182851,0.04823255,0.048787367,0.06238568,0.0056824083,0.026733428,0.04271434,0.06743845,0.08082464,0.031171171,0.022404864,0.014866335,0.0051165433,0.06010095,0.07721162,0.011702537,0.051870614,0.023307752,0.025413278,0.011741057
0.008986033,0.07153225,0.042708963,0.08048781,0.0037539506,0.07932836,0.02474833,0.045550715,0.07474197,0.06988086,0.06930829,0.04184474,0.07354024,0.030730965,0.044732746,0.010069794,0.0010971288,0.018015618,0.060468245,0.0559151,0.014998905,0.03805627,0.03384585,0.00565692
0.025372323,0.06091665,0.0060631735,0.06127848,0.0038713862,0.07623074,0.070743494,0.067347884,0.06942142,0.033838965,0.046017583,0.05248583,0.070962004,0.04994407,0.023812475,0.010264931,0.03343741,0.031050192,0.012929194,0.048783123,0.003121656,0.012550749,0.054044835,0.07551137
0.016850049,0.015572776,0.06401706,0.07593351,0.06617897,0.05391603,0.03191759,0.0083637545,0.07052852,0.05301887,0.06532672,0.015933333,0.041431196,0.030602485,0.06539139,0.037507415,0.0586191,0.058404807,0.03233483,0.016469747,0.004939306,0.0075835166,0.042824,0.06633507
0.04235764,0.0684126,0.02872522,0.06700882,0.034220643,0.067982525,0.05377595,0.053367745,0.012013208,0.013758894,0.06502659,0.05322093,0.0613493,0.056851234,0.025526347,0.017539062,0.059030805,0.029777924,0.05703811,0.062187575,0.0008812288,0.019028565,0.005837157,0.04508192
0.0058591366,0.06839049,0.025680935,0.07537058,0.02372711,0.068991065,0.05330325,0.023612693,0.069552034,0.0338841,0.05147517,0.028560173,0.051025353,0.032335322,0.045524113,0.06949864,0.025005048,0.0123370895,0.06812258,0.044954,0.02250642,0.026782779,0.022087675,0.051414285
0.008326978,0.02495635,0.009545633,0.076426044,0.06321066,0.031091554,0.025454834,0.05316421,0.061375722,0.004638271,0.074783936,0.015645673,0.048636306,0.0062778164,0.05695472,0.0106702745,0.08425544,0.06981758,0.0801769,0.028073283,0.046221867,0.0076914453,0.031839274,0.080765195
