0,1,2,3,4,5,6,7,8,9,10,11,12,13,14,15,16,17,18,19,20,21,22,23
0.042099938,0.041504424,0.04173512,0.041986726,0.041368924,0.042014662,0.041360702,0.041459996,0.03974193,0.042338602,0.041668054,0.04245032,0.041798513,0.04108504,0.04080348,0.042751584,0.04270805,0.041146286,0.041284062,0.040884618,0.041185744,0.041888468,0.04215218,0.042582575
0.042701557,0.04078596,0.0402816,0.041258752,0.04189695,0.043135617,0.043829247,0.04118025,0.041178018,0.043353472,0.042580124,0.04109831,0.041547418,0.042216998,0.039897937,0.04186672,0.041944467,0.038957424,0.042629667,0.040189195,0.04126565,0.042076193,0.041601844,0.04252664
0.043490343,0.04127248,0.041981596,0.040851388,0.042206142,0.041613545,0.042038634,0.04033804,0.038972404,0.04397061,0.04227202,0.04185234,0.042276017,0.041481063,0.040311594,0.04231162,0.040800326,0.04085241,0.041429527,0.040414758,0.04251986,0.042850263,0.042548686,0.041344326
0.043589838,0.041351475,0.04202976,0.041576743,0.0415345,0.041594345,0.04215369,0.04150532,0.03948992,0.042852696,0.042548843,0.041966204,0.042033747,0.041345354,0.04045233,0.04246122,0.041592684,0.040644705,0.04120166,0.040479604,0.041167215,0.042568944,0.042194787,0.041664407
0.04189853,0.041953634,0.041340332,0.040341433,0.041759968,0.042458873,0.041064173,0.04084809,0.04123607,0.042790174,0.041495588,0.041941587,0.042798005,0.042032365,0.04141289,0.040374517,0.042266417,0.040541444,0.041720465,0.04103197,0.041845217,0.04168872,0.043034334,0.042125273
0.04306874,0.04078413,0.04152336,0.040585767,0.04244368,0.04262402,0.042276137,0.04106386,0.040377848,0.042894404,0.04171573,0.041418426,0.041580398,0.04211487,0.03977212,0.04185178,0.042153504,0.040223815,0.042460315,0.04115604,0.04139638,0.042198192,0.042487767,0.04182872
0.042221796,0.040575992,0.04074248,0.041434262,0.04160213,0.04235493,0.04278961,0.040713143,0.040486403,0.042866055,0.040816687,0.042388394,0.042428475,0.042057507,0.040145755,0.04298368,0.04246731,0.04068738,0.041524693,0.03990021,0.04143469,0.042789225,0.042139333,0.042449825
0.042156104,0.041692164,0.04172267,0.04214898,0.04129399,0.04157022,0.04163498,0.040766567,0.040852293,0.042308487,0.0410118,0.042151053,0.042025156,0.041320883,0.04127273,0.041931007,0.042864162,0.041024994,0.041603755,0.041194353,0.04176279,0.0417305,0.042198077,0.041762255
0.04267777,0.041820556,0.041993566,0.041751504,0.041431073,0.042070094,0.041152388,0.041591104,0.039693072,0.042423554,0.041815124,0.042242073,0.04191579,0.041237175,0.040445574,0.042116977,0.042393096,0.040960133,0.04182995,0.041218758,0.041065656,0.042087298,0.042221837,0.04184586
0.042201754,0.04163272,0.042234123,0.041549537,0.04151549,0.041491937,0.041154265,0.041444622,0.039580993,0.042735577,0.04214508,0.04237436,0.04144461,0.04153896,0.04031589,0.042319883,0.042282157,0.04117155,0.04122337,0.04161169,0.041002557,0.042113613,0.042736527,0.042178728
0.043185566,0.041498087,0.04203627,0.04266426,0.04124824,0.041234426,0.042484052,0.041535925,0.03961311,0.04236525,0.042389613,0.042205047,0.042915337,0.040699992,0.04105445,0.042833727,0.041944496,0.040637743,0.04020798,0.040211793,0.04139814,0.042193756,0.041780453,0.041662253
0.042191487,0.041569952,0.041633658,0.042230256,0.041208047,0.04221561,0.04129516,0.04149702,0.04117887,0.041985452,0.0418077,0.04155154,0.042538084,0.04181174,0.04142889,0.041415963,0.0429392,0.040883105,0.041519254,0.041032698,0.04071764,0.041222546,0.042453367,0.041672744
0.04310872,0.041069664,0.04137318,0.041389678,0.041601144,0.042074982,0.04259965,0.040456004,0.041422073,0.04282765,0.041686196,0.04099347,0.042433694,0.04230364,0.04045486,0.041285366,0.042056564,0.040634334,0.041462854,0.041333105,0.04210618,0.041611515,0.04266175,0.041053727
0.042136416,0.041347787,0.04151351,0.041621275,0.04207657,0.042088907,0.04165198,0.041223064,0.04043968,0.04236507,0.04165183,0.042077217,0.041670024,0.041085724,0.040757217,0.04252994,0.042406756,0.040946703,0.04123452,0.04111585,0.04151769,0.04222231,0.04241481,0.041905113
0.042967018,0.0407719,0.041451585,0.040880866,0.04231339,0.042218544,0.0423164,0.040700562,0.040734816,0.043157406,0.04193416,0.04112359,0.042242493,0.04215807,0.040554363,0.04164875,0.0418537,0.040480576,0.041831143,0.040676903,0.041727185,0.041993767,0.04277182,0.041491
0.041854247,0.041668054,0.041524693,0.041553043,0.041463215,0.04252604,0.04099071,0.041500397,0.040571313,0.042212248,0.0414846,0.042164586,0.042098142,0.04128256,0.040883143,0.041757256,0.043029916,0.041020524,0.04195842,0.041058686,0.041138127,0.041470505,0.04256741,0.042222083
0.042763364,0.04121479,0.041024424,0.041545685,0.04145813,0.042633012,0.04166102,0.040650994,0.04079451,0.04302969,0.041690342,0.04170218,0.043201197,0.041556858,0.041176688,0.041349873,0.042469494,0.040480938,0.042139772,0.040046588,0.04192552,0.042021155,0.042141538,0.0413222
0.04218889,0.041154377,0.041316275,0.042856507,0.04114,0.04250532,0.041727155,0.041849177,0.040030066,0.041822813,0.041646365,0.042856537,0.04190053,0.040426522,0.040870123,0.043000348,0.04303796,0.040540714,0.04113242,0.040553976,0.04129244,0.042168606,0.0413167,0.042666208
0.042460684,0.041372996,0.04182337,0.041641317,0.041795634,0.042063233,0.041526657,0.040923584,0.039652117,0.042839363,0.041724328,0.042183857,0.04199435,0.041215785,0.0405849,0.042354606,0.042168267,0.040945534,0.041520294,0.040935844,0.041896354,0.042055346,0.04222602,0.042095557
0.042904172,0.041765068,0.042428985,0.04122252,0.0419293,0.041906685,0.041313563,0.040777463,0.039338488,0.043341275,0.042484198,0.04206142,0.042330142,0.041464265,0.040674385,0.041420467,0.041313235,0.04101136,0.04086009,0.041070983,0.041896902,0.041916717,0.04266288,0.041905537
0.042694613,0.04141232,0.0418971,0.04141103,0.04158541,0.041804004,0.042330258,0.04174542,0.040511385,0.042267658,0.042028293,0.04162188,0.04189001,0.041657068,0.04081715,0.041946348,0.042105787,0.04060206,0.041334093,0.041239846,0.040907156,0.04161532,0.04274765,0.041828174
0.04263326,0.041130733,0.040907886,0.04128558,0.04311553,0.04244538,0.041579656,0.041009054,0.04145927,0.042914677,0.041009024,0.04039265,0.04273899,0.04248756,0.040426657,0.041022986,0.042675324,0.04107342,0.04236216,0.04186309,0.04122116,0.040626317,0.042499475,0.04112017
0.042455968,0.04217486,0.042066216,0.042047698,0.040939435,0.041855514,0.04085262,0.04189178,0.039075717,0.042243727,0.04183891,0.042887848,0.041837405,0.040689122,0.04051039,0.04272178,0.042468034,0.041282073,0.04160091,0.041019514,0.040942643,0.042293936,0.042079955,0.04222394
0.043041635,0.041183054,0.041570757,0.04230964,0.04139219,0.041770026,0.042022195,0.04037358,0.040858433,0.04313282,0.042402513,0.04119026,0.043628294,0.041789785,0.04203689,0.041307453,0.041606195,0.040711176,0.040719442,0.039944854,0.042028148,0.041754566,0.042302582,0.040923484
0.042116646,0.040940996,0.041062783,0.040266063,0.04227735,0.04288949,0.04215709,0.04146898,0.04121193,0.042362552,0.041179672,0.04128044,0.040947866,0.042485815,0.039767664,0.041996766,0.04303868,0.040174477,0.042896293,0.041590154,0.040840786,0.041531004,0.042888332,0.042628143
0.042362552,0.041783582,0.041478585,0.042392213,0.04056835,0.04237832,0.041716773,0.0426407,0.04088399,0.041368958,0.041986372,0.0420755,0.04232045,0.041327477,0.041003387,0.042266056,0.043186504,0.04060385,0.04152245,0.04074167,0.039917443,0.041554138,0.041757464,0.042163234
0.041071832,0.041794028,0.041834284,0.041969787,0.04208878,0.04158096,0.040698633,0.041756783,0.04107865,0.042335857,0.041414242,0.04175,0.041133422,0.040844828,0.041161597,0.042733807,0.043224867,0.041835774,0.041441526,0.041596804,0.04122844,0.040555187,0.04269086,0.04217905
0.04217659,0.040650852,0.041007314,0.042003084,0.041565496,0.041818947,0.042339634,0.041155953,0.04151529,0.042372413,0.04203065,0.04157601,0.042363957,0.04195265,0.041729495,0.042211756,0.042474583,0.040353604,0.040871013,0.040610604,0.04138568,0.041680288,0.042242855,0.041911274
0.042644642,0.040915914,0.04118807,0.041352388,0.041644733,0.042363975,0.04234289,0.04127725,0.04069231,0.04246257,0.041846223,0.04170892,0.042150807,0.041689478,0.040692043,0.04219856,0.04250758,0.04041909,0.041758575,0.040496055,0.041206587,0.04193788,0.042343285,0.04216021
0.04225753,0.041044936,0.04111435,0.041136373,0.041648176,0.042822573,0.041880988,0.041837275,0.04176945,0.041736074,0.04155839,0.041176412,0.0417113,0.042470284,0.04044841,0.04148547,0.04341084,0.04028833,0.04259189,0.041407455,0.040083326,0.04130354,0.042706225,0.04211042
0.042647555,0.041164443,0.0422442,0.042494077,0.04121105,0.04110484,0.041894097,0.041190322,0.039266873,0.043068364,0.04242935,0.04172012,0.042157453,0.040663764,0.040943187,0.042733107,0.041488074,0.04124939,0.04049858,0.04079288,0.042212497,0.04251348,0.042487834,0.041824434
0.042294182,0.040677752,0.04223768,0.040749144,0.042476844,0.041197103,0.04150795,0.04115449,0.04030322,0.043983407,0.04175522,0.042213056,0.041287635,0.042063005,0.040767837,0.04132212,0.042270157,0.041451216,0.04152276,0.04075701,0.041798003,0.041468367,0.042401083,0.04234081
0.04263966,0.041496467,0.041518804,0.042099934,0.041164517,0.041987304,0.041581005,0.040983785,0.040074263,0.042742312,0.04201075,0.04210746,0.0428321,0.041164342,0.041319806,0.042119913,0.04217833,0.040911235,0.04125851,0.04020067,0.041680712,0.04206741,0.04210848,0.041752186
0.042056985,0.041386526,0.04143203,0.04215411,0.04136267,0.04221619,0.04146235,0.040986713,0.041048918,0.042336166,0.041707583,0.041649874,0.042686917,0.04169696,0.041496336,0.041654967,0.04281461,0.04089284,0.04144097,0.040715955,0.041269455,0.041307025,0.04239903,0.04182477
0.042192373,0.04134231,0.041742787,0.041337002,0.0418016,0.042202193,0.041736636,0.04103915,0.039367933,0.0433079,0.041525494,0.042320512,0.04156992,0.04093357,0.040187787,0.042722948,0.04218809,0.04057502,0.041931983,0.041207775,0.042379837,0.04212929,0.04195053,0.04230739
0.043104388,0.042695314,0.043053556,0.042319007,0.041178737,0.04100922,0.04040829,0.041229315,0.038662415,0.043098133,0.042392936,0.042303123,0.04255812,0.041007202,0.0410689,0.041773412,0.04112339,0.041676357,0.04087747,0.041311428,0.041586835,0.042252455,0.04248514,0.040824886
0.042294357,0.041559808,0.04141102,0.042784054,0.040905636,0.042071935,0.042357225,0.04114252,0.04032831,0.04315148,0.04197457,0.04221518,0.04349223,0.04161363,0.041422687,0.042155515,0.041986313,0.04055137,0.040755093,0.03931498,0.041233733,0.041571956,0.042160418,0.041545954
0.0418588,0.04131443,0.04133928,0.040775366,0.042467117,0.04219807,0.041853502,0.0414454,0.041589074,0.04221589,0.041022528,0.041252673,0.04159549,0.042652253,0.040339086,0.041149594,0.042877015,0.04083705,0.04217618,0.04200641,0.041160863,0.040705044,0.043118652,0.042050254
0.042937856,0.041380055,0.04159167,0.040985867,0.04201632,0.042043522,0.04179383,0.041157793,0.04072973,0.04308598,0.041968253,0.041166022,0.042407636,0.041986942,0.040535707,0.041538768,0.042078864,0.040542573,0.042046074,0.04106528,0.041359227,0.041773092,0.042631503,0.04117747
0.042203255,0.041836575,0.04204018,0.04299717,0.04155957,0.04194158,0.041672688,0.040696368,0.040624328,0.04303964,0.041361813,0.041768048,0.042076714,0.041046448,0.040843986,0.042399604,0.04188493,0.040760435,0.04064017,0.040931948,0.041583125,0.041721545,0.04241143,0.041958373
0.04273956,0.040728066,0.041438892,0.041389514,0.042016022,0.042067226,0.04218122,0.041292764,0.041083593,0.042220898,0.042230763,0.04122563,0.041340187,0.042210855,0.040453043,0.04209487,0.043022882,0.04047495,0.04212179,0.04070867,0.04027667,0.04178569,0.04259829,0.042297892
0.041674305,0.041527603,0.042095024,0.042468958,0.04104058,0.041622043,0.041133408,0.04099743,0.04028182,0.042607535,0.041898694,0.041592814,0.042260446,0.041841462,0.041509096,0.04151199,0.042972796,0.04103765,0.04156212,0.040990166,0.041521396,0.041330546,0.042645417,0.041876744
0.042691052,0.042060018,0.04232147,0.042588647,0.040836476,0.04210754,0.04118367,0.04100159,0.039787892,0.042943604,0.04197245,0.041734513,0.043334693,0.0408556,0.04174853,0.04151629,0.04153356,0.0413969,0.041030813,0.04081153,0.04199961,0.041639503,0.041989904,0.040914148
0.04177602,0.04096574,0.0414796,0.041434724,0.042411715,0.0415846,0.041923095,0.041293953,0.04161581,0.04273906,0.041592084,0.04116447,0.042401724,0.042502347,0.040628057,0.041652877,0.042725176,0.041102014,0.04105361,0.041847575,0.040951688,0.041252166,0.0425962,0.04130565
0.042925626,0.041129135,0.04190077,0.042184584,0.04183823,0.041955993,0.042290375,0.040950138,0.040293895,0.042457554,0.042055886,0.04144565,0.042711455,0.041957356,0.04114341,0.042272057,0.04175558,0.040365152,0.041196086,0.04124576,0.041178655,0.041691672,0.041870907,0.04118414
0.042982876,0.04080289,0.041440405,0.041365575,0.042189498,0.042007044,0.042295635,0.040619757,0.041279815,0.043032408,0.042142827,0.04081616,0.042700324,0.042345244,0.041175883,0.04122191,0.041953713,0.040279362,0.04128144,0.040789284,0.04169707,0.04153001,0.042685524,0.041365374
0.04255067,0.041893136,0.041886326,0.042035762,0.041246027,0.041894816,0.041075584,0.041559055,0.040309433,0.04252607,0.041861095,0.04194317,0.042428672,0.041448057,0.04112172,0.04173933,0.04241267,0.041063152,0.04143575,0.04084237,0.041015,0.04186842,0.042513806,0.04132997
0.04214689,0.041346516,0.041678466,0.042085446,0.041931108,0.041535337,0.04174273,0.041025188,0.0403686,0.042961467,0.042231843,0.04091647,0.04209811,0.04224933,0.041539095,0.041537676,0.042392932,0.041069698,0.04153375,0.04074381,0.04118545,0.041544832,0.042648815,0.04148646
0.043308526,0.04080787,0.04166786,0.0411024,0.04231603,0.042323705,0.042562503,0.040559094,0.040580645,0.043530844,0.04240646,0.040923133,0.042352237,0.04246019,0.04048788,0.041127052,0.04164322,0.04034754,0.041371215,0.040583976,0.04150004,0.041967716,0.042671736,0.041398168
0.041875906,0.041506067,0.04168608,0.042024307,0.041520834,0.042392142,0.0413095,0.041419275,0.040286075,0.042342387,0.041475043,0.04220044,0.041940674,0.041049648,0.04083964,0.042266577,0.04288188,0.040864404,0.041686084,0.041179504,0.041510012,0.04154393,0.04202987,0.042169746
0.041506432,0.042297635,0.04263152,0.04132321,0.042376358,0.041431673,0.04071246,0.040746164,0.039107885,0.043189067,0.041326948,0.042615276,0.0419099,0.041414708,0.04115045,0.041075893,0.04144894,0.04183798,0.040918726,0.042370606,0.043184444,0.04113029,0.04234645,0.041946933
0.042961776,0.04152631,0.0419268,0.041957792,0.041161228,0.041961722,0.04199852,0.041357797,0.04048454,0.04268983,0.04273505,0.04148826,0.04308066,0.04147429,0.041526962,0.041669354,0.041544173,0.04048522,0.040965468,0.04048313,0.04133647,0.041624717,0.042226166,0.041333783
0.042551022,0.040531665,0.041072503,0.04194257,0.041213073,0.042085793,0.042901132,0.041023847,0.040921025,0.042237792,0.04162912,0.04162533,0.04263453,0.041900136,0.041192014,0.04259875,0.042676993,0.040584378,0.040845044,0.03991187,0.04123272,0.04208751,0.042179078,0.04242213
0.042345148,0.04083642,0.041290745,0.039917514,0.04256115,0.042521406,0.04230737,0.041103832,0.040946115,0.042723585,0.041482005,0.041405395,0.041471735,0.042552404,0.04006756,0.041267168,0.042330913,0.040620983,0.042510927,0.041402105,0.04160965,0.041602973,0.0428709,0.042251963
0.04262758,0.041296847,0.041117173,0.040984884,0.04149956,0.042266443,0.041960683,0.040319797,0.04040365,0.043985,0.041844957,0.04173249,0.043114495,0.041725367,0.04138944,0.04156641,0.04162869,0.040227376,0.042032562,0.03999592,0.042694435,0.0418155,0.042298663,0.04147209
0.042692512,0.04163558,0.042043127,0.041595504,0.041573863,0.0419507,0.04141188,0.0417321,0.04007995,0.042372093,0.041986074,0.041912068,0.04167502,0.041590825,0.040299393,0.042028688,0.042364538,0.040846355,0.041865125,0.041294858,0.04069346,0.041977342,0.042485103,0.041893903
0.041737385,0.042257722,0.042038508,0.04189671,0.041622996,0.04177796,0.040540528,0.04174893,0.039856993,0.042370647,0.04116499,0.0423388,0.041309837,0.04131636,0.0404066,0.042106528,0.042900454,0.041485503,0.041756887,0.04237208,0.040760573,0.0412724,0.04262226,0.042338334
0.041890733,0.04166396,0.042110026,0.04165566,0.04203529,0.042039163,0.040949598,0.04074584,0.040515605,0.042981043,0.04192726,0.041778438,0.042662535,0.04112325,0.041580647,0.041224826,0.041946292,0.041320104,0.040751636,0.041011445,0.042259805,0.041137997,0.043023426,0.041665383
0.042488378,0.041357823,0.041826002,0.04112551,0.041861437,0.04162691,0.04197337,0.040698852,0.040178802,0.04339363,0.04191432,0.041629627,0.042084936,0.041889686,0.04076282,0.042115074,0.04176144,0.04079148,0.041370846,0.04090137,0.04204978,0.041757602,0.042681538,0.041758824
0.042155504,0.04152024,0.041330937,0.0409843,0.041492768,0.04259825,0.041287906,0.041168306,0.041192897,0.042920195,0.041273322,0.041567277,0.042399414,0.04136663,0.04140348,0.041438453,0.043214127,0.04072413,0.04265307,0.04053618,0.04094978,0.041613534,0.04248126,0.041728027
0.042586874,0.041033972,0.041284796,0.041159675,0.042575635,0.042209286,0.04165748,0.040525667,0.04090015,0.04310573,0.041223213,0.04134099,0.042335734,0.042148933,0.0411071,0.041619256,0.041925702,0.04049942,0.04144237,0.041294903,0.04214213,0.04159462,0.042953182,0.041333172
0.0422784,0.04131582,0.041310795,0.041579265,0.041477747,0.04255336,0.04162977,0.04130933,0.0414909,0.04219732,0.0416871,0.04116316,0.04277104,0.04223278,0.041093938,0.041240666,0.043083925,0.040531285,0.042152457,0.040928446,0.04059508,0.04132513,0.042374033,0.041678254
0.041820016,0.041314274,0.041881386,0.041613005,0.04115497,0.04173748,0.042184506,0.041139938,0.04116298,0.04267179,0.042493302,0.04172097,0.042363383,0.041955285,0.041752517,0.041993413,0.04233357,0.040664766,0.040770788,0.04105296,0.04092187,0.040695302,0.04210762,0.042493932
0.04254998,0.04111058,0.041682694,0.041199256,0.04199908,0.041951165,0.04208773,0.040928572,0.04067895,0.043003824,0.041921917,0.041269384,0.042070754,0.042167306,0.040783696,0.041808356,0.042026933,0.04055034,0.04156413,0.041112196,0.04152032,0.041547094,0.04271243,0.041753307
0.042354144,0.04181583,0.042760577,0.041420855,0.042698573,0.04152606,0.041766115,0.040659826,0.039809093,0.042496532,0.041608274,0.041451506,0.04231074,0.041871015,0.04066968,0.041184507,0.042014036,0.041007224,0.04131898,0.04188125,0.041865915,0.04118238,0.04293088,0.041395955
0.042025354,0.041451618,0.041691843,0.040353663,0.042225968,0.042258445,0.041487217,0.04070244,0.040141508,0.04341362,0.041563194,0.041810274,0.04178329,0.041937575,0.040428996,0.04168459,0.042086676,0.04066021,0.042112228,0.041437928,0.042056814,0.041413557,0.04299004,0.042282954
0.042279635,0.0414538,0.041458678,0.041710325,0.041578747,0.041922778,0.041761328,0.040439993,0.039530076,0.04312498,0.04156758,0.042464945,0.042516146,0.04092927,0.041066233,0.042199526,0.042153265,0.04107125,0.041222118,0.040447015,0.042546578,0.042074464,0.042261872,0.042219415
0.042298026,0.041345596,0.041576385,0.04134302,0.04184315,0.041997287,0.04213205,0.041663103,0.040591154,0.042480893,0.04170788,0.041579746,0.041677292,0.041127052,0.04046026,0.042513933,0.042592783,0.04093052,0.04136342,0.041097723,0.041507132,0.041706625,0.042319838,0.042145148
0.042234316,0.041381173,0.0416182,0.04239232,0.041118585,0.042141907,0.041544914,0.041654155,0.040488653,0.042178184,0.041855566,0.041965168,0.042202663,0.04146931,0.04142338,0.04235321,0.042970438,0.040971726,0.041001,0.040602908,0.04062087,0.041609634,0.041913677,0.04228807
0.042390026,0.04184103,0.042524096,0.040276233,0.04283198,0.042033028,0.041502904,0.040123697,0.03974393,0.04316249,0.04130521,0.04152875,0.0421646,0.042170927,0.040609915,0.040731285,0.04149388,0.041353304,0.042087168,0.04172703,0.04244947,0.04142095,0.04321392,0.041314173
0.042711746,0.041315492,0.04195434,0.04172885,0.041753244,0.041961573,0.041819308,0.041223858,0.040813364,0.042524073,0.042226672,0.04130515,0.042377118,0.041963696,0.04113444,0.041471183,0.04203764,0.040692978,0.04109034,0.04108039,0.04112119,0.041429378,0.04267735,0.041586593
0.042191867,0.04070417,0.041253876,0.040995445,0.04201323,0.042484865,0.04208973,0.041029736,0.041051164,0.042396232,0.04137898,0.041213203,0.04201243,0.042331263,0.040587455,0.04168134,0.042841077,0.04065742,0.04223039,0.041213736,0.041182145,0.04133956,0.042764846,0.042355865
0.042499345,0.041556776,0.042045344,0.04121315,0.04235852,0.041829146,0.041184228,0.04084153,0.040028915,0.043476854,0.041890133,0.04168946,0.04214745,0.04143216,0.04053003,0.04162194,0.04165195,0.041351818,0.041506544,0.041047696,0.04196809,0.041974638,0.04300875,0.041145563
0.041629676,0.041603003,0.042371828,0.04169013,0.041964263,0.04165185,0.041407224,0.04083869,0.040362064,0.04265695,0.041480575,0.04173979,0.041884046,0.041831225,0.04071041,0.041255474,0.042003293,0.04139946,0.04136389,0.04227344,0.041376762,0.041209064,0.043087956,0.042208966
0.041760907,0.041058023,0.041175913,0.04101748,0.042039003,0.043021657,0.042269837,0.040683627,0.0416881,0.04272427,0.041364316,0.041775517,0.042574145,0.042028293,0.041023728,0.042111557,0.04278689,0.039733853,0.041164093,0.040795956,0.04167629,0.040757027,0.042445995,0.042323526
0.042045984,0.041015863,0.04135121,0.040490713,0.042201463,0.04274489,0.041780394,0.041652676,0.040941566,0.042281833,0.04119851,0.04159943,0.04135386,0.042147554,0.039864566,0.041893724,0.04292401,0.04070859,0.042365093,0.041530844,0.04098526,0.04141712,0.042939875,0.042564988
0.04246315,0.041421056,0.042020064,0.0416091,0.042464305,0.042040937,0.04174827,0.04058247,0.041033335,0.043244224,0.041540302,0.04122639,0.042442605,0.042551827,0.040731017,0.041327316,0.04128518,0.040521186,0.041414015,0.041692216,0.04163613,0.04148597,0.04275915,0.040759847
0.04169566,0.040943503,0.041048847,0.041480355,0.042029236,0.04244727,0.04182558,0.04050003,0.04144315,0.04296896,0.041690525,0.041644137,0.042421665,0.041809224,0.041265666,0.041650295,0.04273656,0.040786352,0.041669473,0.0407205,0.04163908,0.04102401,0.04250795,0.04205194
0.043030757,0.041993164,0.042280916,0.041844573,0.04131622,0.041581232,0.041191053,0.041379005,0.039182577,0.042841494,0.042191077,0.042279925,0.04222796,0.04112801,0.040674295,0.04221746,0.041674014,0.04115149,0.04133995,0.040909555,0.041371632,0.042370554,0.042307414,0.041515615
0.042193204,0.041605514,0.041591167,0.041986745,0.041241303,0.04179249,0.04176782,0.041238647,0.040731676,0.04297403,0.042009484,0.04171675,0.042782888,0.04134042,0.04156714,0.04200446,0.042161833,0.04069066,0.04108822,0.040584438,0.041719805,0.041517682,0.042223677,0.04146993
0.042194087,0.0413543,0.041154172,0.042066325,0.041514177,0.041635834,0.041915424,0.041616518,0.041436132,0.04202194,0.041645974,0.041508604,0.042374145,0.041256484,0.041466936,0.041805107,0.043171097,0.040698424,0.041125357,0.04125618,0.041104082,0.04097457,0.04254231,0.04216178
0.04182164,0.04085561,0.041071195,0.04164384,0.041768916,0.042475272,0.04187283,0.040785566,0.041340444,0.042418174,0.041486092,0.04159244,0.042370643,0.04191825,0.041278858,0.04174874,0.042956654,0.040639028,0.041583557,0.040755715,0.04149353,0.04119533,0.042626817,0.042300798
0.042517725,0.041031748,0.04175714,0.041717015,0.04186618,0.041992784,0.041800134,0.040850595,0.040727925,0.04271659,0.041875146,0.041357238,0.042211737,0.042116564,0.041181594,0.04162853,0.04233243,0.04067596,0.04133167,0.041099448,0.041425385,0.041437156,0.042662345,0.041686963
0.042595588,0.0410007,0.041420396,0.041976213,0.041964095,0.042093493,0.04213522,0.04051781,0.040456966,0.04309483,0.04153824,0.041091412,0.042522892,0.042448588,0.041258164,0.041852262,0.04286024,0.040512268,0.040709097,0.040535506,0.041307587,0.041147742,0.042795632,0.042165067
0.042192467,0.040999275,0.041711655,0.041261114,0.041823875,0.04187006,0.042069416,0.04130489,0.041443188,0.042880975,0.041948725,0.04150666,0.04234907,0.04223367,0.041126333,0.0418907,0.042086862,0.04042461,0.04136984,0.04079645,0.04155128,0.041127056,0.042524207,0.041507654
0.042680133,0.041662905,0.042038042,0.042027075,0.041541032,0.04157335,0.041374333,0.040475417,0.04012313,0.0432722,0.0421697,0.041606035,0.043052673,0.041596357,0.041631605,0.041472614,0.041554004,0.041078832,0.040893447,0.04064782,0.042137142,0.041683767,0.042539835,0.041168515
0.041929293,0.041450612,0.041979104,0.04226884,0.041483272,0.04175468,0.04138382,0.04124364,0.04059888,0.04210975,0.04166101,0.04188022,0.042071916,0.04165711,0.040927872,0.042193294,0.04295428,0.040947203,0.041147515,0.04146507,0.0409812,0.041164733,0.042517386,0.0422293
0.0421397,0.04063899,0.041409377,0.04087041,0.04228511,0.042719427,0.042274985,0.040407486,0.04175195,0.043039642,0.04174216,0.040834185,0.042549185,0.04256562,0.04111848,0.04107756,0.042135473,0.040215697,0.041873846,0.040761825,0.041679554,0.04127654,0.04289413,0.041738644
0.042251647,0.042085916,0.041943666,0.04200985,0.041367155,0.042219404,0.041568473,0.040749878,0.03942372,0.042344872,0.04142648,0.04193857,0.042359248,0.04045933,0.041209538,0.042921446,0.0421929,0.04152758,0.041005667,0.04096731,0.041734587,0.041699037,0.04222875,0.042364962
0.042463094,0.040729936,0.041522227,0.04076489,0.041401286,0.041155428,0.0439129,0.04152928,0.04028233,0.043774106,0.041324575,0.04160237,0.042197615,0.042117253,0.041041374,0.043312103,0.041593287,0.039492145,0.041344542,0.04034555,0.04259596,0.041660383,0.041847363,0.041990057
0.042047884,0.041689146,0.04146575,0.04091465,0.04168734,0.042526666,0.04116377,0.041349325,0.040501263,0.04273071,0.04120275,0.041999146,0.041724138,0.041269034,0.040607598,0.042022914,0.0431973,0.04086641,0.042517096,0.041049283,0.041053217,0.041816656,0.042435683,0.04216228
0.04136036,0.04232002,0.041917622,0.04199672,0.04098539,0.04247141,0.04156878,0.042074453,0.040260397,0.04196907,0.04208803,0.042174034,0.040843677,0.041182384,0.041509688,0.04215926,0.042259045,0.041555412,0.04086902,0.042284597,0.040811263,0.04140499,0.042103946,0.04183044
0.04262964,0.04084348,0.041578233,0.042026527,0.042259984,0.042522438,0.041795824,0.041225526,0.040782392,0.04226579,0.041890405,0.041299243,0.042235237,0.04188688,0.040967185,0.041587014,0.041639727,0.040917307,0.041227937,0.040387977,0.041952144,0.04191954,0.042633936,0.041525643
0.04158302,0.042460628,0.042293064,0.042566523,0.041230395,0.041353945,0.040894337,0.041531794,0.04054952,0.04222734,0.041709084,0.04198519,0.041689254,0.041722883,0.041453484,0.042008135,0.04293994,0.041089665,0.040783238,0.041433327,0.041230433,0.040901784,0.04219514,0.042167895
0.042509962,0.042036243,0.041892137,0.041835867,0.041268256,0.041799076,0.0407719,0.04099081,0.039743967,0.043058142,0.04174155,0.042232856,0.0427753,0.041155994,0.04105923,0.041745346,0.04217031,0.041222047,0.041626118,0.04078151,0.041789923,0.04196822,0.042455997,0.0413693
0.042147566,0.04078788,0.041376393,0.041652143,0.042166162,0.04218766,0.041972946,0.04062672,0.041375708,0.042816687,0.04169877,0.0410912,0.042545464,0.04187605,0.041367665,0.041546088,0.042387713,0.040846404,0.04126205,0.040654026,0.04190107,0.041339263,0.0428021,0.041572183
0.04233344,0.041299645,0.042058256,0.04001854,0.042672936,0.042173512,0.041689273,0.040593747,0.039787337,0.043145597,0.04182706,0.041869756,0.04185493,0.04196512,0.040353958,0.041121945,0.0413617,0.04117073,0.041836753,0.041542146,0.04256774,0.041627996,0.042956952,0.04217095
0.042397726,0.04122969,0.04177778,0.04098269,0.042167705,0.042194314,0.04161745,0.041085523,0.040552743,0.04269136,0.04162402,0.041439418,0.041697536,0.04218359,0.0403746,0.04165985,0.042385254,0.040773887,0.04204452,0.04150681,0.04123006,0.041571405,0.042906206,0.04190583
0.042386357,0.041401405,0.041948892,0.041734777,0.04181717,0.04174233,0.041635055,0.040828243,0.040633675,0.042604588,0.041644726,0.041520443,0.042245347,0.042002074,0.04099811,0.0414096,0.04221709,0.041026864,0.041372858,0.041450463,0.04141127,0.041409012,0.042822104,0.041737612
0.042367212,0.041252296,0.041296862,0.042217623,0.04109946,0.042285483,0.04195567,0.041690387,0.04076055,0.04192084,0.041972548,0.041934635,0.042237584,0.041443344,0.041044965,0.042293694,0.042893175,0.040631957,0.041386995,0.040516715,0.040714704,0.04172232,0.042053863,0.042307127
0.041747227,0.041333895,0.04173121,0.041280188,0.042145293,0.042173576,0.04117108,0.04063264,0.040546443,0.04280624,0.04130714,0.04165529,0.04193495,0.041949376,0.040846065,0.04160663,0.042617455,0.04110725,0.041834176,0.04150608,0.041817985,0.04121384,0.042935807,0.04210021
0.042051192,0.04136945,0.041646328,0.040895723,0.041949477,0.04241332,0.04138628,0.040532697,0.04029812,0.043124605,0.04179223,0.042098437,0.042242922,0.04169938,0.040741857,0.041485272,0.042249337,0.040968638,0.042135827,0.041249298,0.041682087,0.041413467,0.042690888,0.04188316
0.042834777,0.04091484,0.04162924,0.041475795,0.04219156,0.041977227,0.042229883,0.040170938,0.040920157,0.04334998,0.041963,0.04092729,0.042738,0.042305212,0.041198485,0.041359648,0.041605193,0.040558167,0.041197773,0.040696032,0.04208983,0.041603316,0.04276251,0.04130116
0.04165995,0.04098139,0.0415425,0.041444574,0.042219233,0.04239597,0.041378547,0.041591458,0.04094442,0.042171247,0.04129768,0.04162171,0.041702643,0.042114522,0.040523622,0.04204819,0.04297167,0.04120917,0.04141457,0.04162672,0.041208547,0.041534048,0.042492013,0.041905615
0.042340275,0.041765798,0.042038046,0.04155902,0.041441627,0.04194896,0.04155148,0.041586883,0.040319063,0.042622283,0.042233948,0.041913405,0.04214339,0.041442562,0.04105863,0.041854694,0.042074177,0.04068339,0.041059464,0.041199863,0.041194156,0.041337665,0.04255294,0.04207831
0.04203783,0.041671798,0.041438077,0.042476486,0.040954173,0.04243254,0.041449245,0.04127585,0.040992714,0.04220429,0.041583564,0.042088773,0.04291519,0.04157701,0.041748483,0.041728772,0.042537186,0.040783618,0.04123279,0.040228542,0.040952835,0.041236836,0.042558596,0.041894823
0.04267346,0.040853456,0.0418506,0.040832713,0.042599365,0.04189121,0.04177017,0.040435586,0.0407623,0.04336327,0.041851778,0.040795736,0.041839037,0.04269561,0.040660262,0.04086488,0.041822262,0.040739648,0.04203656,0.041747592,0.041812863,0.04166688,0.043298367,0.041136414
0.04136196,0.041240487,0.04136229,0.041271746,0.04206003,0.042395443,0.04149362,0.042022556,0.040606473,0.042354785,0.0411338,0.042187806,0.041094568,0.040631656,0.040253215,0.042926703,0.04317758,0.041191045,0.04192305,0.04109383,0.04138741,0.041737366,0.042681076,0.04241156
0.041421056,0.041895784,0.041849423,0.042160235,0.04156713,0.04198144,0.04073417,0.04123863,0.0404559,0.042812314,0.041587587,0.04167659,0.042488113,0.041851528,0.04127685,0.04116764,0.04310706,0.04117962,0.041753963,0.041449547,0.041490674,0.040887516,0.04262867,0.041338544
0.04240104,0.041619573,0.041985735,0.041281763,0.04183894,0.041781638,0.04175101,0.041073393,0.04000804,0.043028474,0.042032164,0.041731685,0.04264291,0.041342214,0.04077525,0.041828107,0.04165046,0.041100062,0.041096155,0.040925942,0.042137276,0.04175583,0.042348117,0.04186423
0.042368736,0.041576676,0.04166286,0.0419975,0.042154275,0.041942555,0.04121341,0.040662378,0.040941283,0.042683065,0.041701525,0.041296944,0.042018864,0.041844796,0.04113544,0.041672286,0.042691875,0.04113983,0.04125407,0.04125188,0.041316546,0.04110618,0.042612076,0.041754946
0.04290548,0.04089075,0.04149659,0.041410763,0.041863106,0.042004358,0.042431273,0.04095268,0.040634684,0.042761248,0.04214564,0.041442588,0.04239505,0.041926455,0.040942326,0.041843075,0.041881002,0.04059989,0.04125186,0.040522065,0.041608814,0.041915618,0.042390876,0.04178383
0.041542385,0.04128234,0.04143209,0.04170996,0.041758396,0.04219871,0.041517243,0.041106857,0.041482452,0.042561296,0.041463617,0.04132941,0.042254824,0.041877765,0.04141703,0.041572694,0.042930942,0.040864628,0.041556023,0.04118699,0.041469887,0.040850133,0.04277056,0.04186375
0.042303797,0.041452292,0.041475672,0.040917516,0.04191647,0.042025387,0.041402012,0.041407663,0.040352147,0.04256645,0.041549675,0.042003576,0.041117672,0.041892,0.040090516,0.041959736,0.042873394,0.04084277,0.04216966,0.04127266,0.041557975,0.041680846,0.042533383,0.042636704
0.04279632,0.041411705,0.04193073,0.041479412,0.041781057,0.041708186,0.041801386,0.04089918,0.03994864,0.043139122,0.04208268,0.04168216,0.04225769,0.041687414,0.04082093,0.042033862,0.04168038,0.040820032,0.041312385,0.04088737,0.04173922,0.041954722,0.042535007,0.041610412
0.042087365,0.04100046,0.04153845,0.040974203,0.042465948,0.042224642,0.04155169,0.04002622,0.0411342,0.04331575,0.04145866,0.040964603,0.042512186,0.04250466,0.041151375,0.040918164,0.042205073,0.04085612,0.041878827,0.04118695,0.042241327,0.04113709,0.043170013,0.041496046
0.042843625,0.04135915,0.041558016,0.042116173,0.04123208,0.042024408,0.041923843,0.04125731,0.041121155,0.04248158,0.042232055,0.041262683,0.042938285,0.04196675,0.041530956,0.041410223,0.04225441,0.040533565,0.041275043,0.040543824,0.04100316,0.04155839,0.042309646,0.04126368
0.04253716,0.041379202,0.042040545,0.041262202,0.042089373,0.041786052,0.04161186,0.040850766,0.04017173,0.043043528,0.041865844,0.041490395,0.041964635,0.041992787,0.040668864,0.04177382,0.041873988,0.040910624,0.041511953,0.041369647,0.041641794,0.041651126,0.042837016,0.04167507
0.041999992,0.04110369,0.04147216,0.04199147,0.041869625,0.041760355,0.04164058,0.040955227,0.040920783,0.042717803,0.04200481,0.041764375,0.042254005,0.04157043,0.04131191,0.041797828,0.042398866,0.04103854,0.040794387,0.040998522,0.041526355,0.04168857,0.042703044,0.0417167
0.042402647,0.04118136,0.041674282,0.042081397,0.04165705,0.041891947,0.04180075,0.04112063,0.040601157,0.04256124,0.041942533,0.041662127,0.042408314,0.041398548,0.041220043,0.042116307,0.042283736,0.04095951,0.04096956,0.04065053,0.041522052,0.0416905,0.04244464,0.041759122
0.041971244,0.041581344,0.041833,0.041907456,0.041473057,0.04207307,0.041368734,0.04110597,0.04097663,0.042425495,0.04195458,0.04159883,0.042525966,0.041847028,0.041588657,0.041347336,0.04249733,0.040814478,0.041036483,0.041216344,0.041302267,0.04086789,0.042659763,0.04202711
0.04201225,0.0412169,0.04167063,0.04208183,0.041535728,0.042047396,0.041690636,0.041045256,0.040863603,0.042358287,0.04175437,0.041631944,0.042290337,0.041789416,0.041307986,0.04196851,0.042600732,0.04085491,0.04118724,0.040962014,0.041261684,0.0413323,0.042446528,0.042089473
0.041632574,0.042003892,0.041797627,0.041705884,0.041126415,0.04224617,0.041863937,0.041249957,0.04090542,0.043472514,0.04183257,0.04162859,0.042371795,0.04164985,0.041613147,0.041608598,0.042279355,0.03972604,0.04148366,0.041672844,0.042171277,0.040452287,0.041674186,0.041831408
0.042455237,0.04156977,0.042217664,0.042162187,0.041536614,0.04154671,0.04130119,0.04171631,0.03971258,0.042394444,0.04160836,0.042435598,0.04222642,0.041667614,0.041067336,0.04193967,0.0424159,0.04082684,0.041757762,0.04096788,0.041344117,0.041398082,0.04201533,0.0417164
0.041552536,0.04146752,0.04170942,0.04193131,0.041637883,0.042058114,0.041421585,0.040858794,0.04084431,0.042552013,0.041385643,0.041500375,0.04213947,0.041633036,0.041525796,0.0418121,0.04255511,0.041128546,0.04119631,0.04131441,0.041865516,0.041074224,0.04277684,0.042059164
0.042444363,0.0413745,0.04199789,0.04252841,0.04137998,0.04163183,0.041738514,0.041221667,0.040624883,0.042281613,0.04219263,0.041533604,0.042529512,0.041676003,0.04153021,0.041991487,0.0422409,0.040968884,0.040568046,0.040938396,0.041115522,0.04138764,0.042349033,0.04175444
0.042316597,0.041569665,0.042017,0.04158012,0.04210576,0.04195498,0.041265164,0.041219518,0.040298026,0.042907976,0.04164745,0.041760724,0.042187236,0.041188765,0.040893346,0.041629586,0.042065367,0.041416693,0.041374702,0.04090404,0.041814204,0.041816086,0.042832684,0.04123424
0.04130203,0.041358296,0.04203197,0.041734718,0.04155769,0.042476654,0.04161104,0.040501427,0.04155101,0.042586327,0.041367248,0.041202255,0.042533893,0.04232828,0.041894864,0.04177862,0.042809337,0.040374838,0.04139045,0.040848874,0.04103136,0.041212894,0.04259349,0.04192241
0.042659044,0.040745813,0.041575827,0.040651657,0.04243732,0.042468026,0.042224314,0.04039513,0.040936556,0.043136857,0.0421,0.041003957,0.04250967,0.04236143,0.040873285,0.041152384,0.041713655,0.04035069,0.041665297,0.040921222,0.041960385,0.04137172,0.042981714,0.041804038
0.04151818,0.04157324,0.041352477,0.041782822,0.041891985,0.042504728,0.041488495,0.040692117,0.041406497,0.042343486,0.0414497,0.041699823,0.042106424,0.041844975,0.04068378,0.041939277,0.043204732,0.040859107,0.042068377,0.041171018,0.040663756,0.041114736,0.04260075,0.042039532
0.041969452,0.04144506,0.042139202,0.04123039,0.04187145,0.041784093,0.04142759,0.04053381,0.040936723,0.0433933,0.041813605,0.041229907,0.04205937,0.04225145,0.041283514,0.041705925,0.042148367,0.04081397,0.041238267,0.041344564,0.042124532,0.04117325,0.042697385,0.041384783
0.042476386,0.04186143,0.04217906,0.04255943,0.041153688,0.041593228,0.0411167,0.04132774,0.04031734,0.04234947,0.04213393,0.04180537,0.042648397,0.041497175,0.04158767,0.041695002,0.042198155,0.041171864,0.04082632,0.041053653,0.04114464,0.041516773,0.042377748,0.04140885
0.04196051,0.04165811,0.042233378,0.041479766,0.04205981,0.041641943,0.04110897,0.040710747,0.040237673,0.04304944,0.041643307,0.04154173,0.041970413,0.041987404,0.04099678,0.04159176,0.042071592,0.041208647,0.04136762,0.041762132,0.04182294,0.041159928,0.04300227,0.04173316
0.042668715,0.041048232,0.04177473,0.041813616,0.041825596,0.04193376,0.042079385,0.040949438,0.04107405,0.04259223,0.042173307,0.041087948,0.042496677,0.04218787,0.04129627,0.041488014,0.042077776,0.040610876,0.04101492,0.040952668,0.041270845,0.04133859,0.042651847,0.041592654
0.042058554,0.041413967,0.041530292,0.04170884,0.04177094,0.042316724,0.04130393,0.04087509,0.041503586,0.042749166,0.041603196,0.041113336,0.042784993,0.041996382,0.04152498,0.040889315,0.04263074,0.040860977,0.041786775,0.04099293,0.0415792,0.04109353,0.04277548,0.041137088
0.042273402,0.041168958,0.04191071,0.04165771,0.042155214,0.04188609,0.041640278,0.0406967,0.041168466,0.042715937,0.04181975,0.040930655,0.042267393,0.04243294,0.041237727,0.0411933,0.04220644,0.040897448,0.04130204,0.04147832,0.041418098,0.04106181,0.04300486,0.041475758
0.042085774,0.041778114,0.041277178,0.04141432,0.041584663,0.041967098,0.040534314,0.041273978,0.04022104,0.042649243,0.04142908,0.04241083,0.04223136,0.0408522,0.04113526,0.041738134,0.043442182,0.041097213,0.04196934,0.040961422,0.04168725,0.04138618,0.04239627,0.042477548
0.042854268,0.041254602,0.04166755,0.04246247,0.041322894,0.041723363,0.041888718,0.040818248,0.041236226,0.042672373,0.04234237,0.041074958,0.043439846,0.041943554,0.042142488,0.04154851,0.041681867,0.040731166,0.040711403,0.0400953,0.041594326,0.04162838,0.042174622,0.040990476
0.042199664,0.04115245,0.04176397,0.041623116,0.042037055,0.041944325,0.04175735,0.041021254,0.04098993,0.042616162,0.041771233,0.041238867,0.04218531,0.042098362,0.041097093,0.041556932,0.04230088,0.04092484,0.041318372,0.041221138,0.04143691,0.041229773,0.042846598,0.041668378
0.042573243,0.041535147,0.04225477,0.041708298,0.041750368,0.041713137,0.041523896,0.0406756,0.04017879,0.043139778,0.04199644,0.04151368,0.042433865,0.041946918,0.041064702,0.041675497,0.04158773,0.04092367,0.041309454,0.041056883,0.04164903,0.041831426,0.042612817,0.041344896
0.041985027,0.041450206,0.041684143,0.04181269,0.04171648,0.04213121,0.041186098,0.040721405,0.04107565,0.042621713,0.0416022,0.041364018,0.04261951,0.042060997,0.04147671,0.041131835,0.042614028,0.041019116,0.04156824,0.04117021,0.04154012,0.041065887,0.042797673,0.041584797
0.042103004,0.041261256,0.041744176,0.0415232,0.042208683,0.042143214,0.041334923,0.041074023,0.040787425,0.042742312,0.041547887,0.041477747,0.04212501,0.041408565,0.040902413,0.041663006,0.042401705,0.04125016,0.041576557,0.041008063,0.041735854,0.041635033,0.042933986,0.041411836
0.041984327,0.040929828,0.04124349,0.041389305,0.04184793,0.04226187,0.04211384,0.041003462,0.041298214,0.04267264,0.04164024,0.04130355,0.042137463,0.04209089,0.04107901,0.04186227,0.04269816,0.04049498,0.041634385,0.04095368,0.04144058,0.04117918,0.04262083,0.042119868
