Stock_1,Stock_2,Stock_3,Stock_4,Stock_5,Stock_6,Stock_7,Stock_8,Stock_9,Stock_10,Stock_11,Stock_12,Stock_13,Stock_14,Stock_15,Stock_16,Stock_17,Stock_18,Stock_19,Stock_20,Stock_21,Stock_22,Stock_23,Stock_24
0.06663515270251062,7.483040173860012e-05,0.06663350785999715,0.06662854949415947,2.7773602875238748e-05,0.06664670633060034,0.06664734599157779,0.06663998790381226,2.7791481598211147e-06,4.9623388872288384e-05,3.083285102829415e-05,0.06664947554613629,0.06664715925824898,0.06664073881017711,2.5924148309982522e-06,9.073849213448826e-05,0.06665470010629378,1.866935983273684e-05,0.06665601121264508,0.06664381395052836,0.06665441404672622,2.7195524165797758e-05,0.06665097338581642,0.06664642821713188
0.06571979851247006,0.0517806510000171,0.062452060584121435,0.009899724375402423,0.06027131474202253,0.06633451332271974,0.05975923210991797,0.00890190986171619,0.01598297169308858,0.014886346160792627,0.06362435538526076,0.008333798591904645,0.004344269617219285,0.007831952972923013,0.04004146467154254,0.06230898296806095,0.040825015020926586,0.06507831625414279,0.04517844339264779,0.06106170838217653,0.062217773457936755,0.0077130631463667755,0.05102627807116639,0.06442605570545654
0.06566125929536172,0.051815918570775416,0.06239764011680316,0.00996192213794632,0.06021441358109232,0.06629156850990969,0.05975150964919527,0.008936320504944875,0.01596321705175941,0.01495594852415334,0.06358601275326575,0.008378828314848848,0.004376170454801567,0.007893433740711456,0.039923134101597896,0.06228448467701248,0.04086978548430585,0.06503495299851983,0.04525284293325091,0.06102714331466518,0.06221570922505135,0.007755781904851312,0.051063975633655806,0.06438802652152024
0.0656364207581288,0.05183079338168073,0.062374573500325256,0.009988315860434353,0.06019031144287014,0.0662733622693679,0.05974824194477889,0.008950902398691918,0.015954866927132622,0.014985447804868404,0.06356977935247404,0.008397939748108211,0.004389717992397994,0.007919546477820099,0.03987309174874014,0.06227411409157273,0.04088869290982191,0.06501658036546237,0.04528424297630874,0.06101251364044504,0.06221483135908213,0.007773897084089861,0.0510799031062303,0.06437191285916743
0.06562198494885783,0.0518394185423071,0.06236117712483607,0.010003664016714386,0.06017632019186786,0.06626278527478831,0.05974632718944796,0.008959379959443693,0.01595002461737745,0.015002576913291824,0.06356035125003194,0.008409032375575658,0.004397601636289803,0.007934740590420859,0.03984403994179744,0.0622681005103243,0.04089968266130785,0.0650059031332683,0.04530245474347162,0.06100401667633699,0.062214304683527726,0.0077844326369039055,0.0510891198535077,0.06436256052830344
0.06566059935637228,0.0518163088283837,0.06239702644381184,0.009962631196798242,0.060213770640020446,0.06629108319454276,0.05975142183831458,0.008936711980698954,0.015962995139337514,0.01495673183542512,0.06358557669736613,0.00837934349730037,0.004376529615924528,0.007894124001309526,0.039921799749006906,0.062284206275271405,0.04087030005433927,0.0650344577288914,0.04525368228861716,0.06102674758620384,0.06221568438670379,0.007756259885656278,0.05106441918451303,0.06438758859519092
0.06567131872063277,0.051809868648428695,0.06240697991668606,0.009951233825231507,0.06022417964100425,0.06629893973007726,0.05975283250038096,0.008930409052263498,0.015966605205416255,0.014944002250233755,0.06359259364601204,0.00837109558109951,0.004370681685565894,0.007882860004564687,0.039943431642728455,0.06228869214328744,0.04086212046407944,0.06504239199284721,0.045240112454304905,0.06103307644842584,0.06221606156056518,0.007748441885015059,0.05105752147152876,0.06439454952962055
0.06568087520918228,0.05180412361724282,0.062415869369871355,0.009941080290670309,0.060233468921376536,0.06630595712801729,0.05975410400611801,0.00892480244500461,0.015969831919892718,0.014932636113802038,0.06359884660857473,0.008363743659458009,0.004365473106600825,0.007872818027467688,0.03996272823207562,0.062292681052625275,0.04085481696279934,0.0650494706542599,0.045227963567613556,0.061038720197087566,0.06221639707374485,0.007741466551332965,0.05105136912024105,0.06440075616494065
0.06568890156124071,0.051799310495580925,0.06242332354943965,0.009932552085134265,0.06024126168630354,0.06631183604294341,0.059755152523031985,0.008920081669088479,0.015972534681936545,0.014923102444295356,0.06360410878003696,0.008357566127834467,0.0043610976247830885,0.007864391049801212,0.03997893713092676,0.06229604258517295,0.040848676068786186,0.06505541330897906,0.045217765264641704,0.061043451338118886,0.06221668957039625,0.007735610994803911,0.05104622143442881,0.06440597198229492
0.06570667649604081,0.051788592339781225,0.0624398569425879,0.00991366634182855,0.06025854501225626,0.06632488133291739,0.059757495563431816,0.008909627956125326,0.01597855287906037,0.014901956591417917,0.06361574943426068,0.008343896688080584,0.004351414349970559,0.00784572747566903,0.04001489037121095,0.062303487091485955,0.04083508118328643,0.06506858277834138,0.04519515772076871,0.06105394989725879,0.06221730766879311,0.007722635492952279,0.05103474361743101,0.06441752477504296
0.0657859254815194,0.05174047041546329,0.0625136863840322,0.009829463876422752,0.060335767193245245,0.06638310068425696,0.059767952316887786,0.008862949259909767,0.016005438393532877,0.014807568873861178,0.06366779685733262,0.008282894827033399,0.004308300262020825,0.007762633109178578,0.040175814687451065,0.06233677247827372,0.040774085585084996,0.06512740855195581,0.045093740254022165,0.06110091457201832,0.062220061636017586,0.007664789703353734,0.05098331516416965,0.06446914943295609
0.06593849631985767,0.051646349593777126,0.06265644396191809,0.00966735998242166,0.06048521297668181,0.0664955320825648,0.05978814550220029,0.008772725354722892,0.01605782013074513,0.014625167002927781,0.06376860666748622,0.008165331571142952,0.004225563951472899,0.007603177677744822,0.04048853664475171,0.0624013327689704,0.04065511986861989,0.06524113220445413,0.04489566203708351,0.061191970721283045,0.06222518824929643,0.007553329105412018,0.05088269698015887,0.06456909864430585
0.06590542733150817,0.05166692713580813,0.06262544194139398,0.009702485549636859,0.06045274414313685,0.06647112882259242,0.05978375914349424,0.008792318705696998,0.016046404355757046,0.014664768735298317,0.06374669152749908,0.008190828857743287,0.004243464011352133,0.00763767080853582,0.04042043760156942,0.062387279894190094,0.040681077255892456,0.0652164321461437,0.044938913781951584,0.061172156530255976,0.06222409478777261,0.007577494097489556,0.0509046787657205,0.06454737406956075
0.06583030859708927,0.05171330587154174,0.0625551288626996,0.00978230625137073,0.060379136184006595,0.06641575840061646,0.05977382758621897,0.008836753033677393,0.016020591279075177,0.014754598516860068,0.06369704176400053,0.00824871398030344,0.004284196432767065,0.007716170823852695,0.04026637626557188,0.062355488030116056,0.04073967824503061,0.06516042561225181,0.04503651795256811,0.06112731120819411,0.062221569019784165,0.007632380120305229,0.050954266741773106,0.0644981492203252
0.06591813879539603,0.0516590343634775,0.06263735343974404,0.009688986509140478,0.060465211993144335,0.06648050387133575,0.05978544571688116,0.00878479092254091,0.01605078173229241,0.014649556922668389,0.0637551108802751,0.008181025910324545,0.004236584164832385,0.007624414825839704,0.04044657920608253,0.06239268091255218,0.0406711202861446,0.06522591879239036,0.044922311894356665,0.06117976444710863,0.06222452336026171,0.007568207550327833,0.05089624037637406,0.06455571312650871
0.06595309175768001,0.0516372470620478,0.06267014400733506,0.009651846350973688,0.060499566640139946,0.06650631683651612,0.059790089742470943,0.008764072640908649,0.0160628658296011,0.014607661939045604,0.06377829241414575,0.008154078747834047,0.004217666225834868,0.007587959873640375,0.04051865517542446,0.06240754309815051,0.04064363341392027,0.0652520459145946,0.04487650434375048,0.06120072856607786,0.0622256713638339,0.007542659615292613,0.05087296186053813,0.06457869658024323
0.06600500489184298,0.05160470938190828,0.06271892279041615,0.009596700265773734,0.060550678287706106,0.06654469125818364,0.05979696042028282,0.00873324680121691,0.016080898394613453,0.014545376212308997,0.06381279563805237,0.008114035560641795,0.004189615139363617,0.007533901957864046,0.04062604968743469,0.062429673018043114,0.040602626755596206,0.06529089573107735,0.04480814170962345,0.06123192568142386,0.06222736373326152,0.007504710371158415,0.05083817705939436,0.06461289925281213
0.0657945091696818,0.05173522589614355,0.06252169917009233,0.009820340002700389,0.06034415288756027,0.06638942060810624,0.05976908486456422,0.008857880642277301,0.01600837246034039,0.01479733113711098,0.06367345517442495,0.008276281222258482,0.004303632031679476,0.0077536362543135905,0.04019330632010547,0.06234039274510638,0.040767433306293635,0.06513378960928126,0.045082705834377505,0.0611060231623792,0.06222035254298267,0.00765851633971195,0.05097770415671083,0.06447475446179711
0.06571085069929615,0.051786060175325145,0.062443738723984114,0.009909229305772458,0.06026260981888135,0.06632794335526465,0.05975804776941429,0.008907171661552594,0.015979945375746617,0.014896992933987744,0.06361848419769542,0.008340686849346248,0.004349140837883325,0.00784134409621829,0.04002334275517272,0.062305236211584535,0.040831878341716234,0.06507167805716879,0.04518985332192167,0.06105642827846373,0.062217461823027356,0.007719588437133947,0.05103204583086883,0.06442024114257382
0.06572289123139209,0.051778777746223935,0.06245494623912097,0.009896441636878842,0.06027432724378136,0.06633678356041176,0.05975962718552813,0.008900087711055398,0.015984031101197362,0.014882663963642205,0.06362638161107785,0.008331416145925861,0.0043425852042059555,0.0078287102331893,0.04004774735298187,0.06231028189446704,0.040822628436742614,0.06508060731651297,0.04517449707521129,0.061063543737137065,0.062217877141578955,0.007710805033386125,0.051024267807893,0.06442807339045806
0.06555887129993217,0.05187692925037798,0.06230270905865875,0.010070724245575785,0.06011523413577005,0.06621660660990218,0.059738037243429534,0.008996358837518197,0.01592891991745333,0.015077378204584739,0.06351921562040623,0.008457541401812317,0.004432089245710396,0.008001207610530138,0.03971749234788328,0.062241840796055894,0.04094741594571977,0.0649593122584441,0.04538168841154257,0.060966964760506774,0.06221203565540632,0.007830454895721154,0.05112922466320948,0.06432174758384887
0.06551621371551589,0.05190206716242384,0.06226326593831885,0.010116048777264316,0.06007404859015323,0.06618543410419915,0.059732438954888986,0.00902130702580119,0.015914734643714387,0.015127841654693762,0.06349149288787366,0.008490302521438804,0.004455432839298655,0.008046195400011641,0.03963230694062523,0.06222417123823778,0.040979509360998846,0.06492788290996951,0.04543487995442606,0.06094200502146889,0.06221047714652167,0.007861554827645657,0.05115615556731163,0.06429423281719837
0.06525260403900376,0.05205437737733114,0.06202081258291856,0.010396126677880523,0.05982120535521858,0.06599353511325089,0.059697906985731006,0.009174710246901682,0.015828331681878027,0.01543821637851656,0.06332140708538446,0.008692490015032295,0.004600292702814946,0.008325350548784539,0.039112311784811664,0.06211591547859887,0.04117453148399504,0.06473467197070965,0.04575754405843008,0.06078914130285649,0.06220050190002067,0.008053517702738816,0.05131913772288053,0.06412535980431124
0.06511159103648094,0.05213365919429955,0.061892040575405136,0.010545915702383352,0.05968711766581683,0.06589139182456698,0.05967953417345754,0.009256220436235705,0.015782975212695043,0.015603164135666089,0.06323130933258886,0.008800413534825968,0.004678202421746059,0.008475444382738843,0.03883859676180546,0.06205871450583429,0.04127658881361528,0.06463202195409463,0.045925938383284355,0.06070832129264584,0.06219493014727941,0.008156056749618248,0.05140400633929376,0.06403584542362183
0.06476174382197872,0.05232402630486589,0.06157520179557747,0.01091734903621737,0.05935783612164574,0.06563945160313947,0.05963411727954888,0.0094568384755827,0.015672959000296215,0.016009155883240245,0.06301031893040245,0.009067506154212675,0.004872709603071081,0.008850038148692816,0.038172478412424854,0.06191880197221089,0.04152333587857771,0.06437941016083733,0.046331648815690636,0.06051055763738282,0.062180413561473274,0.00840999604874355,0.051607962098065084,0.06381614325612216
0.06456804691595376,0.05242571263026228,0.06140136852105462,0.011122848852637608,0.05917755015616592,0.06550084256064236,0.05960910774666907,0.009566947086601147,0.015613518104094028,0.016231977149566243,0.06288946833750582,0.009214956763473402,0.0049811240356541974,0.009058708465074476,0.03781143351400517,0.061842532635812665,0.04165611428845534,0.06424076611367677,0.04654912574317644,0.06040269223163174,0.062171978650237984,0.008550302959607518,0.05171696509402016,0.06369591144402127
0.06412489165324661,0.05264906443394427,0.061007749952768524,0.011592497204294684,0.05877026703823967,0.06518592836239452,0.059552171716272584,0.009816346766405483,0.015481211847822663,0.016736532603211528,0.06261680017318517,0.009551142067869967,0.005231058261006079,0.009539331929121795,0.03700543326843148,0.061671031956442995,0.04195017257597292,0.06392668300047881,0.04702857923896265,0.06016004348865679,0.062151632819726965,0.00887050163848477,0.051956517726837737,0.06342441027622135
0.06379860462982415,0.05280562154319244,0.06072143327434417,0.011937731785865843,0.058474826548704645,0.06495596068148837,0.059510492683227265,0.00999781054186435,0.015386915321751033,0.01710343889025915,0.06241929573033938,0.009797641085560195,0.0054167101653343624,0.009895853086558788,0.036429167864349486,0.061547289942816434,0.0421584836767051,0.06369806852640944,0.047366299931486354,0.059984865675555714,0.06213578511384061,0.009105534483681793,0.05212462752283905,0.06322754129400188
0.06360975948844655,0.05257456337419249,0.06038059175521543,0.012202061064595884,0.0584473374288024,0.06488930502209612,0.05931136675557844,0.010255834032009536,0.0159719251971413,0.01742473342378592,0.06236179371741559,0.010424301533283746,0.005927490617281541,0.009968852511070754,0.0360796946906569,0.06131116721138154,0.04216901874709531,0.06352824979203478,0.04754267328346324,0.059481677408670344,0.061852715613510516,0.009723865309769267,0.05144575383600299,0.0631152681864994
0.06329188109896068,0.052914558960096426,0.06021488553473101,0.012495100744633473,0.05807886791198285,0.06462718709961925,0.05937976985206952,0.010334404545565877,0.015488909065653247,0.01770559827870792,0.062139409081326466,0.010364718269737602,0.00586285178010576,0.010396815781718688,0.03555687611804262,0.06129641144631118,0.04242626217534131,0.0633325924283896,0.047859325645547846,0.05956513869145453,0.06200731489986499,0.009654687506631194,0.052079362196170875,0.06292707088733708
0.06336560612912018,0.052936475081566986,0.06030866719421262,0.012407712054948365,0.05811881939647925,0.06466708531700904,0.05941882690672752,0.010268197765389314,0.015399973956851214,0.017606852690758665,0.062173086541154776,0.01022578358921428,0.0057501708703055375,0.010341348675591222,0.035682601073604624,0.061351638739500336,0.04240129366351318,0.06338993786611127,0.047791835574379875,0.05967243322292566,0.06205724204931273,0.009518450524957651,0.0521756902588309,0.06297027085753479
0.0630371557977975,0.053074997844498636,0.06002396262938506,0.012753144415386608,0.05783300501641164,0.0644402601902371,0.059374763802564186,0.010448731063421925,0.015320630785100589,0.01796732479830934,0.061981454471975804,0.010480420087015774,0.005948288831932363,0.010699532894587239,0.035136820044154624,0.06122910864043929,0.04259347827280196,0.06316398433883792,0.04810257837510347,0.05949579234883441,0.062035908794660345,0.00976227760450619,0.0523185736918783,0.06277780526015972
0.06354773179475175,0.05234146231497977,0.06017983192173634,0.012316943283286596,0.05851171633807912,0.06490042260440855,0.05915842170632854,0.01041401300555516,0.016481880420079285,0.017580240524034473,0.062372061149960814,0.01087472698326595,0.006307462898158812,0.009925526654901488,0.03596278426460413,0.0611492309249883,0.04212043477826948,0.06345230491664577,0.047592092438393026,0.059108187994736716,0.061616679225488136,0.010172075428785999,0.050834807326033835,0.06307896110252796
0.06271870820829067,0.053050140413894775,0.05966410017359124,0.013109292660230679,0.05763378841674586,0.06425437635223157,0.059248802734565245,0.010693753373827847,0.015553940045522602,0.0183573406443335,0.061826830428218245,0.010965815678134316,0.0063465828164610905,0.010966103581522845,0.03462384584169982,0.06103240474623622,0.04271762048796263,0.06292768768124397,0.04837990813271582,0.059130357147906876,0.06188510207405644,0.010237403044215361,0.052081735780533746,0.06259435953585862
0.06258706379046657,0.05333503798791889,0.05968223015863903,0.013214244320320053,0.05740817201518165,0.06411478987959107,0.05935728817359888,0.010656562988221787,0.015057356027630345,0.018432713698577362,0.06170781000788701,0.010705220734205313,0.006117482198332855,0.011236622763285832,0.034407697796155746,0.06110463849443057,0.04287699231035195,0.06286713443427683,0.048518199641458294,0.059357806917428126,0.062071134784292846,0.009972782085299212,0.052694002426926,0.06251701636552379
0.06271345765541822,0.05313879130192782,0.059708215543282914,0.013102352060112699,0.05758728999545453,0.06423237438228431,0.05929509930379181,0.010656354616771148,0.015379235848338507,0.018338119770308546,0.06180754277622639,0.010835123387595944,0.0062342136221747975,0.011017756761222198,0.03461333203473589,0.06107540293634523,0.04275223027367453,0.06293489044812947,0.04839210036754397,0.05923850652054043,0.061958010894562425,0.010106530716217784,0.05229231972337897,0.06259074905996147
0.06276006370998845,0.05323097792088048,0.059809998368189315,0.01303745109792106,0.05757362782838922,0.0642407631586431,0.05936118020692885,0.010579397404003784,0.01516864896638527,0.018255702223311628,0.06181356925105865,0.010627483088168908,0.006059628240142439,0.011025953535690967,0.034685982756431526,0.06114941353510484,0.04276703765568924,0.06298014663246018,0.04835994514303777,0.05940356506585707,0.062053552926653016,0.009900509768260837,0.05253855002721203,0.06261685148959137
0.06288698476485254,0.053211099889114113,0.05993614505264712,0.012899124196995657,0.05766799398629473,0.06432126633864327,0.05939500597553128,0.010495601113817504,0.015136123633161578,0.018108400706013106,0.061880922662725414,0.010481656402251691,0.005942379340999829,0.010902455576459193,0.034891575015761005,0.06121190847384202,0.04270666974915796,0.06307034931638664,0.04824707197818127,0.0595098152351679,0.06208793342743201,0.009758891340570962,0.05256054813232975,0.06269007769166347
0.06275932491665569,0.05326439449462896,0.059827803107662586,0.013033333691260038,0.05755707298704645,0.0642332412746985,0.059378942600224735,0.010564273320840614,0.015102385444211176,0.0182468254269565,0.061807004480385806,0.010576910657699848,0.006016784765745509,0.011044524028586784,0.03468433349200661,0.06116607176809331,0.04277974001213899,0.06298366157622855,0.04836354124104374,0.05944486691329348,0.062080848188950724,0.009849998959403267,0.052617922710600826,0.06261619394163731
0.06267345943458077,0.05329978779017195,0.05975516679479998,0.013123540522732582,0.05748274337515938,0.06417415468808338,0.05936814373083127,0.01061033616296287,0.015079859876614808,0.018339603175445196,0.061757485994263416,0.010640886474165298,0.006066935391593245,0.011140222230313114,0.034546013752288725,0.06113538757870493,0.042828414500370275,0.06292551332470878,0.04844099535414744,0.05940138202709285,0.06207602923633734,0.009911221871690398,0.052656032381067204,0.0625666843318748
0.06251250064158446,0.0533652001335873,0.05961943398531749,0.013292486688562286,0.05734398457500429,0.06406362807330651,0.05934793014626392,0.010696368322852838,0.01503803430064249,0.01851285876410932,0.061665069262683433,0.010760677680860016,0.006161174877897878,0.011319907232985892,0.034289026591741,0.061078195358685486,0.042918615087602835,0.0628168563261351,0.04858424487214702,0.05932033255555909,0.062066887972817786,0.010025868447760418,0.052726463844099694,0.062474254257793446
0.06226777789431862,0.053462302196996235,0.059414213969370654,0.013548989331165844,0.057134464575502475,0.06389617335265552,0.059317270598690686,0.010826463771410267,0.014975374124015846,0.018774603171474634,0.06152557193827629,0.010942390575775658,0.00630501893101579,0.011593793361046796,0.03390391344526137,0.06099198835381423,0.0430532509569834,0.0626524844629367,0.048797428148701735,0.05919815369392303,0.062052720100488755,0.010199889397392498,0.05283108709769287,0.06233467655109011
0.06265831330742773,0.052718861293352653,0.059410835593482814,0.013220758959055206,0.05775725849830108,0.06428898501567185,0.05904620786909708,0.01088974723021244,0.016255647790121328,0.01852146331105132,0.0618604230592851,0.01157128419340913,0.006871789509625683,0.01084477362275077,0.03454177527205853,0.060822687845284044,0.042623212439880105,0.06284101684810468,0.04840342901307561,0.05863302877490412,0.06157129018846273,0.010842504066744611,0.05124277632439598,0.06256192997424542
0.06283542101234617,0.05246217565153906,0.059456889102234,0.013068144940968229,0.05799584837044196,0.06444931747122734,0.05896597838589277,0.01088063054204654,0.016673472312339985,0.01838910943325606,0.061996455559880835,0.011724872803831624,0.007016675110312955,0.010570595453218144,0.0348234894723822,0.060787100170248805,0.042462609109866864,0.06293727330745047,0.04823443380805274,0.05847897482698114,0.06141326723092761,0.011002480184105086,0.05071020626010731,0.0626645794803421
0.062417302880160334,0.05286735422818706,0.05923578566201475,0.013458337090632926,0.0575301548256612,0.0641135509807016,0.05904493209144457,0.010992790184348008,0.01609041258968478,0.018758171565317196,0.06171419641028844,0.011675110515926535,0.006951946510981791,0.011124370865967242,0.03416838285058616,0.06076448735250405,0.0427717357682351,0.06268461249031673,0.048615546539785164,0.05857745459959714,0.061604939284248136,0.010939149502810368,0.05147524105142099,0.06242403415917973
0.06258912932952575,0.05244158279865179,0.05917618298791572,0.013330607476723351,0.057851836015986625,0.06430729548424931,0.058868130972118224,0.011064686358263123,0.016857763959256814,0.01867647946402782,0.06188104106397432,0.012111273940930754,0.007351088759554753,0.010760095190728132,0.03445197322755669,0.06063233865382004,0.04255380826876995,0.06275304593047264,0.04843861660893735,0.0581847004448393,0.06128966781152143,0.011383499012761346,0.05052104617339797,0.06252411006601681
0.06217529549000251,0.052998391132733295,0.05905256279659001,0.013699671136009148,0.057310645965566384,0.06394125325427756,0.059035023338180205,0.011102827449973469,0.01595688537988278,0.018999355614992552,0.061571256362896676,0.011802780417655171,0.007053596146639936,0.011400060612369985,0.033798752074795976,0.06069853374954676,0.0429132196337586,0.06252650328141439,0.04882295774482616,0.05850238082769917,0.06162415239638147,0.011059764790394992,0.051667498224663794,0.062286632178749
0.06149120107542937,0.053752937059532185,0.05877161567424263,0.014359845289132579,0.056480472507018306,0.06336920881425277,0.059220471220051585,0.011233777749891403,0.014783441639329889,0.019592086048436416,0.06109053315034016,0.011515862428406862,0.0067659004639328765,0.012468056339986374,0.03272473617092254,0.06072418264259229,0.04346169111804194,0.06213718895266397,0.049439053780743154,0.05881851925230314,0.06200583520261304,0.010749844108004033,0.05314465681128046,0.061898882500851994
0.061935003991560086,0.05358999611887632,0.05913728163884185,0.013897043961698082,0.0568522303437928,0.06366955790245407,0.059275712244924623,0.011002006021667713,0.014891869134370659,0.019127318641043264,0.06133776898569588,0.011188716752228043,0.006501702212274444,0.01196752152000353,0.033390790818848694,0.06087618935397349,0.04323168477724047,0.06243052292766143,0.049078703833777965,0.05903400397067795,0.06203297731732917,0.010435973279506733,0.052968789728861494,0.06214663452269123
0.06202615569128281,0.053555499629387444,0.059212895545745575,0.013801795010123302,0.05692923259781537,0.06373150977323158,0.05928707090343491,0.010954076749923868,0.014914554837460983,0.019031062222468892,0.061388994674551015,0.011121333161620034,0.00644770835402205,0.011865018056839467,0.03353013955211722,0.06090774410493149,0.043183339702757506,0.062491144985062114,0.049002635275366656,0.05907874320355551,0.062038443969423616,0.01037137042067685,0.052931590427631674,0.06219794115057008
0.06216685986019078,0.05350154434183701,0.05932996944693705,0.013654637124325412,0.05704854487396628,0.06382731654720512,0.05930465614422979,0.010879866430691424,0.014949834446180532,0.01888195091173932,0.06146838511279952,0.011017180800149932,0.006364541832182922,0.011706984223245223,0.03374702974498003,0.060956700542590704,0.04310792603055478,0.06258498160561361,0.04888377114670644,0.0591481349188503,0.06204679896311939,0.010271555196088633,0.052873395648150676,0.06227743410766511
0.06214442466923632,0.05351019318858601,0.05931127506905781,0.01367810874821779,0.057029489473359944,0.06381202382480682,0.05930184851906554,0.010891716109859078,0.014944183582247932,0.01890576977108513,0.061455700545070935,0.011033800120024185,0.0063777871688956425,0.011732165226963203,0.033712300246283695,0.06094887486620695,0.04312002049264029,0.06256999943183805,0.04890284374024417,0.05913703251097987,0.062045475617673256,0.01028748062464473,0.05288274588556411,0.062264740567448545
0.06218833223739168,0.05349322763778448,0.059347874353297705,0.013632161094712296,0.05706680472393085,0.06384195494127842,0.05930733472575445,0.010868516589330723,0.014955251636318194,0.018859144299683096,0.061480540747330496,0.011001283232519993,0.006351866563828682,0.01168288704048968,0.03378029865236994,0.060964193465277886,0.043096337761907556,0.06259932999708251,0.04886548009223789,0.05915875312625143,0.0620480700523405,0.010256317676913039,0.05286443873427129,0.0622896006176972
0.06234992839884715,0.0534300017887993,0.05948295055830408,0.013462938503936947,0.0572046081650542,0.06395230813478922,0.05932755630676586,0.010782885845964969,0.014996278205065232,0.01868696497226067,0.06157226457387962,0.010881440718727795,0.00625665914855146,0.01150176218113722,0.03403243517321202,0.061020828062200605,0.04300839387502593,0.06270754804622278,0.04872648849081821,0.05923901816623724,0.062057512048551484,0.010141517561446486,0.052796302730869465,0.062381408343332063
0.062275756528229934,0.05345917278939751,0.05942088208422665,0.013540635343224212,0.05714125932265771,0.06390161777429147,0.05931827386986243,0.01082224193086273,0.014977394599025163,0.01876609724771572,0.06153010002198186,0.010936474545086504,0.00630032702200069,0.011584860333196759,0.03391634558943603,0.060994782921341674,0.04304891420236062,0.06265782610490393,0.04879057337421336,0.05920210633360832,0.062053191643800264,0.010194229108850207,0.05282772978178784,0.06233920752793841
0.06234723340522536,0.05328705158956932,0.059399639114349735,0.013483005412195206,0.057274338875684165,0.06398141972779814,0.059249745352122955,0.010850643844760062,0.015283737285651793,0.018728025171835392,0.06159838172108325,0.011109005123873476,0.006452432975071679,0.011420375483555175,0.034036302831518234,0.06094581887184896,0.042954817826154935,0.06268784494419606,0.04871372774393217,0.05905417993645754,0.06193829526814602,0.010369106037160136,0.052453751396664784,0.062381120061145455
0.061955944513531196,0.05341639067673017,0.05906048503238792,0.013890751598818129,0.05695567584533629,0.06371985103081015,0.05918939984338623,0.011066295613006191,0.015229300469873183,0.019145163328513067,0.06138224851726813,0.011435965785708112,0.006718414211927981,0.011838521608791359,0.03343803278532661,0.0607979520650443,0.043155370415287386,0.062423436102039626,0.049041502137250496,0.05883137826639412,0.06189780996323207,0.010684432577300848,0.05256559459460597,0.062160083017430465
0.061751999749713404,0.05348371076023072,0.05888636868087997,0.014102159196388613,0.05679017382102724,0.06358366651489689,0.059159392376038344,0.01117664243146109,0.0151969824290051,0.01935963967196128,0.0612703217265843,0.011602189567416625,0.006854759615656059,0.012058025920323588,0.03313291415626861,0.06072301635840624,0.04325792322003097,0.06228684433718407,0.04920721502067556,0.05871955911649894,0.06187856677230784,0.010844755147220947,0.05262723183308218,0.06204594157674142
0.06162839690215845,0.05351100076242435,0.05877394474022279,0.014230945207535688,0.05669722702536694,0.06350414988516893,0.05913442687456053,0.011248904619195225,0.015203278987714631,0.019491679567611806,0.06120543357745714,0.011723239431308137,0.006955844720389343,0.01218257433849835,0.03295176563859599,0.06067124574529078,0.04331407389450329,0.06220270204377954,0.04930433054266405,0.0586355716796271,0.0618562467327137,0.01096237669031772,0.05263339584356034,0.06197724454933519
0.06181883647220969,0.053177902303221475,0.05878010358454368,0.01405708775084487,0.05699354240579595,0.06369036394745012,0.05901543915698473,0.011267933229874363,0.015780018036081762,0.01935517477383156,0.06136411623330504,0.012003124987198492,0.007215234515817424,0.011805898858704362,0.033263597095502945,0.06059809743095284,0.043114394688036115,0.06229420758992257,0.04911972313082736,0.05838237584739748,0.06164346180542023,0.01124986477715419,0.051923444582109624,0.062086056796813144
0.06138370872627933,0.05338054253450957,0.05844595722696365,0.014495269324018189,0.056614254434894914,0.0633877027974414,0.0589863013341137,0.011472044832106587,0.015585959968766277,0.01978864321662871,0.06111576960514523,0.012260027319981631,0.007425368846966541,0.012302246559288983,0.032625367379915025,0.060472731892008295,0.04335006952029742,0.06201209295331202,0.04946850449962814,0.05822706598886474,0.06165720782790505,0.011494531675105623,0.052204606660531803,0.061844024875327176
0.06105308411596375,0.053723339958702675,0.05830825805036497,0.014821617088740968,0.05622016295218514,0.06311553483969488,0.05906854631222072,0.01154083165609786,0.015048079480136528,0.02007913588434219,0.060888117748872594,0.012135472783065726,0.007296042970165126,0.012826360903550394,0.032117485795074764,0.06048154455787363,0.0436039366167686,0.06182609700953404,0.049752258100949624,0.0583699979634439,0.061829163645777244,0.01135843466432974,0.05287670658757598,0.06165979031456895
0.06072853464381482,0.05392353683411621,0.058098945469932654,0.015152564280133366,0.055905382705195406,0.06287832164554252,0.059077462027462106,0.011666202746718335,0.014788819520285743,0.02039171718457937,0.060693165249528634,0.01222490668936008,0.007360476348026569,0.013259717557481822,0.031643789869285684,0.0604214228196843,0.043798091103716276,0.06162744043450192,0.05000744731887769,0.05833669417006033,0.061883474891369215,0.01143800327511025,0.05321200502342754,0.06148187819178916
0.06035894526250709,0.05413412755341826,0.057856427073011314,0.015532902104992414,0.05555435631546484,0.06261182910912896,0.05908060084578089,0.01181370474803667,0.014520572885855995,0.020749759808352995,0.06047519717073307,0.012343669850459755,0.007449420167369213,0.013754209897611865,0.031113660717600033,0.06034787546227239,0.044010848032561785,0.06140159289483879,0.05028885230950856,0.05828503233726854,0.06193272790747364,0.011545643263451949,0.05355682965769859,0.0612812146246024
0.0603971218557903,0.054122024345975135,0.057886896996890494,0.01549353799891424,0.05558509581910514,0.062637172718552,0.05908528986753763,0.011794398873027816,0.014529130204235206,0.020711357250867698,0.06049560387198678,0.012315916377283256,0.007426156497833186,0.013710654467740363,0.031166041665605833,0.0603603141230373,0.04399315637212553,0.06142611636583079,0.05026171516604654,0.058302663021090384,0.06193527451433281,0.01151892167417324,0.053543719699290115,0.06130172025272821
0.060371122688338136,0.05413027741799699,0.05786614974270864,0.015520339017810084,0.05556416136716222,0.06261992259364889,0.05908209738792006,0.011807542624737643,0.014523297005061903,0.02073749735644159,0.06048170638783074,0.012334819320977693,0.007441993233212708,0.013740309758576232,0.031130360985096,0.060351845933144334,0.044005212436293864,0.061409415014320394,0.05028021016993412,0.05829065649868233,0.06193354508860177,0.0115371189770517,0.05355265054676453,0.061287748447687446
0.06017631292045239,0.05419135866923822,0.0577110454518807,0.01572102898836937,0.05540780183756993,0.06249077236939753,0.05905816976760082,0.011905811083909066,0.014479864128078229,0.020932831477428592,0.06037787290839247,0.012476305335728386,0.0075609162076434025,0.013962696800961983,0.03086493848876637,0.060288610567715575,0.04409476471010955,0.0612845403805843,0.05041732529267039,0.058201004776687625,0.061920474405237416,0.011673360061774638,0.05361880656292727,0.061183386806875774
0.060006779370353355,0.054243498164721994,0.05757663409111867,0.01589538754076059,0.055272413524554635,0.06237864976747966,0.05903736666490637,0.011990980987370373,0.014442481487846848,0.02110190777184345,0.060287968755887364,0.012599211357143338,0.007664718630150927,0.014156452738732023,0.030636683907915536,0.06023392146079552,0.044171575876496554,0.061176255669763244,0.05053457531936008,0.0581234779566029,0.06190898257036544,0.011791771771023094,0.053675309625867765,0.061092994988940275
0.060445575710184864,0.05371476443717338,0.057692863316834486,0.015442946384558355,0.05585230248079861,0.06275831935461125,0.058881128713405506,0.011939742763412819,0.015336069906860681,0.02072342670607547,0.06060658657981512,0.0129344287870914,0.007997047937379383,0.0133327854099184,0.03131678181410095,0.06016865535211182,0.0438029622998913,0.06140235747190454,0.050164574727711235,0.05779941718700555,0.0616155670883077,0.012144536992690884,0.052594318783400665,0.06133283979475565
0.05995584460408677,0.05425899224517756,0.05753633242641509,0.0159477172924857,0.055231859342598486,0.062345004516254694,0.059031127716319735,0.01201650409815382,0.014431316842361814,0.021152540233304217,0.06026104623086442,0.012636103729582399,0.007695963512113668,0.01421471050453162,0.030568591309868807,0.06021755748797657,0.044194463645105736,0.061143793043649274,0.050569439190597594,0.05810026866057863,0.061905510461395544,0.011827311825282084,0.05369209460859795,0.061065906472697815
0.05939298173730859,0.05442474826017887,0.05709402576496647,0.01652437490247146,0.054787387751918555,0.06197467808174676,0.05896233260010978,0.012296710786443062,0.014310140383439711,0.021707080090063,0.059965976056401575,0.013042523645723504,0.008042951317227601,0.01485952211414612,0.02983073916279798,0.06003851322036879,0.04444133830936958,0.06078710365960837,0.05094373933245568,0.05784643195468822,0.061866581997999305,0.012219239680213323,0.05387190666300327,0.06076897252735041
0.057716174183281725,0.05486616216760179,0.05580567028050006,0.01822391641182009,0.05350022908731126,0.06088518336104884,0.05875923282496601,0.013112875833608427,0.013970340775363214,0.023307608567708884,0.05911159552336863,0.014240915993290098,0.009095109867565836,0.01678920044608129,0.02777930930200281,0.05952335390639309,0.04511826145033477,0.059744958073971566,0.05195118376406344,0.057116114294239864,0.061745108801524375,0.013377987235381143,0.054352081409326555,0.05990742643924625
0.05626497810941729,0.055150532797834856,0.05469163101975255,0.01966023000744123,0.05245899746512264,0.05996724279119598,0.05856176784869034,0.013817589183315727,0.013792313952479462,0.024633006875282613,0.058409473147327196,0.015349542625784935,0.010113024854470616,0.018400927817568784,0.026181222853682008,0.05907141224787307,0.04562066585585275,0.05885612685057075,0.05270242168647473,0.056445394925314724,0.06159984182271372,0.014458075354688864,0.05460725632139194,0.059186323585753244
0.05542037730117578,0.05536638643636179,0.054102920225589844,0.02050486157080902,0.05181503546117252,0.059420616373824814,0.058485727186659286,0.014192406022833004,0.013547768759200331,0.025385149240734615,0.05799244511935016,0.015855253432148917,0.01057920006056707,0.019438885629549915,0.025278160939686968,0.05885557419086877,0.045927040497409734,0.058359759609610644,0.053114235943603094,0.05616927666457383,0.06156873802468186,0.01494600178339799,0.05489912928213381,0.05877505024405624
0.054130737762466324,0.05560531273963247,0.05317243463325134,0.02176255428063127,0.05090132915001473,0.05860850451323805,0.0583345221613436,0.014783372325542997,0.013328016460692333,0.026500538679963083,0.05738498593606173,0.01675078262622549,0.011434527099991303,0.020924447396817418,0.024005260723499334,0.05849642346536971,0.04633290464266196,0.057598812051309095,0.05367892673420137,0.055659744752546716,0.061466154058764676,0.015819247195880144,0.05516177464675515,0.058158685963139715
0.052829714657440775,0.05582130622931085,0.052249867426539046,0.02301425019268722,0.0500001101439188,0.05779511421226285,0.05818387984280963,0.015370537329092706,0.013117058940182802,0.027591798363199315,0.05678521134316889,0.01764737036564937,0.012313113822880821,0.022417197757718024,0.022804316917666385,0.05814415770540742,0.046713043289404184,0.05684142714458096,0.0541949862798426,0.05515958638631506,0.06136101375842336,0.016695884107913117,0.055400091062648364,0.05754896272093745
0.051611771733882414,0.0560039280318957,0.0513991599102946,0.024170594290296197,0.049173061826269585,0.05703788478271823,0.05804470214314912,0.01591340692731022,0.012928166771995214,0.02858477221795412,0.05623417777870263,0.018481386687667547,0.013149913035594797,0.02380686418814792,0.021748019144103712,0.05782265483479972,0.04704575178309424,0.05614040027718221,0.05463561366153611,0.054702565189116766,0.061261629224658914,0.01751344533897074,0.0556023343356309,0.056987795885028385
0.0500930007997249,0.05620892717668998,0.050353655317066336,0.0255920225462604,0.04816162103356781,0.05609780320792632,0.05787381482256245,0.016583046290981507,0.012702856111737045,0.029787350852300196,0.05555937984962536,0.019515505124280522,0.014212928144861156,0.025526258108036624,0.02051338809354082,0.057431874182575116,0.0474334899579457,0.05527528043432703,0.0551350629370316,0.054146113020269504,0.06113708005684774,0.018529903304913716,0.05583030049628067,0.0562993381306475
0.04875233208778574,0.056372006955000394,0.04944301048881991,0.026828202114775653,0.04728492607430604,0.0552705107186523,0.05772559511642392,0.01716902254429969,0.012512286610106015,0.030818627837967256,0.054973621285866005,0.02042409109814152,0.01516946750585284,0.027029082557564848,0.01949200731760594,0.05709542467343299,0.047754085897315064,0.05451846452257467,0.055535758149830916,0.05366592794794409,0.061027144001819876,0.019425425225325508,0.05601236989350841,0.055700609375080416
0.04709916835682699,0.056553634507279515,0.04833348159104343,0.028329120355299123,0.04622192151184221,0.0542518820725998,0.05754645344699951,0.01788711838611212,0.012286708365355755,0.03205463413453301,0.05426221586540358,0.021540542338081302,0.01637277934938563,0.02885978753093975,0.01831153386301321,0.05669054298873507,0.0481255904744093,0.053592101618717684,0.05598510462473808,0.05308630854300075,0.06089232676041717,0.020528923562202907,0.056216028599207934,0.05497209115385617
0.046956181405604834,0.05656845404197181,0.04823812296285871,0.02845776012780875,0.04613081730528277,0.05416379292906575,0.05753115664786162,0.017949069293853745,0.01226764001587059,0.032159805175572376,0.0542011799525619,0.02163697241767144,0.01647810944727238,0.029016871629170105,0.018213220376010152,0.056656004332736536,0.048156618354772515,0.05351225749321602,0.05602186806996297,0.05303676027005962,0.060880733911144055,0.020624387833862227,0.05623269239883696,0.05490952360697218
