0,1,2,3,4,5,6,7,8,9,10,11,12,13,14,15,16,17,18,19,20,21,22,23
0.0431059,0.04169393,0.04233946,0.042104576,0.041261453,0.04416513,0.042954117,0.042941034,0.041647278,0.041421093,0.04406091,0.040485304,0.037878934,0.041243736,0.03810242,0.04419888,0.041273613,0.040642507,0.03908531,0.042315196,0.04027024,0.041230004,0.043555107,0.042023856
0.0431059,0.04169393,0.04233946,0.042104576,0.041261453,0.04416513,0.042954117,0.042941034,0.041647278,0.041421093,0.04406091,0.040485304,0.037878934,0.041243736,0.03810242,0.04419888,0.041273613,0.040642507,0.03908531,0.042315196,0.04027024,0.041230004,0.043555107,0.042023856
0.043111686,0.04173419,0.042366162,0.04210393,0.041260432,0.044225313,0.042945538,0.042954437,0.041646276,0.041430466,0.044026423,0.040478107,0.037887953,0.041198894,0.038081072,0.044207852,0.041277636,0.040610082,0.039057944,0.042285923,0.04025704,0.041253153,0.043552954,0.042046588
0.0431291,0.041703615,0.04232486,0.0421021,0.041255664,0.044181358,0.04295797,0.042965174,0.0416311,0.041408867,0.044072222,0.04047669,0.03784381,0.041261714,0.038054373,0.044221886,0.04125762,0.04062904,0.039089978,0.042321067,0.04028226,0.041232273,0.04354986,0.042047404
0.043150835,0.041695528,0.042341135,0.04212624,0.041255258,0.04419987,0.042966973,0.042925723,0.041668236,0.041404534,0.044091083,0.04048266,0.037858386,0.041216597,0.03804869,0.044237666,0.041270558,0.04059895,0.039083004,0.042290203,0.040270254,0.041233756,0.043552063,0.04203178
0.043140065,0.041699804,0.042377457,0.04208849,0.041250285,0.04416465,0.042969655,0.042955708,0.041645665,0.041416887,0.044086087,0.040476304,0.037873633,0.04118222,0.03800947,0.044250585,0.041253034,0.04059427,0.03907744,0.042330347,0.04027085,0.041268285,0.04357293,0.04204584
0.043114837,0.04174217,0.042362776,0.04209924,0.04123974,0.044207815,0.042957935,0.04298998,0.04165826,0.041440375,0.04405149,0.04052823,0.03786875,0.041216005,0.038002033,0.044249292,0.041225486,0.040608983,0.039033193,0.04229646,0.04027226,0.041232374,0.043609295,0.04199306
0.04311124,0.04171438,0.04232353,0.042074997,0.04124628,0.04418805,0.042953506,0.042947717,0.04160723,0.041403074,0.044047512,0.040503,0.037863526,0.041250058,0.038085274,0.044233713,0.041268066,0.04065414,0.03910416,0.04230236,0.04027657,0.0412429,0.043551885,0.042046834
0.04319252,0.041734435,0.04236863,0.04212182,0.041203722,0.044268414,0.042991076,0.042961616,0.041650705,0.041402332,0.04409115,0.040445793,0.03777211,0.041187752,0.037953094,0.044323795,0.041229416,0.040532645,0.039097533,0.04229715,0.040259667,0.041256685,0.04360149,0.042056367
0.04310561,0.04175014,0.042351224,0.042090226,0.041240185,0.044212904,0.04295272,0.042919904,0.041658632,0.04142077,0.044040203,0.040515635,0.037908055,0.041234285,0.038053744,0.044237677,0.041260757,0.04060132,0.039053053,0.042285025,0.040281538,0.04120419,0.043571766,0.042050447
0.043106362,0.041700374,0.042377554,0.042071965,0.041209605,0.044228245,0.042938717,0.042945035,0.041601807,0.041421693,0.044089835,0.040478937,0.037863348,0.041251574,0.037991583,0.044262934,0.04124428,0.040646642,0.03908829,0.04233297,0.040345967,0.041206017,0.043551013,0.042045232
0.043080322,0.041736692,0.042391755,0.042123716,0.041295283,0.04415683,0.042865172,0.042951416,0.041672286,0.041430328,0.043991588,0.04041664,0.037846807,0.041155484,0.038070288,0.044195164,0.04128871,0.040601443,0.03903656,0.042404123,0.040282764,0.04127871,0.04363895,0.042089034
0.043082643,0.041813772,0.042368963,0.042105798,0.0412137,0.044269394,0.04291797,0.042940155,0.041618776,0.041392896,0.043970034,0.04046057,0.03790433,0.041168574,0.038068287,0.044240657,0.041299324,0.040564444,0.039085567,0.042317845,0.040259734,0.041288707,0.043499544,0.04214832
0.043101728,0.0417547,0.042383756,0.04207373,0.04127883,0.04419724,0.042961024,0.04296311,0.041673772,0.041374516,0.044018075,0.04050334,0.037916552,0.041215412,0.038048487,0.044222895,0.041191056,0.040633798,0.039092246,0.04233634,0.04022347,0.0411738,0.043554213,0.04210785
0.043125927,0.041718666,0.042318203,0.04211622,0.041236214,0.044215053,0.043010984,0.04306332,0.04158882,0.04139754,0.0440858,0.04052395,0.037866313,0.04118894,0.03795906,0.044299453,0.0411335,0.04062777,0.039025344,0.042314604,0.04029338,0.04127679,0.043561455,0.04205275
0.04302816,0.04160538,0.04231654,0.04205111,0.04129602,0.044224076,0.04301659,0.042841487,0.04172735,0.041502893,0.044028528,0.040466506,0.0379126,0.041300964,0.038194865,0.04409402,0.041231867,0.040755033,0.039106406,0.042341262,0.04026462,0.041171093,0.04352773,0.04199487
0.043203097,0.041692007,0.04233581,0.04212317,0.041267715,0.04428523,0.042997483,0.042982493,0.04165658,0.04142719,0.044104423,0.040442046,0.037707806,0.041137494,0.03784358,0.044363063,0.041198995,0.040493548,0.039074175,0.04238446,0.040233627,0.04131203,0.043639425,0.042094573
0.043047767,0.041774485,0.04228611,0.042168733,0.041303445,0.044249617,0.042912353,0.04289151,0.041643247,0.041453674,0.044011846,0.04048015,0.037948955,0.041243985,0.038163535,0.044088174,0.041248135,0.04065631,0.039103437,0.042309593,0.040255886,0.041201152,0.043488145,0.042069767
0.043213885,0.04179022,0.042416785,0.042151816,0.041222308,0.044233777,0.042914443,0.042993333,0.041551095,0.041277066,0.044046856,0.040512804,0.037841473,0.041238382,0.037914123,0.044361323,0.041224528,0.040582713,0.039061636,0.042347074,0.040288202,0.04127021,0.043466114,0.04207985
0.043043375,0.04170357,0.042460427,0.042079736,0.041269366,0.0441244,0.04291667,0.042948242,0.041701708,0.041475397,0.04399894,0.04046138,0.0379502,0.041092552,0.038202316,0.04415187,0.041268982,0.040686708,0.03898229,0.042351816,0.040199056,0.04128305,0.043599095,0.04204889
0.0432132,0.041754313,0.042494457,0.042030796,0.041119594,0.044333387,0.043051,0.04315778,0.041586097,0.041296583,0.04415868,0.040464856,0.037646696,0.04114511,0.03777564,0.044487957,0.041214082,0.04040283,0.039019056,0.042393096,0.04027351,0.041296016,0.043597396,0.042087894
0.04314397,0.041680265,0.042331103,0.04216052,0.041333187,0.044220038,0.042967234,0.043009605,0.04163541,0.041449007,0.044126783,0.04044337,0.0377902,0.041184667,0.03799463,0.044216532,0.0411773,0.040646117,0.039112404,0.04226909,0.040269233,0.041246068,0.043574944,0.042018328
0.04312644,0.041737054,0.042399794,0.042118225,0.04136451,0.044240523,0.042863768,0.043068077,0.041639373,0.041283537,0.044076,0.040375903,0.037843987,0.041152738,0.037972186,0.04430903,0.041241355,0.040588677,0.03912359,0.04230116,0.040266663,0.041223656,0.0435446,0.04213919
0.04320323,0.0417677,0.042452864,0.042098586,0.041224204,0.044440906,0.043048356,0.043106135,0.041629363,0.04128946,0.044006903,0.040477864,0.037731044,0.041154847,0.03784419,0.044320166,0.04115777,0.040492587,0.038917918,0.04242796,0.04020671,0.04122726,0.04371783,0.042056173
0.04313214,0.04179647,0.042339515,0.042142533,0.04121052,0.04432954,0.042957764,0.043045897,0.041515183,0.041323893,0.04393598,0.040585455,0.037971593,0.041183587,0.037981045,0.04433721,0.041249786,0.040555716,0.038913775,0.042312976,0.04022524,0.041235328,0.04355883,0.04216002
0.043210708,0.041708376,0.042408474,0.042065676,0.0411118,0.044313673,0.04306018,0.043008428,0.041611858,0.04136254,0.04420351,0.040489007,0.037684243,0.041237634,0.037837468,0.044473346,0.04128802,0.04050794,0.039040703,0.04230593,0.040203273,0.041126627,0.043629635,0.042110972
0.04319699,0.041671216,0.042494647,0.04206432,0.041211285,0.044326477,0.04292875,0.04302953,0.041635327,0.04136598,0.044209287,0.040291406,0.03765876,0.041070253,0.037884567,0.0443608,0.041262433,0.040546857,0.039141767,0.04241788,0.040266268,0.04121248,0.043654434,0.042098243
0.043233387,0.041768495,0.04240463,0.04206966,0.04127061,0.0444416,0.042917326,0.043141868,0.041588016,0.041245982,0.044130534,0.040481545,0.037767902,0.04108657,0.0377491,0.044435244,0.041270174,0.040493958,0.039013945,0.042380344,0.040201444,0.0413173,0.043520894,0.042069502
0.043248028,0.04176968,0.042393398,0.0420835,0.04124,0.04438382,0.042946428,0.0430802,0.041459244,0.04132297,0.044054516,0.04043109,0.03775833,0.041155398,0.03781895,0.04433151,0.041240226,0.040444247,0.03905889,0.04241303,0.04029901,0.04129423,0.043667555,0.04210575
0.04309086,0.041824635,0.042426486,0.042118885,0.04131967,0.04432741,0.043006312,0.04303563,0.041662075,0.041472364,0.04399135,0.04047414,0.037825294,0.04103935,0.03791441,0.044181712,0.04124393,0.040388647,0.039146155,0.0422768,0.04019251,0.041237753,0.043692,0.042111613
0.043176573,0.041719116,0.042467773,0.04202245,0.04113895,0.044302247,0.04307917,0.043024182,0.041718684,0.041444015,0.043979228,0.040415205,0.037754055,0.041254003,0.037875395,0.044332296,0.041235186,0.0404876,0.03907169,0.042396054,0.040252086,0.041116185,0.04364258,0.04209529
0.043187644,0.041742884,0.042263485,0.042162433,0.04132919,0.0442564,0.04296098,0.04303001,0.041603222,0.041344997,0.044121318,0.040491693,0.037818506,0.04117871,0.037892032,0.044260874,0.041197512,0.040553566,0.039055057,0.042328674,0.040316053,0.041218754,0.04364035,0.042045664
0.04311467,0.04169694,0.042360418,0.042138956,0.041185755,0.044385966,0.04299881,0.043029085,0.041518465,0.041257143,0.044148266,0.040508192,0.0378431,0.041239455,0.03795402,0.0443846,0.041257393,0.040588956,0.038974617,0.04231753,0.040183857,0.04125292,0.043560546,0.04210029
0.043114644,0.04177731,0.0423231,0.04207562,0.041224863,0.04434618,0.04301049,0.043159477,0.04159678,0.041388378,0.044060767,0.04047638,0.037716735,0.041147303,0.03781968,0.04430937,0.041200306,0.04050199,0.039077595,0.042348415,0.040204193,0.041301966,0.04373222,0.042086165
0.043152213,0.04173139,0.04237738,0.042057764,0.041256383,0.04429188,0.043001655,0.04294384,0.04160996,0.0413849,0.043974083,0.040427588,0.03791349,0.041198578,0.038113613,0.04419834,0.041237302,0.040578566,0.038985774,0.04242422,0.040317103,0.041153956,0.043559562,0.04211047
0.04314219,0.041761644,0.04225891,0.042110123,0.041224103,0.044151604,0.042972323,0.0429286,0.04160247,0.041389234,0.044134833,0.040466387,0.0378978,0.041366402,0.03812708,0.044243135,0.041213438,0.040769998,0.039081343,0.042296544,0.04030835,0.041155625,0.043380413,0.042017367
0.04324389,0.04173761,0.04241604,0.042106505,0.041229445,0.044307355,0.042887457,0.04304789,0.04157446,0.041405525,0.044192027,0.04037364,0.037675533,0.04108012,0.037868593,0.044413287,0.04128488,0.04052964,0.039105512,0.042351037,0.040309608,0.041259162,0.04361323,0.041987505
0.043156996,0.04184287,0.042321246,0.04209802,0.041244894,0.044164415,0.042953048,0.04305395,0.04155067,0.04137482,0.044018928,0.040521607,0.037855007,0.041214038,0.038053878,0.044255897,0.041168466,0.04059773,0.039067626,0.042278573,0.040307745,0.041321162,0.043517485,0.04206093
0.04318887,0.041727718,0.042366397,0.04200736,0.041221704,0.044262853,0.042936835,0.043003898,0.041629177,0.04137062,0.044118643,0.040512715,0.03775504,0.04129753,0.03800023,0.044248175,0.041158117,0.040627033,0.039040897,0.042403053,0.040190972,0.041224267,0.043690223,0.042017657
0.04312499,0.04177409,0.04245252,0.042149846,0.04117297,0.044234473,0.042929,0.043046758,0.04169523,0.04144349,0.044090405,0.04039038,0.037754364,0.041110907,0.038003214,0.04435969,0.04129641,0.040508997,0.039079677,0.04218373,0.040313,0.041185074,0.043621093,0.042079646
0.04313156,0.041672494,0.042485416,0.042008303,0.041166335,0.044320002,0.042901173,0.042954776,0.041634224,0.041389488,0.044068687,0.040349424,0.037755754,0.041234516,0.037985727,0.044272196,0.041252803,0.04064318,0.03913939,0.042430993,0.04026945,0.041201476,0.043621745,0.042110913
0.043197796,0.041680384,0.042404905,0.04211528,0.041233394,0.044232342,0.042974178,0.043062527,0.04159104,0.04139554,0.044113375,0.040417403,0.037755553,0.04113172,0.03794299,0.044307932,0.04130226,0.040505692,0.0390242,0.042372674,0.04027498,0.04130487,0.04366568,0.04199327
0.043106493,0.041689087,0.042389665,0.041960444,0.0412035,0.044273317,0.04302736,0.0430344,0.041616566,0.04133247,0.044052444,0.0404711,0.037838135,0.04123862,0.037971158,0.04423599,0.04131164,0.040581234,0.039055813,0.04237387,0.040152162,0.041331984,0.043632403,0.042120147
0.04307957,0.041687198,0.042349022,0.042071175,0.04120635,0.044224475,0.043051247,0.043046113,0.041665692,0.041458838,0.044101104,0.04044959,0.037734393,0.04116432,0.038141105,0.044205397,0.041171998,0.04073549,0.03904732,0.042277005,0.040217366,0.04117919,0.04369095,0.042045154
0.043068204,0.041671947,0.042354904,0.042035066,0.041310202,0.044147875,0.04300138,0.04288435,0.04174152,0.041509252,0.043875493,0.04047069,0.038024977,0.041254632,0.03826199,0.043990895,0.04125388,0.040702358,0.039053854,0.04238059,0.04018332,0.041173216,0.043611627,0.042037833
0.043210495,0.04183709,0.042490598,0.04208778,0.04116491,0.044286814,0.042960357,0.043181565,0.0415635,0.041293133,0.04406183,0.040442213,0.037755013,0.041181896,0.037843786,0.044389434,0.041280035,0.040446267,0.038991917,0.042376176,0.040236782,0.041258182,0.04356985,0.042090423
0.04315492,0.041838594,0.042374883,0.042195484,0.041251022,0.04424209,0.04290695,0.043013588,0.04160795,0.041432083,0.044072267,0.04048215,0.037859388,0.041144438,0.03799527,0.0441902,0.04123982,0.040465407,0.039026376,0.04227994,0.040237833,0.041294582,0.043586984,0.042107824
0.04313286,0.04176952,0.04241062,0.042101014,0.04119334,0.04435914,0.042975172,0.042999376,0.041630976,0.04127019,0.0440055,0.040449534,0.03778655,0.041204255,0.038025007,0.04432221,0.04124894,0.040553063,0.03913531,0.042288624,0.040286724,0.04120993,0.043504745,0.042137407
0.043119952,0.041642204,0.04233206,0.04209931,0.041236613,0.04418968,0.0429979,0.04300864,0.04164292,0.041407064,0.044140656,0.040484734,0.03782422,0.04122341,0.03802963,0.044194426,0.041219957,0.040643007,0.039071675,0.04236421,0.040210593,0.04120378,0.043678965,0.042034354
0.043068457,0.041694086,0.04232181,0.042124074,0.04135671,0.044033363,0.042956434,0.042873494,0.041711394,0.041451696,0.04404776,0.040479925,0.03799584,0.041265383,0.038228855,0.044084977,0.041289393,0.040631197,0.039193198,0.042271964,0.04031938,0.04121187,0.043442875,0.041945904
0.04308877,0.041721802,0.042386353,0.042090204,0.041209534,0.044333406,0.043032847,0.0430168,0.04168971,0.04135644,0.044042945,0.040461745,0.037794475,0.041158978,0.037964027,0.04426747,0.041260645,0.040664703,0.038963344,0.042369615,0.040239807,0.04118154,0.043606017,0.042098824
0.04309628,0.041820962,0.04227298,0.042016868,0.04131117,0.044099335,0.042947832,0.043004815,0.04163062,0.041428305,0.04389224,0.04050597,0.037897397,0.041306555,0.03814606,0.044173416,0.041255288,0.04057534,0.03911569,0.042354554,0.040287185,0.04128758,0.043580886,0.041992582
0.04318997,0.0416629,0.042439118,0.042023893,0.041159827,0.044274624,0.0429487,0.04299207,0.041596003,0.041348517,0.044138707,0.040455427,0.037849043,0.041226376,0.038017776,0.04429422,0.04128799,0.040644944,0.039027523,0.042299118,0.04015653,0.04128032,0.04367831,0.042008076
0.043128822,0.041759357,0.0424196,0.042092312,0.041228216,0.0440987,0.042923935,0.042971034,0.041617513,0.04140677,0.044016577,0.040462736,0.037918076,0.041174885,0.038126603,0.04423624,0.041295607,0.04066024,0.039067138,0.04228286,0.040311046,0.041249152,0.043509632,0.042042952
0.04315593,0.04166188,0.04243034,0.042116635,0.041266285,0.044252567,0.042929746,0.042961866,0.041658264,0.041293494,0.044211075,0.040393163,0.037755117,0.04121698,0.0380134,0.044289377,0.041251045,0.040638316,0.0390345,0.042394187,0.04034711,0.041129358,0.04352533,0.042073976
0.043316633,0.04175104,0.042466726,0.042071704,0.041226566,0.044238444,0.042931143,0.04309933,0.041469913,0.04133856,0.04410347,0.040467393,0.037593294,0.041076813,0.03773128,0.0444508,0.041208882,0.04035852,0.03900887,0.042431083,0.040322814,0.04143987,0.043779645,0.042117223
0.043020334,0.041686296,0.04230128,0.042157214,0.041367743,0.044123497,0.04299755,0.04288668,0.041621473,0.041447807,0.043952964,0.040530764,0.037995495,0.041224014,0.038241062,0.044032674,0.04132769,0.040611878,0.03908738,0.042321317,0.040253386,0.041227784,0.043573234,0.04201045
0.043071024,0.041650742,0.04224617,0.042172268,0.04133199,0.044006694,0.04298125,0.042875454,0.041597877,0.04131149,0.044037748,0.040547654,0.037981227,0.041288026,0.038312487,0.044131253,0.041264992,0.040812418,0.039066985,0.042319752,0.040308535,0.041230183,0.043447845,0.042005926
0.043194924,0.04165519,0.042536087,0.041985724,0.041102424,0.044327855,0.04301608,0.043073222,0.04150146,0.04124838,0.04419005,0.040481497,0.037730426,0.041216653,0.03786254,0.044482425,0.041146535,0.04053595,0.039115023,0.042323343,0.04017825,0.041205537,0.043760367,0.04213008
0.043074824,0.04175057,0.042287935,0.042257264,0.04138697,0.04405847,0.04285056,0.04295416,0.041688837,0.041419115,0.043967403,0.040492963,0.03789552,0.04119389,0.038154572,0.0441056,0.041350633,0.040598147,0.039137345,0.042298637,0.040358722,0.041310117,0.04344014,0.041967567
0.043187287,0.041728944,0.042463437,0.04201023,0.04125509,0.044261526,0.04283932,0.04287727,0.041563496,0.041340902,0.043986194,0.040390186,0.037818532,0.041204974,0.03805,0.04418983,0.041355155,0.04059302,0.039182663,0.042319566,0.040263012,0.041388556,0.043575782,0.042154998
0.04320767,0.04172763,0.04246479,0.04216695,0.041277368,0.044277743,0.042979054,0.043074347,0.041645683,0.041289717,0.044337228,0.040429294,0.037695337,0.04113119,0.03785211,0.04438504,0.04123324,0.040496472,0.039095137,0.04223536,0.040238004,0.04117915,0.043596383,0.041985057
0.043049607,0.041735325,0.042492937,0.042160943,0.04124603,0.044142086,0.042939607,0.04295473,0.04165305,0.04143811,0.04399109,0.04041054,0.037879445,0.041041337,0.03802815,0.044172343,0.041232757,0.040601343,0.039090727,0.04232145,0.04030092,0.041361913,0.04367939,0.042076223
0.043078978,0.041628066,0.0422411,0.042024307,0.041407887,0.04419654,0.04300981,0.04298991,0.041670885,0.04139028,0.043938495,0.040501345,0.037984885,0.04126895,0.038162354,0.044172466,0.041164745,0.04066094,0.03918233,0.042268224,0.040351026,0.04117337,0.043501664,0.04203145
0.04312876,0.041675113,0.042352956,0.042173233,0.041187312,0.044190016,0.043043017,0.042896383,0.041746534,0.041476242,0.044137947,0.040485825,0.037642505,0.041312747,0.037935592,0.044303145,0.041216694,0.04057658,0.039101314,0.042329047,0.040197,0.04118085,0.043645713,0.04206553
0.043154683,0.04165668,0.042217348,0.04205463,0.041259777,0.044394486,0.043015108,0.04300119,0.041659284,0.041486297,0.04411615,0.040517393,0.037698872,0.04111138,0.037831727,0.044363767,0.04128505,0.04051844,0.039076243,0.042330276,0.040229443,0.041336466,0.04371529,0.041970097
0.04320928,0.041748203,0.042414147,0.042120617,0.0411303,0.04428152,0.04295484,0.043028876,0.041479975,0.041270453,0.044172,0.040508166,0.037806436,0.041225106,0.03790618,0.044386443,0.04118756,0.04049724,0.039035767,0.042404052,0.040294003,0.04123149,0.043624487,0.042082895
0.043061398,0.041589797,0.042347394,0.042009067,0.041264344,0.044135287,0.04297517,0.042964507,0.04164174,0.041362055,0.04407948,0.04040436,0.038040932,0.041282132,0.038260434,0.04404497,0.04122739,0.040923797,0.039068535,0.0423237,0.04023868,0.04110934,0.043631047,0.0420144
0.043206826,0.041720122,0.04252558,0.042047113,0.041078288,0.044455033,0.043058597,0.04302621,0.0414922,0.04125649,0.04411394,0.040412616,0.037751287,0.04106463,0.03793339,0.044569183,0.041314773,0.04043985,0.03898584,0.04236786,0.0401462,0.04127623,0.043560784,0.042196907
0.0431942,0.04172171,0.04230159,0.042097706,0.041414,0.04413828,0.042871,0.042955123,0.041688107,0.0414992,0.04397192,0.040435847,0.037872262,0.041283615,0.037979316,0.04415703,0.041230287,0.040662725,0.03924948,0.042281974,0.04028947,0.041213967,0.04349955,0.041991666
0.043185417,0.041752618,0.042464826,0.042027928,0.041230578,0.04413277,0.04295699,0.043143954,0.041562658,0.041417472,0.044106394,0.04037532,0.037797716,0.041149274,0.03799134,0.044256523,0.041235875,0.040607437,0.039053313,0.042284574,0.040275577,0.04134821,0.043665238,0.041977935
0.043124996,0.041675396,0.042323183,0.042103708,0.041282836,0.044167455,0.043070413,0.042928394,0.041641675,0.04131653,0.043996546,0.04055421,0.037951853,0.04126049,0.03810072,0.04414251,0.041186865,0.040625293,0.03909182,0.04225707,0.04037478,0.04117548,0.043535024,0.042112757
0.043276824,0.041712474,0.042498413,0.0419744,0.040998552,0.04444284,0.04305803,0.043117456,0.04155001,0.041380115,0.044086862,0.040331922,0.037602443,0.041145064,0.037782185,0.04456096,0.04122922,0.0405348,0.03913381,0.042310305,0.04018025,0.04121346,0.043671884,0.042207655
0.04320154,0.041895557,0.042296577,0.04218842,0.04118658,0.044294506,0.043051366,0.04298273,0.04155629,0.04132116,0.04397522,0.04054649,0.037634205,0.0412043,0.037894566,0.04438435,0.041256987,0.040226623,0.039081387,0.042316835,0.040393442,0.041245125,0.0437526,0.042113196
0.04335577,0.04167864,0.042511526,0.04192916,0.04110233,0.044298563,0.04292962,0.0431389,0.04149228,0.041323572,0.044184096,0.040403917,0.037498437,0.041139696,0.037711576,0.04460899,0.041173168,0.040428393,0.038947873,0.04242446,0.040303636,0.041524973,0.043769922,0.042120527
0.043041933,0.0415873,0.042275243,0.042119596,0.041282263,0.044512745,0.043171078,0.042991202,0.041638404,0.04131012,0.044148944,0.04043119,0.037777215,0.041134555,0.038020965,0.044315584,0.04133899,0.040623993,0.03902918,0.042286396,0.04022541,0.041096788,0.043709904,0.04193101
0.043109734,0.041723415,0.042457085,0.042018253,0.041171804,0.044189416,0.042951066,0.042947628,0.041487295,0.04139099,0.043976516,0.040466342,0.03790604,0.041236483,0.038051132,0.04419644,0.04118844,0.040636517,0.039026678,0.042468973,0.040314455,0.041339923,0.043678947,0.04206647
0.04301829,0.041649453,0.04250694,0.042031854,0.04128234,0.04426064,0.04291644,0.043006927,0.041603476,0.041391954,0.044137552,0.040460493,0.03789075,0.041195728,0.03807981,0.044156555,0.04129637,0.04066532,0.039144795,0.042266633,0.04011223,0.04110833,0.043667793,0.04214934
0.043093797,0.041710667,0.04249493,0.04207185,0.041248597,0.044004153,0.04284281,0.042812124,0.041677885,0.041441634,0.044022422,0.04041227,0.037963334,0.041271225,0.038225185,0.044196986,0.041363485,0.040674176,0.03925033,0.04219237,0.0402359,0.04123976,0.043419812,0.04213431
0.043211333,0.041730464,0.042437546,0.041982736,0.041247647,0.044148628,0.042987473,0.043031428,0.041678965,0.041313685,0.044121582,0.040400103,0.03768087,0.04123867,0.038030166,0.044337753,0.041095525,0.04067559,0.039090566,0.042322997,0.040268768,0.041148182,0.0436319,0.042187423
0.043238625,0.04177848,0.042463485,0.042195406,0.0411851,0.044287354,0.04287337,0.042857293,0.041566294,0.041493107,0.04417884,0.04043864,0.03779087,0.041047215,0.037926733,0.04430712,0.041244287,0.040521536,0.039033215,0.042271484,0.040332783,0.041395694,0.043543097,0.042029966
0.043123566,0.041731052,0.042228762,0.04218733,0.041292567,0.044220824,0.042996958,0.043028384,0.04169744,0.04123336,0.044018876,0.040449675,0.03769209,0.04135048,0.038062856,0.044192486,0.04116306,0.040647473,0.03918983,0.042353563,0.040363546,0.041110475,0.04356976,0.04209557
0.043178044,0.041831,0.04231516,0.042146977,0.041196104,0.044442806,0.04303774,0.043024912,0.04152153,0.041349348,0.044046182,0.040461358,0.03769029,0.041022863,0.03792167,0.044388246,0.04109724,0.040428456,0.03897329,0.042432617,0.04029146,0.041330174,0.04367905,0.042193476
0.04314555,0.04182929,0.04242414,0.042067938,0.041136388,0.044393454,0.042938415,0.04312478,0.041768197,0.04146364,0.044081256,0.04040504,0.037725374,0.041144677,0.03785401,0.04434042,0.04122211,0.040480338,0.038931843,0.042428847,0.04016337,0.041209392,0.043652464,0.042069092
0.043240305,0.04158332,0.04236765,0.0420587,0.04115123,0.044239398,0.042991284,0.042863697,0.041485224,0.04138269,0.04412485,0.04058835,0.037909776,0.04123262,0.037934754,0.044440873,0.041281376,0.04058316,0.039094154,0.042291474,0.04037189,0.041206364,0.043652922,0.041923933
0.04301404,0.041669954,0.0424408,0.042007428,0.041329622,0.044086866,0.04286201,0.042996854,0.041667055,0.041400965,0.044040546,0.040416785,0.038019545,0.041260708,0.0381877,0.04405237,0.04119051,0.04082379,0.039086573,0.0423277,0.040211286,0.04115716,0.04364472,0.042105056
0.043253575,0.041735876,0.042459857,0.042027563,0.0410994,0.04449962,0.04306355,0.043159343,0.041522615,0.041351203,0.044075754,0.04045236,0.037531275,0.04098059,0.037675396,0.04453883,0.041349992,0.040319894,0.038951915,0.042345442,0.040131252,0.0414797,0.043833412,0.042161554
0.043079607,0.041806765,0.0422586,0.042088695,0.04127754,0.044238046,0.043004747,0.043122113,0.041696504,0.04140129,0.043864824,0.04043574,0.037893776,0.041274898,0.03813632,0.04416857,0.04126674,0.04058778,0.039080415,0.0423249,0.040247805,0.041160945,0.043550078,0.04203337
0.04313771,0.041705605,0.04245058,0.042091604,0.04124604,0.044255123,0.042987492,0.042983774,0.041544132,0.041307602,0.04402476,0.040467586,0.037921827,0.04126213,0.038119268,0.04425728,0.041272484,0.040646393,0.039046425,0.04225267,0.040325504,0.04120293,0.04346067,0.04203039
0.043165773,0.041619066,0.04232202,0.042066213,0.041308884,0.04410622,0.04301279,0.042960778,0.04169436,0.041467402,0.044039838,0.040470883,0.037876707,0.04129553,0.038054314,0.044218857,0.041331585,0.04068628,0.039041705,0.042252008,0.04024608,0.04117031,0.043615226,0.041977182
0.0430999,0.04178521,0.042448897,0.042080928,0.04110292,0.04436094,0.04292626,0.042950395,0.04159201,0.04151733,0.044234794,0.040439475,0.037734926,0.0410935,0.03794943,0.044238627,0.041298572,0.040598802,0.039037175,0.04236834,0.04024988,0.04120129,0.04363628,0.042054147
0.04312175,0.041719567,0.042197607,0.042146523,0.041338537,0.044171866,0.04302832,0.043168373,0.041647185,0.04128104,0.0440441,0.040447693,0.03769096,0.041233856,0.038001142,0.04425981,0.04115225,0.04066459,0.038951788,0.0425115,0.040337566,0.04125792,0.043582577,0.042043515
0.043327145,0.04171595,0.042475477,0.041981652,0.041211646,0.04428639,0.04291116,0.042995192,0.0416311,0.041368227,0.04411627,0.040425025,0.03784034,0.041043226,0.037779875,0.044356313,0.04129539,0.040380925,0.03909063,0.04231428,0.04022211,0.041420583,0.043673165,0.042137895
0.043230917,0.041805606,0.042442277,0.042120725,0.041166555,0.04441672,0.042990405,0.043095984,0.041568805,0.041302204,0.04404755,0.040482655,0.037861265,0.04112094,0.037867524,0.044398833,0.041153,0.040516272,0.039006144,0.04225321,0.040157054,0.041200634,0.04366847,0.04212632
0.043200843,0.04177668,0.04233041,0.04206985,0.041143727,0.044227842,0.042947017,0.04295065,0.04154495,0.041390374,0.044171054,0.040611286,0.037842438,0.04124548,0.038038656,0.044236396,0.041272856,0.040509522,0.03905053,0.042301297,0.04033751,0.04128088,0.04355629,0.041963417
0.043223403,0.041681435,0.042312507,0.042019162,0.0412949,0.04419257,0.043007027,0.04304637,0.04163968,0.041423015,0.044044275,0.0404479,0.03785948,0.04117619,0.037968192,0.044269096,0.04122139,0.040552985,0.039062105,0.042311724,0.040262,0.04137108,0.043583848,0.042029724
0.04311627,0.04175508,0.042331275,0.042109363,0.041135006,0.044247635,0.043006666,0.042884722,0.041713707,0.041502286,0.043906484,0.040482167,0.037692156,0.041301202,0.037961856,0.04431871,0.041427996,0.04053711,0.039232854,0.042252906,0.040236257,0.041298173,0.04349383,0.042056333
0.043090556,0.041800197,0.042259686,0.042114787,0.041288882,0.044354744,0.04284642,0.04296914,0.041615438,0.041351873,0.043992948,0.0405079,0.037859194,0.041157074,0.038018636,0.044297844,0.04124386,0.04048618,0.03909382,0.04231335,0.040349275,0.041284185,0.04358525,0.042118758
0.043092,0.041658282,0.04237651,0.0421255,0.041305732,0.04417847,0.042864416,0.042817026,0.0416393,0.041500766,0.044055514,0.040426537,0.037927918,0.041203972,0.038167756,0.04415995,0.041260254,0.040792346,0.03906975,0.042275906,0.040332735,0.04126846,0.04352194,0.04197897
0.043169506,0.041714735,0.04256071,0.042047597,0.041134,0.044224713,0.0430335,0.043114234,0.041661523,0.041338727,0.044072043,0.040426962,0.037665963,0.041078936,0.03783774,0.044539582,0.041252654,0.04039834,0.038875144,0.042393234,0.040273577,0.04127561,0.043791533,0.04211938
0.04319697,0.04178696,0.04239967,0.041973647,0.041165,0.044415127,0.043044392,0.04305539,0.041562006,0.041359708,0.043933615,0.040432118,0.037865143,0.041129332,0.03799623,0.044333994,0.04131102,0.040507372,0.039108098,0.04227077,0.04019804,0.041296657,0.043529466,0.04212926
0.0433265,0.04172622,0.042642668,0.04197856,0.041105706,0.04431128,0.0428604,0.043117378,0.041514687,0.041313987,0.0443096,0.040294822,0.037601855,0.04108076,0.03775701,0.044507816,0.041222896,0.0405916,0.039095778,0.042331968,0.040209644,0.04125035,0.04362821,0.042220227
0.04323275,0.041715264,0.04228623,0.04205778,0.041281614,0.044118688,0.04296721,0.0430776,0.041659806,0.041451745,0.04408111,0.04051314,0.03792862,0.041290287,0.038022947,0.044149898,0.041185748,0.040571947,0.03905036,0.042245254,0.04026168,0.0412815,0.04364127,0.041927572
0.043094702,0.041711647,0.042255282,0.042132724,0.04125269,0.044478167,0.04302693,0.042943705,0.041643266,0.041411813,0.04401056,0.040476922,0.03787459,0.04120122,0.03791755,0.044266295,0.04123056,0.040451244,0.03903004,0.042357955,0.040243648,0.041267272,0.04360309,0.042118084
0.04319124,0.041797508,0.042419873,0.042174954,0.041191492,0.044300113,0.042947322,0.04299188,0.04162167,0.041414086,0.044063196,0.040468253,0.03759015,0.04118638,0.037765794,0.044443373,0.041180737,0.040513255,0.039152578,0.042314965,0.04031635,0.041231986,0.04357979,0.042142995
0.042946856,0.0418279,0.042237837,0.042216204,0.04124063,0.044230364,0.042927623,0.042857572,0.04171285,0.041468985,0.043848064,0.04042702,0.03791968,0.04135027,0.03844741,0.044041954,0.041294776,0.04069994,0.039180577,0.042214952,0.04027225,0.041111127,0.043534424,0.041990697
0.043427803,0.04167701,0.04248285,0.04198685,0.041073255,0.04443388,0.04304864,0.043113116,0.04139177,0.04103084,0.044290837,0.040554408,0.037514165,0.041031364,0.037650354,0.044742443,0.04107602,0.04026449,0.038941193,0.04245493,0.040283725,0.04145942,0.043849237,0.04222138
0.04306084,0.041549124,0.042343646,0.042013012,0.04123138,0.044364247,0.04297819,0.042991187,0.041819707,0.041454807,0.044143174,0.040405326,0.03775893,0.04123465,0.038031638,0.04423541,0.041229554,0.04075513,0.039139904,0.042330805,0.04018868,0.04111169,0.043677423,0.041951533
0.043009546,0.04167034,0.042359862,0.042186726,0.0412835,0.044144314,0.0429616,0.042765643,0.041656382,0.041503817,0.044009015,0.04048326,0.037928876,0.041168626,0.038280148,0.04401919,0.041339733,0.040827356,0.03906812,0.042297468,0.040281985,0.041244913,0.043478586,0.042030998
0.043122396,0.041731536,0.042437006,0.041943487,0.041325964,0.04415445,0.042980332,0.043063577,0.041718423,0.041403484,0.04379102,0.040548977,0.037888076,0.041230526,0.038086157,0.04419958,0.04120271,0.040626373,0.038956348,0.042412143,0.04008019,0.04127449,0.043695368,0.042127427
0.043113228,0.041710872,0.04242424,0.04208911,0.041264232,0.0442257,0.042886972,0.043011565,0.041617695,0.04143163,0.044084836,0.040400397,0.03787168,0.04111414,0.038071975,0.04431819,0.04123082,0.040671796,0.038996972,0.042305864,0.040244844,0.041307088,0.043530792,0.042075362
0.04328444,0.04190104,0.042533994,0.042136494,0.04110077,0.04452623,0.04297323,0.043269582,0.041486204,0.041207403,0.044069048,0.04030901,0.037666455,0.04110862,0.03762352,0.044485614,0.041141123,0.04038826,0.03898216,0.04230516,0.040359117,0.04132577,0.043620374,0.042196374
0.043170877,0.041716363,0.042386197,0.04202893,0.04125338,0.04411671,0.04294543,0.043012735,0.04167397,0.04131785,0.044069037,0.040463567,0.037868693,0.04129424,0.03809578,0.04420319,0.041230496,0.04063592,0.039060306,0.042405047,0.04038557,0.041219823,0.04345456,0.041991327
0.04328049,0.04170838,0.042342547,0.04218082,0.041141476,0.04453643,0.0429402,0.04315002,0.04156095,0.041282855,0.04414915,0.040372536,0.037570942,0.041064877,0.037541103,0.044664286,0.041257072,0.040254515,0.03889722,0.042423535,0.040373527,0.04143233,0.043711834,0.042162906
0.04313041,0.041653834,0.04233073,0.04218778,0.04117219,0.044271126,0.042961728,0.04291387,0.041574515,0.041453093,0.044124987,0.040455136,0.037846737,0.041339852,0.0381245,0.044244584,0.041319363,0.040575467,0.039175995,0.042186566,0.04028468,0.041138623,0.043453198,0.042081084
0.043156262,0.04175639,0.042265747,0.042136326,0.041226774,0.04429254,0.043054845,0.042985283,0.041602727,0.041366752,0.044205386,0.040475603,0.03777838,0.041164156,0.037978217,0.044312958,0.04115068,0.04063259,0.038940072,0.042354327,0.040350784,0.04123329,0.043568727,0.04201122
0.043257926,0.041638307,0.042406496,0.041968267,0.041139744,0.044245947,0.042986844,0.04297495,0.04156873,0.041254353,0.04411896,0.04054237,0.03784151,0.04122509,0.03789646,0.044451643,0.04131998,0.040533338,0.039071076,0.042360686,0.04036827,0.04120812,0.043544527,0.042076435
0.043204278,0.041685328,0.04249677,0.04205864,0.041090403,0.044424944,0.042996544,0.043206062,0.04152603,0.041339297,0.044292226,0.04042328,0.03763822,0.04111206,0.037739057,0.044438764,0.04121571,0.04052878,0.038871378,0.042430446,0.040078335,0.04126657,0.04388017,0.042056747
0.043153126,0.04170728,0.0423669,0.041978676,0.041249484,0.044396907,0.042972434,0.043107674,0.04161697,0.04123003,0.044016324,0.040436603,0.037800476,0.04113587,0.03794764,0.044374768,0.041285302,0.040475886,0.039098952,0.042376705,0.04020704,0.041320547,0.04359261,0.042151723
0.043051947,0.041604646,0.04233406,0.042110186,0.041240897,0.044229355,0.042999916,0.042995982,0.041641362,0.04149286,0.044126816,0.040455617,0.037727356,0.041122086,0.038029984,0.044255402,0.041241772,0.040748805,0.038962353,0.042347852,0.040246703,0.041254446,0.043745093,0.04203457
0.042991143,0.041610036,0.042332612,0.042022996,0.04137571,0.04406431,0.042969707,0.04279167,0.04169869,0.041463602,0.0438952,0.04049517,0.038177542,0.041486826,0.038491312,0.043901663,0.04120526,0.040995643,0.03923132,0.04217078,0.040289264,0.040907282,0.04345728,0.04197502
0.04312947,0.041756485,0.042542636,0.042199194,0.04113813,0.044238333,0.042939972,0.042991716,0.04162035,0.041380342,0.044062175,0.040396962,0.03764847,0.04117115,0.038001746,0.044316094,0.04129484,0.040436987,0.03893259,0.042466227,0.040318273,0.041262772,0.043659378,0.0420957
0.04324856,0.04175033,0.042402796,0.042079378,0.041149136,0.044194207,0.043035682,0.04297811,0.041592997,0.041350376,0.044008672,0.040470004,0.037806146,0.04118558,0.038006674,0.044341944,0.041317698,0.040414747,0.039101154,0.04235279,0.040251072,0.041254073,0.043531824,0.04217601
0.043327566,0.041738633,0.042435046,0.042029575,0.041284468,0.044446144,0.043005772,0.043217044,0.04153887,0.0412928,0.044227753,0.040308744,0.03750134,0.041086085,0.03761983,0.044514827,0.041070547,0.04054061,0.03896293,0.04243687,0.040305562,0.041304905,0.043647856,0.042156294
0.04309935,0.041634586,0.04227987,0.042058434,0.04133685,0.044036005,0.04292445,0.04291181,0.041650347,0.041406397,0.044100944,0.040413573,0.037926275,0.04133543,0.038166746,0.044108894,0.041232325,0.04083376,0.039229173,0.042141646,0.040304534,0.041263826,0.0435589,0.042045865
0.043127246,0.041706562,0.04232992,0.04208292,0.041258883,0.044212442,0.042886704,0.042933267,0.04162072,0.041422565,0.044062633,0.04049569,0.037905246,0.041279975,0.038239256,0.0441935,0.041229844,0.040641494,0.03908509,0.042250596,0.04029818,0.04122254,0.043521088,0.041993592
0.043067113,0.041677576,0.042275727,0.042098843,0.04124947,0.04416519,0.04302,0.04297474,0.041690078,0.041375622,0.044058908,0.040450953,0.037914064,0.041250348,0.038173936,0.04418238,0.0412567,0.04077347,0.039065305,0.04229565,0.040276,0.041172605,0.043558497,0.041976776
0.04307501,0.04171611,0.042323742,0.042035382,0.041316565,0.044242594,0.043033835,0.0430442,0.04161525,0.04138132,0.043994773,0.040545017,0.037846193,0.04121013,0.03796155,0.044255704,0.04118988,0.040503785,0.03906518,0.042293098,0.040242467,0.041309234,0.043712277,0.042086676
0.043204755,0.041703362,0.042369764,0.04207169,0.04114404,0.044262115,0.042971306,0.042937335,0.0415467,0.041316565,0.0441176,0.04047546,0.03767733,0.04118126,0.03785835,0.04443154,0.041271675,0.040562153,0.039159186,0.042405613,0.040257506,0.041298665,0.043628693,0.042147387
0.042988963,0.041670036,0.04232931,0.042079765,0.041315183,0.044015262,0.042764753,0.04279664,0.041785117,0.041516364,0.043958202,0.040456645,0.037944004,0.041284513,0.03838789,0.044032466,0.041459203,0.04079878,0.039129354,0.04234811,0.040315706,0.041215397,0.043496445,0.04191196
0.04320414,0.04172392,0.042416774,0.041992694,0.04114459,0.044308614,0.043016136,0.043041687,0.04153126,0.041184492,0.044165503,0.04050542,0.03776626,0.041234642,0.038016938,0.04440754,0.041222952,0.04060304,0.038965363,0.042390585,0.040256534,0.041258905,0.0435304,0.042111576
0.04297223,0.04160926,0.042356532,0.042108744,0.041421283,0.044062756,0.042878237,0.04284666,0.04169381,0.041526195,0.04407256,0.040521722,0.03804639,0.04115587,0.03821227,0.043942597,0.041297693,0.04069568,0.03915536,0.042274706,0.040321637,0.041250862,0.04352575,0.04205122
0.043082193,0.041757267,0.042218126,0.0421061,0.0412381,0.044113368,0.04305381,0.04305476,0.0416855,0.041469622,0.04395568,0.040338114,0.037824735,0.041346103,0.038213585,0.04413228,0.041309543,0.040752497,0.039176945,0.042290073,0.040333685,0.04117908,0.04342806,0.041940797
0.04305242,0.041644387,0.04230113,0.042038225,0.041398782,0.043971542,0.04289483,0.04286564,0.041671842,0.04143703,0.04389862,0.04047565,0.038067933,0.041373756,0.03842843,0.043888606,0.04121068,0.04081254,0.039124075,0.042389896,0.040315915,0.041250926,0.0435083,0.041978855
0.04318269,0.04165374,0.042382497,0.042046018,0.041236147,0.044171065,0.042964924,0.043031435,0.0416849,0.04147581,0.044033345,0.040381584,0.03791819,0.041347653,0.037987005,0.04431777,0.04130741,0.040617876,0.0391691,0.042159364,0.040291373,0.041175418,0.043530315,0.04193438
0.043099415,0.04173337,0.042270754,0.042129703,0.041248247,0.04414452,0.043018915,0.04286005,0.041749593,0.041478023,0.044036023,0.040508356,0.03789792,0.041203395,0.038152818,0.044102944,0.041272067,0.040610358,0.039113935,0.04225151,0.04028186,0.041264966,0.04349969,0.042071614
0.04319132,0.0417157,0.042438403,0.04205944,0.04122856,0.044137575,0.042875364,0.042966582,0.041562196,0.04132167,0.04416381,0.040412556,0.03777484,0.04128205,0.03800583,0.044403445,0.041201346,0.040649205,0.039113425,0.042364012,0.040375546,0.041232552,0.043559287,0.041965242
0.043077905,0.041638993,0.04224105,0.042079464,0.041216876,0.044061843,0.042914223,0.04287393,0.041769244,0.04152832,0.0441551,0.040437404,0.037970833,0.04122819,0.038212564,0.0440834,0.04140679,0.040712435,0.03915417,0.04232413,0.040312912,0.041200753,0.04349284,0.041906644
0.043153346,0.04170326,0.042381965,0.04206562,0.041208256,0.044150688,0.04292328,0.042942513,0.04158584,0.041442346,0.04405098,0.04048293,0.03792466,0.041248586,0.03803667,0.04420358,0.04128,0.040542826,0.039113272,0.042284742,0.0403275,0.041283302,0.043630116,0.042033695
0.043107785,0.041828174,0.042282213,0.04211269,0.04131001,0.04436528,0.043006815,0.042994592,0.041604962,0.04135858,0.043995343,0.040519554,0.03786381,0.041150074,0.037982464,0.04432553,0.04127612,0.04054098,0.039121848,0.042248197,0.040216453,0.041259382,0.043468345,0.042060826
0.04302048,0.041611053,0.042352036,0.041960005,0.041234292,0.044041213,0.04288001,0.042819906,0.04173569,0.041532084,0.04399611,0.040439706,0.03785899,0.04133655,0.0383267,0.043999646,0.0413289,0.04089828,0.03913392,0.042408153,0.040265255,0.041221518,0.04363831,0.041961227
0.043002743,0.0417757,0.042484865,0.042136934,0.041281745,0.044265855,0.042910032,0.043034628,0.041690063,0.041384205,0.04394,0.04050214,0.03792308,0.04114667,0.038020555,0.044304006,0.041278217,0.04052511,0.03910851,0.04213482,0.040255778,0.04120765,0.0436682,0.042018533
0.04305973,0.041685272,0.042469207,0.041942634,0.041151077,0.044125155,0.04300731,0.043018524,0.04164692,0.041248556,0.044038784,0.040449362,0.037830062,0.04129489,0.038216148,0.04415313,0.041217025,0.040729456,0.039037623,0.042550676,0.040197454,0.041179694,0.04362325,0.042128075
