0,1,2,3,4,5,6,7,8,9,10,11,12,13,14,15,16,17,18,19,20,21,22,23
0.03594072,0.0067620804,0.040233992,0.063050784,0.05466144,0.021111697,0.010743055,0.025601864,0.040296856,0.08244773,0.0104905525,0.03242404,0.03905852,0.055986285,0.01369232,0.034920614,0.18822752,0.013056802,0.056824915,0.01037927,0.06670232,0.032304298,0.04724543,0.01783689
0.03636303,0.007128941,0.041449737,0.06352765,0.054874968,0.021235159,0.011325084,0.025971157,0.041628137,0.08012479,0.010764943,0.032081164,0.04001824,0.054846443,0.014017412,0.035412405,0.18251571,0.013378071,0.055863798,0.010922628,0.06762001,0.032749105,0.047715783,0.018465636
0.035480022,0.0064319675,0.04005573,0.063950256,0.054100476,0.020274794,0.010354275,0.025179364,0.040528227,0.08188315,0.009917319,0.031355105,0.039206292,0.054612577,0.013044234,0.03376169,0.19608301,0.012319492,0.05655246,0.010005609,0.06839228,0.0317362,0.047518387,0.017257094
0.035667524,0.006768124,0.040483344,0.06342557,0.054764904,0.020253183,0.010867942,0.025694625,0.041579876,0.08076658,0.0102869775,0.031475533,0.03957875,0.054423556,0.013587683,0.034388684,0.19074567,0.0127204815,0.055843394,0.010504798,0.06782779,0.032292116,0.048086666,0.017966228
0.035318855,0.0065516504,0.040397003,0.06353122,0.05462423,0.020560179,0.010680781,0.025512384,0.040614,0.08216593,0.010168595,0.031908467,0.039233983,0.055471342,0.01344009,0.034583926,0.19142587,0.012651091,0.056519996,0.010223716,0.06712445,0.03197298,0.047622636,0.017696619
0.035437737,0.006513516,0.040476415,0.06402311,0.054939255,0.020545736,0.010639508,0.025411986,0.040499054,0.08175865,0.01022828,0.031647995,0.0391951,0.055231854,0.013294719,0.034634594,0.19180739,0.012739465,0.05654116,0.010253921,0.06737257,0.03203975,0.04722435,0.017543886
0.03695289,0.007487755,0.041316096,0.06354855,0.054420613,0.021953367,0.011647954,0.026544174,0.04147166,0.080835804,0.0112260785,0.03345693,0.04020828,0.055503264,0.014534245,0.035302367,0.17572035,0.013887276,0.05661204,0.011241744,0.0663822,0.033063047,0.04775144,0.018931866
0.035060927,0.006440901,0.040161397,0.06314446,0.054439526,0.019798346,0.010520038,0.02508472,0.041283377,0.08085521,0.009938087,0.03059176,0.03935268,0.054307483,0.013215849,0.034000415,0.19735977,0.012272434,0.05614903,0.01006801,0.06876754,0.03183411,0.047827665,0.017526263
0.03621079,0.0070334813,0.04060586,0.063625805,0.054739483,0.021420125,0.01120963,0.026192585,0.040935762,0.08172708,0.0108042685,0.032650754,0.03935349,0.055958033,0.014062382,0.034965534,0.18216118,0.013385042,0.056859087,0.0108481655,0.06658538,0.03265991,0.047604043,0.018402142
0.036375236,0.0070971013,0.04088025,0.063550085,0.054779723,0.02096682,0.01127538,0.026218856,0.04142775,0.0804505,0.010743375,0.032100145,0.03988702,0.055166468,0.014056656,0.034981944,0.18373813,0.013257485,0.05582715,0.010913073,0.067236945,0.03279377,0.047887012,0.018389137
0.035713863,0.0068024923,0.040446855,0.06360993,0.054542616,0.020989217,0.010911974,0.02568316,0.040400617,0.08214384,0.010458509,0.03245659,0.039484605,0.055475425,0.013674155,0.034694098,0.18734421,0.013074632,0.056777697,0.010527907,0.06703331,0.032447964,0.04736052,0.017945815
0.03620334,0.007012233,0.040802073,0.06354595,0.054805398,0.020552283,0.011165616,0.025863621,0.04198263,0.079882346,0.010548683,0.03133452,0.040108696,0.05399421,0.013901601,0.034845002,0.18636298,0.013102284,0.05579905,0.010744318,0.06805077,0.03260722,0.048350964,0.018434228
0.034512524,0.006093518,0.039679583,0.063761376,0.053830452,0.019762702,0.010024922,0.024613092,0.0400953,0.08290896,0.009594817,0.031036548,0.038838714,0.054650765,0.012750761,0.033354145,0.20272382,0.0119343735,0.056802318,0.009639575,0.06800057,0.031183623,0.047351588,0.016855964
0.03628301,0.0070056664,0.040860247,0.06319828,0.055135217,0.020787293,0.011178815,0.02609471,0.041417547,0.08018769,0.010638028,0.03157681,0.039678007,0.05426646,0.013881316,0.035023455,0.18701868,0.013064508,0.055948947,0.010806555,0.067198925,0.0326234,0.047772378,0.018354058
0.03592841,0.0067642783,0.040657572,0.063290074,0.05412419,0.020795615,0.010922896,0.025765857,0.04084093,0.08173575,0.010447173,0.032242525,0.039552435,0.05515252,0.013719581,0.03459469,0.18880211,0.0129941935,0.056308094,0.010492477,0.06691786,0.032378588,0.04751437,0.0180578
0.03599668,0.0070085824,0.040799465,0.063760914,0.054725125,0.021380423,0.011253144,0.026050624,0.040825427,0.08181275,0.010819444,0.032294225,0.039472833,0.05565835,0.014030501,0.035260938,0.18307157,0.013311021,0.055898275,0.010827289,0.06715477,0.03244528,0.04772332,0.018419059
0.036765072,0.007310136,0.040877998,0.06329299,0.054795455,0.021948311,0.011407825,0.026420165,0.040556375,0.08198582,0.011071294,0.03332378,0.039476205,0.056117296,0.014279053,0.035469014,0.17857993,0.013723571,0.056944918,0.010993428,0.06632027,0.032836918,0.046969093,0.01853508
0.03563148,0.006702232,0.040506743,0.06342279,0.0550039,0.020604307,0.010900992,0.025631059,0.041167118,0.08160513,0.010418649,0.031763107,0.039205022,0.05473889,0.013552901,0.034823377,0.18939231,0.012831775,0.056425173,0.010551976,0.06744336,0.032198083,0.047527537,0.017952083
0.03634039,0.007105402,0.040873047,0.06371779,0.0542789,0.021761013,0.011246955,0.02602483,0.040419612,0.08346279,0.01083119,0.03319496,0.03952726,0.056228474,0.014035457,0.035105698,0.18069048,0.013566266,0.056874245,0.010733859,0.06609258,0.03262015,0.047088083,0.018180571
0.035017855,0.006434213,0.040255997,0.0634746,0.054623418,0.019920068,0.010424246,0.025079846,0.040896766,0.0809762,0.009926249,0.030643903,0.039327748,0.05437183,0.013216892,0.034039672,0.19793423,0.012316461,0.0561583,0.010107459,0.0681821,0.031890783,0.04731062,0.017470535
0.03550917,0.00664663,0.040316075,0.06372901,0.054284755,0.02017308,0.0107387155,0.025512887,0.041482273,0.08070559,0.0101618795,0.03147165,0.03973149,0.054387048,0.013468421,0.03420688,0.19199549,0.012731674,0.056261063,0.010290138,0.0679543,0.032359324,0.048043344,0.017839115
0.036038503,0.0068866997,0.040935017,0.06371951,0.05444459,0.020974077,0.011021727,0.025926532,0.041116893,0.08197086,0.010546925,0.031720173,0.039475273,0.05543562,0.013824676,0.034566652,0.18650968,0.012909282,0.05639921,0.010610984,0.06744823,0.032275874,0.047291428,0.017951583
0.035356127,0.0065151015,0.0401072,0.063540414,0.05418758,0.02029081,0.010606762,0.025193803,0.040489417,0.08187433,0.01008938,0.03163462,0.03910225,0.05512034,0.013317452,0.034111492,0.19445722,0.01258233,0.056362882,0.010091222,0.067757696,0.031946156,0.047675826,0.017589586
0.035770785,0.0067460993,0.040270295,0.063631736,0.054695543,0.020742958,0.010757515,0.02567625,0.04086201,0.081158556,0.010326937,0.031604405,0.039295748,0.055235527,0.013553543,0.03458673,0.18996388,0.012782956,0.056862894,0.010499012,0.06759618,0.032133292,0.047274586,0.017972562
0.035454225,0.0066611255,0.040269606,0.06328361,0.054252557,0.020648872,0.010664898,0.025489433,0.04051571,0.08245434,0.010249582,0.03180894,0.039137717,0.055699773,0.013461729,0.03439891,0.1913938,0.012681292,0.05645543,0.010238232,0.06783746,0.032014437,0.047350764,0.017577564
0.035832725,0.006771209,0.040837184,0.06381159,0.05451077,0.021019196,0.010952604,0.025782175,0.040484782,0.08226955,0.010453755,0.031952627,0.039338496,0.05549861,0.013619652,0.03473243,0.18789822,0.012983752,0.056619305,0.010516245,0.06671157,0.03208051,0.047224056,0.018098982
0.035567135,0.0064305146,0.039591152,0.06357489,0.054259773,0.02063159,0.010373724,0.02517865,0.039857086,0.08238165,0.009980227,0.031647097,0.038985077,0.05598994,0.0130967805,0.034246877,0.19609646,0.012426797,0.056998912,0.009979155,0.06704494,0.031489022,0.046888564,0.017283987
0.03522482,0.006539076,0.04033608,0.06337654,0.054415382,0.020179372,0.01064457,0.025372727,0.040959504,0.08194788,0.010106265,0.03122828,0.03939067,0.054427806,0.0133242635,0.03409961,0.19424745,0.012519113,0.05643363,0.010204222,0.06766863,0.03202932,0.04767032,0.017654464
0.035059527,0.0063532484,0.039917503,0.06364253,0.05435755,0.020132829,0.010346408,0.025083892,0.040411722,0.08221154,0.009902647,0.030942572,0.03923033,0.054600094,0.013161655,0.034050643,0.19791757,0.01234625,0.05660855,0.009902038,0.06747754,0.031531096,0.047384724,0.017427545
0.034693427,0.006177048,0.03987041,0.06348489,0.054273527,0.0198394,0.010152633,0.02467673,0.040606312,0.08212078,0.009617699,0.030652903,0.03914277,0.05497888,0.012853532,0.033590727,0.20207047,0.012024349,0.05620523,0.009767301,0.06777995,0.031459797,0.047041472,0.01691974
0.035459258,0.0064675016,0.040219262,0.06359249,0.05462197,0.020516522,0.010534113,0.025326854,0.040491372,0.08253605,0.010161842,0.031842213,0.038837902,0.054951478,0.013308672,0.034470644,0.19347326,0.012536253,0.05660774,0.01015954,0.067143336,0.031895995,0.04722342,0.017622313
0.035498332,0.0065754154,0.040292926,0.06332397,0.05450646,0.02052808,0.01072177,0.025487686,0.040663403,0.08237592,0.010221258,0.031980753,0.03933967,0.055310868,0.013404947,0.03431259,0.19133624,0.012759122,0.056453906,0.010312209,0.067314796,0.03219611,0.04733001,0.017753549
0.03573893,0.0068017393,0.040709488,0.06324655,0.054703116,0.021042049,0.010957843,0.025630448,0.04085386,0.08156599,0.010519517,0.032332823,0.03936684,0.055306625,0.013754262,0.03462691,0.18795113,0.012994467,0.056652136,0.010506776,0.06726514,0.032317895,0.047193453,0.017962009
0.035152916,0.0062542753,0.03962083,0.063303225,0.05414799,0.020318864,0.010160088,0.024845887,0.04005895,0.08347576,0.009747373,0.031009099,0.03872957,0.056217145,0.012993907,0.03389766,0.19892985,0.012145952,0.057078723,0.009778368,0.067272335,0.031324722,0.04662597,0.016910546
0.036162846,0.006925271,0.040854618,0.06340167,0.054428563,0.021690924,0.010982954,0.026057927,0.03988249,0.083625056,0.010682902,0.033000473,0.038960215,0.056541633,0.01382758,0.035180885,0.18376973,0.013342638,0.0575231,0.010482844,0.065737054,0.03232418,0.046590358,0.018024089
0.035415094,0.0064271865,0.04001206,0.063526765,0.054244723,0.01988747,0.010372911,0.025042448,0.04095524,0.08206242,0.009897338,0.030948108,0.039142467,0.05444935,0.013056255,0.03394676,0.19662939,0.012264401,0.05628275,0.009949934,0.0683752,0.03190386,0.04791042,0.017297452
0.03561299,0.006573808,0.040453106,0.06324559,0.05448919,0.020741733,0.010692265,0.025368335,0.040731978,0.081918485,0.010228014,0.03196393,0.039308514,0.055322915,0.013371823,0.0342175,0.19201292,0.01262701,0.05721192,0.0102133015,0.067231156,0.031939972,0.046894353,0.017629195
0.035840716,0.006678198,0.04045678,0.0635649,0.05466505,0.020711385,0.010816493,0.02570481,0.04044268,0.08262165,0.0103732785,0.03215346,0.039063454,0.055137783,0.0135332635,0.034660127,0.18942323,0.012891645,0.056573097,0.010379554,0.06690973,0.032247122,0.047376066,0.017775524
0.035892136,0.006705881,0.040321074,0.063190155,0.054534357,0.021262085,0.0107490765,0.025566598,0.040338565,0.083424695,0.010340673,0.032597832,0.03882367,0.056260526,0.013470856,0.034895085,0.18849036,0.012961454,0.056782857,0.010315044,0.066513434,0.03193435,0.046710044,0.017919185
0.03569762,0.0067113033,0.040322434,0.06378806,0.054754402,0.020263107,0.010859825,0.025763273,0.04122337,0.08097745,0.01035386,0.031315885,0.039550297,0.054605957,0.013587893,0.0343868,0.19042379,0.012708451,0.056181915,0.010395403,0.06814461,0.03218803,0.047830578,0.017965699
0.035501923,0.0065645664,0.040072292,0.06298779,0.054305352,0.021353198,0.010689952,0.02548242,0.039658528,0.08413494,0.010389258,0.032617982,0.038640365,0.05689928,0.013433137,0.03478498,0.19012259,0.012790222,0.0572825,0.010226761,0.06611382,0.031870272,0.046544626,0.017533246
0.03534024,0.006272305,0.039568353,0.063157246,0.05424728,0.02007052,0.010158844,0.02499392,0.040374644,0.08195613,0.0097222375,0.03094098,0.038785085,0.05536177,0.012893234,0.033904962,0.20132026,0.012170911,0.05630128,0.009713225,0.0675831,0.031455304,0.046668813,0.017039347
0.033954654,0.0058163204,0.03927122,0.06328054,0.05364986,0.01929878,0.009661187,0.024196751,0.04000275,0.08272038,0.009200894,0.030202437,0.038649328,0.05466381,0.012448376,0.033128444,0.20972162,0.011527992,0.05693467,0.009308696,0.06812786,0.03081589,0.046902176,0.016515356
0.035793208,0.006861667,0.040830385,0.06353036,0.054497853,0.020981457,0.011002661,0.025991298,0.040713936,0.08208374,0.010579471,0.031927202,0.039225318,0.055296905,0.013865471,0.034909684,0.18709205,0.0130178165,0.05601186,0.01058973,0.06716452,0.03238252,0.047554407,0.01809648
0.035733864,0.006628788,0.04034358,0.06371124,0.054467414,0.020664968,0.0105672795,0.025487185,0.040541995,0.081860736,0.010113464,0.031805996,0.039256692,0.055413444,0.013422505,0.034211673,0.19239117,0.012663301,0.05714765,0.010188563,0.06681623,0.032018334,0.04696802,0.01757591
0.03521224,0.006426582,0.040259928,0.06344229,0.05433387,0.020614294,0.010524221,0.025259355,0.040018402,0.082801305,0.010073773,0.031719945,0.038893852,0.05573668,0.013180078,0.034007516,0.19476068,0.012422574,0.05676814,0.010044979,0.06731743,0.031784564,0.047018223,0.017379077
0.03536809,0.0065655187,0.04033791,0.06401526,0.054094587,0.020848624,0.010628317,0.02559364,0.04033711,0.082256615,0.010164127,0.03196225,0.03893235,0.055949114,0.013490276,0.0344009,0.19128276,0.012716574,0.056875583,0.010194967,0.06717749,0.031965435,0.047196366,0.01764615
0.035866637,0.0067949197,0.040689398,0.0635628,0.054629683,0.0208292,0.010958641,0.02597946,0.040676057,0.08189924,0.01051176,0.031934515,0.039289445,0.055226285,0.013661956,0.03472771,0.18747249,0.012914106,0.056893207,0.010535697,0.06729359,0.032230835,0.047421806,0.018000558
0.035590626,0.0065808906,0.04018711,0.06366864,0.054828607,0.021060362,0.010660329,0.025400097,0.03984074,0.08390612,0.010302383,0.032083888,0.038754165,0.056375332,0.013409572,0.034438286,0.19063531,0.012818965,0.057100177,0.010205043,0.066296846,0.031790167,0.04647258,0.017593762
0.03608912,0.0069303103,0.040555734,0.063125245,0.054634802,0.021511473,0.010978597,0.025709433,0.04040441,0.0829447,0.0106106885,0.03234477,0.039035905,0.0564093,0.013780728,0.035168774,0.18565105,0.013216959,0.056673147,0.010584799,0.06641369,0.032439437,0.046893157,0.017893774
0.035774097,0.0068145795,0.040691327,0.06295823,0.054588977,0.02079184,0.011022609,0.02578562,0.04136313,0.08073807,0.0104912035,0.032162625,0.039617736,0.055197544,0.013832727,0.034773305,0.18805638,0.012976164,0.056136392,0.010564235,0.06736417,0.032417964,0.047839325,0.01804175
0.035179824,0.006667181,0.04045546,0.063824795,0.054610174,0.02032474,0.010773652,0.02549856,0.04122548,0.08077146,0.010167635,0.031301364,0.039443832,0.05437254,0.013534764,0.034142323,0.19237599,0.012641286,0.05621754,0.010346397,0.0683227,0.032098167,0.04790543,0.017798688
0.03649422,0.007265698,0.041249175,0.06327272,0.054814912,0.021769037,0.011437823,0.02640195,0.04098578,0.081689134,0.011068953,0.032798912,0.039267622,0.055851378,0.014376286,0.035619877,0.17952216,0.013575689,0.056326326,0.011107431,0.06646188,0.032875333,0.047319155,0.018448545
0.033919398,0.0057690083,0.039287448,0.063143685,0.05346382,0.019406404,0.009663219,0.024240755,0.039732043,0.08398353,0.009130534,0.030163407,0.038378768,0.0556248,0.012276915,0.032844692,0.20987917,0.011471342,0.0567264,0.009189393,0.06815694,0.030685741,0.04655749,0.016305082
0.035149496,0.0066234297,0.04065935,0.06397581,0.05418381,0.020549119,0.010619696,0.02532316,0.04097161,0.08162446,0.010112462,0.031874593,0.03932328,0.054983016,0.013506443,0.034149718,0.19150908,0.012751314,0.05675383,0.010217253,0.06760746,0.03219294,0.04779066,0.017548002
0.034661926,0.006017926,0.039500598,0.06345758,0.05423179,0.01931746,0.01002346,0.02465664,0.04044836,0.082086526,0.009483278,0.030506786,0.03887755,0.05460126,0.012597239,0.033206817,0.20461008,0.011748856,0.0563889,0.009580018,0.06859019,0.03119198,0.047369,0.016845796
0.034871213,0.006322366,0.040161166,0.063811876,0.054271415,0.020133754,0.010335719,0.02481569,0.04089639,0.08100993,0.009807894,0.031036735,0.039130256,0.05519995,0.013246502,0.033798397,0.19808687,0.012316823,0.056254458,0.010019341,0.06800278,0.0316268,0.04753716,0.01730651
0.03548129,0.0063644997,0.040082227,0.063459724,0.054178655,0.020899978,0.010348648,0.02533281,0.03920996,0.08491827,0.010035031,0.032131985,0.03827599,0.056863472,0.013063994,0.034330953,0.19416031,0.01252818,0.056943964,0.009938265,0.066538975,0.031452198,0.04621724,0.017243374
0.035779517,0.0068762694,0.040846523,0.06338356,0.05450235,0.020999731,0.011019872,0.025763465,0.041177124,0.081307404,0.010589255,0.03214259,0.039344206,0.0548735,0.01381531,0.03469633,0.18741103,0.0130143715,0.05656743,0.010625897,0.06701049,0.032414626,0.047704246,0.018134912
0.03515814,0.006384457,0.03990458,0.06350482,0.054316618,0.020338256,0.010363985,0.025173143,0.040467355,0.08200731,0.009930772,0.031288937,0.038922552,0.05528494,0.013145006,0.03418233,0.19669215,0.012314249,0.056962885,0.010020326,0.06765103,0.03158535,0.047120217,0.017280571
0.035684697,0.006739464,0.040504105,0.06338674,0.054467376,0.020822788,0.010795109,0.025482047,0.040583126,0.08236264,0.010385886,0.03192969,0.0390031,0.055404626,0.013591336,0.03480806,0.18966697,0.012895282,0.05619959,0.010367555,0.06748287,0.03223602,0.047531568,0.017669369
0.035141457,0.0064483467,0.040195577,0.06423071,0.05430023,0.020286877,0.010365075,0.025094494,0.040656213,0.081662215,0.009764698,0.03079673,0.03939635,0.05475713,0.013056314,0.03399339,0.19752172,0.012337024,0.056475546,0.009961816,0.06750696,0.031710014,0.047029912,0.017311204
0.034637783,0.005954451,0.03943479,0.06330979,0.053612992,0.019826118,0.00989508,0.02462945,0.0397317,0.0841229,0.009470005,0.030776996,0.038354263,0.05586861,0.0125381155,0.03336548,0.20469987,0.011769884,0.056779444,0.009485294,0.067715034,0.03114101,0.0463735,0.016507436
0.035584092,0.0067376285,0.040905263,0.06318847,0.054734223,0.020728854,0.010872141,0.0256795,0.041175943,0.081815794,0.010464508,0.032137405,0.0395528,0.05512291,0.013592162,0.03463486,0.18747355,0.012812194,0.056423403,0.010481725,0.06784957,0.032398418,0.04766074,0.01797385
0.03553154,0.0065864134,0.040355023,0.06406308,0.05424877,0.020221895,0.010804102,0.025287647,0.040964548,0.080877885,0.010170955,0.031461965,0.03957343,0.054619838,0.013512234,0.03414482,0.19299942,0.012619829,0.055918954,0.010327024,0.0678661,0.031942606,0.04814424,0.01775769
0.035304878,0.006515549,0.040312562,0.0636607,0.05457755,0.02070987,0.010540251,0.025342787,0.04042969,0.08235449,0.010166371,0.031410217,0.039071284,0.055591647,0.013416673,0.034302883,0.19278239,0.012681262,0.056687374,0.010175468,0.06764252,0.03189708,0.046980653,0.017445842
0.035613973,0.00671312,0.04048678,0.063711055,0.054391306,0.021141903,0.010748084,0.025383623,0.04067481,0.08310612,0.0103349555,0.031982698,0.0391827,0.056216422,0.013689865,0.034416568,0.18866721,0.012838896,0.05644175,0.010410935,0.06679935,0.032241795,0.04704848,0.0177576
0.035804663,0.006852612,0.04058035,0.06327789,0.05485903,0.020988852,0.010956266,0.025977071,0.040898167,0.08095352,0.010525627,0.03204769,0.039316546,0.05530188,0.013783001,0.03505161,0.18772216,0.013022262,0.05683617,0.010592854,0.06697238,0.032407485,0.047254648,0.018017264
0.03472973,0.006213016,0.039789468,0.06392468,0.05393396,0.020077985,0.010217732,0.024857659,0.040469058,0.08244039,0.009690536,0.030919725,0.039016765,0.055571306,0.0129358135,0.03342839,0.19924256,0.012057636,0.056746237,0.009749364,0.06839767,0.031548515,0.047105327,0.016936468
0.03524231,0.006482193,0.04007099,0.06348333,0.054286454,0.02017515,0.010529357,0.025187453,0.041235987,0.080158375,0.009935046,0.030884568,0.03952715,0.054872606,0.013385859,0.03389173,0.19688883,0.012425393,0.05582738,0.010100746,0.0683516,0.031962212,0.04752461,0.017570682
0.03535373,0.0066916053,0.040765036,0.06321776,0.054653537,0.021403104,0.010798089,0.025538996,0.040150084,0.083139814,0.010454134,0.032521382,0.038616687,0.056311943,0.013636533,0.03487108,0.18863036,0.012977128,0.056927122,0.010427057,0.06622686,0.032110106,0.04687606,0.017701799
0.03455845,0.0062178657,0.04003674,0.06348737,0.053966198,0.02004273,0.010193739,0.024935758,0.0405252,0.08265941,0.009655111,0.030937284,0.038767233,0.055705603,0.013048707,0.0336211,0.20007785,0.012114257,0.05642842,0.009835679,0.06754955,0.031362265,0.047210336,0.017063158
0.036069043,0.006939222,0.040821787,0.06344193,0.05484798,0.021134859,0.011154705,0.026171794,0.041073915,0.081112474,0.010697302,0.032196213,0.039463796,0.05512702,0.013914276,0.0351921,0.184656,0.013232597,0.05652621,0.010739227,0.06704885,0.032577816,0.04755472,0.018306162
0.035332717,0.0063204807,0.04007608,0.06350751,0.054077383,0.020825183,0.01024432,0.024969717,0.039793544,0.08383346,0.009883523,0.032068297,0.038359944,0.056407265,0.013061683,0.03396771,0.19604534,0.0124701895,0.057110358,0.009871855,0.06657849,0.03149364,0.0465625,0.017138792
0.036060993,0.007020845,0.040753234,0.06322992,0.05453278,0.021050638,0.01115457,0.025913872,0.04130228,0.08097961,0.010634466,0.032153204,0.039700396,0.05518943,0.014131153,0.034876823,0.18523584,0.013275013,0.056238964,0.01079782,0.06705397,0.032695636,0.047822043,0.018196495
0.036004573,0.00705022,0.040745683,0.06373467,0.05466059,0.021225497,0.011309776,0.026130311,0.041047156,0.0812395,0.010890517,0.032588568,0.03964637,0.055508815,0.014130559,0.035197027,0.1822879,0.013359367,0.05627611,0.010941543,0.06710936,0.03274235,0.04785919,0.018314356
0.03644369,0.0072317896,0.041146908,0.063067935,0.054715607,0.021657884,0.01134234,0.026163705,0.041170705,0.08159131,0.010891841,0.032506328,0.039375585,0.05600266,0.014125877,0.035281885,0.18147497,0.013405422,0.056548625,0.010977469,0.066490844,0.032650072,0.047233533,0.018503012
0.03532585,0.0065623345,0.040381014,0.063655555,0.054164957,0.020841267,0.010663634,0.025413373,0.040381573,0.08231439,0.01025512,0.03196831,0.038918633,0.05563895,0.013407885,0.03443165,0.19157796,0.012640418,0.056843176,0.010216933,0.06764357,0.032067355,0.04714916,0.01753695
0.036049258,0.00696623,0.04077025,0.06344574,0.054725833,0.021590102,0.011145437,0.025908248,0.040877964,0.08201111,0.010774514,0.0325586,0.039288096,0.055985574,0.014009928,0.03522296,0.18345146,0.013396123,0.05653672,0.010718281,0.06635333,0.03261008,0.047340132,0.018264018
0.036009148,0.0070193848,0.04082927,0.06369257,0.054430366,0.02079118,0.011146651,0.026106503,0.041173298,0.08096891,0.010575301,0.032140747,0.039764598,0.054794144,0.014040046,0.034667585,0.18553048,0.01319271,0.055881046,0.010791209,0.06762848,0.0326958,0.047930814,0.018199755
0.03587532,0.0067861895,0.04068238,0.06358127,0.05486775,0.021131411,0.010867126,0.025657076,0.040958773,0.081001356,0.010434513,0.031766064,0.039511755,0.055247277,0.013669155,0.03488833,0.1890198,0.012951515,0.056665897,0.010471088,0.066935025,0.032231238,0.046955913,0.017843762
0.035821836,0.0069249263,0.04075267,0.06372583,0.054300334,0.020953182,0.011118818,0.025827074,0.041291557,0.0814358,0.010659907,0.032174256,0.03948982,0.054951977,0.013905519,0.034643687,0.18505694,0.013078699,0.056350768,0.010713173,0.06794005,0.03252791,0.04813501,0.018220272
0.036496557,0.0072633233,0.040896874,0.063287176,0.054811846,0.021305472,0.011468762,0.026323963,0.041378535,0.08066106,0.010976034,0.032244578,0.039752986,0.054927126,0.014332598,0.0353499,0.18154795,0.013534691,0.05599287,0.01105736,0.06695943,0.03304954,0.047751836,0.018629529
0.0359311,0.0069110543,0.04056229,0.06379881,0.054741405,0.021212654,0.010962929,0.02587628,0.040618274,0.08211622,0.010552676,0.03263212,0.039331976,0.055869676,0.013763607,0.03490554,0.18496427,0.013124975,0.0565226,0.01067901,0.06694672,0.03252815,0.047475047,0.017972622
0.035486367,0.0067432374,0.040918075,0.06344753,0.054480053,0.020604547,0.010947234,0.025640288,0.04130106,0.080592684,0.0103336945,0.031642403,0.03943686,0.05492058,0.013692729,0.034537405,0.18994956,0.012839614,0.05596594,0.01051106,0.067917936,0.032256495,0.047856327,0.017978325
0.035756364,0.0068627754,0.040389113,0.06341829,0.054652814,0.021272805,0.010917928,0.025777224,0.0407542,0.082324065,0.010520449,0.032756355,0.038954265,0.056106098,0.013794822,0.03504052,0.18580231,0.01311431,0.056802332,0.010647311,0.06678558,0.032275796,0.0471871,0.01808717
0.0359996,0.007042444,0.040805284,0.063737966,0.054802757,0.021046886,0.0111740045,0.026135867,0.041270163,0.07986192,0.0106867645,0.031983916,0.039867178,0.055121195,0.014055483,0.03492384,0.18476535,0.013214955,0.056448963,0.010793564,0.0674994,0.032666314,0.047777303,0.018318892
0.036253408,0.0072197607,0.041013867,0.06373784,0.05482013,0.0212422,0.011465373,0.026394224,0.041221138,0.08091582,0.010902666,0.032642607,0.03990125,0.055100568,0.014250986,0.034895416,0.18024576,0.013481788,0.05621071,0.011003755,0.06737133,0.03306704,0.04819991,0.018442448
0.03531336,0.006478776,0.0401774,0.063726455,0.05423193,0.020203564,0.010582645,0.025313336,0.040749125,0.081602775,0.010053565,0.031004278,0.039225463,0.05482834,0.013344064,0.034138933,0.19522484,0.012418088,0.05595451,0.010187026,0.068013065,0.03206712,0.047704212,0.017457126
0.036539048,0.007388414,0.0414253,0.06365205,0.054612692,0.021916145,0.011622416,0.026619384,0.04096507,0.082179174,0.011223449,0.033245515,0.039557166,0.056141123,0.014468786,0.0357175,0.17573057,0.013837647,0.056400385,0.0112694595,0.06606877,0.03309635,0.047514368,0.018809224
0.035787206,0.0068984297,0.040750243,0.063710704,0.054785285,0.021180753,0.011072058,0.025816869,0.040561974,0.08218398,0.01064627,0.032058302,0.03908819,0.05596694,0.013843321,0.035193846,0.18577391,0.013129954,0.056119096,0.010661757,0.067143075,0.032153647,0.04742018,0.018054016
0.03654947,0.0074768057,0.04124203,0.062902614,0.054890495,0.02177111,0.011701443,0.026459703,0.041741244,0.08069727,0.011239115,0.033360403,0.039920166,0.055566717,0.014594522,0.035558395,0.17616542,0.013839523,0.056237277,0.0114883315,0.06663123,0.033259507,0.047814347,0.018892864
0.03569375,0.006848714,0.040748116,0.06339078,0.054913636,0.021132104,0.011007202,0.025974717,0.04069365,0.08181892,0.010577418,0.032285813,0.039371673,0.05564935,0.013903573,0.034742143,0.1863,0.013183503,0.056769095,0.010606646,0.06662703,0.03243653,0.047257684,0.018067965
0.03620628,0.0071725897,0.040907208,0.063526966,0.054671012,0.021395551,0.0113035925,0.026113618,0.04119287,0.080815256,0.010881241,0.03275119,0.039643034,0.05518545,0.014208212,0.035223205,0.181667,0.013501742,0.056122445,0.011004091,0.06715252,0.033042125,0.047873855,0.018438956
0.034821965,0.0063239434,0.0402154,0.06373605,0.05432366,0.020077178,0.010350393,0.024976661,0.04104352,0.08137868,0.009800481,0.030712552,0.03918223,0.054862164,0.01313141,0.03366137,0.19819073,0.012164007,0.056285374,0.0098969005,0.06850686,0.031653848,0.04749418,0.017210435
0.035371814,0.006720227,0.040768974,0.06340073,0.05425093,0.020666646,0.010878898,0.025837796,0.040770628,0.082423404,0.010431366,0.031902198,0.03934708,0.055291757,0.01364473,0.034331378,0.18922223,0.012838258,0.056519143,0.010447352,0.06692193,0.032582358,0.047605515,0.017824663
0.035299007,0.006434713,0.040433347,0.06363503,0.05446373,0.020869296,0.010440169,0.02520303,0.04004831,0.08332745,0.010020299,0.03173388,0.03847414,0.05611812,0.013284424,0.03433422,0.19392441,0.0125571415,0.056833144,0.010029636,0.06677541,0.031705707,0.046787106,0.017268281
0.03630251,0.0071175564,0.040797494,0.06356934,0.054532804,0.02133837,0.011326395,0.026193535,0.040972125,0.081401974,0.010872382,0.032658353,0.039702296,0.055290718,0.014148818,0.035107,0.18198396,0.013452335,0.056402892,0.010930427,0.06704513,0.032718234,0.047640458,0.018494884
0.035647567,0.006883006,0.040796254,0.06359897,0.055014994,0.021170527,0.010960912,0.025671313,0.041479964,0.08052775,0.010525156,0.032298326,0.039377775,0.05548916,0.013922033,0.034800466,0.18592253,0.013169397,0.05676904,0.010652592,0.06696913,0.032586697,0.047687523,0.018078918
0.03608929,0.006975146,0.040923487,0.06333179,0.05452161,0.021230614,0.011079516,0.025887292,0.041255627,0.0812518,0.0106245885,0.03230549,0.03977085,0.05520739,0.013877736,0.03488,0.18491942,0.013181128,0.05637933,0.010765648,0.067360654,0.032667533,0.047359146,0.018154915
0.036217175,0.007074814,0.040907174,0.063520394,0.054720644,0.02144077,0.011278039,0.026017405,0.04100557,0.08118497,0.0108085545,0.032242436,0.03936118,0.055592563,0.0141215855,0.0351796,0.18334699,0.01339058,0.056626342,0.010875603,0.066678524,0.03253903,0.047532532,0.018337531
0.036110774,0.0070008133,0.040486176,0.06358661,0.05456296,0.021249609,0.011110255,0.02606936,0.040546242,0.081901245,0.010711679,0.032564517,0.039384183,0.05570645,0.013856532,0.03499652,0.18445256,0.013190765,0.0562433,0.010749041,0.06741464,0.032488998,0.047494385,0.018122384
0.034469295,0.0061111692,0.0401966,0.063777395,0.05405983,0.019257717,0.010054926,0.024584875,0.04149993,0.08024284,0.009417922,0.029695714,0.03935029,0.053850718,0.012889356,0.033016488,0.20500131,0.01176917,0.05613957,0.009665142,0.06863746,0.031370763,0.047969095,0.01697242
0.03628052,0.006962428,0.040836312,0.0636537,0.05461469,0.021203995,0.01115965,0.025880462,0.04097964,0.08187262,0.010666843,0.032207415,0.03982328,0.054995257,0.013870238,0.035007592,0.1851471,0.013237183,0.05635352,0.010633192,0.06655211,0.032507997,0.047313776,0.018240478
0.03529237,0.006504033,0.04024792,0.06354356,0.05437985,0.021006731,0.010592533,0.025450874,0.0402655,0.08281231,0.010167996,0.03191856,0.038653985,0.05608624,0.013393484,0.034426507,0.19255769,0.012651394,0.056581415,0.010201731,0.067022935,0.031838816,0.046907485,0.017496081
0.036553595,0.00736712,0.04093463,0.06373507,0.05501764,0.021541687,0.011558571,0.026460307,0.041426636,0.08014739,0.011059155,0.032616124,0.039873805,0.05519114,0.014382567,0.03540008,0.17878686,0.013635712,0.056352194,0.01124747,0.06723718,0.033259813,0.04754742,0.018667841
0.035383098,0.0068445774,0.04081776,0.06382385,0.054557607,0.020703278,0.011089715,0.025821077,0.041354325,0.08080986,0.010502762,0.03184761,0.039795246,0.055059634,0.013979015,0.034471516,0.18732832,0.012966887,0.0560983,0.010645847,0.06757573,0.03247703,0.047982045,0.018064914
0.035627108,0.006657213,0.040161014,0.06293588,0.05447982,0.02108143,0.010656916,0.025527583,0.040063355,0.08327773,0.01030321,0.031821724,0.03868746,0.05684305,0.013537843,0.03473459,0.19093949,0.012796728,0.056854486,0.0102939205,0.06666411,0.03208138,0.04642598,0.017547987
0.035192627,0.0065037827,0.040316,0.063315816,0.054409795,0.020808274,0.010550261,0.025308179,0.040138558,0.08293698,0.010147393,0.031742323,0.038577724,0.05634854,0.013376298,0.03450339,0.19323054,0.012554298,0.056708578,0.010121549,0.067137755,0.03173395,0.04690762,0.01742978
0.035762362,0.006878155,0.040879488,0.063719586,0.05430031,0.020916153,0.010973543,0.025810786,0.041056618,0.08162235,0.010468145,0.031852007,0.03968784,0.055417337,0.013777054,0.034462508,0.18702607,0.012970591,0.05651157,0.010635091,0.067257375,0.032411277,0.04757542,0.018028371
0.03527566,0.0064618983,0.040160216,0.063358136,0.05427095,0.020348212,0.010555471,0.02532879,0.040828265,0.08173801,0.010063072,0.031052344,0.038983114,0.05494598,0.013291246,0.034153804,0.19596991,0.012407013,0.05618017,0.010093426,0.06786414,0.03184106,0.0473296,0.01749951
0.035880487,0.006830372,0.040482756,0.063485816,0.054801375,0.021170508,0.010974859,0.025761945,0.040777735,0.081639305,0.01048562,0.032424655,0.03943793,0.05578142,0.013797549,0.0347726,0.18681514,0.013049195,0.056472246,0.010558617,0.06687328,0.032275897,0.047342718,0.01810798
0.03620701,0.0071219434,0.041291002,0.063660964,0.054658715,0.02147139,0.011308747,0.026239326,0.04080454,0.0818349,0.010888451,0.03253656,0.039321154,0.05533972,0.014184518,0.035373975,0.18171987,0.013503305,0.05632811,0.010947542,0.06654277,0.03285733,0.047420394,0.018437766
0.035772163,0.006723306,0.040338505,0.06332149,0.054398544,0.020629968,0.01090535,0.025811538,0.04093896,0.08139464,0.010426694,0.03186427,0.039653238,0.054883923,0.013697939,0.0344293,0.18944432,0.012866487,0.056691058,0.010406369,0.06729833,0.03226577,0.04787427,0.017963551
0.036268476,0.00709912,0.04096757,0.06344026,0.054696247,0.021455118,0.011327181,0.025984462,0.04126689,0.08116226,0.010830838,0.032339383,0.039498452,0.055212293,0.014146916,0.035331182,0.18331407,0.0133828055,0.05606517,0.0109763965,0.06662284,0.03251348,0.047605332,0.018493261
0.03584582,0.006846498,0.040775396,0.06329323,0.05448965,0.020854402,0.010987209,0.025871128,0.041018028,0.0815186,0.010547114,0.03228482,0.039389133,0.055093497,0.0137346,0.0348286,0.18732528,0.013025451,0.056192864,0.010615439,0.06761326,0.032402873,0.047436655,0.018010445
0.03619173,0.007166709,0.04118451,0.06370651,0.054797303,0.02158707,0.01138878,0.026126083,0.04146692,0.081056714,0.010901854,0.032382112,0.03975148,0.055288885,0.014311767,0.035451856,0.18075798,0.013515024,0.056462657,0.010970299,0.06648747,0.032852046,0.047648203,0.018546034
0.035877615,0.0067711384,0.04062156,0.06339586,0.054580625,0.020771516,0.010839247,0.025719784,0.04092386,0.0807275,0.01045959,0.032298923,0.03959839,0.05455807,0.013648393,0.034622993,0.18902045,0.012999532,0.05647938,0.010451063,0.06751388,0.03233613,0.047884285,0.017900206
0.03635592,0.007217628,0.041172702,0.0634705,0.05510258,0.021517202,0.011391975,0.026067585,0.04134642,0.080926366,0.010925739,0.032200385,0.03980948,0.055241708,0.014194007,0.035505723,0.18078096,0.013435461,0.056425076,0.011063832,0.06693268,0.032860115,0.047665272,0.01839068
0.036053218,0.0070016813,0.04066395,0.064007774,0.054554705,0.021106478,0.011219596,0.026119608,0.04101679,0.0812909,0.010692111,0.032547876,0.039640617,0.055224184,0.013986675,0.03494644,0.18359141,0.013280629,0.05648775,0.010790571,0.06703279,0.032632552,0.047773886,0.018337803
0.035949245,0.0068956497,0.040859785,0.063374326,0.05513352,0.021282367,0.011077737,0.025998259,0.040714618,0.08163194,0.010648776,0.032084085,0.039264183,0.055851217,0.013913871,0.0350486,0.18572459,0.013183895,0.056659736,0.010672825,0.06637663,0.032590352,0.046893515,0.018170286
0.0363423,0.0071815806,0.041044347,0.06321715,0.05469948,0.021636022,0.011399576,0.026425537,0.04107875,0.0814011,0.010954351,0.033183895,0.039529245,0.055807915,0.014195861,0.035262067,0.18037806,0.013555883,0.0568344,0.010966749,0.06603755,0.032885056,0.04742342,0.0185597
0.03591297,0.0068417336,0.040644944,0.063278235,0.05459695,0.02088454,0.01097393,0.025764493,0.041023366,0.08131541,0.010490851,0.031752978,0.039212365,0.055397794,0.013744354,0.035065703,0.18851346,0.012929047,0.05635691,0.010610125,0.06722217,0.032238483,0.047224276,0.018004913
0.03625589,0.007123752,0.040866315,0.0638834,0.054688763,0.021526894,0.011315292,0.026230773,0.040876694,0.08167809,0.010829452,0.032915935,0.039570324,0.05548328,0.014119349,0.03492989,0.1808016,0.013485654,0.056681547,0.0108666085,0.06711097,0.03274796,0.047602307,0.018409248
0.0361697,0.00697646,0.04075362,0.06358548,0.055192314,0.021005297,0.011215582,0.025932537,0.04165243,0.080140084,0.010685867,0.031715535,0.03962684,0.054720573,0.014068419,0.035144243,0.1850866,0.013157647,0.05595022,0.010813993,0.06745809,0.032625936,0.04792519,0.01839734
0.036054954,0.0070851226,0.040957306,0.063328445,0.054572664,0.021518158,0.011360926,0.026310816,0.04062488,0.08251632,0.010867306,0.03308012,0.039303396,0.056119468,0.014147567,0.03515773,0.18078136,0.013503503,0.056771763,0.010877983,0.06637983,0.032680213,0.047565486,0.018434675
0.03679983,0.0074345334,0.041313272,0.0632314,0.05514591,0.021835983,0.011695055,0.026563216,0.04116919,0.08076767,0.011247391,0.032650933,0.0399283,0.055397145,0.014513786,0.035716496,0.1776453,0.0137501005,0.05612928,0.011309649,0.066271566,0.033134036,0.047529913,0.018820046
0.03695557,0.0074648843,0.0413065,0.06362719,0.054979052,0.021883544,0.0117437625,0.02672916,0.041177798,0.08074678,0.0113219535,0.033328213,0.039922554,0.055138685,0.01455697,0.03569918,0.17512429,0.014007988,0.056737386,0.011377902,0.066101655,0.033317264,0.04761327,0.01913844
0.036328275,0.0071746176,0.040930863,0.06349243,0.054867987,0.021291075,0.011454279,0.026213208,0.04166155,0.08052597,0.010945376,0.032275304,0.03994189,0.05489135,0.0142834885,0.03529111,0.18173255,0.013506066,0.055731203,0.011036634,0.06694296,0.03290492,0.04796106,0.01861583
0.036397252,0.0072901226,0.041190926,0.06362239,0.054789245,0.021462142,0.01160368,0.026515815,0.041363608,0.08069538,0.011109551,0.033287622,0.039797068,0.055024184,0.014502495,0.035196155,0.17805512,0.013721886,0.056327555,0.011255957,0.06670555,0.033075187,0.048145454,0.01886564
0.036716573,0.007519673,0.041594,0.06312885,0.055457074,0.021548307,0.011892069,0.026771344,0.042215668,0.079048686,0.01132245,0.03231237,0.04049636,0.054361723,0.014693995,0.0359731,0.17631476,0.013893902,0.05581242,0.011523142,0.0666781,0.033576153,0.04802929,0.01912001
0.03651288,0.007374485,0.041398853,0.06363132,0.054819223,0.022106906,0.011659,0.026430335,0.04085784,0.081431985,0.011294534,0.03368118,0.039481703,0.056069676,0.014545715,0.035647593,0.175368,0.013915504,0.05658462,0.011252427,0.06624871,0.03312547,0.047726266,0.018835789
0.036834225,0.007493234,0.041399952,0.06339998,0.05487717,0.02197431,0.011693395,0.026670465,0.04146034,0.080510624,0.01130643,0.032867614,0.04007961,0.05556328,0.014653224,0.03563809,0.17580046,0.0139566995,0.055873282,0.0113628805,0.06667521,0.033322714,0.047656726,0.018930092
0.036381245,0.007236963,0.041199554,0.063136056,0.054830696,0.02151993,0.011512394,0.026284313,0.04110578,0.08155031,0.011037794,0.033106685,0.039776847,0.055556335,0.014203274,0.035182305,0.17921542,0.013630528,0.05657771,0.010990157,0.066742785,0.033036217,0.047736716,0.018449998
0.03675029,0.0075406437,0.041592136,0.06329229,0.055368915,0.021825008,0.011744912,0.02674142,0.041738637,0.0803576,0.011354029,0.032650646,0.039938558,0.055003084,0.014645832,0.03601676,0.17574477,0.013933303,0.055723447,0.011444396,0.06658152,0.033278976,0.04763617,0.019096665
0.03664998,0.0073645967,0.041231394,0.0637863,0.0548545,0.022088077,0.01162127,0.02664346,0.040511314,0.08205399,0.011252278,0.03356358,0.03937964,0.05604382,0.014446545,0.035802733,0.1754,0.013937436,0.05728926,0.0111184465,0.06595212,0.032942668,0.047295123,0.018771468
0.036472466,0.0072449376,0.041225597,0.06306162,0.05563817,0.02164961,0.011473433,0.026274495,0.041584935,0.08087524,0.010977333,0.032362547,0.03965761,0.055144727,0.01426219,0.035615936,0.1802255,0.013614685,0.056223426,0.011089167,0.06617512,0.033056978,0.047393475,0.018700799
0.036270343,0.007069446,0.04079404,0.06375035,0.05451833,0.020997154,0.011224985,0.02609025,0.041121922,0.08103596,0.01072315,0.032536667,0.039603062,0.05508105,0.014071618,0.034841258,0.18375719,0.0133045325,0.056393586,0.010808931,0.06726834,0.032717586,0.04772814,0.018292109
0.035731673,0.006756491,0.040757198,0.06350857,0.054963768,0.02080292,0.010941305,0.025662366,0.041329484,0.080953896,0.010469278,0.031540617,0.039557517,0.054857034,0.013760363,0.034725815,0.18916903,0.012982155,0.056071818,0.010515132,0.066917636,0.03237123,0.04760108,0.018053608
0.036569886,0.007171058,0.040909924,0.06359015,0.054945774,0.021265272,0.011341408,0.026209703,0.04127869,0.08021992,0.010927046,0.032698713,0.03986879,0.055076107,0.014190807,0.035260227,0.18107854,0.013509954,0.056167886,0.011004278,0.06703973,0.032850794,0.048196793,0.01862856
0.036703106,0.0073284125,0.04106571,0.063129514,0.054802448,0.021730877,0.011517145,0.026480973,0.04118092,0.081250615,0.01111874,0.032619067,0.039573878,0.055648133,0.0143785905,0.035725284,0.179328,0.013621265,0.056554925,0.011099164,0.066329114,0.032931827,0.04728707,0.018595232
0.03558771,0.006778289,0.040362213,0.0635415,0.05436011,0.020893365,0.010935589,0.025829975,0.040451843,0.08193082,0.01044095,0.03218841,0.039229676,0.055606205,0.013664216,0.034666833,0.18846644,0.012938761,0.056557477,0.010494115,0.067274325,0.032190334,0.047608517,0.01800232
