Stock_1,Stock_2,Stock_3,Stock_4,Stock_5,Stock_6,Stock_7,Stock_8,Stock_9,Stock_10,Stock_11,Stock_12,Stock_13,Stock_14,Stock_15,Stock_16,Stock_17,Stock_18,Stock_19,Stock_20,Stock_21,Stock_22,Stock_23,Stock_24
0.04159783437579279,0.045546375673556655,0.04366497415545811,0.03903039728674878,0.04149160986436233,0.0409377005240015,0.04170090683925282,0.04127277757324104,0.044763920588124846,0.042990218165907604,0.04386517621014507,0.04040522708914758,0.0411460944396226,0.04120774988343979,0.04364277621637593,0.03905125424466928,0.04199171666534721,0.03838484351242196,0.04488423777242781,0.04160616726242105,0.040710629363381365,0.04160781998459079,0.03972136628285361,0.03877822602670949
0.04152818918632221,0.04588580921500413,0.04366701547116643,0.039043404286028496,0.042069480819901355,0.04113950039454779,0.041253805835069865,0.04125217867626682,0.04550584298057092,0.04318212707864206,0.04382169417314112,0.04059967813467564,0.041053717075529475,0.04096169384904067,0.04311116323169211,0.03895046639906101,0.04154987477546102,0.03782896938258857,0.04483765268349094,0.042013999635501634,0.04068283334568783,0.04174661306710241,0.03985382058945559,0.03846046971405191
0.040652194336033676,0.04570453821748492,0.04258341144752536,0.03966532474916807,0.041854948198506145,0.041514890125828444,0.04183480110478708,0.04162041688220266,0.04504867457412051,0.04347468966209791,0.042879958113782604,0.04088471242328074,0.040915354953771896,0.04085828879191518,0.043771043887342403,0.03915528945119341,0.04222543168873754,0.038573333025493504,0.043952994397701645,0.042086360983526146,0.04001657894127965,0.042220220978238555,0.039338229305733566,0.03916831376024839
0.0410751012453407,0.04550143517229973,0.04319088958816611,0.03944064570962698,0.04181475516771888,0.041292274934781555,0.041643811545520396,0.04151721699359509,0.044871394990625146,0.0432944135394695,0.043170489904500425,0.04089991427171175,0.040786884127064146,0.04105255643521018,0.04375853596486323,0.03913379635365578,0.04186961511081981,0.038535269042464744,0.04402975499241836,0.04213357674849388,0.04024827224689119,0.04207736900441504,0.039506418891049055,0.03915560801929832
0.04096805269680243,0.045823950855126416,0.04307779699224109,0.03953155477007653,0.04261200346271817,0.042012614610802995,0.04069207585451184,0.041671872972996585,0.04636008300850212,0.043634581491526984,0.042533950248479085,0.04135710493384617,0.04057487097145273,0.04054710482175656,0.043710447352102826,0.03907749987506704,0.04075791961371805,0.03802589772298666,0.043485777685480606,0.04267347496678809,0.03993183558607097,0.04198004952487478,0.039742156221490146,0.0392173237605811
0.04047173762973689,0.04567392278324193,0.042531411637775324,0.03987898849222811,0.04288796131827728,0.042823321829805326,0.03998861835346327,0.04222538337304228,0.047115791980138,0.0440991523376365,0.04102816397334977,0.04191079248745132,0.040399206763490215,0.04017775756812663,0.04444614839840131,0.03930557359639996,0.03992480388376268,0.03815866325557367,0.04248954559645401,0.04301893915044273,0.03947130717497248,0.041934058993157636,0.03992797459199941,0.040110774831073254
0.04016975434321379,0.04585501344951461,0.04174224414178436,0.040319745131370786,0.043997945021585806,0.04418704289699074,0.03921813638881089,0.04236080955826066,0.04795955086378856,0.044472485220262946,0.04128657383042183,0.041805860672663994,0.04074163892834591,0.03945330199452811,0.043791763037268644,0.0390225255314125,0.039437684948799324,0.03790241670850959,0.041958464439028294,0.043531671955076665,0.03961125336433717,0.041639423206032686,0.04021568096297112,0.039319013405020996
0.04006231480064984,0.04592682913153372,0.04173499260914539,0.040485271747403045,0.04460811939994886,0.04422971407979551,0.03906650864836825,0.04245851432058074,0.0483615636518898,0.04445174527447323,0.0412614698327454,0.041974581787416206,0.040504744001909544,0.03914431285692339,0.04327331525392496,0.0389591325888926,0.039098949482531134,0.03731262213684498,0.04190170379755342,0.04435379275877256,0.03932128599130391,0.04197798385876104,0.04033183202961872,0.03919869995901376
0.039874681420768485,0.04578549364827905,0.04177507814638497,0.04016042574610812,0.04384742048642131,0.043808668828814665,0.039457791641623274,0.04266904582977432,0.04796015919897435,0.044509499571054635,0.0404443303021589,0.042143080546880984,0.040366627961771887,0.039512916760473464,0.044308746276305745,0.03934434243832565,0.039326087946476754,0.03789078392622795,0.041696681645026164,0.04380596014474295,0.03903047488508372,0.04207181982614122,0.04003353263503879,0.04017635018714264
0.03960680919261747,0.04604808322331371,0.040906369042283126,0.04073665790692727,0.045139049144275974,0.04503671633930246,0.03890490360109692,0.042556453466363366,0.048586269686414885,0.044791294702295426,0.04075473997663203,0.042099137262454824,0.04073223537235137,0.03878121537342018,0.043413965501457756,0.038958440946627655,0.03901823951725819,0.03751958819312848,0.04115499387172916,0.04450961699135268,0.03892293244554968,0.04235490395298842,0.04015097449182459,0.03931640979833438
0.03912331766775428,0.045781666297652186,0.04042128101921202,0.04118539033644808,0.04523920704822208,0.04553027332331099,0.03868540514514242,0.0429327148881428,0.048736791338622305,0.04517835019385052,0.03978218508230112,0.042822597099136335,0.04038931982578294,0.03870212798692753,0.04385208497750674,0.03894586678527268,0.039034492053601516,0.038025794278622446,0.04023075696826793,0.04476572952115557,0.03858424015927985,0.04242147096636354,0.03995194075409984,0.03967699628332427
0.039340821212012225,0.0455936002106766,0.040471035320638685,0.041072426785920026,0.04400214334177218,0.04475361993722374,0.040071990924325285,0.04244915933575912,0.04686740358772004,0.04469073882502687,0.04115008452057358,0.04250646629631639,0.04035578254224962,0.03937889417951036,0.043899448254084754,0.039036032647557437,0.040533177601712725,0.038959516077806476,0.04061524881601093,0.04381763063198712,0.038746430354498734,0.0425836119697957,0.03934064564818106,0.039764090978640344
0.04009364219851026,0.04625940250513475,0.041619600109753185,0.04022994636393691,0.044170787197987775,0.04292100398496944,0.04083665902997985,0.04180120862943573,0.04670446755345121,0.04415118806599124,0.043297718954851475,0.041227685912787776,0.040818054765372015,0.03957048617115997,0.04202933392161692,0.03854557476507869,0.041694770040803006,0.037504447265000775,0.04320555072448712,0.043615910300605173,0.03970669989409673,0.04282239233829891,0.03941261513848395,0.037760854168207146
0.040704759367523984,0.04689788842167825,0.04239128534115917,0.03965709191082052,0.04366359645923758,0.04278943152750859,0.04072123372480563,0.04103983083393839,0.04718758880918245,0.04395521286752636,0.042931872031855604,0.0420758359804582,0.04031557008956163,0.04025899371052736,0.04281831358571278,0.038802908338702084,0.04020393010810744,0.037645287194347184,0.04278495429526709,0.04300119581447703,0.039425131200684076,0.04290615727331571,0.03932277561076126,0.03849915550284163
0.0408438782860263,0.04625871528758637,0.04242791696190945,0.04039906514603591,0.04404738379496064,0.043755942874316625,0.03970480417338904,0.04131399864817133,0.047444378916709044,0.04394387378826715,0.04294635599642539,0.042033190727144634,0.04037651285020731,0.040226591615700205,0.042842875297458775,0.03849551607409634,0.03963489303324461,0.038076965099694535,0.04206595676578839,0.0433408770771021,0.039688113422935,0.042097228110361644,0.039788541233685706,0.03824642481878349
0.03985339685752849,0.04638943129251926,0.0403727367184818,0.04170540772863035,0.04525045046629793,0.04407794498025901,0.04044157921759559,0.041873898380835675,0.04736029179707977,0.04399090755676165,0.04420248811692729,0.04140143944315345,0.04127179938872802,0.038647581113566164,0.0408210705702982,0.037843651974707834,0.04147355644392385,0.03711212002091344,0.04310268436409744,0.04444862149144853,0.03950584651428872,0.042185156330714776,0.040080248679884294,0.03658769055135847
0.039304746068801175,0.04627505632643753,0.040626066196762796,0.04109812490292246,0.04466699569204113,0.04391212262992976,0.04043619103205415,0.04216110822602105,0.047163301597266886,0.04443095903222963,0.04252088195105733,0.04212985002794423,0.04046556409336056,0.039141630591038916,0.042684104594217384,0.038487010758570535,0.040964226609524354,0.03841800111354104,0.04168103647079853,0.04408114194687997,0.038872964503174186,0.04281394521596238,0.03963458898534703,0.03803038143411702
0.041216537669205265,0.04610584472601604,0.042360109434906576,0.040169799129347185,0.04490323821833237,0.04399498807667799,0.0401286235959118,0.041362847118452555,0.04667781414416966,0.043766905084979914,0.04514140831028128,0.04080475052206556,0.04097409732254075,0.03983703738938856,0.04118307551276906,0.037793200491280446,0.040500534639561096,0.03748094820964359,0.042993374749975055,0.04385251084455656,0.040418741520011334,0.041829932228806294,0.04016595957080921,0.03633772149031185
0.039751265384218366,0.045786418043498534,0.04074322237966391,0.041249258881656606,0.045384744580251574,0.045750805366064164,0.03951316273781375,0.042198338680267594,0.04767606833084747,0.04446960963433983,0.04150836493605927,0.042950989569769345,0.04017661417876351,0.03944891744827231,0.0434546094277581,0.03823659363942896,0.038800911620357814,0.039197117244203494,0.03886591788532505,0.044347605580611585,0.03898885066944516,0.04282953011187297,0.03963341630493955,0.03903766736457109
0.04013398414915664,0.04447012634996466,0.0424758670945804,0.0405776879031977,0.042605744757100356,0.042379948765026515,0.0410594311092255,0.04246689818430072,0.045311777712488795,0.043937387782483274,0.040247124746865065,0.04310608252356592,0.03948592646996721,0.04111737615088487,0.04470116645897799,0.03921751835197715,0.040941774199592086,0.03961179997964646,0.04041998211359139,0.04369844228970977,0.03912241359570546,0.04310169118825958,0.03890259442662947,0.04090725369710305
0.038147240958156824,0.04378535235621317,0.04073811855849564,0.04109678687467424,0.0407425936788678,0.04097990827606781,0.04354510697455775,0.043483234858276654,0.04322717113493086,0.04441031500443842,0.037544700784607754,0.043681600612899066,0.03912572578083172,0.04137146157271,0.04701980851344778,0.040199774406073634,0.044102967487103344,0.041479293717951095,0.039484470573709074,0.04297749198243577,0.03756745876996235,0.04455912385826919,0.037373096940568167,0.043357196324751886
0.03876959846216511,0.046018328281131206,0.04007228125487326,0.04141123318149906,0.04356936472599725,0.041722039782979316,0.04311287644730117,0.04227243815774427,0.04479762494833481,0.0442337855434745,0.042814138237776946,0.041216579317764505,0.04103133958693166,0.03986025294099898,0.04130332119243919,0.038196755731874886,0.04493996112757667,0.037666809173400706,0.043620418009049776,0.044465677751569135,0.038777076634106886,0.04396856627173932,0.03847797189576052,0.037681561343510854
0.03985395885854651,0.04682970397728363,0.04134861825854267,0.04067285515055443,0.04371875175644068,0.04210693415536047,0.04230125912720518,0.0412187162660771,0.04555421218823248,0.043728499759892646,0.04477150658984849,0.0408106023165052,0.040849006003842094,0.04004815090307141,0.041078369632539136,0.03804041666481943,0.04328347386290604,0.037703893923427705,0.04400614554508131,0.0434172529021991,0.03959028521163899,0.04325655854226367,0.039176081221526646,0.036634747182194984
0.044352817075807106,0.04727270901174279,0.046241511217877,0.03728547306974268,0.04268701058787921,0.04060904134162269,0.03990636359404257,0.039343907998001505,0.04678243119072884,0.04162718253158172,0.048443465145684594,0.038635413880092874,0.04225525181903774,0.04106240236156974,0.0417230625709302,0.03802354257941514,0.03900728649062609,0.036532488777607106,0.048131123344572355,0.04051204096619905,0.042859325185800275,0.039707336137060734,0.04184853527594674,0.035150277846431266
0.0440790792779209,0.045280353147783094,0.04542085099118447,0.03801791280246392,0.04270310541453541,0.04292915808689996,0.03935126255770874,0.04037844965941129,0.04545019184668959,0.04253269799855778,0.04634973905616442,0.039592512339287386,0.04178502297390717,0.041816638697696855,0.04296059577751955,0.03817308354630077,0.03885852608727088,0.038393730933806554,0.04460111704093719,0.041099177385621424,0.04265204451227849,0.03989006263822622,0.04077192769215436,0.03691275953567357
0.046247944105760004,0.04614593096209702,0.048503714899570366,0.036192110130673256,0.04227822034287555,0.03980809177913819,0.039595843032709216,0.03907360757809653,0.04562524808662011,0.0407198780333577,0.05062901439519081,0.037403104467684335,0.04264855393897152,0.042084145466778196,0.040572574293209464,0.037871019525558144,0.038781966144981035,0.03584334869012128,0.05000216491634691,0.04084119780908975,0.04441113617070441,0.03792844011231531,0.042939688610257105,0.033853056507893796
0.04260632034625213,0.044962962467409405,0.04443998524311395,0.03861146794173705,0.040411903797746125,0.03958774980920152,0.04352323309443438,0.04049449711073715,0.04182480050693634,0.04160380053503624,0.04755941477721896,0.038729114605556655,0.04174520337841731,0.04206812380970989,0.042937722438780336,0.03866451094623375,0.04408216955112825,0.03940278184134948,0.046878779028629865,0.040705645306894335,0.041624327158973365,0.040768866304873794,0.03992476284685484,0.03684185715277488
0.042435161966241405,0.04561783941796083,0.045314005073011525,0.03799587259587318,0.04089516140247947,0.03820099635592346,0.043046836202104526,0.04096188732966447,0.04357188615263106,0.04189676185444438,0.04612853408885062,0.03902746986007036,0.04177987952561697,0.04200352333794038,0.04225215578608205,0.03856047793477832,0.04339400508097286,0.03745040680051145,0.04806862649654723,0.04133353482141771,0.04185628842478571,0.04108917661424933,0.04037901570599452,0.0367404971718482
0.04323985704627277,0.044537143024291195,0.045285188600225776,0.03813990669937766,0.0405323772840314,0.04133596391258359,0.040443422177754935,0.041459843312232306,0.044669775852805044,0.04253186263010591,0.0442019343905369,0.03965034264457719,0.041697594289481596,0.0419177663745406,0.04440517589354575,0.03908829998018605,0.04081138910318727,0.0386417981057103,0.045292729863005164,0.040544123868907454,0.042272126238871,0.03945912096060307,0.04065126395041708,0.03919099379674999
0.043432023834979,0.046042661321032574,0.045743667859238335,0.03791611269649587,0.041893389707184904,0.040725661706440784,0.03989614529637716,0.0404904443276417,0.046113301873396934,0.042266546115485464,0.04641062553263861,0.03895350223349924,0.04184894232977235,0.041332901707487726,0.04223140615821798,0.03872530000151863,0.04006252284183676,0.03680820858335621,0.04765165440726945,0.04135537981877228,0.04235238285912703,0.03942522145459939,0.041622723605853444,0.036699273727778176
0.04143423868297142,0.04485172724894029,0.043990712865227155,0.03857651128226095,0.03978912806137213,0.0389969635386086,0.04290600162040165,0.041894667316652395,0.04355844252093509,0.04257318797335149,0.04294221329478821,0.040242054605605725,0.04123190824940136,0.04150677626415584,0.04499129442243316,0.0397436263119698,0.04343346232970437,0.03882175088615917,0.046002718125460834,0.040915608635725936,0.04057619434195245,0.04132202768867498,0.03964969498679689,0.04004908874645012
0.040630999354658824,0.04508388844413844,0.042992064375599125,0.039117867910455226,0.04133129173573299,0.041751002815754897,0.04102841136005318,0.042181404254839724,0.04529616913469683,0.04415553589041601,0.04072239675427502,0.04100963798652607,0.040655273018869155,0.04099436323119988,0.045415821384752,0.03982773286546689,0.04144767434119222,0.03865976558933059,0.0432564870339683,0.04217083699986551,0.039637593676302506,0.04228866238524434,0.039107810306408246,0.04123730915025404
0.04451266161765588,0.044587072009160914,0.04736518510229377,0.036085623459341354,0.03762680207739397,0.04005686826059415,0.040759599697623,0.04088815222128534,0.04337660791082326,0.04185451369355188,0.04410455328273343,0.038770016501686926,0.04181234780503236,0.043500925574666345,0.047451208820962716,0.04011913972176621,0.039590988628775664,0.03981814680982528,0.04654934386328391,0.03792242382552157,0.0428871412110753,0.03825570378927598,0.041087025443223006,0.041017948672447783
0.04380155957846947,0.04554129771402195,0.04593791505892706,0.037720992138069856,0.04187249295441524,0.03990742368574896,0.04096450402342274,0.04027365534466023,0.04515224080038111,0.041706649955283996,0.04692121789860369,0.0390563936440055,0.04206752031034404,0.041159613288160375,0.042363930914933554,0.03835412240953774,0.04103543456979148,0.037302847668951006,0.04767371164331484,0.040836304327165424,0.042503141140766816,0.04012394341669987,0.041131880951155865,0.03659120656316918
0.04241259246695607,0.044779434422332606,0.04632343628278726,0.037109229701644555,0.03880536264562396,0.037706642862446654,0.04250289786105676,0.04138393515053577,0.043123732487670915,0.04291081279080277,0.04230555424916932,0.040367610563372756,0.04046880774929174,0.0430214109716741,0.04520634579374843,0.040186850196890514,0.043198247401255,0.038544842153841984,0.046041187052738346,0.03993436704473367,0.041608738841818614,0.042189546320473385,0.038918675672292985,0.040949739316841836
0.042769795120499596,0.04518630648877682,0.044567624735344966,0.038192775684812406,0.040027389055979086,0.03974237077630405,0.04311020107008938,0.04054327251858515,0.04244663304657938,0.04209441082654024,0.0466674028436521,0.03843051131762459,0.04191396741859525,0.04194008416160584,0.04272242966689969,0.03901700132469952,0.04408437465502682,0.03836606760182924,0.04738858930038743,0.040277999881756996,0.04204185866004612,0.0409657901305054,0.03971201332463782,0.037791130389222105
0.04321995333700813,0.04519486600801083,0.04514879265257024,0.037397641599514024,0.03924558368130598,0.03910347391416495,0.043173487996213664,0.04054839223400326,0.04201286961790949,0.04201600550074052,0.0468567532466746,0.0381653348641802,0.04255164343591013,0.0425603424954943,0.04327635902434072,0.03906732080344946,0.04409411082887858,0.03835356572856773,0.048306777427019845,0.03982787289904048,0.042412317769872296,0.040103157177435386,0.03980729869341507,0.0375560790642801
0.04234072852263664,0.04611624864294969,0.04480371292562392,0.03861846443243753,0.03973011066109909,0.03887353304910262,0.04278310887818405,0.040233211450158936,0.04449861290111306,0.04181750370201441,0.04483314755635873,0.04026888881026937,0.041202489112800646,0.04154005929209504,0.04403138603478647,0.0394795953305071,0.04264559963877662,0.03815697520418994,0.047274684240247604,0.03996193263744675,0.040711756840172135,0.04126124640821928,0.03978953477655466,0.03902746895225571
0.04160302069970176,0.04391615581002388,0.044065752921897204,0.03834907638045855,0.037869519110046525,0.04028715557934675,0.04251854683875116,0.042149565252859414,0.042715565616175954,0.0434397579874904,0.04002512105458238,0.04160274618211358,0.04034697545742635,0.04295068244361172,0.04806818441900909,0.04068394829253592,0.042845632049457245,0.04120173088929526,0.04301183997103011,0.03909735392671443,0.04014664999087117,0.04155432377517246,0.03823859802490136,0.04331209732652736
0.04258519082857005,0.04705463892651327,0.04373707635975229,0.03847064397691837,0.040379301782531525,0.038728309799306415,0.043802324328172736,0.03961073988906698,0.04274539479391054,0.041998454749779125,0.05000048381215112,0.03666395907976705,0.043505233979481445,0.04105069366611196,0.03978901321930281,0.03800281297391671,0.046369769239014105,0.036352014716825955,0.05155455989379822,0.040207826478464895,0.042418027817935695,0.040582668936975944,0.04008940194412579,0.03430145880760699
0.042451091308249006,0.04515942143391018,0.0449520801834181,0.03806976156165403,0.038423926225316936,0.038463062231539495,0.04402680949733188,0.04066015646604912,0.041893905944912484,0.0419044324234609,0.04482889050958778,0.03997094953011449,0.04114987747020809,0.04275969060447722,0.04497643192248788,0.039462128728961404,0.044190262386749946,0.0398117192824609,0.046331628796118234,0.039297518504315385,0.04115916125691737,0.041439693291001244,0.03896106282698219,0.03965633761377575
0.04372316724231142,0.045129180432096135,0.04586749640456373,0.03735087858236733,0.037781466737069475,0.03830074967960466,0.04408443483656646,0.03967933882260497,0.04114462105361305,0.04122127021417897,0.0464946737513344,0.03901128732213293,0.04163102398877813,0.04345252021789578,0.045010849858354435,0.03952909998957522,0.04359245194171146,0.04014343963316814,0.04729385050862851,0.038104676728704726,0.04207381213697918,0.04083237359502847,0.03941070362039046,0.03913663270234196
0.04147424758802769,0.04274363019767623,0.04464617021060267,0.03822512026127038,0.03757575270695338,0.039014567420307726,0.04373505779683286,0.04223020749219273,0.04065137342556994,0.04299490887783805,0.03975524353950669,0.041828126959348975,0.039923568522783774,0.04391675107100094,0.04824809740350134,0.040600255089584494,0.04384901839715322,0.04214274748880108,0.04224356323069792,0.03976706286598834,0.04027988556742997,0.042648990229599455,0.03774337726710209,0.04376227639023007
0.04374419048651577,0.0455334662906343,0.047055496214939756,0.03726789517789682,0.03825318624370559,0.03531749910616661,0.044606511525581954,0.04001327498247225,0.041450974388222796,0.040562467459625065,0.047855488632809515,0.037746292691644076,0.042095309182873186,0.0431714551721505,0.04198788222048414,0.03893349227425971,0.04543941095362291,0.03696764645204601,0.05109776227337283,0.039957188302582825,0.042698227751202966,0.04066621230714211,0.040498325522954,0.0370803443870943
0.0373143756718087,0.04378820422128462,0.03932975359089987,0.04209171258363293,0.038361382875823205,0.03921685255851061,0.046664333303571816,0.04326679443844583,0.04081269820101009,0.044072558130640246,0.03810067297826115,0.04335680488351219,0.03946768783967147,0.04154505432027734,0.04661065744194771,0.04040873002195519,0.04870699470017198,0.042054146489095785,0.04114500094478427,0.04158459533809473,0.037342232352652514,0.045156292900295984,0.035902783613062816,0.04369968060058894
0.040960738730209056,0.046780761921394666,0.043798252368568096,0.03863805666194428,0.04202038132686562,0.03814270938926085,0.04310444915585203,0.04113397067816268,0.04489445738903723,0.04328848043453203,0.04483767867745545,0.039275484252363754,0.04152157441056272,0.040825921438427525,0.040584273121370175,0.03862145581303973,0.04493212027132776,0.035679643440374366,0.0480917368697146,0.04227605368893082,0.041092929759285884,0.043504412644370785,0.03915808140687835,0.036836376150071536
0.04098652825430339,0.044907040540561396,0.04287414445324184,0.0390766549522394,0.040664258340934595,0.04277292192388246,0.04087358327198307,0.04200431226742849,0.04486954943442004,0.043916827875089326,0.04040379368408705,0.04182169684790846,0.040561502286551254,0.04167521927895308,0.04690818451071816,0.03991193220140172,0.04052849569159108,0.04054733014466314,0.04166278315653654,0.0406771932911367,0.03968375800061427,0.041754300769077615,0.038937778333402784,0.041980210489274125
0.04461776198554398,0.04621544398456386,0.04598059649402606,0.03746108191096355,0.0420715745748081,0.04033626075647047,0.04132744871225089,0.039267481774854125,0.04461378270285651,0.041149744818150535,0.04957957345036653,0.03801954032747567,0.04274095674287594,0.04143064078735683,0.04128295355007005,0.038060063686823714,0.04078442871578941,0.037124648020790185,0.04841971726493399,0.040456855960121864,0.04328853695740471,0.03947538433556517,0.04146702529378432,0.03482849719215356
0.04014943907654151,0.04463039103987866,0.043260044453940286,0.038808415311719094,0.04083451108596683,0.04005024296180592,0.04283546383803105,0.04218718986932548,0.04361604869965751,0.0438422519080776,0.040554513964099294,0.04201701375297869,0.03988539781832924,0.041835735972091455,0.04566342389943961,0.04004939069783919,0.04290876842049062,0.03968572348741247,0.0425240194109566,0.042021460347587684,0.03928307693457726,0.04373178861666889,0.03813620878269579,0.04148947964988927
0.0434509942869594,0.04589989080063506,0.046632725091384684,0.03647630674807073,0.0372786131190398,0.036516719883528496,0.04429959937320622,0.039952387301861285,0.04107523918020934,0.04172723961878991,0.046551049720074344,0.03781280593200944,0.0419154594000574,0.044119772039591006,0.043897914236432675,0.03948334020043277,0.0449461943780234,0.038388164951620334,0.04972151983593035,0.03854823301146464,0.04260705925288404,0.040976789021932476,0.039364466145159316,0.03835751647070289
0.04117593584464463,0.04497777036874066,0.04299566332311412,0.03971716689418468,0.04057195311494648,0.04007520631745761,0.043501566628623,0.04125964429166898,0.04280183476860224,0.04271254509311991,0.044122083466944746,0.040446431611271615,0.04073505871584571,0.04173019649032894,0.043797918133423236,0.0391166346959829,0.04429032868814949,0.0394150345640214,0.044395606075727796,0.0417140840301673,0.040242860232831086,0.04226659570797094,0.03881844939461735,0.03911943154761517
0.04177771750653209,0.0468270126071517,0.043995667392188284,0.03909628455799097,0.043442974978071175,0.04137054537886567,0.0394040180669775,0.04134838562198345,0.04827931998208793,0.04355095139133514,0.04406183469089467,0.04044939460504486,0.0412625835892864,0.03987306787917161,0.0412665222350323,0.03861165564702968,0.04022487473656346,0.03524925619674374,0.046686454624375914,0.043034813314406714,0.041103200049740024,0.04091620699347986,0.041015755289795,0.03715150266525184
0.041587277597372165,0.046249347611413555,0.04326542116841169,0.03919689893210128,0.04166884547540509,0.041450551943712124,0.04069400925720544,0.041520451735708355,0.04569188886302735,0.043163166035762236,0.04566762853505015,0.03861431006194607,0.04228598888074396,0.04031980024632066,0.04254787094223096,0.0387976092195493,0.042398864393271805,0.037281615473544576,0.04719613792183757,0.04137482799271791,0.041444792030846486,0.039724137288232333,0.04099625765784863,0.03686230073574028
0.04251088730883569,0.04730678466482611,0.043413903421808106,0.039093430012613145,0.044760667453123466,0.044031659300772054,0.038713161246351116,0.040294215457867176,0.04846690454207143,0.04309893713457341,0.04718091644621133,0.03925300045008068,0.04208978677318109,0.038905749544032,0.04098985134999555,0.03797346243439698,0.03858628848701921,0.036039274276671356,0.046185155072771385,0.042675377796092956,0.041252092692339995,0.03996195689429749,0.041807185761314314,0.03540935147875396
0.04302193058355438,0.045436623057621396,0.044135652686693054,0.03815461154916624,0.04199640184288448,0.04419164581277544,0.03891509696058401,0.04120342050879577,0.045993484109190734,0.04310715722696828,0.0449459365965321,0.03973041739346971,0.042031953190495665,0.04095429742191375,0.045018226964997375,0.03883737828474505,0.03825781345462779,0.03911915745770214,0.04407694910300239,0.04079009050784686,0.04153137602318851,0.03886780686747659,0.04121557321509036,0.03846699918067795
0.04469460339169938,0.04397053912534096,0.04790298641308349,0.03694209119774543,0.039597615900713784,0.04039987881067515,0.03973176305134445,0.04095749174926057,0.04461159564790399,0.04148230771413399,0.04392895105704443,0.040816680701298354,0.040390533010404156,0.042751647670283416,0.046471147407177095,0.04001787479641868,0.037928382671919524,0.039505757629581736,0.04434651071525717,0.03969418669381607,0.0423659984472302,0.039132123727915614,0.04137298611933711,0.04098634635041522
0.0396511859255438,0.04355617601735589,0.04305648282498644,0.03928975614393725,0.0385243229202126,0.03842197059406299,0.04462978329812308,0.042609112796033556,0.04140034149890523,0.043899223871746135,0.037944429469163654,0.04302427206321484,0.03913737714853361,0.04303145826970391,0.047524807173782976,0.040694410164649204,0.045115258673212644,0.041165597905046765,0.041203815457738616,0.041368302787184896,0.03883225261631277,0.04498817103534494,0.03661610582771724,0.044315385517486955
0.040426073990703436,0.04522523037242488,0.04295390073380651,0.040222329551336145,0.0394420715197679,0.03805519412041209,0.045083709206602145,0.04152556283732052,0.04190502772282288,0.042669322086817764,0.04342150107802422,0.04059524382842047,0.04054474809561515,0.042201851853997205,0.04299628702357025,0.03912406925656522,0.046618568303077625,0.0386147556988498,0.04588942403345116,0.04177049754245468,0.039861050235727696,0.04320992493340542,0.038069576434081626,0.039574079540745204
0.03951986710707893,0.04584241872849774,0.041921530255959,0.03984154146162665,0.03926295220178289,0.03828595442859628,0.04510487263833705,0.04153705681388065,0.04234606859071119,0.04323715801230354,0.04302334355979529,0.04031414116454233,0.041032433702085626,0.04148258926366446,0.04379035008592198,0.03970637652132977,0.04701674041139886,0.03905696919431331,0.046264031523436625,0.040974838074684446,0.03952573318947379,0.043302695105044045,0.03800551268218633,0.03960482528334922
0.040448544951647215,0.04674083802233232,0.04093765107089103,0.04069462168697055,0.0417913721635788,0.04116326701822372,0.04332659048583359,0.040706306102920954,0.04436163023080854,0.043089688143958214,0.046135810655723655,0.039712645658546174,0.04201370692193159,0.04012682176015276,0.04141144829174038,0.03828762951355406,0.04529285106684713,0.038135836586818364,0.046504716797469606,0.041437645563269794,0.04014612331079342,0.04215987033338184,0.038915555549275664,0.03645882811333066
0.04225180892816993,0.044742331653272766,0.04415475886341272,0.03801565593591373,0.040527728519069744,0.04245234239839062,0.04050541230054489,0.04167408225828584,0.04409011672964612,0.043827644468423015,0.042886791901773164,0.040171799962397246,0.04126191177146351,0.04244575021025558,0.04546845944025547,0.03929411385158309,0.04087494685575344,0.03979262513808377,0.043427624143253636,0.04030113383254997,0.041304788275781996,0.040969767223239806,0.039312186566007476,0.04024621877247247
0.04560197269728782,0.04683121092563726,0.047344527081383335,0.03699183976155592,0.04236892756091287,0.04101137142717956,0.039105982650386985,0.03896836699148559,0.04684006333704909,0.04101657698157042,0.049354281780642516,0.03808223269196771,0.0424421368548414,0.041095568300504384,0.04176643907087237,0.03812926824069617,0.037831544672433624,0.03622913944899627,0.04883004484681599,0.040485098290280935,0.04341851973207576,0.03826094847897795,0.04275844850777056,0.03523548966867549
0.04047666301164023,0.04472416702999676,0.04301356902052156,0.03930098790649642,0.04084889326465912,0.04099069526580917,0.04288763114299919,0.041750898625262815,0.0435089603107024,0.04331882346798469,0.04091890330041262,0.042335876428247855,0.04001395033119105,0.04203941283369043,0.04585551911017205,0.03972727745006126,0.042004897846465515,0.04037153163760272,0.041779191708150754,0.04177636041994013,0.039282366741726575,0.04340948903818385,0.03825198324995045,0.041411950858132394
0.04275006096258316,0.04555647812432761,0.04584335263490821,0.03777892251746475,0.03935470521775649,0.03766735409786524,0.04315164328551839,0.040685722762360384,0.04276052893778889,0.04180598857214546,0.04570231991451473,0.03843200619312208,0.04170357338205964,0.04272140650514323,0.04345741914005929,0.039174085154643754,0.04343002943798088,0.03796357180121542,0.04846059638799216,0.04021491382975519,0.042129835931160424,0.040943682865782476,0.04033349089369016,0.03797831145016197
0.039786572988395,0.04444911419761808,0.042600519414079926,0.040004483201705285,0.040695061734278656,0.03932735904741968,0.04427560939912227,0.04206399500451762,0.04270644902583925,0.04302331803111602,0.041279974173957915,0.041782427583070526,0.04016019550474554,0.04143667342972918,0.044871186894761335,0.039594154496252976,0.044711037033472074,0.03986085547605912,0.043054552474724186,0.042179684758397736,0.039262978405417065,0.04384150433115256,0.03812502936464053,0.040907264029527476
0.040250329590217,0.04559729267170499,0.04225991345694513,0.03999347153791702,0.04206314635659844,0.040277813394384375,0.04276889994032159,0.04183372258363627,0.04413026321783281,0.04366408599713277,0.043688021347261775,0.04028385789983284,0.04114990849941064,0.04090006811546009,0.041719161747885355,0.03872525951233554,0.04490496031679409,0.03774879578148294,0.045198281024861675,0.04269153720405732,0.04053827437803525,0.043072952678956014,0.03876797220159431,0.037772010545341766
0.04111119860462763,0.044518095374397285,0.042750747264284496,0.03944248387937464,0.04080351160321782,0.041848336161565386,0.04156077624798475,0.042334374484155106,0.044217722808943614,0.04359038603620656,0.04202982932041209,0.040574385410217705,0.041292414250999034,0.041290655020128825,0.045096907108596034,0.03942424982307341,0.04245223304129936,0.03941312206837184,0.04347300321473425,0.041447541246902204,0.04038749810263234,0.04117588874485221,0.03936769178949113,0.04039694839353231
0.041681332354249576,0.046822374912248214,0.04375831947783579,0.03858089274285262,0.04163412415731992,0.039821088420704934,0.04248480386684964,0.04032860504805813,0.0451160770030993,0.04272291743067199,0.04545849385760668,0.03943169145214352,0.041473980228695424,0.04069469045923431,0.04225518886930577,0.03897914527697609,0.04308190996024877,0.03703131504003224,0.04699816235114611,0.04133024339214531,0.04083775792212772,0.04240561448409957,0.03946909208542158,0.03760217920692679
0.04295344095882967,0.04456048375656428,0.044477392569574434,0.03821534441236431,0.04060177443422933,0.042971841381777315,0.039909389908658666,0.04148178047209991,0.04485869324483559,0.042972696870401325,0.04353580124081702,0.040763535959481484,0.04109915700373516,0.041832409654930874,0.04615508488159364,0.03952621754296868,0.0390890875812042,0.039974785338185964,0.043347915169896396,0.040610210639966685,0.04094923138612213,0.039332476567245575,0.04055500937112376,0.04022623965339359
0.04547744493447326,0.04706245144151545,0.047459708340561894,0.036392597737740194,0.04194947090479373,0.04032927121226411,0.03925045948733399,0.039091908387540876,0.04708568275234876,0.04128038244445303,0.04874203020626337,0.03790389169613339,0.042697081888189506,0.041073551071996645,0.0419749427486923,0.03823532984514484,0.03844064527194008,0.035665764854580895,0.049960009699678155,0.03998218395371963,0.0433981857360167,0.03851066069373195,0.04253456657812753,0.03550177811275973
0.04319764963593259,0.04662571648997792,0.04578884040396737,0.03797973282462255,0.04124561475627772,0.038740072540364524,0.041866605853919305,0.039952079604060386,0.04489971386085903,0.041776074800652284,0.047198153136726866,0.03880974064389725,0.041692265563908815,0.04152335634278811,0.04165108078556361,0.03856687654777551,0.04210231622950157,0.03666592300572708,0.04850043310416299,0.04103476616588745,0.042332391995221035,0.04076797359440121,0.04082074531496649,0.03626187679883834
0.0441002317727564,0.0459063680923724,0.04610519604359811,0.03742791665226687,0.04173900234793041,0.0403795629721501,0.0413234443119395,0.039905735246599315,0.04420344226535545,0.04138792286272139,0.04924428574278716,0.03822438359414127,0.04239513010584047,0.04157970298470913,0.041436149831283034,0.03818024441632804,0.04115167992540683,0.03744732743452349,0.04838951425808219,0.04048069720562359,0.043080410135165816,0.039433446043997684,0.041498811032950216,0.03497939472147116
0.0425802253013606,0.04473209925291942,0.04494161971980479,0.03829804648721352,0.04090123781346162,0.03982517384350794,0.04199657999708536,0.04119002505582608,0.043782023464165765,0.042267879394628734,0.044807060676882685,0.03946484903972172,0.041494450012198286,0.04170705818057563,0.04362519312919186,0.039061849213218175,0.04253563291562003,0.038429537749298436,0.045964630005897136,0.04117971611697384,0.041793618405788595,0.040903157666566714,0.04012829399699161,0.03839004256110147
0.03920343672833047,0.044778092426005604,0.04140487522215363,0.04050008939655501,0.04100880240988467,0.04215591660472342,0.042151099932228236,0.04276723015972583,0.044822348682694496,0.044420363380312584,0.03915197516299081,0.04281282109764805,0.03978789167039577,0.0412454374525354,0.045728513514733456,0.04003124198190865,0.04247197503080319,0.04010660468387319,0.04092649296297692,0.04216323518890322,0.03873427164970053,0.043265100734918335,0.038171068181885454,0.042191115744113085
0.03955838226807723,0.0436365377222275,0.041523104726182765,0.04050658066339536,0.04096725007098095,0.043513025372406054,0.04080713556146177,0.04361223280840609,0.04505185722327707,0.044727186373259634,0.03729423622907731,0.04328195199948359,0.03958465533021092,0.0409473599935857,0.047756284420263605,0.040296177755852314,0.04087103412225356,0.040653990554694285,0.03928371269220269,0.04303043638785632,0.03823459393379978,0.04210523489756853,0.038752683209478396,0.04400435568399858
0.037770790038156386,0.045932080678819175,0.03978707408594484,0.041564961310739966,0.04080162976290642,0.04078406742973215,0.04311429261158096,0.042920411919354876,0.045613424165134364,0.04436306266804603,0.03902381130406415,0.04228368340258454,0.04038139856907139,0.03972047671652988,0.04512394811269939,0.040086178965676324,0.04451394990417526,0.03891575543285718,0.043330340499895814,0.04262833344644923,0.03779964717908738,0.04346055374348401,0.038357840065841434,0.041722287987168864
0.04022567080528216,0.04507583258991226,0.04229836550866238,0.039287626375618,0.04049819663109988,0.042240755263962086,0.04126154836119318,0.04252342966247358,0.04510539774836574,0.04424161794675366,0.04015982314663339,0.04203691800844154,0.0404849980753377,0.040994121418359994,0.04656939454053129,0.040074482652648194,0.04148589429318504,0.039666815520598385,0.0426135123881974,0.04137908093453272,0.039100817372341494,0.041739928366818634,0.03899012758359577,0.041945644805455526
0.0421232694938508,0.04684264861420274,0.04345158855724575,0.03847991351636444,0.04205313165643365,0.03983899915971612,0.04287024717810548,0.04012932356956043,0.044126878864590734,0.04238133508232995,0.04782858422148976,0.038107209408867575,0.042833865385904016,0.04076919120480786,0.04102307154192448,0.03803356144099221,0.04408635168056352,0.03714227230380365,0.048251912431925954,0.040798796875755695,0.04188098329949682,0.04178847180583746,0.03973103213066797,0.03542736057556294
0.04184846377150013,0.046558618228770256,0.0436182885858043,0.03882149594864185,0.04256502174183607,0.041738434738643165,0.04110538662823761,0.040432543722101685,0.04589508873577024,0.043097507194537636,0.04485988127833308,0.04020691981266998,0.04141846780449174,0.040649730049301655,0.0426308052776919,0.03870414447600015,0.04117579849867435,0.03752536736277024,0.045467096077759554,0.04161029697666897,0.04087825776992832,0.041843006481471885,0.039778571888039016,0.03757080695035622
0.04402065409877393,0.04554348648021635,0.046331394773206934,0.037460428894157766,0.039850037063137556,0.0389403738340788,0.04254005274398676,0.03971936290217067,0.04289702217195543,0.041287292488157136,0.04720458689079082,0.03932112702664394,0.04135668706434942,0.04290063495911946,0.04334059827585069,0.0387886518055911,0.041936802471202544,0.038639124507724554,0.04734777552601868,0.04008685250579936,0.04225601050656633,0.040468502631654885,0.04027603026806114,0.03748651011078574
0.03951585021625153,0.04492843096901193,0.041663357977843415,0.04042155995979372,0.04179373968431208,0.041735735301969605,0.04223888684424701,0.042562460407098546,0.04434619374397746,0.044072526228986025,0.04145856820238748,0.041553313293939756,0.040452846738933665,0.04093494409025458,0.04407435488515947,0.03933551810099133,0.04337825793611826,0.039349159087406424,0.04254184736096018,0.0428707590225606,0.03952104290972517,0.04272928215424175,0.03874533287574211,0.03977603200808789
