0,1,2,3,4,5,6,7,8,9,10,11,12,13,14,15,16,17,18,19,20,21,22,23
0.041459993,0.043740157,0.043050047,0.042694896,0.041561887,0.04040972,0.041041337,0.043358576,0.042231288,0.042503234,0.039989825,0.041782636,0.0430535,0.04135239,0.040412225,0.039859835,0.040372327,0.043370403,0.03924898,0.044528767,0.04134354,0.041283764,0.042239677,0.039111014
0.04177357,0.044044565,0.042563107,0.042071782,0.04069833,0.0410192,0.04123741,0.043985605,0.042165976,0.04260337,0.040152602,0.041332528,0.04326647,0.041922715,0.04032852,0.039820343,0.041433476,0.043056794,0.039194915,0.043801017,0.04092254,0.04124848,0.042240568,0.03911606
0.04212426,0.044757254,0.042055722,0.042238906,0.040677477,0.04115668,0.041980512,0.044377178,0.042372134,0.0422955,0.040351897,0.04129681,0.043318737,0.041731566,0.04005995,0.039372962,0.041480865,0.042760927,0.03909887,0.04338272,0.04062247,0.041202456,0.042010296,0.039273843
0.042478524,0.044967484,0.042026393,0.04260267,0.041109104,0.040400144,0.042227417,0.043865025,0.041966125,0.041831046,0.040468007,0.041442785,0.043855064,0.04155763,0.040825743,0.03925369,0.040532645,0.04258809,0.039595306,0.043784168,0.040793568,0.040989645,0.041997526,0.038842194
0.04241818,0.04417327,0.042127118,0.042320482,0.040741343,0.0408584,0.041277386,0.043651063,0.0421226,0.04217267,0.040834215,0.041750565,0.04379348,0.041905854,0.04065053,0.039691713,0.040908273,0.042824622,0.040268224,0.04363042,0.04035933,0.04087283,0.04162177,0.03902565
0.041874725,0.044458475,0.041798092,0.042680025,0.04121511,0.04055826,0.0411211,0.043510415,0.04227029,0.042487178,0.04043299,0.040964402,0.04373115,0.041761987,0.039949767,0.039817497,0.041275535,0.04305524,0.040420808,0.043608554,0.040999744,0.04119286,0.04234429,0.038471516
0.041784,0.04444101,0.042230733,0.04283588,0.041160174,0.04045929,0.04100124,0.04365463,0.04292644,0.042054206,0.040418115,0.04108068,0.043906264,0.04159256,0.039593942,0.03995089,0.041463017,0.042060588,0.039898355,0.043758668,0.041776262,0.041648947,0.042148598,0.03815551
0.04223259,0.04384115,0.042548344,0.042790774,0.040971246,0.04060304,0.041406155,0.04361879,0.04238568,0.041907188,0.040872842,0.041021362,0.043818567,0.041633062,0.04002188,0.039449163,0.04075683,0.042475075,0.03975383,0.044809602,0.041110188,0.042510744,0.041349594,0.038112316
0.04227716,0.0446725,0.04178765,0.04242031,0.040270966,0.041088495,0.041750688,0.043738447,0.04183138,0.042691365,0.04093447,0.04106153,0.04293926,0.04207695,0.040691707,0.03873841,0.040720534,0.041896902,0.040495113,0.044183217,0.040885635,0.042347405,0.04144633,0.039053522
0.041756004,0.04494913,0.04208023,0.0433729,0.04083325,0.040470224,0.041148886,0.04405872,0.042115033,0.04198315,0.040665273,0.041496273,0.0432876,0.041709647,0.04035372,0.039785452,0.040307272,0.04169955,0.040725794,0.04321659,0.040442184,0.042446718,0.042204536,0.03889189
0.041397195,0.04378503,0.041956633,0.042761505,0.041207157,0.040881414,0.04122863,0.044278495,0.041459434,0.041738816,0.040852636,0.04223435,0.04361538,0.041889656,0.0401928,0.040265113,0.040595975,0.04189868,0.04056055,0.043863155,0.040575,0.041375678,0.042121794,0.03926489
0.0405189,0.043733098,0.040943176,0.042987514,0.039987296,0.041970205,0.04199854,0.04451708,0.04050195,0.042390216,0.042231195,0.042347208,0.04359855,0.041879103,0.04010411,0.04013065,0.040957112,0.04256381,0.040436704,0.04547353,0.03960234,0.043322675,0.039568253,0.038236763
0.040827997,0.044402912,0.03940203,0.040864103,0.039140742,0.04134794,0.04477316,0.044295743,0.040997047,0.043372616,0.04167983,0.043398023,0.042495828,0.043938227,0.03997924,0.040843647,0.04187897,0.042949837,0.039658993,0.043952685,0.039624378,0.042233214,0.0393346,0.038608227
0.041100927,0.043181363,0.040603522,0.04250427,0.03984764,0.04064991,0.04366601,0.042716376,0.04083842,0.042084474,0.04051526,0.042166907,0.043912414,0.0438097,0.040578492,0.04037157,0.039703593,0.043439686,0.040945053,0.04256219,0.04104862,0.041953485,0.042944804,0.038855325
0.040134728,0.043793928,0.04230483,0.04446141,0.040069804,0.03976922,0.042762686,0.043945782,0.039223235,0.04057516,0.039361216,0.042926796,0.04614076,0.04290813,0.038780283,0.042117544,0.03937414,0.039959718,0.04213742,0.044050384,0.0419623,0.04151101,0.045104314,0.03662528
0.041544143,0.044861503,0.041266747,0.04273233,0.04060426,0.038958065,0.04001196,0.042837273,0.04040821,0.041651163,0.04109269,0.042259708,0.04403638,0.045450717,0.04123051,0.040688697,0.042188615,0.0403215,0.042349428,0.043131743,0.041139454,0.042029463,0.042696,0.036509477
0.04400853,0.042069156,0.04275285,0.041980132,0.039313417,0.040962286,0.041901488,0.04458391,0.040246464,0.041339,0.041602258,0.040815085,0.042397983,0.042382006,0.0440681,0.041501503,0.041979127,0.040252592,0.04116304,0.042218566,0.03968797,0.042407695,0.04094446,0.03942241
0.042655353,0.044072293,0.044166073,0.04317374,0.040650256,0.04055408,0.041410744,0.04379038,0.041395567,0.041898936,0.040280525,0.042345818,0.04230575,0.041297182,0.042671047,0.040421925,0.039025474,0.040473815,0.03953743,0.043748293,0.040354703,0.041888162,0.042175736,0.03970671
0.040615544,0.046258453,0.040605772,0.043740295,0.04137294,0.03943043,0.04214304,0.042918917,0.04075282,0.043591112,0.040303756,0.03945447,0.044161405,0.043060057,0.04111189,0.04025555,0.043809913,0.042443246,0.04070989,0.040150285,0.04118212,0.042602733,0.042000547,0.037324753
0.040085457,0.046656523,0.0404186,0.04381404,0.04098157,0.04019432,0.04142121,0.04401508,0.041472245,0.042761628,0.041123766,0.041255265,0.044765703,0.041063912,0.040430706,0.04115584,0.043616515,0.04086177,0.041694578,0.040825307,0.041045945,0.04209451,0.041909635,0.036335904
0.040656473,0.04444394,0.03999283,0.042319335,0.04103847,0.042064894,0.04051442,0.043438185,0.04218912,0.043240182,0.0413617,0.042563513,0.046008136,0.040924385,0.039121922,0.039828327,0.040741384,0.04158795,0.04151611,0.04441501,0.041044205,0.04052442,0.04136068,0.039104447
0.040343028,0.04336788,0.04007505,0.0421349,0.043394346,0.041605357,0.041521262,0.042368893,0.042316433,0.04247642,0.042248614,0.041324694,0.04527682,0.042698395,0.041363396,0.040113278,0.039723895,0.043220058,0.0400954,0.04319574,0.04179677,0.039573133,0.040768314,0.03899794
0.039561342,0.043424305,0.041798193,0.04276525,0.043177914,0.040718876,0.042233393,0.042566154,0.042545337,0.04142995,0.042983193,0.039255563,0.044875283,0.041911677,0.042266782,0.041105084,0.04202151,0.04199607,0.04022526,0.0430613,0.040664956,0.04296855,0.039057314,0.037386715
0.039751753,0.043982483,0.044070005,0.041739766,0.038357936,0.04294069,0.04090908,0.043805514,0.041591637,0.043408435,0.041006476,0.038729876,0.045512293,0.04469944,0.042751275,0.041262794,0.04188432,0.0420876,0.041338686,0.042947177,0.038148977,0.040242665,0.03838819,0.040442925
0.040981025,0.04424063,0.044237327,0.041264977,0.038725752,0.04157105,0.04266207,0.04234001,0.039955586,0.044105448,0.041064665,0.04018588,0.04538635,0.0455478,0.04212434,0.040628653,0.041242182,0.041591667,0.04184257,0.041958097,0.03976478,0.038167145,0.04088573,0.03952617
0.040770575,0.04330728,0.04163517,0.04196159,0.03794826,0.04028351,0.042698752,0.041597974,0.041278902,0.042484086,0.043049123,0.04076554,0.04332365,0.044477202,0.041328564,0.04095218,0.043392353,0.043743126,0.039690796,0.041224893,0.041538395,0.041707046,0.04331516,0.037525874
0.041982938,0.043590635,0.04033522,0.04121719,0.03700575,0.040177274,0.041490052,0.043686133,0.04063369,0.04189748,0.04294976,0.038766723,0.043554153,0.04444075,0.042391386,0.041843973,0.046244387,0.04308566,0.04055654,0.04248917,0.04005254,0.043397646,0.04118432,0.037026633
0.043008383,0.044921868,0.040307175,0.040100455,0.036522184,0.04193628,0.04213025,0.04625789,0.040483702,0.040598173,0.039484486,0.040309202,0.044847444,0.04520395,0.042849068,0.041217767,0.044120546,0.04211924,0.041066814,0.043119892,0.038346846,0.04197867,0.042119358,0.03695037
0.04144313,0.04620474,0.040414877,0.042368226,0.03856068,0.04241213,0.040054303,0.043679558,0.04143024,0.043977525,0.04064972,0.043276485,0.04555872,0.043081515,0.038309425,0.040102106,0.04305281,0.03981012,0.040029984,0.042945776,0.04023793,0.042164993,0.04025266,0.039982412
0.042638056,0.04400359,0.04135932,0.04143422,0.040736128,0.041821092,0.039953835,0.04334497,0.041899726,0.044677485,0.040157918,0.041127328,0.04390381,0.04497438,0.038177937,0.040409423,0.043845836,0.041880447,0.040307168,0.04283865,0.038714584,0.04036498,0.04143982,0.03998927
0.04233782,0.043380685,0.04302871,0.044433195,0.03946025,0.043441754,0.041543536,0.043594986,0.04281794,0.043215137,0.038922757,0.04112072,0.041733734,0.045254715,0.041509375,0.04151376,0.042227466,0.039905835,0.038900647,0.040411703,0.038912326,0.04075871,0.04263867,0.03893556
0.041365128,0.04411782,0.041424695,0.043721683,0.040243126,0.040864695,0.043396063,0.04294305,0.040828314,0.043266613,0.039613254,0.04122629,0.04221637,0.0430254,0.042828217,0.040862933,0.041961025,0.041872434,0.03896098,0.042188663,0.04069014,0.041680016,0.041668206,0.03903483
0.0405879,0.043857496,0.040509537,0.04422462,0.040233232,0.041579194,0.040907357,0.045064673,0.04142951,0.043332282,0.040049102,0.042108182,0.041802716,0.04155576,0.04046001,0.04038384,0.04260883,0.04459632,0.039167766,0.044460583,0.040471755,0.04038788,0.04256796,0.03765353
0.042355135,0.041929893,0.040345572,0.04313751,0.040083073,0.041881394,0.042850453,0.0440334,0.04212154,0.044276386,0.039507996,0.042190723,0.04244771,0.042017337,0.040780988,0.040592,0.041605685,0.04229582,0.039738435,0.043236732,0.040495392,0.04197593,0.042816833,0.037284058
0.043390825,0.041876435,0.039903753,0.044260297,0.04181101,0.04127449,0.041861814,0.042779364,0.041889288,0.04409901,0.039483923,0.041345224,0.045357954,0.0419055,0.04282893,0.041765675,0.04115196,0.03967792,0.041148167,0.04234028,0.04020676,0.040766347,0.042021263,0.036853805
0.04302705,0.03984151,0.043547835,0.04347068,0.041225255,0.039888542,0.041788545,0.043016817,0.04125921,0.043286677,0.041164055,0.04244968,0.04365222,0.04403499,0.04249987,0.04179348,0.041210644,0.03920924,0.040473063,0.041960094,0.04014607,0.0428498,0.040248103,0.037956588
0.0416821,0.04048975,0.041624244,0.043527562,0.040403068,0.04208096,0.040006585,0.04433822,0.040880945,0.042196095,0.042108305,0.040568266,0.0438998,0.043211423,0.042393044,0.042807113,0.04199531,0.04285456,0.03928191,0.040999394,0.039187677,0.042674422,0.04263123,0.03815804
0.0394875,0.042481042,0.04247057,0.043531545,0.042971853,0.042826183,0.042865504,0.044024367,0.042852838,0.040318947,0.040652208,0.040693656,0.04464321,0.04035393,0.04393088,0.042209953,0.041447695,0.040631402,0.040141083,0.042260937,0.03922419,0.04175499,0.040218923,0.038006622
0.04168209,0.044047825,0.042633176,0.044055097,0.041106652,0.04108842,0.0433982,0.04380316,0.042467616,0.043926246,0.04019018,0.041193992,0.04316438,0.041174795,0.04072408,0.04106353,0.044971846,0.04040167,0.03928957,0.041594107,0.039016526,0.04017801,0.040447276,0.038381547
0.042170268,0.043676123,0.043230902,0.04449908,0.03990675,0.042247724,0.040981296,0.042597573,0.042011853,0.04231731,0.03893616,0.04320887,0.041680466,0.04075366,0.042016577,0.041425098,0.04299126,0.042268835,0.038470104,0.042812392,0.03985465,0.042789385,0.041400723,0.0377529
0.041090466,0.043758653,0.041846473,0.046007894,0.040754296,0.04132589,0.039482858,0.042210616,0.04417352,0.040876996,0.038937144,0.041184984,0.040894616,0.038964435,0.041912492,0.041923977,0.043361608,0.044922326,0.03920528,0.04452284,0.04032349,0.042518817,0.041723203,0.038077116
0.04158059,0.04420401,0.041628215,0.04452971,0.041079637,0.039922457,0.038633384,0.042655427,0.042145614,0.042666726,0.040982388,0.041619793,0.042649418,0.040707275,0.042640127,0.04339179,0.042035557,0.04204463,0.03878132,0.04259188,0.0414953,0.04168248,0.043557018,0.03677527
0.041656557,0.044160396,0.041991245,0.043906417,0.041526303,0.040702112,0.039570585,0.042587608,0.041522194,0.042178676,0.042533614,0.041862644,0.04481049,0.041068956,0.040991083,0.042399954,0.041452073,0.04084536,0.038394988,0.043141373,0.041935742,0.04198959,0.042540576,0.036231548
0.041733064,0.04352457,0.04184128,0.04366121,0.04213267,0.042293347,0.040596433,0.042128056,0.041248042,0.043018863,0.041695733,0.040244758,0.043233003,0.041319497,0.040504307,0.041031778,0.04216763,0.04226568,0.03874857,0.04173018,0.043239944,0.0427687,0.042827535,0.03604516
0.04264193,0.04343948,0.040826365,0.04294179,0.042148717,0.042242005,0.04019472,0.04184627,0.04162332,0.04356826,0.041624058,0.040229958,0.043124724,0.041795913,0.041816924,0.042199552,0.041837715,0.042061016,0.03887402,0.04112026,0.042631667,0.0422969,0.042869955,0.03604451
0.041579533,0.044086806,0.04295773,0.043050323,0.040281728,0.042392123,0.03961728,0.04271894,0.041789684,0.04314567,0.040730756,0.04064426,0.043376822,0.042202264,0.041654516,0.041751187,0.041614227,0.041630983,0.039748278,0.042322937,0.041053616,0.042047292,0.04299866,0.036604315
0.041494355,0.043357328,0.04177034,0.043134093,0.040800292,0.041494403,0.038907267,0.043282364,0.043964572,0.042831294,0.040112846,0.040693887,0.044306345,0.042147115,0.04146469,0.04106994,0.04267491,0.04124942,0.041431677,0.04151289,0.040626038,0.04207922,0.04244624,0.037148524
0.041202378,0.044271696,0.041526206,0.04312774,0.041292503,0.04101948,0.039776616,0.04371371,0.04460999,0.042063083,0.040439162,0.040178638,0.043960877,0.043143373,0.042861663,0.04145922,0.041820355,0.04096974,0.040531892,0.040014688,0.039269134,0.04283194,0.04130751,0.0386084
0.04220182,0.042326797,0.04132037,0.04336989,0.040229883,0.041321214,0.040813304,0.04408261,0.043383528,0.0430642,0.04189855,0.039215937,0.045384366,0.043841023,0.042361867,0.041492693,0.042602412,0.040053234,0.040817615,0.039857425,0.03978803,0.04110304,0.04038126,0.03908889
0.0439381,0.042116497,0.040271394,0.04270315,0.039962,0.041579872,0.040691227,0.043435033,0.042195596,0.042454697,0.041849166,0.038903803,0.044095244,0.04349327,0.043357003,0.041342955,0.043820016,0.041156407,0.040938966,0.03882967,0.041678417,0.041670386,0.041168332,0.038348824
0.04254683,0.043326195,0.0406644,0.040734783,0.04080754,0.041471157,0.041355904,0.045146983,0.040114008,0.041537922,0.042091276,0.03903082,0.04338896,0.04285923,0.04345292,0.041782536,0.044825085,0.04175242,0.040458456,0.0386024,0.039887745,0.04426648,0.04201525,0.0378807
0.041006528,0.042992126,0.04153897,0.04158061,0.040935,0.041917644,0.04093636,0.045521155,0.040431917,0.04190324,0.041880805,0.03919274,0.04460649,0.041498158,0.04264438,0.043020774,0.04554837,0.04109334,0.040772174,0.040020186,0.039147034,0.0439062,0.04061639,0.0372894
0.041011523,0.04411171,0.040396035,0.043906175,0.04190503,0.04131681,0.039840635,0.04383299,0.04261769,0.042445064,0.042354193,0.041022226,0.044203475,0.04111655,0.040296372,0.043318626,0.043697767,0.040008105,0.03955252,0.041088216,0.040778264,0.04271505,0.04137988,0.037085038
0.04087472,0.044070505,0.0402879,0.044717178,0.04195054,0.04186665,0.041967962,0.04346658,0.042821538,0.041919515,0.042207006,0.042145386,0.044070505,0.039891087,0.038532235,0.04168463,0.04330979,0.04160888,0.039804693,0.04187539,0.039497588,0.042618673,0.04139338,0.037417684
0.04134857,0.043026805,0.040233634,0.04386479,0.03998486,0.043443322,0.04034502,0.043633204,0.041369054,0.0414846,0.042885035,0.039658476,0.045314893,0.03995469,0.03975442,0.04408794,0.043659855,0.04290516,0.03979845,0.04286077,0.039783046,0.04063634,0.042996835,0.036970247
0.04134784,0.042556792,0.039945677,0.041926492,0.040215936,0.043861754,0.039486997,0.044103898,0.0422412,0.040196337,0.041623916,0.039425913,0.045764834,0.0399862,0.039158724,0.043331943,0.044061393,0.04513485,0.041681115,0.043287985,0.040247303,0.04090751,0.043969866,0.03553545
0.04086677,0.04460677,0.041200526,0.039885048,0.04058604,0.04255961,0.04087213,0.045309532,0.044182483,0.041432742,0.040074613,0.039684758,0.04486815,0.04377179,0.04047804,0.042602822,0.04311564,0.040684935,0.040367074,0.04148464,0.040431675,0.04216774,0.041446965,0.037319515
0.042553052,0.04425233,0.039211303,0.041376445,0.04081742,0.043527056,0.03856506,0.0427141,0.04399632,0.042223115,0.04072022,0.037486397,0.045110293,0.046184264,0.041497737,0.04138231,0.043638475,0.041933823,0.041035518,0.039454233,0.041451294,0.041800484,0.0424822,0.036586523
0.041505415,0.04345299,0.038889103,0.04162694,0.0416016,0.04220542,0.039610017,0.04412147,0.04386897,0.040799733,0.042354733,0.03834794,0.043957394,0.04316026,0.04258946,0.042863525,0.04299453,0.04333718,0.04058862,0.039689638,0.040574886,0.042406894,0.04387514,0.035578065
0.041040532,0.04540779,0.039168585,0.043183472,0.041167907,0.041393835,0.04180566,0.045087304,0.043314952,0.040985983,0.04139876,0.0389461,0.04377536,0.04235873,0.040740073,0.043077458,0.04215297,0.04116443,0.03992776,0.041726924,0.040351752,0.042790048,0.04245628,0.036577366
0.043373004,0.045065023,0.0387593,0.043086167,0.039526455,0.042329963,0.040266346,0.045407224,0.043514397,0.03957358,0.040949184,0.038780376,0.044302978,0.042960163,0.04253906,0.042904206,0.043364294,0.041379675,0.041022036,0.04104721,0.03999026,0.042666633,0.040803414,0.036389075
0.042942073,0.045592174,0.039709248,0.041905917,0.040970713,0.041714247,0.041854333,0.045224756,0.04344924,0.040903814,0.04051644,0.038243204,0.04654646,0.04250916,0.04307628,0.041806005,0.04496493,0.041277844,0.041224472,0.037587643,0.039776202,0.042217672,0.03920213,0.03678502
0.044167504,0.045834385,0.04055858,0.041294552,0.04049233,0.04245757,0.043188673,0.044713642,0.043716308,0.041085612,0.03936286,0.038648374,0.04597019,0.043807305,0.041368067,0.04196582,0.044675626,0.039247178,0.04049449,0.03698459,0.040118363,0.04203729,0.040728606,0.037082113
0.04384037,0.042350344,0.041078355,0.04413123,0.040591888,0.040814273,0.04075416,0.04248831,0.043908697,0.042869613,0.039374206,0.040088687,0.044019625,0.043038517,0.040594492,0.043989148,0.04121602,0.0391186,0.04155751,0.039855566,0.041947324,0.041159295,0.042979266,0.03823456
0.042202383,0.0434082,0.04159221,0.0435275,0.040844385,0.041506067,0.040311653,0.043557655,0.043418698,0.042816613,0.040241707,0.03881631,0.04445544,0.042731587,0.04178573,0.042332035,0.04070381,0.039377715,0.04252361,0.04024925,0.041433852,0.042590257,0.04199134,0.03758199
0.040172826,0.043519706,0.042206835,0.0426741,0.039661225,0.043469418,0.040561117,0.045140974,0.044302795,0.042205464,0.04286472,0.038642306,0.04388831,0.041653123,0.041516706,0.041208174,0.043119535,0.039926644,0.04269118,0.040056877,0.041880157,0.042170137,0.04045057,0.03601718
0.040116075,0.042252034,0.04023791,0.043926943,0.039347764,0.043090086,0.041366268,0.044727802,0.043909494,0.043522127,0.04171007,0.038417596,0.04325218,0.040654212,0.041309454,0.040906243,0.044008456,0.040729158,0.043397605,0.0409285,0.04187782,0.04355226,0.040106982,0.03665293
0.040423512,0.04280775,0.039352372,0.043901257,0.03983104,0.042782504,0.040404357,0.045997325,0.04318481,0.043267403,0.04242483,0.03880094,0.04329238,0.041691795,0.040731177,0.04004328,0.04419286,0.040753935,0.042430766,0.041309904,0.04099228,0.04357081,0.039637007,0.03817566
0.04004162,0.044624466,0.041318938,0.04161842,0.040594433,0.041046795,0.040944993,0.04517792,0.04492036,0.042385653,0.04246873,0.03832943,0.04440608,0.03979204,0.040306877,0.04011313,0.043371063,0.040628202,0.043481674,0.040912766,0.04018003,0.044045083,0.041413534,0.03787773
0.04111421,0.044137795,0.04229968,0.04086914,0.040597092,0.039764494,0.04035948,0.045265693,0.044010315,0.042459853,0.042130686,0.04075395,0.044489313,0.041055627,0.04103877,0.04168708,0.04349154,0.039794896,0.042459108,0.041829396,0.03821152,0.04302093,0.041485853,0.037673537
0.04180519,0.04439179,0.042078618,0.040966194,0.04064958,0.03991813,0.04105246,0.045853175,0.04466545,0.041313045,0.04086283,0.03975839,0.0451004,0.041676372,0.041039735,0.040958278,0.044568162,0.03965238,0.042630013,0.041157052,0.03884016,0.044079646,0.040503923,0.036479
0.04005417,0.044931583,0.04392983,0.039892767,0.041600242,0.041216377,0.04204658,0.04573526,0.04395654,0.040019527,0.040988557,0.041237634,0.045528978,0.04086438,0.039731838,0.040550712,0.043324802,0.039677296,0.04372774,0.039629143,0.039096825,0.044171583,0.04127651,0.036811102
0.038825087,0.044507187,0.0424327,0.04104407,0.041442227,0.039501257,0.042184047,0.046760626,0.043860406,0.040594168,0.04121877,0.0431133,0.0449084,0.04124645,0.039326303,0.040117905,0.042358205,0.039036516,0.042887952,0.041203797,0.041716132,0.042836085,0.04076298,0.038115386
0.03882759,0.042806465,0.04274838,0.04005421,0.04148936,0.040553562,0.04118912,0.04655643,0.042929687,0.041899968,0.041928496,0.041470338,0.04568915,0.041227013,0.039969873,0.040077765,0.04206763,0.03897178,0.042754184,0.040720195,0.04232196,0.043839972,0.040348478,0.039558377
0.04042487,0.042593252,0.039982818,0.041969217,0.040252794,0.043095153,0.042576768,0.046438355,0.043704387,0.03900022,0.041503605,0.040464826,0.043993127,0.04170403,0.041254304,0.03966329,0.044113677,0.039545838,0.04311468,0.041287296,0.041766915,0.04533683,0.039309844,0.036903907
0.041281685,0.041555982,0.039401617,0.041314088,0.040554475,0.04162389,0.042345207,0.044915147,0.04480095,0.040354073,0.040257912,0.04012222,0.04398082,0.042794403,0.04252895,0.040932953,0.044919223,0.040557653,0.043670468,0.03977114,0.042292774,0.043895483,0.039507832,0.03662109
0.03942547,0.044047847,0.04330589,0.040156282,0.04116837,0.042309094,0.04327601,0.04480868,0.043505747,0.0405358,0.040816903,0.03616764,0.048071075,0.044463724,0.04171166,0.04348598,0.04463407,0.040408164,0.042700488,0.036964547,0.0373499,0.044779222,0.040453188,0.035454314
0.04024995,0.042727396,0.043033615,0.04186686,0.042012677,0.04123744,0.04036828,0.04469096,0.044241138,0.04016526,0.04240372,0.03699257,0.049372803,0.042849876,0.043072846,0.04039704,0.043932263,0.039428078,0.042875223,0.039980993,0.03995256,0.044359915,0.037987296,0.035801254
0.041460983,0.04225628,0.04093607,0.043645848,0.04270223,0.040108263,0.039908983,0.045145668,0.043486748,0.041003514,0.04308163,0.03961202,0.045540232,0.039936915,0.04272044,0.039972764,0.04368711,0.039875105,0.04140546,0.042117067,0.042302888,0.04177241,0.04074103,0.036580283
0.04169198,0.043105625,0.040645126,0.04195419,0.042132642,0.039980635,0.039968427,0.04500187,0.041664284,0.040352907,0.044523913,0.039952174,0.04578348,0.040917084,0.042477917,0.04298284,0.043712568,0.04007815,0.039039433,0.04025308,0.041927233,0.04419249,0.04169674,0.035965268
0.042207103,0.045076188,0.040203925,0.042523354,0.041066036,0.041251846,0.040220477,0.042020008,0.041907426,0.040790383,0.042418167,0.038414918,0.04311548,0.041008003,0.04374684,0.04196871,0.046051987,0.041555226,0.040413003,0.039706197,0.042959552,0.04305912,0.04319206,0.035124034
0.0443622,0.04413207,0.03937416,0.044180904,0.040598445,0.04207721,0.040373597,0.041094836,0.041025154,0.041398715,0.043643255,0.037938025,0.044785023,0.041012496,0.044333585,0.041117456,0.044021193,0.041901562,0.041303214,0.040800616,0.04266304,0.043460805,0.04103469,0.033367794
0.04292142,0.043010842,0.041572288,0.044568624,0.040714316,0.04229083,0.040249024,0.043178618,0.043794,0.042085834,0.041328337,0.038616598,0.04513781,0.04106615,0.044121034,0.04211509,0.04265734,0.040457413,0.039989807,0.040394247,0.041742485,0.04250895,0.040671878,0.03480704
0.042129453,0.041684035,0.041868165,0.045136157,0.041254006,0.042788032,0.039024826,0.044351604,0.045515418,0.042343993,0.038842604,0.03961521,0.04465206,0.04156376,0.04323635,0.03947004,0.042590104,0.03917598,0.042044386,0.041401334,0.04148746,0.042416163,0.039796222,0.037612636
0.04104688,0.04160681,0.042696565,0.04263164,0.041678663,0.04194779,0.038554255,0.042555,0.044501666,0.04222949,0.03950563,0.038858827,0.04573531,0.042899143,0.042268347,0.04092718,0.042473055,0.039390154,0.042626206,0.041004263,0.042849977,0.04378918,0.04034234,0.03788164
0.041342646,0.043129172,0.0423522,0.043036196,0.04325889,0.040431656,0.039671686,0.0424713,0.04278297,0.04124714,0.04019951,0.04023034,0.04396482,0.04203536,0.043262783,0.041965753,0.042708855,0.039948307,0.040829163,0.0415602,0.042170875,0.042984303,0.040371463,0.03804442
0.042925235,0.042769387,0.041282054,0.044423077,0.041326303,0.042979892,0.04018548,0.04222532,0.040151395,0.041160446,0.041630823,0.03970865,0.043266423,0.041591663,0.042954255,0.041249346,0.044463515,0.041953675,0.040936586,0.04098229,0.04260536,0.04217565,0.040399622,0.036653616
0.041860066,0.042002868,0.040947117,0.042907994,0.041361358,0.042668086,0.040556703,0.0435392,0.041794017,0.04246786,0.042116757,0.039548043,0.043825965,0.040587563,0.04067737,0.04070668,0.045036934,0.043273933,0.041438997,0.04252831,0.04139756,0.04160979,0.040713396,0.03643347
0.041367937,0.04073021,0.042155482,0.043551262,0.041720234,0.044013623,0.040143684,0.043440953,0.04269261,0.042211376,0.039182078,0.04025415,0.04474018,0.041201748,0.041107435,0.04025518,0.044356227,0.04069227,0.042136475,0.04160731,0.041971445,0.042890456,0.040362448,0.03721529
0.04191449,0.040685847,0.041454796,0.044040903,0.04188838,0.04466151,0.04123674,0.041811496,0.04289116,0.04088816,0.039206073,0.041071326,0.04324437,0.04230198,0.042864494,0.041389834,0.043075167,0.04012176,0.04171057,0.042214744,0.041090067,0.04337896,0.039830074,0.037027076
0.040821098,0.04314837,0.040908154,0.042804975,0.041833412,0.041418467,0.042314667,0.041008692,0.041942466,0.041884497,0.039967302,0.042935695,0.04433997,0.04229565,0.040659085,0.041052517,0.0418492,0.0419586,0.041450247,0.043529995,0.041182805,0.041575387,0.0411584,0.037960306
0.041500695,0.044049513,0.039853197,0.042727455,0.041067578,0.040173147,0.043198932,0.042836096,0.04203913,0.041407194,0.042461686,0.041950826,0.04381162,0.041161366,0.041258518,0.040136877,0.040160656,0.04255113,0.0399804,0.04464195,0.042296335,0.041464947,0.040745236,0.03852558
0.041482504,0.04188019,0.041241568,0.043953862,0.040133677,0.04275436,0.041648988,0.044855095,0.04276164,0.042607713,0.042223983,0.041320056,0.041519716,0.04180351,0.042396888,0.040296026,0.04167057,0.040570173,0.039160196,0.04455087,0.040069792,0.042589646,0.040262964,0.03824602
0.04174468,0.04040064,0.041873444,0.04257774,0.04004897,0.04275829,0.039340824,0.04439215,0.043040164,0.043088283,0.041875567,0.041237976,0.042638063,0.042860545,0.044101566,0.04192267,0.041881498,0.040012714,0.039525095,0.044033628,0.03929488,0.043158665,0.040058337,0.03813361
0.042334225,0.040981572,0.041456368,0.040441167,0.040615898,0.040648922,0.041097492,0.043534495,0.044260573,0.042626474,0.041519668,0.040294223,0.044009537,0.042334124,0.042907394,0.041936677,0.042882524,0.040850222,0.040815003,0.042441692,0.040420257,0.041148942,0.04127073,0.03917185
0.04265451,0.042543784,0.041917533,0.04211262,0.03867526,0.041464467,0.03989636,0.045383833,0.04248824,0.04277357,0.040840033,0.040710162,0.042573005,0.04182078,0.042061176,0.04083787,0.04116561,0.039669268,0.0417476,0.045941714,0.041109994,0.041722525,0.040771514,0.039118554
0.041160602,0.04357047,0.041782524,0.042435575,0.041786358,0.041705783,0.03918825,0.0442539,0.041781284,0.043227345,0.03990413,0.040957652,0.041921094,0.04112369,0.04021372,0.04049642,0.039260678,0.04039508,0.04251686,0.04653629,0.042073533,0.041171703,0.04192528,0.040611763
0.040525045,0.04328771,0.042463124,0.041753612,0.04294565,0.04284943,0.039659444,0.04440542,0.040828295,0.042834356,0.040759787,0.039873663,0.044055033,0.041506857,0.039834514,0.04080221,0.04087596,0.039840136,0.043012615,0.043555647,0.042069584,0.041625544,0.041651048,0.038985286
0.04056822,0.04289471,0.043254003,0.042712666,0.0419393,0.042032786,0.042002797,0.04564634,0.04124767,0.041809868,0.040815312,0.040119514,0.043760955,0.04164068,0.040064123,0.039532013,0.040973015,0.041074883,0.040261205,0.04403616,0.042461183,0.04122587,0.042261947,0.037664786
0.039441496,0.040989652,0.044610746,0.043000985,0.042647913,0.04388282,0.04282887,0.044047717,0.041650333,0.04323376,0.039762836,0.041235782,0.043283526,0.04205975,0.039902948,0.0410243,0.04038052,0.04032008,0.03946557,0.04279342,0.04290372,0.041124906,0.04067616,0.038732175
0.039824616,0.041729897,0.04422246,0.041626535,0.043913532,0.042700686,0.038537513,0.043142553,0.044476226,0.042437304,0.039973844,0.042115048,0.044961445,0.040639907,0.03954538,0.042444646,0.04122946,0.03882419,0.04201196,0.042150527,0.044750728,0.041695468,0.041466977,0.035579104
0.041874688,0.04273865,0.042943694,0.042333703,0.040945675,0.04300345,0.037700392,0.042483594,0.043796785,0.042850986,0.03986666,0.040964574,0.044068377,0.04250546,0.03912424,0.042519186,0.042828992,0.039806146,0.041934,0.04173935,0.04187471,0.04368391,0.040883433,0.037529383
0.042388868,0.043352067,0.042364735,0.04226326,0.041838627,0.04452351,0.039067477,0.0426124,0.042002283,0.041341145,0.03982685,0.040399984,0.045485318,0.041192435,0.041114874,0.040601548,0.042273406,0.042564206,0.04063324,0.043617863,0.04012461,0.041543838,0.04105765,0.03780975
0.04177308,0.04295881,0.04093767,0.042873003,0.04212036,0.04329111,0.03987824,0.04436288,0.04191367,0.04055781,0.040058054,0.040889807,0.04461021,0.03972334,0.040241245,0.039716884,0.042029757,0.043238446,0.041244853,0.046030637,0.040947653,0.041577403,0.041256927,0.0377681
0.040523738,0.04341684,0.0391696,0.042750858,0.043469902,0.042113658,0.04154878,0.047158904,0.043073997,0.040817197,0.03820463,0.040742017,0.04533292,0.04223961,0.03797272,0.039457135,0.041856486,0.042974643,0.040935792,0.045967273,0.039939452,0.041132584,0.04132068,0.037880573
0.04021713,0.043451652,0.039642908,0.045533616,0.040767886,0.043163132,0.043202672,0.04697719,0.04250415,0.04183596,0.03686608,0.03815498,0.046175867,0.04406031,0.03884901,0.040141717,0.03948357,0.042165082,0.04094442,0.042387605,0.040028192,0.042668927,0.041257087,0.039520822
0.040451642,0.043288846,0.04324503,0.04064076,0.039806936,0.04320505,0.04146195,0.044352885,0.042038586,0.042149015,0.039434224,0.039264962,0.045553878,0.043868247,0.04237117,0.040143486,0.03972879,0.040141504,0.04281058,0.040681582,0.040724803,0.044801574,0.041031286,0.038803246
0.041470896,0.043909695,0.043809142,0.040061466,0.044343628,0.041791763,0.037755616,0.043256532,0.044375706,0.04016489,0.039870284,0.041076932,0.044087533,0.04261789,0.044983808,0.04121943,0.042882472,0.04214189,0.040498428,0.03907754,0.038437705,0.04453399,0.03966989,0.037962843
0.041756377,0.042807605,0.0441777,0.041456733,0.043485157,0.041967046,0.039733965,0.045267835,0.04040427,0.041876636,0.040149175,0.03884904,0.044941682,0.041658185,0.04363446,0.041209977,0.04149602,0.042162217,0.041956723,0.041320156,0.038867712,0.043057397,0.039179724,0.038584143
0.039895143,0.04498436,0.044055395,0.04418023,0.04310137,0.04383158,0.039281055,0.046690412,0.042431876,0.04062407,0.038864996,0.040319398,0.04508901,0.039541487,0.040999938,0.040235315,0.042645372,0.04097318,0.04083563,0.0402417,0.039901968,0.044504926,0.03966705,0.037104484
0.03901355,0.045830853,0.041544143,0.0441563,0.04044008,0.04092699,0.039572157,0.047682293,0.042869706,0.04234813,0.037964404,0.039677516,0.046505947,0.03952435,0.04101312,0.04216715,0.04353735,0.040684532,0.042733975,0.04194689,0.040347714,0.042998128,0.041208096,0.03530658
0.03923956,0.0445962,0.040905528,0.04583811,0.042518646,0.041417588,0.038439263,0.045158748,0.04259831,0.041245572,0.04109471,0.03921172,0.047677346,0.040346567,0.039395165,0.045284197,0.041925047,0.04090138,0.0411211,0.04242987,0.041224707,0.04233855,0.040576253,0.03451589
0.04076768,0.042432133,0.041900262,0.04290986,0.042483628,0.04545935,0.039970733,0.04382188,0.042100817,0.04151611,0.039871592,0.04075056,0.04564275,0.04069572,0.040152814,0.042826973,0.040738642,0.0397433,0.04097239,0.044420432,0.041287895,0.041299153,0.04062728,0.03760809
0.042685807,0.043065857,0.039980307,0.041702025,0.04301585,0.04428358,0.041354615,0.0446037,0.041389223,0.040355157,0.0398922,0.04030705,0.04153178,0.040808666,0.042713117,0.04086641,0.04094353,0.04216457,0.04083082,0.044140015,0.04073948,0.041107226,0.042981133,0.038537942
0.043200027,0.043668956,0.03956897,0.04082324,0.042552784,0.042327866,0.04234675,0.045266446,0.04071248,0.03922965,0.04207108,0.04052544,0.043453973,0.04314303,0.04336289,0.040561635,0.043092486,0.041658428,0.038434744,0.042450868,0.040073123,0.042153887,0.041734222,0.037587002
0.042913046,0.04285246,0.04268789,0.043028243,0.041089043,0.04345771,0.043174963,0.044787418,0.042699523,0.042310882,0.04059116,0.03824041,0.043667458,0.041896865,0.041735683,0.03944607,0.041807998,0.04276629,0.038229413,0.04103877,0.04072125,0.042288262,0.039398085,0.039171085
0.039917413,0.04270643,0.043384098,0.043834146,0.042501986,0.04447517,0.040340714,0.042807467,0.04460568,0.042848162,0.03850051,0.039709218,0.044672243,0.043208763,0.040107615,0.03998811,0.041349363,0.039041743,0.041700426,0.04073308,0.041990507,0.04339856,0.03935362,0.038824994
0.04054801,0.045308515,0.043420248,0.041707307,0.041982777,0.041274022,0.04030287,0.042870626,0.045520887,0.04248866,0.03972393,0.03972618,0.04687411,0.04486412,0.040152624,0.04052079,0.041156862,0.040128957,0.040068544,0.040153194,0.041840903,0.042433873,0.038420968,0.038510997
0.041609995,0.04388234,0.041758183,0.041614406,0.041730948,0.041316368,0.03947822,0.044541236,0.04243216,0.04192761,0.04148024,0.03812606,0.0449974,0.041998517,0.041702986,0.042691104,0.04532005,0.043667816,0.038958795,0.04096735,0.038122278,0.04364118,0.040257744,0.037776995
0.04284206,0.04497283,0.04088577,0.043103874,0.04080497,0.043558687,0.041059293,0.04841508,0.04172275,0.040916998,0.03990199,0.03776253,0.04546386,0.04082488,0.040841218,0.04475646,0.04461962,0.04118426,0.03767895,0.043568812,0.03773269,0.041067515,0.03986489,0.036449958
0.043785565,0.045002528,0.039621297,0.041575283,0.041023087,0.041881103,0.04066455,0.04465433,0.04236472,0.042623766,0.040412977,0.041100137,0.04565015,0.04225047,0.04171579,0.04102628,0.04110757,0.03919019,0.03955599,0.04229916,0.040998682,0.04189263,0.04126286,0.03834089
0.04369719,0.040788565,0.040384293,0.04222291,0.039703436,0.042715676,0.03970415,0.043327823,0.042062867,0.042177096,0.04179493,0.041895583,0.043503728,0.044420656,0.039785374,0.042944808,0.039865535,0.040277988,0.041773614,0.04356772,0.04197037,0.041101232,0.040471844,0.039842602
0.041361973,0.04078369,0.04214813,0.041870326,0.04049493,0.042491764,0.038536314,0.045288354,0.043283466,0.04123421,0.040959578,0.041894503,0.04196926,0.043595023,0.041083347,0.043492753,0.043710303,0.03969531,0.041589573,0.044075996,0.039237063,0.042753153,0.040127393,0.03832363
0.040294025,0.043207183,0.040675506,0.044174306,0.041166995,0.04218317,0.03988459,0.04554171,0.04237044,0.043861054,0.041877482,0.04038508,0.041237693,0.043414712,0.04434292,0.04246522,0.041329734,0.040252727,0.039929595,0.041861445,0.039083496,0.04211461,0.042177852,0.03616847
0.041138366,0.04608803,0.03849862,0.044429265,0.042020667,0.041574303,0.041007515,0.04541023,0.041331742,0.043612376,0.041061316,0.039905775,0.04208731,0.043481264,0.04245182,0.041136503,0.041645303,0.042907584,0.038036294,0.04277025,0.039198663,0.040679313,0.043415546,0.036111947
0.04252803,0.043562427,0.038228158,0.044789217,0.041335795,0.042162526,0.04189782,0.044565868,0.043468006,0.04253616,0.03863599,0.040462524,0.043478988,0.04166951,0.03993301,0.039380927,0.043686084,0.042691886,0.040605225,0.042904295,0.041348007,0.04304894,0.042071443,0.03500914
0.042908058,0.042285513,0.041052032,0.040067453,0.04064828,0.0416794,0.04070782,0.043142524,0.04324533,0.042492088,0.03759123,0.040282,0.04486687,0.042067446,0.0431782,0.043107823,0.04287565,0.038091753,0.044527844,0.043566946,0.042147342,0.041347157,0.04302527,0.035096
0.041969478,0.04080712,0.043894626,0.040607475,0.039450217,0.04072959,0.041931473,0.043741666,0.041754656,0.042838797,0.040361963,0.04274366,0.04471102,0.042363748,0.04051255,0.041282337,0.039493002,0.041227184,0.04283591,0.047219396,0.03925538,0.04167192,0.04153841,0.037058398
0.041963615,0.04437968,0.04073651,0.0429333,0.042773258,0.040574092,0.04334664,0.044876173,0.040735815,0.038961366,0.040775646,0.043205548,0.04546723,0.0406906,0.0386146,0.041636858,0.040095713,0.043860357,0.04010857,0.04586397,0.038956948,0.039910365,0.042900775,0.03663237
0.04034145,0.043692216,0.04196992,0.042440612,0.04192846,0.042037696,0.041623067,0.043576967,0.043429814,0.03880122,0.040961873,0.042449676,0.044035066,0.040802523,0.03918206,0.04252029,0.04079806,0.041250292,0.042473886,0.043911457,0.04175706,0.04016719,0.041342027,0.038507126
0.040676694,0.043262146,0.04567024,0.04033518,0.039680537,0.041121855,0.04189805,0.04476903,0.042917103,0.040789492,0.040808123,0.042098638,0.044244837,0.043669812,0.041375414,0.04274453,0.04167151,0.03705849,0.04238609,0.039544415,0.041844472,0.042314045,0.040015064,0.039104164
0.042163253,0.041915108,0.04506412,0.041246038,0.040034965,0.041391212,0.041429326,0.044348508,0.04272811,0.039507132,0.041383512,0.042169236,0.04128888,0.04324936,0.041311532,0.040113706,0.043455876,0.040811893,0.043277435,0.040715184,0.040207926,0.04240424,0.0396974,0.04008606
0.041130103,0.04207249,0.045105617,0.041438054,0.04008166,0.04141073,0.039922047,0.045249682,0.043258954,0.039028972,0.039300643,0.04173819,0.040495567,0.04075643,0.040055223,0.04240568,0.042346768,0.046117816,0.040181965,0.04421575,0.041618012,0.040608667,0.043038975,0.03842195
0.040536277,0.04385059,0.043007594,0.043032706,0.041627206,0.04284998,0.038498636,0.045033634,0.044463478,0.04168414,0.0398256,0.040144462,0.04256853,0.039788328,0.04150967,0.041716818,0.04151017,0.04416011,0.040255923,0.044258613,0.040409915,0.040042516,0.042654566,0.036570534
0.039748028,0.043751772,0.04180942,0.04253181,0.041826397,0.04181046,0.039453615,0.043993536,0.044464406,0.043412253,0.03912155,0.040189903,0.043301236,0.04000188,0.040746592,0.040548727,0.04256261,0.043331407,0.042548187,0.042625092,0.04170048,0.041889258,0.041843686,0.036787715
0.039909165,0.04373438,0.041903287,0.043849826,0.042539984,0.041921902,0.038975954,0.04347082,0.04277132,0.044297013,0.0406876,0.039379705,0.044346977,0.04053109,0.039679345,0.04225028,0.04244301,0.042339444,0.0416591,0.04189857,0.04140201,0.042197973,0.04106106,0.036750164
0.03989997,0.043326505,0.042978942,0.043376908,0.042113844,0.042592727,0.040020008,0.044695355,0.043652225,0.042688992,0.04074315,0.039474178,0.0435088,0.040138632,0.038555883,0.042326715,0.040142808,0.041081347,0.040823516,0.04526056,0.04205091,0.041662574,0.04174072,0.037144702
0.040411964,0.04256254,0.041790333,0.043702517,0.042901203,0.04168119,0.03942452,0.044032916,0.04354531,0.04172333,0.04090682,0.0395786,0.043565027,0.041043222,0.039187267,0.041470964,0.04063215,0.04183204,0.041525878,0.045386527,0.04195547,0.04017388,0.043034296,0.037931986
0.039820466,0.041490383,0.04323745,0.04230493,0.04196089,0.043120395,0.039310917,0.04483888,0.042880792,0.041568916,0.039899547,0.040669773,0.043647975,0.04181782,0.0414586,0.041053675,0.042192888,0.040562086,0.04205478,0.043953735,0.041939013,0.04189094,0.040816702,0.03750842
0.03846354,0.04378195,0.04246419,0.042884324,0.04260179,0.042291854,0.03948007,0.045445018,0.042783834,0.042540964,0.040654637,0.03990495,0.04542521,0.04147852,0.04098469,0.040168997,0.04166781,0.04064791,0.042183723,0.043510396,0.041624945,0.041609984,0.03968581,0.037714906
0.040190194,0.042611867,0.04244106,0.044279035,0.041999284,0.04298835,0.038815454,0.04462593,0.04290476,0.042753924,0.041405663,0.040033713,0.044500906,0.039958492,0.042252686,0.041290104,0.04139609,0.0399922,0.040297057,0.04463783,0.042463634,0.04118385,0.03997279,0.037005108
0.03964238,0.04150793,0.042460073,0.043120883,0.042376835,0.042059824,0.039015125,0.044290822,0.04210992,0.04249543,0.040399075,0.040539533,0.043739874,0.04118248,0.041964635,0.042417005,0.041676756,0.04080035,0.039930522,0.04425509,0.04341996,0.04221256,0.041218325,0.037164565
0.04049663,0.04335815,0.041725148,0.04293985,0.042110484,0.041386906,0.038511153,0.044907693,0.04170133,0.04109326,0.04082437,0.039508052,0.044085015,0.040423322,0.041868147,0.0421065,0.044315144,0.042862464,0.041090976,0.043815844,0.041194677,0.04116093,0.041675728,0.03683819
