Stock_1,Stock_2,Stock_3,Stock_4,Stock_5,Stock_6,Stock_7,Stock_8,Stock_9,Stock_10,Stock_11,Stock_12,Stock_13,Stock_14,Stock_15,Stock_16,Stock_17,Stock_18,Stock_19,Stock_20,Stock_21,Stock_22,Stock_23,Stock_24
0.07777513957211225,0.043622478142466316,0.0013960033431887394,0.04584145299006911,0.07724568676689243,0.06662045542857797,0.0016969258420198884,0.00023605696181169057,0.0777782735536743,0.00015883166910528833,0.019035400669911277,0.07709282171653024,0.002245446792453668,0.002312342926994087,2.3180336997269167e-08,0.07777957165254613,0.06670607895737848,0.07771762915602204,0.07533917358987803,0.07288827947061757,0.04945629209883865,0.07776516275506863,0.0004516387319536933,0.008838834031552514
0.07794950978991047,0.043432584125714276,0.0015193502920140556,0.04614107995563633,0.07718279875404183,0.06752423767643446,0.001826339048964076,0.00027937024657366045,0.07795108493712069,0.00014080840304515543,0.013760704411779871,0.07694398506329254,0.0041631884198596895,0.002201021964338254,2.7878711685424032e-08,0.0779535661424607,0.06526950040435632,0.07789439357690839,0.07563168763974015,0.07006621860791143,0.05332803061651269,0.07794071870282566,0.00043229891952405397,0.010467494422323578
0.07947440521719228,0.0485032442448814,0.001278360444619898,0.0409158909646521,0.07873020085222703,0.061244970259420634,0.0015098903756726979,0.0002273278757493841,0.07947712447282267,0.00012422355599342203,0.010270455601663992,0.07865365901734847,0.003801019577792548,0.0027791005724701074,4.0267722749755446e-08,0.07947931787936775,0.06687172601799753,0.07943205304761783,0.0775696471835459,0.07271947103902507,0.047591312971215556,0.0794657547628698,0.0003984135862652274,0.00948239021186597
0.07883130664759629,0.05331801541683908,0.0014487645960251175,0.038858822583121067,0.078095463214057,0.07002847789085634,0.0016534062487736784,0.00010252288821423521,0.07883628300779424,0.00010511679834574697,0.009008765014997993,0.07779515232875871,0.002548488509534962,0.0020414895079695046,4.2292013013778705e-08,0.07883711944982941,0.06766078773695527,0.07871830238882348,0.07708559573086377,0.06938585075311196,0.043489548955164305,0.07882166406862914,0.0004913110142936243,0.012837702957432069
0.07812761836318986,0.05603546554028607,0.0008153034166977677,0.04205977493670918,0.077581227969948,0.07064775392612758,0.002347413281697264,9.089896348170641e-05,0.07813105062161577,0.000125687254447116,0.008272648605973803,0.07661011306050194,0.0021641530356758675,0.0018853786727126946,3.492800297731886e-08,0.07813159549846221,0.0703983959272719,0.07796071373669598,0.07576120424787293,0.06882531318624649,0.04317616705320556,0.07811211964400205,0.0005822963803025418,0.012157671748872726
0.07803709761814678,0.0533351381684424,0.0010220320710593353,0.04383110906594143,0.07751617941061086,0.06973218607687168,0.00214886784682183,0.00011265566775497525,0.07804053982943726,9.798673085692978e-05,0.011560966649682378,0.07686642016479936,0.0013467488866743221,0.0016147366647310043,3.4887276592782974e-08,0.07804049796470536,0.07151908447413274,0.07782032203630987,0.07603560060510818,0.06925134637268554,0.04053027032348122,0.07802361252283445,0.00034689116861735965,0.013169674793018149
0.07883626333623657,0.052430970050378604,0.0011679467305315638,0.045446804237806816,0.07839197704654606,0.06809809312715434,0.002005904713565228,0.00012072598595856832,0.07883778586239167,7.187827181589899e-05,0.010183378595122448,0.07749497418345443,0.0017913013625960605,0.002258199985182625,3.054450619791733e-08,0.07883726895536369,0.07138744979622726,0.07863462730293712,0.0765551432235185,0.07005356651140941,0.03807184731378408,0.07882817139167152,0.00035271855926394995,0.010142972912577403
0.078715514022382,0.051906927178923874,0.0014108113204827613,0.047369052341377754,0.07797241797430526,0.06849851460553436,0.0022618478910724237,0.0001158581783665488,0.07871630696095341,7.362598853634162e-05,0.009281596997425963,0.07700541296466012,0.0019845938698134875,0.001709889920232444,3.518958157166468e-08,0.07871622250595764,0.07087611510622863,0.07853404369618903,0.0765474182145328,0.05849640154154015,0.044071356889245496,0.07870683861753854,0.00024910235600160473,0.016780095669117787
0.07812685478988834,0.043677193757624716,0.0021793867413318875,0.050463750371489154,0.0772661350690384,0.06612664471740647,0.0015008121098985504,0.00013602088421305183,0.07812839156486105,5.896559001337495e-05,0.016008913201703823,0.07660873533397142,0.002091627576602615,0.0015907879561036062,3.725515085349863e-08,0.07812796313062623,0.06785372365756681,0.0779998706082042,0.07657699394544423,0.060792014470180004,0.04692211739696445,0.07811939910282378,0.00016786472440507978,0.019475796044487913
0.07816193859038208,0.04421670798639271,0.0038414960519824715,0.04838142459352526,0.07719313417502045,0.06479833218454445,0.0014280831387878412,0.00012463670853573162,0.07816355525223397,6.282152279813864e-05,0.019421215070049364,0.07656763978427683,0.0024468456666505364,0.001439169152841399,1.8635871491586666e-08,0.07816294492744262,0.06776636028074838,0.07807966121774672,0.07625598278738728,0.062034790847249825,0.044360730660247566,0.07815717712521597,0.0001945352035328003,0.018740798436536105
0.07840193070456264,0.04476329619282041,0.0024023773980960633,0.05395124063235866,0.07748258808150488,0.06727575954479245,0.002180663952754831,0.00010632945492177655,0.07840435147844022,6.531649826235402e-05,0.013002011546259547,0.07654405217984636,0.002708558560522611,0.001556580969822675,2.570319754179853e-08,0.07840338877685955,0.06777194809006526,0.078236289952986,0.07663589204131753,0.06451192275297471,0.03746351331801133,0.07839655639962208,0.00018707721832649763,0.01954832855167403
0.0791994502745009,0.04933669937616852,0.0013506007763682542,0.05784455755889013,0.07856293898237023,0.06479403967217409,0.0028660947483189576,9.476454933719742e-05,0.07920235361461808,5.6917268492486156e-05,0.006358062289656254,0.07668024329876881,0.004089916339569996,0.0021265880556408183,4.7208782393303324e-08,0.07920097983905043,0.06705538283671748,0.07887359165403111,0.07722496183441394,0.06731583368918133,0.03479123211867638,0.07919431867985474,0.00022042252587257255,0.013560002808544882
0.0777545750663999,0.04917815464440541,0.0015468330919126865,0.060702178089786236,0.07699919102941319,0.06874355317237797,0.0025164984421942255,7.370583824301596e-05,0.07775657726234539,6.749764039817411e-05,0.008045499977016458,0.0748106703584688,0.004910309083530123,0.0016121640040596748,5.3299197622755676e-08,0.07775540931471052,0.07147314875873724,0.07742139946470364,0.07519642677729813,0.06526381077453755,0.04000825015962646,0.07774873532822558,0.0002718907938557686,0.010143467628556205
0.07704134878396574,0.04310829545147547,0.0017381233594658504,0.06243193828669357,0.0756279414959182,0.06781879332843473,0.003241916432873284,0.00010713350334325918,0.07704335557112196,4.448454732789608e-05,0.008384545018483588,0.07440012298620344,0.007553994594560364,0.0016748728265226507,7.34750446212798e-08,0.07704172534356943,0.07119373632959483,0.07670505350473414,0.07472838193242959,0.06955533927053636,0.04261592080870712,0.07703687139843413,0.0002980055966033332,0.010608026153956458
0.0769757117589646,0.048041880914123654,0.0014928878158518425,0.06123092861497816,0.07475798596782081,0.06612439476920325,0.003966677632132477,0.00013229905808755446,0.07697686799065366,4.253051445118127e-05,0.007224268651625889,0.07431264865047402,0.004557929553349649,0.0018076489520921937,7.111742531887476e-08,0.0769752804661917,0.07194448885778636,0.07659561435585065,0.07429721846329032,0.06779736567062544,0.04068434279567118,0.07697021965844159,0.0002005259041837911,0.016890211866724705
0.07733804160222173,0.04730967549763651,0.0014116877699694625,0.06448740125412723,0.07322399182339262,0.0636415327603073,0.0048769591661272935,0.00026311949335938766,0.0773397749109599,7.721982625838733e-05,0.009595998232670468,0.0750408359010466,0.006779802555390336,0.00276011668579107,8.989234147445244e-08,0.07733903272290979,0.07027098691718386,0.07704610815602203,0.07417191808889989,0.07194426140084399,0.03697367890008468,0.07733256047432363,0.00022972103110387957,0.010545484937028456
0.07858914732858228,0.04509377503617858,0.002836360638316934,0.06593761509835057,0.07319456983475493,0.059213614692208934,0.0031362800775229295,0.00021931648516968183,0.07859114290341851,6.079476578521361e-05,0.01003764071056986,0.07498990794239956,0.008680699008641986,0.0033950091657080138,1.7332457497710768e-07,0.0785892972309174,0.07179966770868308,0.07828832144869365,0.07566472141060908,0.07246677994442605,0.030759928716755206,0.07858472989414436,0.00014908958339213292,0.009721417050196085
0.07796568644006943,0.05131207419037864,0.0026890438029704964,0.0645088050567918,0.07005276830178393,0.05960960185680334,0.0030452398142532095,0.00023413732409310336,0.07796768477377049,6.899595649490902e-05,0.010032611109741322,0.07449118828132131,0.011015031459128454,0.003278907762290947,1.6497871252950327e-07,0.07796648577354985,0.07109920736256402,0.07771107084282812,0.07507042621736856,0.07322791607211301,0.0321400025712978,0.07796194072620186,0.00019879005402269768,0.008352219271450148
0.0784742469518313,0.04912840339441239,0.0031767951336607544,0.06089657149600259,0.07281604473632572,0.05401146731664228,0.0019046994952290116,0.0001239592585303511,0.07847771313336228,0.00012153152814630384,0.010229716760531814,0.07647785736580673,0.012269529508704973,0.0024322513887027096,2.1985226984628308e-07,0.0784771658415416,0.06890946636488778,0.07826021375057415,0.07645541372345092,0.0694560845956358,0.03761260698777425,0.07846748298625263,0.00022113630065634276,0.011599422129067437
0.07852891975932556,0.04680882286960015,0.002128413361584918,0.05663602473982003,0.07558802875965812,0.05495035715757715,0.002453472291022871,8.037242061345221e-05,0.07853245857994197,0.00016373832771393427,0.006478773079657939,0.0773311413241822,0.013147860749000278,0.0021885288427572103,1.9426065553047565e-07,0.07853214027332568,0.060830126335661955,0.07835626650586565,0.07700503619579217,0.06791885680927716,0.04425446844562149,0.07851946418042986,0.0003156922891556283,0.019250842441759074
0.07960187269931134,0.03778594466537838,0.002211121875321593,0.062177479383791145,0.07510305874271465,0.057514203424446235,0.004110230956277554,0.00010893591053358154,0.07960722981417293,0.00013490059833041744,0.006975400090595503,0.07802103033423348,0.009173015298553482,0.003265768869257965,3.107980721295231e-07,0.07960647061277536,0.056403653110100795,0.07924127576051007,0.07821762553613379,0.07225632871234015,0.03806973177528504,0.07959609802368109,0.00019993568804961198,0.020618377320133705
0.0781523063763702,0.028832366743360524,0.0029724806470911276,0.06746468295689334,0.07274971207629922,0.06392676578111123,0.004141177119507958,0.00016803677550285628,0.07815828805698417,8.70837661345964e-05,0.009773686444890966,0.07576883492456403,0.005332491239417617,0.0025776361523272705,2.86505730341715e-07,0.07815698829928067,0.06050010600129694,0.07772171854476007,0.07685287477695209,0.07219230702531733,0.04344693553412594,0.07814455441644681,0.0001127947437891643,0.022765885091845527
0.07833661886020098,0.027506803026956645,0.0026730716452810998,0.06626123214921555,0.0725237374709799,0.06314179830264129,0.004095534357207973,0.0002821806123324891,0.07834212901463927,8.765114735949606e-05,0.011109557034832266,0.075855578431906,0.00531551290239435,0.003375020959308315,4.389445061022684e-07,0.0783410223141292,0.05874078191729816,0.07789918731175803,0.07696492194825379,0.07054724974358227,0.044826941517217056,0.07833018879014882,9.271535285809085e-05,0.025350126244992836
0.07760960296409859,0.025225989191691126,0.003270842079276643,0.06360175349086951,0.07118394332107807,0.06235015620492623,0.003173734755179482,0.00029550651610500683,0.0776160197272488,7.052425195507947e-05,0.016545633035521194,0.07483551180514632,0.0067489451456687125,0.002805110911599793,3.19218931048313e-07,0.0776155709702008,0.06189847529657683,0.07732972198335034,0.07618854668938185,0.0683037373125395,0.04910621613914103,0.07760320470639367,8.644356125561926e-05,0.02653449072186476
0.0775271388333228,0.023797237180236023,0.0034474156664124575,0.06590205959346027,0.07110247066156618,0.060943061553886846,0.002245593609701886,0.0003348596551941946,0.077534436173753,7.541355360363894e-05,0.018487396045393754,0.07479564125095964,0.0077855043138708585,0.0026252910083120937,3.3736912691908587e-07,0.07753393705230496,0.06024553470874952,0.07727360824519054,0.07639376342667024,0.07040315991940159,0.04994689844603505,0.07752175017028187,9.288742578009187e-05,0.023984604136785572
0.07900671136369078,0.028643931374408824,0.004237133187920347,0.06419670211501155,0.07288439320992154,0.05306768881268733,0.001673860726173733,0.00017813572332849001,0.07901239584492115,7.98817965111089e-05,0.019266338764407736,0.07617814270294836,0.010070225690223592,0.002757978895273161,3.0847847604737984e-07,0.07901196727177122,0.0619586978356804,0.07883641711612746,0.07765991317564813,0.07144369982528415,0.04425239594937996,0.07900439895251918,0.00012022654254255745,0.016458454645143186
0.07970442796702626,0.027389938902041226,0.0038807073122160024,0.061094010581304696,0.07538130665626928,0.046431051606921236,0.0024073298450960675,0.00017164670155759136,0.0797098965257002,8.377442295243873e-05,0.022292085316071884,0.07736808485967767,0.01290245129449122,0.0023347063406559993,2.0192332201778793e-07,0.07970896055171343,0.06627610895278836,0.0795695289345074,0.077909381896795,0.07427208245921321,0.03940851955355371,0.07970063655970931,0.00018181175914481625,0.011821349077270995
0.07978646874570601,0.03722886862841384,0.0031052362784893075,0.06752063289984096,0.07526293194392766,0.042324027836230564,0.001773086697643878,0.00023660179610958523,0.07979008323775696,0.00010564541996583391,0.02095536484692274,0.07817622204882384,0.007359726462090094,0.0029114281658988695,2.2114984259172472e-07,0.07978885621282387,0.06502753700769025,0.0796298661216875,0.07865098557971763,0.075499852386047,0.0323581884006042,0.07978193160699994,0.00016049295888387834,0.012565743567882986
0.07863938373461715,0.04482256559270195,0.002146762886633505,0.062330921346732036,0.07614568863566827,0.04238751048910612,0.0014478102353875975,0.00013425324595577154,0.07864158683596136,0.00012058229899756452,0.02474786864476043,0.07748615392992218,0.010269836602629479,0.0016977544266118443,8.203036919891072e-08,0.07864046653549057,0.06990706812285603,0.0785276630592179,0.07701295119843651,0.07443730072948342,0.03280271653083125,0.0786340025423977,0.00030710295248204773,0.00871196739275012
0.07945053683857829,0.04974542140335386,0.0022220643475470434,0.0617566138290785,0.07644685787954489,0.03683596769707975,0.0016313508587625,0.0001772360679504189,0.07945174919484804,0.00013773503808336626,0.020054768999566187,0.07854530450947778,0.009721690760672886,0.0027251543133589044,1.0418686693144196e-07,0.07945076889114555,0.06923227252704343,0.07936649118733137,0.077438764210399,0.07520694891926051,0.03165137583505389,0.07944456977256312,0.00037229282591279305,0.008933959906520985
0.07915601708098977,0.05041860656523506,0.0028043611109791968,0.062187500891306424,0.07339212585705991,0.043300771788024835,0.0013239402181164143,0.00024608019271511614,0.07915755994788687,0.00011626941135044098,0.019115158332504278,0.07776724814371114,0.008328308222926874,0.0034155251321233713,1.368291743598575e-07,0.07915659270717156,0.06951146646056607,0.07906286000448767,0.07697078911099936,0.0740995138155108,0.031081341455012988,0.07914958139154747,0.0002701668456498428,0.009968078484950191
0.0802650207871212,0.05256547218997393,0.0019237781164044673,0.05953482662872814,0.07188210962160357,0.036823484768649016,0.001968196365904459,0.0003509587130624596,0.08026678144156066,8.945607712474049e-05,0.012636580525460094,0.07842015156655939,0.009713489875240625,0.005963501647823043,2.6314128850705857e-07,0.08026644653446618,0.06850609779341221,0.0801283212799353,0.0780833115797221,0.07620412873513899,0.03076568285179917,0.08025731792394852,0.0002285573466166354,0.0131560644884566
0.08215563964922508,0.0524446593383066,0.0034265730644307247,0.05890717191166042,0.06898817576776439,0.028403700428885712,0.0018048407361715574,0.0002868477206764157,0.08215705489947947,8.827684674946704e-05,0.011339624104390524,0.07970533706174239,0.014108786491832984,0.0064078442473511224,3.672794777804914e-07,0.08215682473767338,0.06801020845962902,0.082069373045484,0.07979611875453031,0.07791128944515788,0.025952438017701085,0.08215102661898416,0.00017291517813905537,0.011554906194556484
0.08264414399253175,0.05664754074850381,0.001391788905804893,0.05513520637798096,0.07751238161234492,0.02769750588426081,0.003654595826938723,0.0002534358727179697,0.0826446070510587,8.802299243223203e-05,0.00613042198585137,0.08046686742963194,0.007698845551988486,0.009294035378829104,4.6552160421109363e-07,0.08264468586953136,0.06751611058817929,0.0824937189374398,0.07973889508989117,0.07721575814275797,0.02415177560962117,0.08263812423168153,0.0002200734910828413,0.012120992907335006
0.08214970008984493,0.05399626818681719,0.001220926932212388,0.05992123256609368,0.07741271954095312,0.03420606028940203,0.0038434794026714174,0.000198674693259752,0.08215235414576327,9.607976231313314e-05,0.004683133084120584,0.07885508630658089,0.009697638760635703,0.010065969816210423,1.072395288037111e-06,0.08215152169279996,0.06557823523326073,0.08177738305361057,0.08018297609940625,0.07785871845800527,0.02151098610823306,0.08214625275522038,0.00021235140576882804,0.010081179221528428
0.08216724755045139,0.06015051558194909,0.0015795012511488733,0.06510053995920263,0.07523013808265368,0.027028274969307542,0.003521467949896682,0.00012532206362237877,0.08217043600823032,6.971996387550803e-05,0.007174409580881682,0.07818185654482925,0.010582234234550516,0.006986633416847745,6.146719681332109e-07,0.08216765896435835,0.07017847487924316,0.08183344393837051,0.08049259703774934,0.07951839339499657,0.014853944830492181,0.08216522476540886,0.00022821472263865364,0.008493135637326964
0.08355238100991624,0.056277699932434616,0.002873542280740786,0.06716660793382488,0.07274656075952533,0.01994939989332714,0.0028463867354357464,5.2025094224014764e-05,0.08355654959156142,7.554744919434042e-05,0.005851513259135137,0.07911627304257587,0.018116013360358958,0.0057621950473972965,8.914887867220605e-07,0.0835527844210432,0.07079062440068858,0.08314437796865455,0.08230736462522392,0.08007233749191603,0.010049247583713027,0.08355202242224785,0.00022922218664180353,0.008358432021432546
0.08315495839085026,0.05603234957020632,0.0033476728458205077,0.06697024015076004,0.07417080778889089,0.02117150490030666,0.0023680073030167433,3.653302680915243e-05,0.08315842804945774,7.45109185955612e-05,0.007564311776573237,0.07853917736887614,0.011930906874013531,0.004600675615393707,6.294952044993363e-07,0.08315287659568577,0.07284262743060398,0.08270277265450328,0.08197469949231038,0.07702227732227342,0.010517127559552595,0.08315262876292809,0.00021507174543959411,0.015299204361927912
0.08365562042935025,0.04571659274081894,0.003351558412679293,0.0651578525360773,0.07705103250600072,0.023955677661782047,0.0024108190768110656,2.4623499069827126e-05,0.0836598938879778,8.463891483631243e-05,0.01176118145962019,0.07745792859765702,0.015179507053505526,0.003369312962788268,6.632088651857043e-07,0.08365467298811427,0.07259590950125087,0.08303676178707403,0.08236306125683306,0.07997641689113794,0.010943337718390565,0.08365511180300252,0.00021240884530738987,0.010725416261049621
0.08379204267335306,0.03287965503308167,0.004258855869084196,0.06674531627695558,0.07699663023641798,0.029507284237507585,0.0027151606855930757,3.8493859879722844e-05,0.0837963530666418,5.7044034473376754e-05,0.01891629330611056,0.07769764103463245,0.01131041704833168,0.0033955185565203118,7.267233180874107e-07,0.08379036946158977,0.07676533742944897,0.08281955701254064,0.08196876129620849,0.07995593749158555,0.009858246548292746,0.08379193778545149,0.00013823226495798748,0.00880418806802324
0.08328824949437191,0.03391360171031235,0.002000605903759741,0.06605846328857895,0.07579094757422236,0.02945921813532249,0.002141849733563994,5.543510030208406e-05,0.08329252404401906,7.81309234286269e-05,0.022450915262002984,0.07858669169954148,0.011531414355441007,0.003069692614900788,6.87601772509282e-07,0.08328858212483226,0.07454298262723731,0.08206453181855607,0.08221041758090397,0.07999812714156923,0.012608563631770178,0.08328809559072609,0.00013279154086781242,0.010147480501996755
0.0826874388341636,0.04891134234402019,0.0010236579478736776,0.06721085619539757,0.07346603243202683,0.02296620044504641,0.0022328519118905237,8.95778640507397e-05,0.08269055874326395,9.527305356960568e-05,0.021894711284117054,0.07947443519498186,0.007983625593282691,0.004002037522437008,9.290724572100709e-07,0.08268667980414551,0.0699499096622434,0.08143929775843921,0.08136850588733624,0.07915346407265594,0.014692810213590727,0.08268687695479957,0.00013269964085780022,0.013160227567352682
0.08226151003635515,0.05252047524322827,0.0007744323090374237,0.07313800704670148,0.07597024045022398,0.025055959586734892,0.001571831826733397,0.0001406006030485856,0.08226375576256471,0.00017145482176846648,0.018377868564338002,0.07915139498272648,0.006394906418370089,0.004377932920574904,1.6671329940023051e-06,0.08225894069021145,0.06682761446446264,0.08069395881875047,0.0812388023978521,0.08007445219817921,0.01615713463968322,0.08226068627652282,0.0001103200742119349,0.00820605273472635
0.08189368068465241,0.04998918339961008,0.002160584015291061,0.06733034874860669,0.0729811456186896,0.03106605637840478,0.0010927434115964255,0.0001403934542113953,0.08189677553522769,0.00015387362749783913,0.022376780123026362,0.07936759920974308,0.007894214512206371,0.0035578382687421503,1.5156957470363255e-06,0.08189250913238418,0.07020034915479362,0.08110891639777142,0.08098604985363968,0.07881948848104671,0.015743624472354216,0.08189368068465241,0.00013083065882188108,0.007321818481282917
0.08160067646541451,0.04167538983136201,0.0023171469073021834,0.06406302367947826,0.07022415437548407,0.04201105304959393,0.001338199318974983,0.00010608263358478254,0.08161380119350235,0.00023946547993050423,0.020958906498247703,0.07903581855775597,0.011967874275184398,0.0027746565402043902,2.028543963170281e-06,0.0816078955523242,0.07024444954434342,0.08057830490181814,0.08094901279801332,0.07801970775214667,0.019486567885477903,0.08160154236667456,0.00024032408426983168,0.007343917764948704
0.08013845123594797,0.05330336938569676,0.004454665444238748,0.06692659302765741,0.0598019417254075,0.05013631138742561,0.0009431130252164091,0.0001782175805536667,0.08016300166569983,0.00027855993648768465,0.01820519008842768,0.07642882300631189,0.01302934979746887,0.0038277574627112692,2.255313904802689e-06,0.0801515339678788,0.06892412264185818,0.07939984548853994,0.07964434636249917,0.0755947343399215,0.020038958588640424,0.08014041985740725,0.00037746644109036103,0.007910972229008273
0.08012791934864956,0.060066889735974925,0.004865393051405978,0.06672818482202982,0.04045029779901963,0.06708010756300513,0.0017416917134380594,0.00017289394353390162,0.080158885071527,0.0002598473752028751,0.010068855254297519,0.0735294252904455,0.014176696573482226,0.0024072660273207645,1.2661497550567603e-06,0.0801446229695691,0.0721798529892631,0.078807607051618,0.07971285634724755,0.07745402129460827,0.019727860221844966,0.08012707843409526,0.0004948495476650138,0.009515631425000785
0.07993176013171953,0.06300548035681613,0.004117323198045596,0.06787352361968374,0.026426355431329998,0.07025026874209062,0.004424935066383703,0.0008530960746523776,0.0799713920152075,0.0001349624370042715,0.009144475554858584,0.07456715520526523,0.00978263277619449,0.005889517639721606,1.5063357207364167e-06,0.07995957967370122,0.07255133479518606,0.07898421776075401,0.07881790113639801,0.07789920795461573,0.020574367478726614,0.07994176105685277,0.00042764203747779956,0.014469603521593639
0.0806012065380963,0.06465940652809092,0.006561381135105142,0.0626025207164704,0.02169824893396481,0.06896122969016341,0.0022583345804806916,0.0009180491535284442,0.08063934562063947,9.720562864213757e-05,0.009811108334188946,0.07268327053756306,0.01109424041832584,0.005217814901014539,2.3915041045156613e-06,0.08061658907706001,0.07382296765642841,0.08002676484866993,0.07939861406304304,0.07691117579287146,0.020775798932179717,0.08060075948305767,0.00046197610142788563,0.019579599824883255
0.0803393766771359,0.07186349396697497,0.002275016054788416,0.052706325549379575,0.016342546346165866,0.07073208951087724,0.00662115893423408,0.0008621644857574188,0.08037104097478234,0.00016164461026873988,0.0059016874399210025,0.07242720280098314,0.010087156051148986,0.005748347040884293,2.180274732010513e-06,0.0803649505809705,0.06778017961261372,0.0795532079432737,0.0790096247221764,0.07603712440518003,0.019324203817036683,0.08032007046417927,0.0005870018350461975,0.04058220590148954
0.08031377953685709,0.07363485615000837,0.0010659917805864022,0.0662352095577981,0.01787391776464808,0.0673111076349766,0.006218729792562437,0.002343851335155322,0.08035955213726541,0.0001643391118082993,0.0036714436130507503,0.06805761835581993,0.008090868918192115,0.008878770470044262,5.421511290904578e-06,0.08034047263398623,0.07042534542297929,0.0793742888878189,0.07907315663716864,0.07860715102945252,0.017401431738000493,0.08028598920058908,0.000359781838768969,0.029906924941171812
0.07937095967811025,0.06680500763751586,0.000725215531608373,0.05528290012793487,0.0247858850364226,0.07196287393772606,0.004326030480453613,0.004919744419085187,0.0794509171950649,0.00013225966377039718,0.004412715875701444,0.07360739481381597,0.006483047485526083,0.01001135059399253,4.050940803284599e-06,0.07946523525717898,0.0672897844341363,0.07872218374118,0.07794681945760394,0.07846370529027569,0.025818140560178875,0.0794223853055709,0.0005500466919491489,0.030041345844394732
0.07795532357374424,0.06566083965311827,0.0005389215532507413,0.06037370139025673,0.028868981084173795,0.07317144890719435,0.0059551695808712935,0.0066456159339821855,0.07799990241690302,0.00022140313676736277,0.0016389959269234033,0.06824663121690251,0.007635766845253039,0.009756278945993223,5.906161697983106e-06,0.07800796029170484,0.06505925788810754,0.07658148848650304,0.07720822086997715,0.07723530221479319,0.0377914700393432,0.07796583789074892,0.0007830211924549773,0.024692554799335017
0.07521581648034156,0.06860346315246701,0.0004152106363515569,0.0630965307420157,0.03555937073330297,0.07113724385027584,0.007271147261710508,0.008759940531309997,0.07524147832591187,0.0002538264899964632,0.0017458067300970752,0.0674030301158927,0.004210131670090236,0.011393877387980164,4.48869084665175e-06,0.07524556303458232,0.06525567632438127,0.0741454163289039,0.07417674739101353,0.07455831304512402,0.04064033760413415,0.0751721100975677,0.0009620027561818632,0.02953247061952094
0.07576540907227897,0.06531212041487049,0.0013405325298222154,0.06534841468614289,0.025553264531221562,0.07428480192505539,0.005150012278505837,0.006833172685174005,0.07587931968352554,0.0005066196044311811,0.001938878890415521,0.06621384751171001,0.004401544756592877,0.004104925072875457,3.4981884904693056e-06,0.07585055579472164,0.06752426982533387,0.07393585196629328,0.07497178640837648,0.07509703332255789,0.05556523503355491,0.07564108987949542,0.001740131551437273,0.027037684387116834
0.07432217440623866,0.06200025307422009,0.0008382645023484635,0.06550768236125752,0.035234228317131265,0.07301882663041534,0.005966550018205668,0.010817268756317836,0.07442730300926297,0.00030451503015075813,0.0020570040466341317,0.0656036631682934,0.0031858820377053056,0.0031590581242741853,3.7590336428182217e-06,0.07443557155107386,0.0644896969728189,0.07301586469841326,0.07251577778324968,0.0737567429192451,0.060025918903323136,0.07421565143042776,0.0017556041518648703,0.029342739073485023
0.07544399007704919,0.06678173710754395,0.002306788661580624,0.06416892017027487,0.030813137948320156,0.0732914296288542,0.003134666321932399,0.014217070564212023,0.0755390219528846,0.0002576593255874005,0.004440025450182652,0.06728051905692065,0.0032119429071363345,0.004413611408896235,7.27993995642728e-06,0.07564462847181855,0.06705455206758498,0.07489140968732493,0.07283370058328635,0.07473368818595029,0.05429238404793831,0.0755172046994752,0.0031141782330097695,0.016610453502279934
0.07475301603892019,0.07095218753027206,0.0032077192729737507,0.06487652295483737,0.026513366604328913,0.0729773331222839,0.005515592952623587,0.02206655259946752,0.07467849883545932,0.0002532615653559547,0.0030720490974705055,0.05735999591301078,0.004961115815057038,0.003791042067793213,4.571621275682219e-06,0.07470778669154593,0.06552211091876578,0.07422376210149412,0.06930116895150022,0.0740048200789537,0.059089984950164695,0.07475185917530476,0.004587721333218317,0.018827959807922675
0.07401657401924994,0.07055190633023048,0.00410373283366464,0.067730457978877,0.036595910432964535,0.0720860321353965,0.010157576451923275,0.023057492603956505,0.07351056237383599,0.0002319807447319938,0.0036016720909747414,0.05813886822926696,0.005009530315402553,0.003952480433518856,3.4095318250539745e-06,0.07364028367994203,0.06363471091839171,0.07376543095437091,0.0596681504221449,0.07310676155415095,0.05699249214905027,0.07399256366746054,0.004960455595828591,0.01749096455284105
0.07422337632432079,0.06929367381121711,0.011320977468605895,0.07057341456326745,0.027338959175372612,0.07209864062272706,0.012934775010057705,0.02990712424503691,0.07304598503740736,0.0001888503700965793,0.006110999963540996,0.06148223352018318,0.006033688075497655,0.005378589869026603,3.977104064625627e-06,0.07353323570762145,0.05785809854973903,0.07406193338875652,0.05593053321353427,0.07225770261639311,0.051099770585828715,0.07426312962983186,0.0043673125089060865,0.016693018638966443
0.0724234619949664,0.06542651204856662,0.0037787456320573635,0.06938550924117023,0.03724297447440447,0.07029966610489666,0.019464659246567817,0.03828764482900418,0.07125973869370805,0.00015656037892323112,0.0048118840573991815,0.06195490597300548,0.0041805071449592624,0.006335134884159121,5.626439317158192e-06,0.07180320817017308,0.05940760641640957,0.07204963366580247,0.05252708763871671,0.07140397109198211,0.052741208157505486,0.07240144079071854,0.0037112543184490065,0.018941058607137806
0.07113722035324845,0.06629183141128961,0.0016077096048925743,0.06950615471174577,0.046713525937217414,0.06788708885262439,0.0268389596412105,0.041031936938692656,0.06963294037706146,0.00017167547069815405,0.004691640933752808,0.05750726434967534,0.0030668130552331165,0.007039692510610016,5.902193847364535e-06,0.07045784152349135,0.060954222015326624,0.0706423068507382,0.04725064893973576,0.07048014625173353,0.04834705949856558,0.0710646184840587,0.003139850314757053,0.024532949779793586
0.0720826315165439,0.06833253065745148,0.0025309116303893543,0.0700017908743834,0.045692310046521196,0.06806986764639827,0.025677772562913422,0.03584598325341979,0.06978483702106889,0.00025580383948746514,0.004469586418211847,0.051567122697192415,0.006194533552336114,0.006493892162760501,4.050505455516464e-06,0.07118699201480083,0.06416929545977294,0.0717296176983586,0.04158958707593473,0.07120490721533841,0.05281263805912175,0.07197337117650418,0.0055047746570591775,0.022825192258575832
0.07166795926047084,0.06737075024111623,0.0020553159079308514,0.07006282636011499,0.05228671377680809,0.06934885787993686,0.029234066121805905,0.03705345832792492,0.06792814188299907,0.0003318691475358798,0.002317000969966178,0.04511387585506656,0.00533038429415474,0.006711521882592773,3.236172290322034e-06,0.07074313693734498,0.06586466602973605,0.07132784675007516,0.03457925595766164,0.07066167009650308,0.056756233463517866,0.07145015823470818,0.005833475403364492,0.025967579046374333
0.07153124165727402,0.06651489478942686,0.001208194211101146,0.06985329624392546,0.050540503128250105,0.06923132937660507,0.027464900647533107,0.0285630233662308,0.06732910798164705,0.0007465572740343033,0.0025687258974188697,0.0475416698877792,0.004352248649977644,0.008678350859480086,9.766181689552637e-06,0.0711122147632505,0.06384776552915047,0.07052987252194493,0.04513100013126646,0.07024233219837979,0.05405829886898748,0.071341923049861,0.0055619943376447895,0.03204078844714132
0.07289212545940474,0.06613235425048272,0.0007491547136396639,0.06933178290858111,0.05280841075632978,0.0646886638654364,0.038319781789463,0.019580972334099535,0.07115432517472686,0.00037557282378746805,0.0037023559772208087,0.04669491628575386,0.00812057346573855,0.005681548841985135,1.8164280318745956e-05,0.07248894284249742,0.06403479329164319,0.0716407614683898,0.039765948330594936,0.0719157279398656,0.050442772175018906,0.07273507014634688,0.00401174493487803,0.032713535943796876
0.07316218395527628,0.06531177910281571,0.0004346140996135193,0.06969263960890099,0.05480097924305301,0.0636269678196223,0.03022196847924493,0.009645113932842815,0.07165846533808364,0.00035288413733072636,0.0030660943810546103,0.04871853516566155,0.00547262289985838,0.007536808926477295,4.7787917771271796e-05,0.0729882195117234,0.0614047182647824,0.07133393903423522,0.058623191521482564,0.0716854364003483,0.04049564574803016,0.07307106762654704,0.002000750524950779,0.044647586360293104
0.07236837939013696,0.06321055312795724,0.0003426441821809136,0.06933515259904788,0.060608261006731896,0.062361072630643014,0.035583752153736194,0.008286439508634657,0.07063591623463315,0.0003882931990114326,0.003158510958541482,0.051839281055467666,0.0030282747110731926,0.009905024269113554,0.00010245965903714837,0.07214507342243999,0.05915714167816878,0.06972786205091816,0.05926798011831483,0.07051555389888937,0.0367841194969576,0.07228891708698508,0.001957823847500549,0.047001513713879235
0.07080266284141461,0.06209350305660565,0.00022407725827994,0.06671491468265368,0.06355979001002633,0.06065203746312804,0.043415082961537094,0.0064372653605817886,0.06878668636377595,0.0005290311334169768,0.0019150503755737099,0.05831631789290757,0.002799809230723368,0.013132846233525126,0.00010320104101713873,0.0706102233029122,0.05729889161739438,0.06835296798398705,0.0561281479877388,0.06865879081814764,0.039351010236221014,0.07069427764583355,0.0026056782877955285,0.04681773621480286
0.06997946835168213,0.055677416319492065,0.00015076334432324463,0.06677989964293042,0.06590744799748799,0.0526545163219416,0.050329162352709,0.007034962619293003,0.0690824670835036,0.0003383114322441672,0.0020504784111908645,0.0642312343504772,0.0026835190106057503,0.01286375372580529,8.35610499546093e-05,0.06971337066249142,0.05668900616881132,0.06655211373734929,0.057264267835682156,0.06841056530031067,0.04358017192147595,0.06986963009747316,0.0026996458900750034,0.04537426637269009
0.07033375531150478,0.049521729391899576,0.00017905294969067874,0.06888441186972105,0.06714972878031526,0.0490328769502184,0.049628965415750126,0.008769803532002367,0.06953549823020655,0.0002795470792923256,0.003501783978728009,0.06484265256834226,0.002904080398966567,0.0113281843771727,0.00010020639143588389,0.06989007986212696,0.05601228330286466,0.06718358947161766,0.05768495776740924,0.06843018462074621,0.04503645006175806,0.07021793334881014,0.0019337033875775503,0.04761854095184298
0.06901334593716374,0.0507451279058995,0.00010817443651725082,0.0680042836533043,0.065998765772402,0.05250751388403052,0.048059318597783604,0.017696331751176284,0.06763922531382173,0.00035285745614684684,0.0032369130942018153,0.06292289898244963,0.0020408124841564124,0.013888290426028438,9.334098034631121e-05,0.06863900973535735,0.05780444406062256,0.0654306203000361,0.05538423622060395,0.06720533281638777,0.04354306368205636,0.0688195490261011,0.001541505289574216,0.04932503819383224
0.06802244765943707,0.05237858125117424,0.00011650952116692162,0.06743495641333477,0.064980945565912,0.056508305457766674,0.05004482978264915,0.024859132645522395,0.06680511837105044,0.00041992315857317976,0.003151807193887866,0.06180285282354542,0.0015975551171224513,0.013370110633187536,6.76720400009729e-05,0.06758346458512139,0.057073598033361025,0.06370375661031702,0.04906715030830652,0.06697301941833474,0.04625311251388229,0.06789180968134087,0.0021784013798177094,0.047714939835187355
0.06778426170102228,0.05160049070096397,0.0001233474268848518,0.06711724117567729,0.06392650974838855,0.05270050742991193,0.05179817124106236,0.028675573636427247,0.06663827482456429,0.0005231593856645184,0.003896901062933968,0.06275453006485396,0.002158421082822898,0.010092609060273618,6.724287779932306e-05,0.06742609450206205,0.05572988995446601,0.06422322689106116,0.04780505104849068,0.0670554591757391,0.04999844968146859,0.06762947475752625,0.002672632158248695,0.047602480411686396
0.06857024923814307,0.05136251712858272,9.31822433018487e-05,0.06790961118359985,0.06610402340711075,0.04557660166706364,0.05094181013712511,0.017837950625546908,0.06749720508582072,0.0007421494707754172,0.00369890649369407,0.06514602816618599,0.0020369229486875383,0.010040520898532326,9.376609194409085e-05,0.06826691016391823,0.05381780757697544,0.06518007166350802,0.05714021364009241,0.06772108338413227,0.0514875631676089,0.06832670445925074,0.0026230946939483036,0.04778510646445165
0.06778000540306998,0.055497529172404476,8.856114474307776e-05,0.06728212758379062,0.0635069549691713,0.04556772039339741,0.0486663704856989,0.024881049648592436,0.06671615414982209,0.0009469979151619379,0.004592275452195139,0.06472539598153638,0.0017128731562906332,0.010464303478500574,9.059980225265095e-05,0.06763313298499202,0.05387147002934673,0.06364076540288803,0.056963985928744534,0.06735820777168514,0.048315089754386975,0.06762733080780986,0.0026822537898496326,0.049388844793669465
0.06763212119685509,0.05276501699932486,6.0760633761200394e-05,0.06699879825398156,0.0641982308370146,0.04649183879469594,0.047207788761799443,0.024486674862362553,0.06655098088304488,0.001364746529112714,0.0034309920879177407,0.06490416014010626,0.0012998628306915378,0.010996326630322269,0.00013628951922359798,0.0675805909730459,0.05258052198245171,0.06312303662919933,0.05985271875419273,0.06724349809933086,0.05152597543569834,0.06736748916342898,0.0026013304228242624,0.04960024957961364
0.0666233367788872,0.05350716792377781,4.877894117495741e-05,0.0657613112190527,0.06309935308801702,0.048109860151225835,0.053138959424990306,0.028766057901244584,0.06482498183433627,0.0013876082928399034,0.0036907918137439157,0.06501338870186699,0.0016951160126979583,0.011414678593319636,9.623920956904983e-05,0.06665899671865011,0.050841472889212085,0.0627020381743141,0.051964814774470396,0.0662820395629841,0.05328279435574665,0.06645390525412162,0.004381553252198956,0.05025475513155786
0.06711242975339189,0.04717850244070225,7.551650490247875e-05,0.06595724307028951,0.063799861987105,0.046742308680385175,0.051786737181942294,0.03410620740943099,0.06458953357897886,0.0018532894084126,0.005832319850314423,0.066239595663298,0.001813757953354303,0.008532057530787148,0.0001289680530303567,0.06725637397591691,0.04691163092229832,0.06479649639625587,0.04970356709204144,0.06681888476185174,0.055631587582209235,0.06696709352155993,0.005356035417327297,0.050810001264214
0.06695592358321531,0.045233635110379616,6.945310075207097e-05,0.06561582244687461,0.06358252505312431,0.04793853226424606,0.0530132602032432,0.040583369731494554,0.06280687891647824,0.00152479567987003,0.006391018015172353,0.06636334664123952,0.001611073446061825,0.009651411710780421,9.954710626045641e-05,0.06701474878631082,0.044929785059558004,0.0652405412196858,0.04540540903233777,0.06633849944622801,0.054728650583289906,0.06686141285387565,0.004563123832966701,0.053477236176554754
