0,1,2,3,4,5,6,7,8,9,10,11,12,13,14,15,16,17,18,19,20,21,22,23
0.020839998,0.017860489,0.040231477,0.017555619,0.03363931,0.016220834,0.03502429,0.014135576,0.047261514,0.021256238,0.06707291,0.04093666,0.06681608,0.06445265,0.080511376,0.07558641,0.041062944,0.087954015,0.04150335,0.03464079,0.015980309,0.040368367,0.035002824,0.044086013
0.016995953,0.014154414,0.03014993,0.013953306,0.02745489,0.013669576,0.02628926,0.0115981,0.057838283,0.017649565,0.0792812,0.04722117,0.07903864,0.08622995,0.0984512,0.07847829,0.052039858,0.05801437,0.046997786,0.026116362,0.013070962,0.040535446,0.026716277,0.038055204
0.012302176,0.00945376,0.02255197,0.010591689,0.021185203,0.009689815,0.020104468,0.008039195,0.06419104,0.012988531,0.08926123,0.053072575,0.08026727,0.10688728,0.122550294,0.08297908,0.06577781,0.04140145,0.04715976,0.019446328,0.008914105,0.039450917,0.019852651,0.03188135
0.019863354,0.017274145,0.038079266,0.016592715,0.03242676,0.015376695,0.033146076,0.0133629795,0.048744157,0.020248324,0.0706992,0.04204346,0.07170379,0.068406336,0.084916055,0.07723995,0.041908335,0.08205679,0.042103104,0.03213262,0.014925348,0.040281996,0.033446986,0.043021556
0.015831567,0.012924663,0.029962493,0.013487262,0.026601681,0.012473975,0.026207916,0.010786239,0.057248607,0.016633412,0.078866705,0.0488101,0.07631754,0.086599685,0.1044276,0.08119752,0.053837575,0.059768476,0.0456233,0.02601453,0.011915504,0.040536296,0.026221378,0.037705947
0.009263042,0.0071095144,0.016870882,0.007841506,0.01689433,0.0074922987,0.015499547,0.0061757485,0.06973847,0.00995208,0.09633785,0.055252183,0.0863095,0.12361566,0.13747193,0.08315742,0.07201302,0.029448044,0.048527893,0.014541433,0.00674707,0.037589733,0.015227199,0.026923694
0.009802687,0.0073182327,0.017865181,0.008274672,0.017372802,0.007665202,0.016386336,0.006359272,0.0686179,0.010365616,0.09498421,0.05527208,0.0843264,0.119332254,0.1364213,0.08412241,0.07198337,0.03185613,0.047328964,0.015463155,0.0069360337,0.037808843,0.015883887,0.028253047
0.021692974,0.01884982,0.03998681,0.018115347,0.034311265,0.017091941,0.034475017,0.0148022035,0.047843203,0.022033304,0.06698897,0.040918157,0.06878271,0.064554185,0.077795416,0.07299736,0.040763866,0.08444764,0.042778462,0.034320258,0.016520066,0.040285677,0.035142567,0.04450279
0.010626869,0.008217923,0.019414738,0.009157286,0.018782437,0.008631883,0.01776074,0.0070553864,0.06726048,0.011302493,0.09249028,0.054863803,0.08197419,0.11479321,0.13109988,0.08337956,0.07062008,0.034184538,0.048008442,0.016810635,0.007724135,0.038744222,0.017686123,0.029410684
0.017693339,0.014874667,0.033439618,0.014514645,0.029341452,0.013805089,0.029100558,0.011732649,0.053567328,0.018393066,0.07577894,0.044425964,0.07593203,0.07927219,0.094309576,0.080300964,0.04723366,0.06971423,0.04522002,0.028291358,0.013226851,0.040606655,0.028960973,0.040264208
0.012185356,0.009507806,0.022989906,0.010435467,0.021412717,0.009487641,0.020582216,0.008006994,0.06288874,0.012799332,0.0886476,0.05251958,0.08134334,0.10411605,0.123952985,0.083746575,0.06350688,0.044202544,0.04702687,0.019746149,0.008958044,0.039309848,0.020270672,0.032356653
0.01692803,0.013805477,0.031070994,0.013892745,0.02801521,0.013118254,0.027659379,0.011151439,0.05612092,0.017355483,0.079884715,0.045730487,0.076072246,0.083200276,0.09867459,0.08121372,0.04944798,0.06422082,0.045480236,0.026490092,0.012493166,0.040779825,0.027793486,0.03940043
0.011564436,0.008890781,0.021067163,0.009925626,0.020119924,0.00923282,0.0189384,0.007820561,0.065153316,0.012231808,0.09064627,0.05448783,0.08230094,0.10920626,0.1274857,0.0828642,0.067755505,0.037262276,0.04756797,0.018204836,0.008374162,0.03943148,0.018938083,0.030529635
0.011512859,0.009109521,0.021279229,0.009631726,0.02029328,0.00900801,0.019235333,0.007586087,0.06500551,0.012156149,0.09248034,0.05256375,0.08427411,0.11056829,0.12425823,0.08421146,0.063966334,0.03998815,0.047257476,0.018139394,0.00840705,0.03898594,0.019154029,0.030927718
0.016029809,0.012968732,0.029976847,0.013519872,0.02672522,0.012610768,0.026132884,0.010687827,0.056403626,0.016422948,0.08006715,0.0480111,0.076272264,0.08669871,0.10543878,0.0810047,0.053196676,0.060128484,0.045724947,0.025986746,0.011936805,0.040196724,0.02635501,0.03750335
0.007780359,0.0057849954,0.014534824,0.00661463,0.01483861,0.006191519,0.013484134,0.0051693735,0.07123858,0.00854314,0.1006266,0.05712945,0.08657516,0.13221139,0.14421542,0.083201975,0.076526,0.025379004,0.047548745,0.012369491,0.0055258516,0.0365839,0.013197975,0.024728853
0.015297292,0.012445157,0.029361863,0.013128546,0.02604292,0.011987824,0.025848761,0.010273066,0.057354193,0.016120272,0.08251103,0.04824321,0.07707935,0.08896942,0.105277,0.08139748,0.053922772,0.05936834,0.04567248,0.025076907,0.011364381,0.04006024,0.025649723,0.0375478
0.016469942,0.013700244,0.030678993,0.013926863,0.027715594,0.012988488,0.027387679,0.011145015,0.055922907,0.017086148,0.07983401,0.04734509,0.07718006,0.08453611,0.1001469,0.08036604,0.051116873,0.061932746,0.045558505,0.026121302,0.012415253,0.040392328,0.027481912,0.038551006
0.01508944,0.012011583,0.028015248,0.012637761,0.025485944,0.011730312,0.024651827,0.009828208,0.058218863,0.015422082,0.08409802,0.04900778,0.07835617,0.091639675,0.108077586,0.08268375,0.05486041,0.056124274,0.045794588,0.023848902,0.0111121945,0.03970844,0.025105463,0.03649151
0.013682191,0.011119109,0.025060873,0.011493621,0.023131,0.01085186,0.022515288,0.0091879675,0.061322045,0.014449544,0.085531816,0.050592642,0.081694566,0.10054516,0.115650274,0.08149514,0.059264947,0.046995025,0.047303308,0.021698002,0.01025724,0.04007099,0.022074983,0.034012344
0.009850508,0.0074581737,0.017983697,0.008545308,0.01775468,0.007864609,0.016571814,0.00664379,0.06856458,0.010582025,0.093798466,0.057149194,0.08297903,0.11817733,0.13429148,0.08275989,0.074844174,0.030572236,0.0483173,0.01558154,0.0070540463,0.038853265,0.016193207,0.02760966
0.017762909,0.014816363,0.031965032,0.014874552,0.028790297,0.014073409,0.028335761,0.012008219,0.055502582,0.018096667,0.07721791,0.045811,0.07633405,0.081728965,0.09483854,0.079293795,0.049542215,0.064097814,0.045599084,0.027402138,0.013425272,0.040601637,0.028405912,0.03947582
0.008157856,0.006053269,0.014869135,0.007001923,0.014941597,0.006538491,0.013713162,0.005439435,0.071774095,0.00878152,0.09796163,0.05854825,0.08526863,0.12819672,0.14354627,0.082077265,0.08001438,0.024266275,0.048623588,0.012990165,0.005827467,0.03743923,0.013204258,0.02476535
0.014410521,0.011647362,0.026562676,0.012042455,0.024522707,0.01134486,0.023788998,0.00956366,0.059580594,0.014879932,0.08511086,0.049189493,0.079875164,0.0949367,0.11166702,0.0831798,0.056198552,0.0523651,0.046288874,0.022616055,0.0106168175,0.040125016,0.023761017,0.03572582
0.016043618,0.013058493,0.030244393,0.013595114,0.026780946,0.012671848,0.02656763,0.010951746,0.056762014,0.016997315,0.078908175,0.048133165,0.0748931,0.08629249,0.10461012,0.08037024,0.055117175,0.058412608,0.046267796,0.026257351,0.0120213805,0.040886573,0.026661346,0.037495334
0.016515922,0.0137481,0.030765057,0.013911297,0.02774443,0.013221556,0.026975038,0.011266742,0.056232084,0.017146913,0.079445794,0.04704949,0.077499546,0.08489323,0.09981923,0.0802726,0.051064607,0.06163364,0.045247346,0.026304921,0.012508149,0.040862132,0.027160771,0.038711507
0.0135722505,0.010727376,0.02517669,0.0116008455,0.023128392,0.010674498,0.022631103,0.008985453,0.06098871,0.014238631,0.08538822,0.051495757,0.07979739,0.09736655,0.116775,0.083449826,0.060438618,0.048771065,0.04682585,0.021806091,0.009938939,0.03976766,0.022359353,0.034095712
0.015078768,0.012101236,0.027544871,0.012547755,0.025047675,0.011895905,0.024733301,0.010041446,0.05998116,0.015380518,0.08384347,0.048560735,0.07847058,0.09236122,0.108483605,0.08108686,0.05559282,0.054094683,0.04684165,0.023664465,0.011295297,0.040218033,0.024639593,0.0364943
0.012618459,0.009985428,0.023414826,0.01079856,0.02182806,0.0097563425,0.021291818,0.008356021,0.062021274,0.013319654,0.087525316,0.051614076,0.08101436,0.10190429,0.1226202,0.084909976,0.062608905,0.045072787,0.046485145,0.020386828,0.009125441,0.039478764,0.020967415,0.032896105
0.012643042,0.0101796985,0.023369387,0.010668668,0.022165166,0.010044858,0.021163471,0.008469814,0.063086994,0.013540076,0.087634645,0.052214194,0.08226179,0.10500501,0.11878395,0.08330933,0.0615101,0.043327074,0.047692556,0.02000516,0.009352594,0.040123627,0.020633984,0.032814786
0.013714904,0.010907166,0.026258267,0.011604083,0.023646142,0.010713494,0.023640204,0.009243131,0.060174074,0.014427978,0.08555884,0.050296202,0.07941197,0.094624676,0.116024256,0.0833311,0.05862845,0.05153166,0.045728646,0.02279161,0.010174081,0.039602578,0.023102535,0.034863926
0.015500761,0.012732602,0.027929356,0.01324485,0.026112566,0.012367534,0.024981262,0.010533979,0.059024893,0.016098304,0.08277721,0.049688324,0.078328654,0.09164253,0.10460671,0.08092617,0.054428127,0.0541556,0.046963137,0.02401268,0.011611092,0.04031653,0.025351277,0.03666593
0.02100084,0.017686415,0.038230963,0.017744992,0.032395944,0.0168132,0.03288936,0.014458686,0.050470784,0.02167413,0.06866582,0.043094583,0.06925291,0.06846116,0.08375132,0.074005604,0.045731068,0.07423105,0.04366706,0.033198837,0.016106559,0.041174266,0.033391982,0.041902505
0.01629835,0.01350427,0.030270537,0.013438361,0.027403558,0.012795346,0.02665107,0.010945622,0.05661058,0.01676169,0.08091631,0.046569858,0.0782511,0.086425774,0.10100885,0.081120804,0.050652508,0.061907023,0.04489376,0.025860472,0.012148287,0.040415626,0.026894586,0.03825563
0.016927022,0.01377748,0.031383883,0.014234123,0.027825445,0.013118175,0.027632788,0.011289929,0.055180978,0.017311757,0.077144854,0.04699858,0.074414425,0.0825568,0.10263083,0.08094082,0.051381495,0.06384207,0.04495315,0.027456636,0.012536237,0.040447075,0.027628394,0.03838712
0.013902433,0.011148836,0.024833713,0.011702326,0.023462227,0.0109914085,0.022429204,0.009318738,0.062280897,0.014277182,0.08632413,0.05117358,0.080483995,0.09987134,0.11357869,0.082338825,0.060067613,0.046220306,0.047436856,0.021300936,0.010193164,0.040247492,0.022294017,0.03412214
0.015993841,0.012851466,0.0292213,0.013376845,0.026377974,0.012407417,0.026131352,0.010716497,0.057479642,0.016721118,0.08036579,0.04899491,0.07643966,0.08674273,0.10680072,0.08138751,0.054463428,0.057366587,0.045219474,0.025831316,0.011913791,0.040174685,0.026127705,0.036894247
0.019578746,0.016398242,0.035158098,0.016164951,0.031164609,0.015291042,0.03098573,0.013191247,0.05172825,0.019652825,0.07211544,0.04435205,0.07328186,0.07349642,0.08954887,0.07729374,0.046544347,0.07109593,0.044431947,0.030671082,0.014753001,0.041030116,0.031204984,0.04086646
0.015609487,0.012493528,0.028213872,0.013326023,0.025720317,0.012390804,0.025192384,0.010572715,0.058461633,0.016239414,0.08105393,0.049930405,0.07630172,0.0896725,0.108442806,0.08118994,0.05779806,0.05320508,0.0462158,0.024681982,0.01150393,0.04101213,0.024698244,0.036073275
0.01667412,0.0138535155,0.031174544,0.014072926,0.027685031,0.013178226,0.027414598,0.011250142,0.055676855,0.017256565,0.07916981,0.046665948,0.07725501,0.084165245,0.09963404,0.08050268,0.05051721,0.062450185,0.045552913,0.026642013,0.012678378,0.04040112,0.027340744,0.038788144
0.020512514,0.017078709,0.036742687,0.017237742,0.031839505,0.016430456,0.031967692,0.013910038,0.05117598,0.020825109,0.07016725,0.04365894,0.06958819,0.07088851,0.08606904,0.07552754,0.04690609,0.07300422,0.044192012,0.032163776,0.015616428,0.040736295,0.032218248,0.041542932
0.01866172,0.01572355,0.03541752,0.0152251655,0.030667618,0.014302132,0.030905928,0.0123517485,0.052018255,0.019097762,0.075214066,0.042436793,0.07383013,0.073217094,0.089643374,0.079241276,0.043519545,0.07758114,0.04329275,0.030111054,0.013994127,0.040341552,0.031306572,0.041899133
0.021776365,0.018415771,0.042563256,0.017859554,0.034368884,0.01659368,0.036076784,0.014277572,0.04516196,0.021963952,0.06532171,0.03931551,0.06614481,0.060169406,0.07767352,0.074980006,0.038156193,0.09610494,0.03944437,0.036200587,0.016366942,0.03926382,0.037061352,0.04473906
0.02072903,0.017462222,0.037920892,0.016970852,0.032612782,0.0160442,0.032876972,0.013728572,0.049434826,0.020738862,0.06906944,0.04180219,0.070572294,0.068443574,0.08345531,0.07628533,0.042173017,0.08191559,0.043000627,0.032468084,0.015483285,0.040509272,0.033214785,0.043088004
0.012188552,0.0097675575,0.023019087,0.01051715,0.021203002,0.009614897,0.020870259,0.008179013,0.0629593,0.013278094,0.08783204,0.052881207,0.08053889,0.10448844,0.12283,0.083732724,0.06447874,0.04274896,0.047222897,0.02022189,0.009123979,0.039489716,0.02026702,0.032546602
0.022277078,0.019162863,0.04203356,0.018340603,0.03536008,0.017251723,0.03580741,0.015148245,0.045691185,0.02239084,0.06469205,0.039081216,0.06689114,0.060069952,0.07549241,0.07432234,0.038137168,0.09236105,0.04121619,0.03563627,0.017003084,0.04037505,0.03662083,0.044637665
0.018063681,0.014763347,0.0321429,0.015323119,0.028993994,0.014222144,0.028368035,0.012197346,0.055080313,0.018221479,0.07600719,0.047239497,0.07351387,0.079867,0.097001106,0.07849672,0.051551864,0.06347148,0.045379218,0.02815606,0.013480981,0.0404813,0.028829824,0.039147567
0.023936104,0.020761378,0.043825205,0.019692466,0.03719459,0.018318547,0.03823384,0.015985433,0.04341921,0.023807881,0.060701724,0.037515715,0.0637706,0.055146974,0.06919843,0.072410636,0.035292882,0.099906266,0.040529683,0.037772637,0.018564394,0.0390589,0.039072018,0.045884497
0.019888526,0.016450902,0.035242587,0.016580427,0.030897023,0.015820881,0.030706232,0.013469438,0.052111313,0.020073786,0.07192123,0.04453195,0.07112679,0.07358367,0.089871846,0.07657658,0.048261058,0.0695642,0.04397772,0.030974872,0.014879768,0.041052043,0.031408917,0.041028325
0.020177808,0.01720989,0.03820484,0.016717834,0.033030294,0.015635649,0.033432413,0.013411675,0.04906293,0.02051605,0.069859006,0.041401077,0.07051118,0.06840165,0.08291228,0.076932885,0.041983556,0.08279234,0.0428612,0.03221225,0.015140541,0.04072048,0.033620425,0.043251798
0.023065345,0.019768335,0.044254437,0.019277178,0.036486655,0.01803257,0.03778338,0.015556196,0.0440558,0.023311365,0.061674554,0.03829452,0.06379674,0.055547256,0.07115733,0.07187146,0.036807325,0.09931424,0.03991831,0.037761215,0.017965617,0.03952652,0.03878526,0.045988347
0.024891637,0.021546077,0.045284137,0.020008054,0.03828729,0.01932621,0.0386835,0.01604891,0.04159833,0.024739863,0.05958564,0.035622027,0.06374579,0.0517025,0.064107195,0.069971085,0.03253794,0.10874081,0.0396412,0.039044127,0.018952899,0.03783589,0.04019654,0.047902346
0.02147764,0.018158969,0.0389398,0.01807656,0.033576693,0.016905114,0.03391486,0.0145077305,0.04851728,0.02177646,0.066606715,0.042499837,0.0676994,0.06615173,0.08142377,0.07470774,0.043291897,0.0802089,0.04305853,0.03413351,0.016367294,0.040559214,0.03445011,0.042990245
0.021600349,0.018446561,0.039819576,0.01766566,0.034027733,0.016728941,0.034594472,0.014570518,0.0479474,0.02174019,0.06737661,0.040732868,0.06863104,0.064671,0.077957675,0.07477554,0.039899155,0.08614975,0.042385925,0.034173757,0.016486052,0.04039995,0.034924008,0.04429531
0.019599367,0.016398689,0.036259428,0.0163687,0.03144315,0.0153027065,0.031531624,0.0129723465,0.05135701,0.02005677,0.07236881,0.043267176,0.07156277,0.07190977,0.086740255,0.07681392,0.045071807,0.076479316,0.04331056,0.03114795,0.014876821,0.040615004,0.032309666,0.042236395
0.022566354,0.019589335,0.041777957,0.01860524,0.035144158,0.017587595,0.035989508,0.015201056,0.045951575,0.022627482,0.06412876,0.039104544,0.06706508,0.05978073,0.075066514,0.07329328,0.038026016,0.09221107,0.041022774,0.036047142,0.017215468,0.040071905,0.03667491,0.045251593
0.02118939,0.01787293,0.038189963,0.017497247,0.032913823,0.016489122,0.03334007,0.0143449865,0.0495857,0.021425003,0.06806979,0.042634916,0.06944181,0.06577643,0.08383497,0.0759021,0.043480776,0.07875626,0.042676646,0.0335901,0.016065666,0.040402062,0.033919256,0.042600997
0.025566446,0.022304846,0.04643405,0.020656804,0.03944733,0.019823864,0.040102594,0.016667007,0.04031838,0.025315838,0.056474764,0.03448908,0.061086606,0.049786836,0.06160123,0.06927629,0.03192053,0.11102199,0.039944965,0.040421,0.020013584,0.038075205,0.04165018,0.047600593
0.023739932,0.020223329,0.045057,0.019621868,0.03729788,0.018332751,0.038486518,0.015675804,0.042889193,0.02385504,0.05986918,0.03697335,0.06226089,0.053352464,0.06929962,0.07115395,0.03517347,0.1044386,0.039375965,0.03872935,0.018081356,0.039634015,0.039645363,0.046833105
0.022694787,0.019848978,0.04255263,0.019153567,0.03610978,0.017959032,0.036845077,0.015409804,0.04529844,0.02309513,0.063256286,0.038916107,0.06675287,0.059216842,0.071236596,0.072614916,0.037603997,0.09270182,0.04157274,0.036232177,0.017830217,0.04010161,0.037274722,0.04572183
0.02446267,0.021140622,0.045704436,0.020172602,0.03802481,0.018857177,0.039222173,0.01590086,0.04159331,0.024542855,0.05830148,0.036107093,0.06194958,0.05135775,0.06624877,0.07028941,0.033986017,0.10787254,0.039714884,0.039482325,0.018720789,0.03870007,0.040350076,0.047297705
0.013794873,0.011098381,0.025462909,0.01175462,0.023633117,0.010876188,0.022894904,0.00920581,0.061863735,0.014466893,0.085004635,0.0508755,0.08019087,0.098209,0.11449984,0.08259695,0.059495583,0.04828869,0.046548996,0.021968374,0.010065145,0.04035653,0.022336591,0.034511916
0.016644128,0.013780152,0.031908814,0.014137669,0.027781585,0.013006293,0.028060261,0.011281869,0.055218637,0.017484356,0.078283064,0.046826035,0.0753958,0.08240055,0.10023606,0.08054088,0.051033918,0.06392752,0.0452053,0.027203202,0.012510537,0.04037548,0.027922435,0.038835462
0.01592232,0.013115614,0.027831443,0.013632204,0.025971051,0.013019,0.025152015,0.011008408,0.059540592,0.016524982,0.080802135,0.050001074,0.0772139,0.0913809,0.1039057,0.079427235,0.05823681,0.050703906,0.048046235,0.02443758,0.0120699275,0.04113632,0.024972068,0.035948604
0.012081826,0.009488289,0.022128949,0.010236307,0.021117758,0.009799776,0.019813446,0.008125426,0.06413006,0.012912962,0.08996945,0.053113714,0.08265412,0.1074415,0.12342705,0.08234466,0.06456712,0.03987,0.048145674,0.018932175,0.008864436,0.03933211,0.019827614,0.031675585
0.01915051,0.01607457,0.034759138,0.016089328,0.030462159,0.015105997,0.030562654,0.012971832,0.05275971,0.019515151,0.07217482,0.044774853,0.072856985,0.07519997,0.09057128,0.07718814,0.047724396,0.07013323,0.044646993,0.030184241,0.01468833,0.04105991,0.030767888,0.04057795
0.016516646,0.013544574,0.030447438,0.014010632,0.027322585,0.013067916,0.026883168,0.011308061,0.05745711,0.017085792,0.0794441,0.047603678,0.076618366,0.08459882,0.10109603,0.080089524,0.052491974,0.05990813,0.045747183,0.026068022,0.012424481,0.040652737,0.02706621,0.038546853
0.012876923,0.010385267,0.024651125,0.010908127,0.022557091,0.010044757,0.022346715,0.008496877,0.06117934,0.013560676,0.086843416,0.05084699,0.08047066,0.100224964,0.12028675,0.08491891,0.059991177,0.048055217,0.045855887,0.021271642,0.009315795,0.039609257,0.021665396,0.033637095
0.015232154,0.012243765,0.027517667,0.012831553,0.025360666,0.0121043185,0.024652379,0.010221516,0.060085386,0.015684081,0.0826155,0.049050324,0.0780891,0.091683954,0.108532876,0.08157923,0.057535708,0.051708538,0.04667688,0.023722328,0.011326019,0.041071206,0.024654618,0.03582017
0.013513338,0.01075456,0.024122905,0.01141499,0.0228525,0.010730832,0.021984184,0.00902028,0.06307715,0.014090584,0.085896924,0.051843237,0.079260856,0.10137695,0.11587095,0.08170112,0.062687464,0.04495124,0.048077356,0.021241028,0.010006197,0.040236466,0.021742985,0.033545874
0.015655076,0.01293443,0.02875694,0.013376333,0.026138034,0.012427583,0.025657682,0.010667358,0.058351878,0.016268648,0.08034724,0.049608126,0.07679822,0.088622384,0.1067066,0.08092482,0.055426482,0.05539454,0.046129867,0.02493142,0.011710618,0.040697455,0.025518524,0.03694969
0.014956315,0.01200832,0.02750699,0.012529171,0.025072776,0.011756674,0.024424393,0.0099937925,0.058750562,0.0155363185,0.08244011,0.048872866,0.079149894,0.092963554,0.109579094,0.08180481,0.056370873,0.05377266,0.04715938,0.023746591,0.011037073,0.040318355,0.02430438,0.035944987
0.008067319,0.006130397,0.015022828,0.0069804867,0.015138175,0.0064486396,0.014021968,0.0053764665,0.07237028,0.008967839,0.099206656,0.05752145,0.08588319,0.12885575,0.14150278,0.08402358,0.07713798,0.024977434,0.048352916,0.012817328,0.005797423,0.037141476,0.0134082595,0.024849366
0.01919604,0.01609337,0.034506503,0.016361749,0.030166531,0.015150159,0.03043842,0.012972236,0.052837443,0.019722074,0.073403135,0.045209046,0.07266544,0.07551785,0.09070318,0.07721026,0.047749966,0.06870253,0.04495933,0.029974824,0.014559994,0.04092285,0.030336266,0.04064087
0.015956743,0.01304713,0.029238105,0.013432003,0.02675531,0.012562367,0.026070086,0.010688863,0.05857,0.016584763,0.080324344,0.048156526,0.07720185,0.08809908,0.10424059,0.08098709,0.053779118,0.057542942,0.045799762,0.025498178,0.011882803,0.040813036,0.025611876,0.037157413
0.016348952,0.0134354895,0.030079577,0.013819698,0.026874388,0.012943505,0.026892655,0.010982221,0.05683013,0.016976604,0.07951819,0.04721554,0.07666403,0.08697149,0.10129375,0.080330454,0.05417598,0.059156813,0.04591607,0.026376078,0.012386196,0.04071121,0.026323076,0.037777815
0.018102266,0.0149162505,0.033159714,0.0148757,0.029259374,0.014007028,0.028689858,0.012131274,0.053704113,0.018637154,0.07660175,0.04534139,0.074537784,0.07922243,0.09472607,0.07986459,0.048524335,0.06695988,0.044954196,0.02858354,0.013500683,0.0403861,0.029457217,0.039857294
0.02028178,0.017215319,0.038310293,0.01685081,0.032329064,0.015747251,0.032994855,0.013548594,0.04930001,0.020600563,0.06951014,0.04179342,0.07002768,0.06895798,0.0835734,0.07625037,0.042845894,0.08201097,0.042872243,0.03276067,0.0155285755,0.04050508,0.033196256,0.04298882
0.017618466,0.014829059,0.03259513,0.014998949,0.02885456,0.01396356,0.028528098,0.011982708,0.055129495,0.018363288,0.07556177,0.04689362,0.07448422,0.080163166,0.096403845,0.07911801,0.050054528,0.06493912,0.045135163,0.028253756,0.013247224,0.04077853,0.028780183,0.039323546
0.023427395,0.020482063,0.042554833,0.019592836,0.036204282,0.018352719,0.03695311,0.016036713,0.044621553,0.023603965,0.06245447,0.03866384,0.06612248,0.05774843,0.07074282,0.07189439,0.037160147,0.09376909,0.041674796,0.037109755,0.018232206,0.03964128,0.03736197,0.045594864
0.016536806,0.013472846,0.031100154,0.013851424,0.027407486,0.012832583,0.027079184,0.010944672,0.05592434,0.017081628,0.07997066,0.046648253,0.07626621,0.08388613,0.10187223,0.081458665,0.05158209,0.06256586,0.044668186,0.026551632,0.01227809,0.0406137,0.027140759,0.03826642
0.02050878,0.017648894,0.038362376,0.017172601,0.032728583,0.016089361,0.03340991,0.013824198,0.049656905,0.020886758,0.06896394,0.041969925,0.06934009,0.067675926,0.0824037,0.07588149,0.04285786,0.08165479,0.042982936,0.03278508,0.015597025,0.040809296,0.033289276,0.043500308
0.014816788,0.011923325,0.026501961,0.012538798,0.024740646,0.011865952,0.023611829,0.009880041,0.060701832,0.015539424,0.0835476,0.04995215,0.079253115,0.09566289,0.109967574,0.08077513,0.058451366,0.0499334,0.04767965,0.022856267,0.011060233,0.04009998,0.023852738,0.034787267
0.017314378,0.014473092,0.032837693,0.014583675,0.02885719,0.013538331,0.028665619,0.011588977,0.05390923,0.017789008,0.077040076,0.04596732,0.07533186,0.0797581,0.09553597,0.07984597,0.048764445,0.06930585,0.04472251,0.02810182,0.013042251,0.040059935,0.029005758,0.039960936
0.018896827,0.016089385,0.03553789,0.015735855,0.030703023,0.014881527,0.03092336,0.01252561,0.05124834,0.019661933,0.07256575,0.043230243,0.072987266,0.07381678,0.08981482,0.07825896,0.045334462,0.07576035,0.04370538,0.030664241,0.0142975375,0.040302143,0.031257626,0.04180066
0.012198641,0.00972507,0.02290418,0.01048343,0.021316025,0.009645584,0.020783734,0.008213941,0.06342424,0.012935642,0.08887036,0.05257583,0.0820996,0.10494192,0.122182935,0.083514534,0.063287094,0.043118965,0.04704815,0.019635659,0.009016741,0.039321683,0.020205682,0.03255037
0.011512273,0.008968533,0.020726979,0.009869612,0.020189183,0.0091630425,0.018956155,0.007719829,0.065875985,0.012260932,0.09061549,0.054238066,0.08149973,0.110044524,0.12722702,0.08353784,0.06727783,0.037075847,0.048068475,0.018020833,0.008397,0.03940375,0.018749854,0.030601172
0.010943062,0.0085096015,0.019729087,0.009426202,0.019297715,0.008808636,0.018023314,0.0073559997,0.067751,0.011629909,0.09182241,0.055526946,0.08299947,0.11335498,0.12720142,0.08273875,0.070559405,0.034143288,0.04868938,0.017021807,0.0079652425,0.03928007,0.017843943,0.02937838
0.015849017,0.012903001,0.028800854,0.0133179445,0.026567118,0.012626053,0.025667794,0.010706818,0.057896487,0.016342312,0.0804288,0.048613615,0.07697291,0.088960595,0.10532268,0.08107737,0.05550075,0.056254067,0.04615773,0.025024261,0.011870421,0.04052612,0.025835305,0.036778033
0.016977312,0.014114043,0.031403672,0.014290026,0.027738333,0.013558037,0.027893918,0.011493484,0.05659563,0.017497243,0.07786565,0.047025505,0.07525851,0.08366627,0.09782522,0.07885321,0.052044507,0.061966628,0.046632968,0.02700612,0.012938098,0.04078239,0.027523033,0.039050244
0.017700104,0.014605156,0.03246821,0.014921117,0.02882776,0.0140088145,0.028438648,0.011900447,0.054920003,0.018368788,0.07599384,0.046247657,0.07488787,0.08088889,0.095231384,0.07948452,0.050601244,0.06421875,0.045938317,0.027764501,0.013333164,0.040944166,0.02862001,0.039686628
0.02112526,0.017905379,0.037919745,0.017776027,0.03288571,0.016606653,0.033034682,0.0143557945,0.049984332,0.02140104,0.06906968,0.042775862,0.06929702,0.06885855,0.081960276,0.074966595,0.04411546,0.07660609,0.04357528,0.0326456,0.016212245,0.041030232,0.033347555,0.042544987
0.023933923,0.020869374,0.044158887,0.01984006,0.03760982,0.018782945,0.038404703,0.016126864,0.043582894,0.024216607,0.059969302,0.037586175,0.06287997,0.054746427,0.06841586,0.0711217,0.035864703,0.099302106,0.040480718,0.038707547,0.018558847,0.03962023,0.038970996,0.04624935
0.018086182,0.014896362,0.032701265,0.015393576,0.029314946,0.014323502,0.028924897,0.012192432,0.054689832,0.018364951,0.07530933,0.045890488,0.07454648,0.07990843,0.09379835,0.078186266,0.050080515,0.065324664,0.045677938,0.028599229,0.013773582,0.04124898,0.028979385,0.03978842
0.015158619,0.01246911,0.02753607,0.012941948,0.025459569,0.012339066,0.024426712,0.010464018,0.060688436,0.016135752,0.082179405,0.0506532,0.077879965,0.09324661,0.10613143,0.079760216,0.057506036,0.050753508,0.04767102,0.023959212,0.011621294,0.04073685,0.024562623,0.03571933
0.01645767,0.013555267,0.030489106,0.014111986,0.027251102,0.013022639,0.026898224,0.011164374,0.05653873,0.01704723,0.079108536,0.04789665,0.07625586,0.08604366,0.099893786,0.08007779,0.053260088,0.059934806,0.04620736,0.02613009,0.012449512,0.041004684,0.026984353,0.038216516
0.014401778,0.011614324,0.026116818,0.012129808,0.02426496,0.011445623,0.023495356,0.009608945,0.061068747,0.014999379,0.08442752,0.05065445,0.07894043,0.09634986,0.11172686,0.08143763,0.057907503,0.049904704,0.047223642,0.022682069,0.010736069,0.040091548,0.023462363,0.035309616
0.008347528,0.0063196663,0.015435678,0.0072523025,0.015541798,0.006700746,0.014336441,0.0055741076,0.07065511,0.009054269,0.097854435,0.05771496,0.08615726,0.1273813,0.14141393,0.08307803,0.077249885,0.02629247,0.047985483,0.013303829,0.005984466,0.03699714,0.013776337,0.025592864
0.016005483,0.013218777,0.029871225,0.013631065,0.026982576,0.012615169,0.026634589,0.010714059,0.056515597,0.016724013,0.07961724,0.04760841,0.07653293,0.08672962,0.10500884,0.08144391,0.053390015,0.058793403,0.045637313,0.025621885,0.011749611,0.041059382,0.026280947,0.037613876
0.015010464,0.012254785,0.027935212,0.012639609,0.02516878,0.011823514,0.024912296,0.009913666,0.058662243,0.015633289,0.08273558,0.04901695,0.078088455,0.09104765,0.10873822,0.08174686,0.05580189,0.05532855,0.046851616,0.024277417,0.011196921,0.03994005,0.024714785,0.036561135
0.013234305,0.010432583,0.023392694,0.011166918,0.022445472,0.010548048,0.021343939,0.008772026,0.06379813,0.013793311,0.08700312,0.052073665,0.08033906,0.10266548,0.119317845,0.08215165,0.06369964,0.041994933,0.047560345,0.020381577,0.009644385,0.04047029,0.021202046,0.03256855
0.0124185495,0.009942496,0.02349703,0.010555829,0.021868186,0.010002943,0.020906262,0.008339043,0.06325721,0.013232855,0.089325584,0.051956836,0.08164916,0.10489374,0.11998868,0.0825808,0.062060546,0.04424814,0.04758729,0.01997406,0.009280629,0.039109733,0.020786704,0.0325377
0.014985052,0.012293806,0.028215477,0.012684294,0.025328597,0.012040319,0.024886368,0.010118467,0.05843198,0.015748752,0.082466066,0.04894412,0.078510426,0.091625676,0.10737066,0.08188254,0.05556137,0.05571983,0.04604803,0.024092052,0.011190634,0.040167272,0.02497891,0.036709283
0.014574436,0.011740744,0.027115583,0.012326458,0.024841432,0.0113904085,0.024252618,0.009778434,0.059039075,0.015204898,0.08276675,0.049497336,0.07973231,0.09285236,0.11040917,0.08242237,0.057173975,0.05420708,0.04643518,0.023475727,0.010758629,0.040415403,0.023658508,0.035931107
0.011409936,0.008875531,0.020938672,0.009611729,0.020162148,0.008935663,0.019007,0.0075470596,0.06551782,0.012133648,0.09159515,0.053140182,0.083223656,0.11037653,0.12701127,0.0837631,0.06581774,0.038446646,0.047853727,0.018051414,0.0082054315,0.039052185,0.018615661,0.03070808
0.013942467,0.011151897,0.026230343,0.011895507,0.02384565,0.01090303,0.02352814,0.00934874,0.06081228,0.014657015,0.085633256,0.05038149,0.07842055,0.09495689,0.114474,0.08319896,0.058371507,0.050681006,0.04636429,0.02258807,0.010170174,0.03998923,0.023235863,0.03521971
0.014389902,0.011539851,0.026466032,0.0120585,0.024547653,0.011443918,0.023483263,0.009450751,0.060202025,0.0150992805,0.084687635,0.04964353,0.08087587,0.09650179,0.110707276,0.08210005,0.057714768,0.050728213,0.046454493,0.022707783,0.010708533,0.04011988,0.023682239,0.034686714
0.020337574,0.017415151,0.038875233,0.017067965,0.032805447,0.015975587,0.033618618,0.013880911,0.048589908,0.020762693,0.06799195,0.042006377,0.068266414,0.066825986,0.08272619,0.07632971,0.04284196,0.08381359,0.04268617,0.03368754,0.015507644,0.04058656,0.03403104,0.043369733
0.01983118,0.016922541,0.036514618,0.016562866,0.03178063,0.015936513,0.031711377,0.01351662,0.051301282,0.020264143,0.071492836,0.043372605,0.072223954,0.071880154,0.08489949,0.075531416,0.044693504,0.07563615,0.043977853,0.03119002,0.015428693,0.040664528,0.03238011,0.04228688
0.016366243,0.013188415,0.029904187,0.01376894,0.026662366,0.012722979,0.026398936,0.010848558,0.057135902,0.016747795,0.07976982,0.048084028,0.07603652,0.08700561,0.103431635,0.080807775,0.05387337,0.05856281,0.046435934,0.025700945,0.011974495,0.040614348,0.026500145,0.03745819
0.020479541,0.017225854,0.0357489,0.016875917,0.031907905,0.01624696,0.0314731,0.013903096,0.05226038,0.020555863,0.070607,0.043755308,0.071511336,0.072248034,0.086318575,0.07585086,0.04622486,0.07087199,0.044122748,0.031572547,0.015670592,0.041360974,0.032040786,0.041166823
0.019215899,0.016038971,0.03583124,0.016135788,0.031310555,0.014893863,0.03130728,0.012978195,0.05111397,0.019460918,0.07202727,0.044257533,0.07133949,0.07143798,0.08954775,0.07854253,0.045956053,0.07520235,0.043791812,0.031026898,0.01455572,0.040868405,0.031697087,0.041462474
0.018373536,0.015310485,0.03279008,0.015359865,0.029683312,0.01468378,0.029058225,0.012596384,0.05417154,0.018780682,0.07488487,0.04608944,0.073975,0.07925902,0.09464592,0.078196995,0.04925404,0.06453811,0.045429453,0.028678782,0.014131146,0.04100316,0.02955021,0.039555945
0.013022524,0.010227772,0.023055425,0.011146904,0.021860871,0.010513658,0.021105256,0.008751536,0.0639104,0.013589776,0.08748167,0.053179406,0.079980426,0.1038436,0.11889951,0.08095755,0.06525093,0.04157374,0.048568085,0.020191938,0.009617706,0.04023975,0.020592991,0.032438535
0.022750212,0.019864185,0.041400272,0.018903797,0.035437178,0.01795351,0.035510484,0.015601836,0.046279036,0.023338912,0.064023346,0.040024027,0.0670003,0.060958374,0.073863335,0.07265709,0.03912165,0.08815148,0.042104088,0.036058135,0.017677505,0.039764114,0.036907256,0.044649888
0.02376711,0.020466048,0.043277998,0.019747075,0.0365825,0.018788904,0.03716405,0.016156523,0.044383258,0.023826918,0.062454935,0.039176036,0.064406514,0.0575065,0.07016581,0.07033334,0.037856407,0.09318569,0.04135708,0.037450418,0.018408973,0.03960132,0.0383396,0.045596983
0.020192515,0.017198902,0.037258122,0.016623532,0.032598145,0.015739938,0.032684986,0.013568554,0.05019274,0.020428885,0.07071204,0.042221464,0.07141525,0.06913472,0.08432664,0.07664353,0.04297018,0.079808354,0.042872593,0.03188926,0.015263887,0.0405237,0.03291064,0.04282146
0.014978676,0.012285667,0.027967855,0.012781823,0.025086103,0.011845508,0.024875833,0.010100776,0.058729704,0.015777295,0.082114235,0.049261387,0.07868951,0.092437424,0.10808318,0.08097139,0.05702421,0.0539919,0.046779707,0.024102814,0.011175072,0.040503394,0.024287123,0.036149364
0.017986944,0.014840443,0.03274776,0.015069971,0.0289625,0.014170311,0.028586606,0.012028531,0.05471468,0.018436652,0.076802775,0.045375746,0.075595744,0.07968284,0.09366834,0.078922905,0.049193826,0.066237316,0.045343824,0.028219232,0.01373343,0.040662654,0.028913321,0.040103704
0.016225783,0.013328738,0.029445266,0.013935114,0.026508354,0.012999469,0.02627245,0.011008867,0.057877555,0.016965732,0.079055734,0.049044613,0.076057255,0.08786358,0.10347878,0.080281556,0.05540402,0.055901702,0.0463455,0.025924692,0.012310976,0.04088391,0.025807567,0.03707284
0.019106489,0.016118696,0.03496682,0.015802199,0.0307633,0.015081221,0.030347865,0.0128909,0.05220503,0.019638788,0.073088065,0.04428982,0.07387189,0.074691705,0.089173555,0.077636465,0.046298802,0.07262821,0.044037897,0.030212441,0.014502341,0.040360004,0.031236337,0.041051168
0.017990598,0.014823587,0.032849815,0.015261781,0.029293897,0.014295044,0.028997827,0.012275634,0.054428257,0.018474406,0.07463124,0.046546895,0.07363992,0.079509825,0.09525442,0.078297295,0.051136512,0.06487904,0.04509618,0.028738294,0.013492461,0.0413249,0.02909844,0.0396638
0.019782886,0.016686527,0.035962056,0.016386347,0.031749174,0.015533359,0.031417936,0.013410534,0.05145197,0.020018226,0.071887866,0.04307911,0.07291395,0.07205774,0.086781725,0.07714103,0.044873625,0.07423752,0.044332713,0.03090657,0.015074805,0.040540457,0.03177323,0.042000677
0.018640209,0.015720325,0.03437881,0.015972406,0.029800583,0.01481683,0.03016588,0.012694159,0.053683233,0.019460954,0.072963335,0.045491662,0.071807265,0.07674876,0.09172474,0.07780177,0.04942135,0.068002425,0.04494908,0.02974972,0.014284813,0.041284967,0.029871438,0.040565282
0.022755872,0.01936994,0.04042145,0.018867733,0.03488292,0.017793648,0.035406586,0.015150823,0.04709246,0.022746917,0.06500034,0.04017967,0.06771849,0.062304735,0.0767666,0.07352819,0.040235717,0.08440087,0.042163983,0.034753937,0.017224263,0.04070709,0.03635021,0.04417755
0.017943388,0.014813578,0.032688495,0.015192632,0.0290584,0.014175371,0.029303228,0.012128375,0.054356553,0.018442228,0.074275956,0.04644236,0.07280389,0.079823725,0.09553767,0.079017855,0.050647706,0.06567709,0.045456145,0.028827693,0.0136043355,0.041164335,0.028974019,0.039644945
0.01697583,0.014076039,0.030408494,0.014247573,0.02765086,0.0134631125,0.02728636,0.011461685,0.056710057,0.017670041,0.07802786,0.04732936,0.076824985,0.08442079,0.09976315,0.079688966,0.052968748,0.058935396,0.046534337,0.026283816,0.012894853,0.04115396,0.027049772,0.03817398
0.015242424,0.012262957,0.027837489,0.012892946,0.025436021,0.012124479,0.024862163,0.010287999,0.05909019,0.015874716,0.082030736,0.04981094,0.07697703,0.092250474,0.10796385,0.08054028,0.057556342,0.0524469,0.04711703,0.024199173,0.01123542,0.04108263,0.024713492,0.036164347
0.017295713,0.014293046,0.031094808,0.014531548,0.02847978,0.013657948,0.027609551,0.011564204,0.05710718,0.017728897,0.077515624,0.046768464,0.07576181,0.08373666,0.09671326,0.0792407,0.052312143,0.060917664,0.046743207,0.026579017,0.013086367,0.040970337,0.02780426,0.038487874
0.021949496,0.018817397,0.04089039,0.01855556,0.034433234,0.017200071,0.03535596,0.015096173,0.046572316,0.02225847,0.06545666,0.04096558,0.06704936,0.06314864,0.07672687,0.073815055,0.040843982,0.08588781,0.042581156,0.035099376,0.016882379,0.040482618,0.03557712,0.0443543
0.014083463,0.011247612,0.025265792,0.011826016,0.023708489,0.011258621,0.022809763,0.009447911,0.062195398,0.014745902,0.08586857,0.050973754,0.08018089,0.09876742,0.112719126,0.08139246,0.06015372,0.04639766,0.047250517,0.02201354,0.010607168,0.04032381,0.022704704,0.03405777
0.018724795,0.015528682,0.034237582,0.01563067,0.029835187,0.014703963,0.029708145,0.012641233,0.053199418,0.018986704,0.074414015,0.045165885,0.07325549,0.076390624,0.092659295,0.07783841,0.04790192,0.069547355,0.044513132,0.029695913,0.014047422,0.040842228,0.03009545,0.04043645
0.013341174,0.01064441,0.023704877,0.011397036,0.022546593,0.010708385,0.021579837,0.008984971,0.06359481,0.014062459,0.086040944,0.052098326,0.081000775,0.10238281,0.11595373,0.08214754,0.06308923,0.04341293,0.047974903,0.020857142,0.0099582225,0.040147424,0.021346757,0.03302472
0.016651183,0.0134295365,0.02987119,0.014070983,0.027313503,0.01318543,0.026359567,0.011242417,0.057481974,0.01700273,0.07906283,0.04897455,0.07566462,0.08642449,0.10096005,0.07971143,0.0548617,0.057556126,0.046490178,0.026156502,0.012530858,0.040962998,0.026504282,0.03753083
0.016179822,0.013297935,0.028782371,0.013615576,0.026518809,0.012869465,0.025669929,0.010973837,0.057869073,0.016745502,0.08028801,0.048910134,0.0782632,0.08940029,0.10391217,0.08023558,0.055040285,0.054829493,0.046437435,0.02523894,0.012240227,0.040432263,0.025678227,0.036571454
0.0106544765,0.008157866,0.019087093,0.009219973,0.018704113,0.0084981425,0.017673723,0.007241377,0.06754336,0.011333434,0.0916634,0.056751415,0.081964925,0.11640795,0.12962925,0.08240522,0.07235499,0.032433365,0.048868407,0.016698929,0.0077584465,0.03913451,0.01702261,0.028793069
0.012682129,0.010169569,0.022291971,0.01085295,0.021546992,0.010208497,0.020459734,0.008657274,0.064899884,0.013450429,0.08826812,0.053090427,0.08247639,0.10636071,0.11852566,0.081717916,0.06495739,0.039235998,0.049045503,0.01934346,0.009544254,0.040087845,0.020166418,0.031960495
0.012929177,0.010196329,0.023415217,0.01118855,0.022011844,0.010345754,0.020988064,0.008622816,0.06334929,0.01367608,0.08750666,0.05294188,0.080908254,0.10348778,0.11870283,0.08162753,0.06450348,0.04227112,0.047890708,0.020463573,0.00944175,0.039976496,0.020712141,0.03284265
0.016500216,0.013654127,0.029106298,0.013765284,0.026688773,0.013212292,0.026105162,0.011321905,0.057944607,0.017007185,0.07927068,0.04837601,0.077525124,0.08749682,0.103429995,0.07941416,0.054990523,0.054984678,0.04695748,0.025709532,0.0124706775,0.04077788,0.0262124,0.03707817
0.017602675,0.01433823,0.03182651,0.014747026,0.028303675,0.013971996,0.027714685,0.011782417,0.055554472,0.01795929,0.07729599,0.047402844,0.07480858,0.0829142,0.09779987,0.078867875,0.051867776,0.061574712,0.04581495,0.027375493,0.013206532,0.040625427,0.02809603,0.038548723
0.015085332,0.01226489,0.027868692,0.012408281,0.0255805,0.011868448,0.024707565,0.010109158,0.058921147,0.015654163,0.083375685,0.048551522,0.08006409,0.09219474,0.10770436,0.081278645,0.05465739,0.05465285,0.046583787,0.024052981,0.011256727,0.039971348,0.024871046,0.036316656
0.011859009,0.009245321,0.022416709,0.010095812,0.02080758,0.009315713,0.020110209,0.007898717,0.06338192,0.012580192,0.08962687,0.052494664,0.08131981,0.107519746,0.12523766,0.08384758,0.06459912,0.041711915,0.0472667,0.0192083,0.008599704,0.039571162,0.019609373,0.031676218
0.014107445,0.011461811,0.025351446,0.011984299,0.023754103,0.011282572,0.023024056,0.00955316,0.06166809,0.014860808,0.084956974,0.05093472,0.080246784,0.0976178,0.11245848,0.08152948,0.060359973,0.04704587,0.047328576,0.022071106,0.010533889,0.040415265,0.02286553,0.03458773
