Stock_1,Stock_2,Stock_3,Stock_4,Stock_5,Stock_6,Stock_7,Stock_8,Stock_9,Stock_10,Stock_11,Stock_12,Stock_13,Stock_14,Stock_15,Stock_16,Stock_17,Stock_18,Stock_19,Stock_20,Stock_21,Stock_22,Stock_23,Stock_24
0.09836816185516133,5.0337900192024075e-05,0.011703013496222025,4.776353647064727e-06,0.09313487330793788,0.002389443480853132,0.00014891726542711503,7.358927184409485e-05,0.09838404198490504,6.3714036065510435e-06,0.010084090564731777,0.0983750581005744,0.00032772119305467864,0.0028520343577983463,1.9087822125470453e-06,0.09838257594633933,0.0012613707857006163,0.09324494934760522,0.09788792280596216,0.0018320292294781604,0.09335633309367317,0.09824780595307125,0.0017440346626874548,0.09813863885731465
0.09837345894873217,5.288451063852497e-05,0.015481356223348633,5.401345638822456e-06,0.09108073917972209,0.0025986073266585172,0.00014073408392488868,7.902033782572615e-05,0.09839239004940765,6.761945191707157e-06,0.00865245135321449,0.09837901277535537,0.0005309387875937835,0.0032797574778214208,2.3575906045674565e-06,0.09839081245768469,0.001467306918680982,0.09308143631105335,0.09802277614328263,0.0010024891641001233,0.09288012035910562,0.09828453907622856,0.0016141900915334552,0.09820045754265223
0.09901540255565608,6.856963473369067e-05,0.01214485017620401,3.4000008269793677e-06,0.09235527315794057,0.0014077302035121553,0.0001169989867908994,5.84050489280336e-05,0.09903200117080445,5.870313927831565e-06,0.006015029414419481,0.09902146470990834,0.0004861617501931618,0.0032466495744020926,2.9572923859664293e-06,0.09903069075381905,0.0013588492888451135,0.09399667077939856,0.0986739858059469,0.0010594750840841308,0.09391139923088027,0.09888966155284998,0.0012451086361800693,0.0988533948773622
0.09953513144520157,8.202012959411894e-05,0.01275255324109225,5.206920869512706e-06,0.09108698985815832,0.0033419768615354775,0.0001430849987316178,2.86959194586478e-05,0.099552754869683,4.304981300092841e-06,0.004914716184272496,0.09953398028548796,0.0003660480205799824,0.001980893680057813,2.85713093865569e-06,0.09955065429989632,0.001543767480975884,0.09153241152775372,0.09919655994551763,0.0009264165478662919,0.0932771246176021,0.09935757396009795,0.0019160044684697146,0.0993682726248589
0.10039193833434037,0.00012583730485788103,0.007981597548707375,6.262989063028678e-06,0.09284675113008127,0.0035730726648359246,0.0002145545049250928,2.238277983347086e-05,0.10040652903413556,5.766258922339352e-06,0.006324873858447931,0.10038619302186975,0.00026291088488617425,0.002041827197404948,2.0916528213363814e-06,0.1004042967408527,0.002442532818728488,0.08627563377761246,0.10004316195917058,0.0009991487391946196,0.09277924370855144,0.10026262691084792,0.0019505455531776711,0.10025022062673165
0.1005240038542368,0.0001221632937700166,0.009695863107596165,8.656391937935736e-06,0.09341588656764681,0.003701687729754695,0.00021404569556191669,2.7668093857701142e-05,0.10054003420967741,4.3566610861054215e-06,0.009042540728039417,0.10052469900236057,0.00013539507874679894,0.0018178812592320615,1.7138996844926417e-06,0.10053777497827512,0.002688686122704071,0.08188192297866656,0.1002501634347173,0.0010302574606922202,0.09181621889639123,0.10040931040646929,0.0011985552185219102,0.10041051493037342
0.10034507625028566,0.00011709209980051275,0.011582523207041055,9.37933141697083e-06,0.09398926921938211,0.003120631571158544,0.000182373562440252,3.1834695026223694e-05,0.10035650132873364,3.5262218560614182e-06,0.007846758832355786,0.10033832289239679,0.00015793825068111561,0.0029669523026004405,1.7526429242171257e-06,0.10035394115408665,0.0028490526710771655,0.08383058594591529,0.10004968712781573,0.0009621471299470179,0.0891617668183959,0.10029003847709207,0.0012638110729886352,0.10018903719458215
0.10071252578769781,0.00013252349587490638,0.011967253798073592,9.41943713460002e-06,0.08997738119385963,0.0031308071801745764,0.00015950306915909536,3.6017790369045776e-05,0.10072137489562413,4.970869310037486e-06,0.006711300930679712,0.10069606428570732,0.00019809034269806388,0.0021495377669375204,2.131230199351821e-06,0.10071843920106784,0.002979027569188625,0.08631870131236503,0.10048150043408807,0.0003691200653297099,0.09023759539600246,0.10066236683469616,0.001004947080578587,0.10061940003318416
0.09908461361767905,8.857830994474738e-05,0.019134302998799736,9.934899298307277e-06,0.08793113571982648,0.0023983154049254975,0.00011387627290232767,4.061672712533293e-05,0.099096237804254,3.821569468492752e-06,0.012326761743967971,0.0990756119610021,0.00020983487813437286,0.002120076205284765,2.2326943726279137e-06,0.09909238670179116,0.0019715843097084006,0.08868886966238454,0.09893186897091673,0.00046316299704346963,0.09052814320411925,0.0990352698907242,0.0006602809678120544,0.09899248248851436
0.09825218255572954,8.44905436626789e-05,0.027213088671068527,8.017992116609413e-06,0.08599333443055075,0.0019898178996853835,0.00011945285479496515,4.628648042188765e-05,0.09826114935334132,4.017781294371116e-06,0.012333548987451468,0.09823929754283214,0.00021788556809503536,0.00227794143013136,1.7687608613703746e-06,0.0982577465385716,0.002135685030920019,0.08855041209463214,0.09805749001084982,0.0003404220407493101,0.09035694947108808,0.09822355439980114,0.0008540918651402307,0.09818136769621023
0.09999300024034515,8.044388693011589e-05,0.02228957017988655,1.2842529316508073e-05,0.0878908789507535,0.002656040113945811,0.00020513176265196128,2.943141726630708e-05,0.10000547618086938,3.400632617808241e-06,0.010551635482845692,0.09998297418589615,0.00022907925001750833,0.0021141831338004446,2.0534933160998053e-06,0.10000204872468141,0.0026581055288486515,0.08120915146538683,0.0998374116117912,0.000396500053411689,0.08927080261599908,0.09996020395522126,0.0007008343197303876,0.09991880028447052
0.10143730110385808,0.00010049963509392228,0.017100818105671742,1.6714663421361164e-05,0.09214943916574429,0.003045990399427512,0.00021556110431180897,3.1146481169218764e-05,0.10145636815659598,3.2836694058607493e-06,0.005802395021988626,0.10141730881830417,0.0003845128496076479,0.002238219820132382,3.770474907097932e-06,0.10145297563627059,0.003118070873613805,0.07373578221415222,0.10125862836672077,0.0004862068211797608,0.0909759174022774,0.10139908233655598,0.0009019447665096223,0.10126806211308015
0.1005467718156814,7.809878516004521e-05,0.0211432373438055,1.612385218776788e-05,0.0894898611569094,0.004195759006096021,0.00018313459326872568,2.4884078943315376e-05,0.10056253602804342,2.490505793315076e-06,0.007532985820162908,0.10053022838369692,0.00045280152561132163,0.001814328974932211,4.036957044037795e-06,0.10055945511353616,0.003857541725967028,0.07248031797627122,0.10031558334769546,0.000442815526449678,0.09376389277408126,0.10049083583478316,0.0012619761485548884,0.10025030272532483
0.10029192691006283,4.330717801394148e-05,0.02404219794986145,1.4818366909305443e-05,0.08601026169965371,0.003809474197169609,0.0002170351168750038,3.7941237202522626e-05,0.1003069336080424,1.6501389013388348e-06,0.007683384524807258,0.1002838555784802,0.0007952384070164097,0.002251121282835679,5.0909176611957165e-06,0.10030371703293761,0.0035374075458113685,0.0736879570716604,0.10002787479202795,0.0006503789307825741,0.09448401193870712,0.10024102371221501,0.0012829261975316588,0.09999046566483347
0.101668473390963,5.2901907981037044e-05,0.020619862546491854,1.3363352858080729e-05,0.08138407948502886,0.0029488950145030407,0.0002603793244980278,3.889008403188392e-05,0.10167785501011235,1.5423915203544424e-06,0.00824345844711337,0.10165918873945344,0.0004587902666949784,0.002328541508729992,4.802928408176407e-06,0.10167471568277425,0.00402672063311772,0.07234869541449516,0.10141624843892327,0.00040777922768977864,0.0948683509899234,0.10161490483045843,0.0007552536741485675,0.10152630671008098
0.10135491156632292,3.12880229571979e-05,0.022439270399072737,1.2530918144873696e-05,0.07610568548570608,0.001609008558015923,0.0003330813505061088,7.398014813158437e-05,0.10136630660567743,1.7007972313317e-06,0.01203633356029259,0.10134849505953901,0.0008362182565115497,0.00376463763721986,6.489009685436042e-06,0.10136397442901209,0.00340578150522579,0.0759310924569537,0.10098416193752645,0.0007733612618537901,0.09330347039518477,0.10127894060935395,0.0005113871320068031,0.10112789289786801
0.10038564723654995,3.1598927041542244e-05,0.03427473172335908,1.3619762891118292e-05,0.07272481240055714,0.001162365379288001,0.0002644274571679177,5.733644909545251e-05,0.10039605953331206,1.4331868244388537e-06,0.012501003492580546,0.10036592371348796,0.001007733796252877,0.004393043749188728,1.3087179895815336e-05,0.10039247507023132,0.004183912170314034,0.07380911547452237,0.10001367691084173,0.0006365144724088184,0.09255869982416294,0.10033050395226101,0.00036557334568598754,0.10011670479207917
0.10124760913584527,3.1024641426316805e-05,0.03171613997537239,1.0902833330734618e-05,0.06558090158682274,0.001198886175237815,0.00026040963251473673,6.655164303238895e-05,0.10125593186330892,1.674805562844648e-06,0.011532484780672186,0.10122637682604314,0.0014045281570136915,0.005225363179398494,1.4843907321860944e-05,0.10125328838642053,0.003993158935296953,0.07491791544067253,0.1007813915498322,0.0006495952156399825,0.09489098269626803,0.1011883300719236,0.0005197238516613427,0.1010319847093813
0.09959358208511956,4.0468288118241375e-05,0.03342604607356012,9.107071660438974e-06,0.07046072476646914,0.000825252674857223,0.0002034724035320893,3.870208615019666e-05,0.09960291475568685,2.8437335888854424e-06,0.014517262939666853,0.09958929570588955,0.0013152119428261721,0.0029979541889657703,1.4595655591388018e-05,0.09960016601111137,0.002736128847134819,0.08022360057547313,0.09920938714676647,0.00035647595687813443,0.09581585714827873,0.09947721460688211,0.0004933195043182377,0.09945041583147453
0.0988743029065062,3.1621300895721534e-05,0.03158514711013079,6.618960094295486e-06,0.07890130496305188,0.0010915036517386346,0.0002551305575438304,2.7566230063241305e-05,0.09888456435755177,2.9912041387844692e-06,0.011071307041393561,0.09887667818782232,0.001096463451310629,0.002301712429300164,1.4360726865316964e-05,0.09888160557040365,0.001004626116752067,0.08374832877151617,0.09852141154610927,0.00022773230643222526,0.09627789645605317,0.09871299006695075,0.0007916671170663703,0.09881246897030918
0.10127484610372545,2.259364074769176e-05,0.027000097972184067,9.961124177339052e-06,0.0795012775428517,0.0013060120464583572,0.00038227474217901507,4.167372133101302e-05,0.10128457782019445,2.6955405728375073e-06,0.008399244054512114,0.10126975083778261,0.0008542358242238174,0.00357993143661636,2.5418977787082475e-05,0.10128152911249169,0.001189687245724383,0.07064198047747043,0.10089004485823236,0.00039788050339017956,0.0976423923759922,0.10116621551678785,0.0006260204322760237,0.10120965809229096
0.10111094488109316,1.5698143688933518e-05,0.03201192945606824,1.0707526305774772e-05,0.07937139364795606,0.0015234582839973687,0.0003385874719898962,4.406871859536856e-05,0.10112142035574526,1.8714815186845293e-06,0.011152589322912241,0.10110533345019494,0.0005906226908129331,0.0027310370078297815,2.359694088776146e-05,0.10111820176917205,0.0013934942896442763,0.06468406696247667,0.10080564928726254,0.00042486246863546905,0.09796477047847782,0.10104443345256278,0.00035581655386158616,0.1010554453583104
0.10173429633076805,2.0831699950164023e-05,0.027183919009552672,1.689581253599912e-05,0.07744443715621327,0.0014329510844758606,0.00030817877162081807,6.956029066328423e-05,0.10174590386314203,2.789689076295619e-06,0.01225264190832975,0.10172279796014054,0.0006201842689093374,0.004346963260910741,3.177213276241902e-05,0.10174200436297669,0.0016136926139124657,0.06517613660180745,0.10144049355470236,0.00043950641715816943,0.09702819395626233,0.1016896249182985,0.0002591287602097769,0.10167709557562105
0.09924478705224145,1.840272837235692e-05,0.03632514878817398,1.2989291156248068e-05,0.06939506466099311,0.0011290211410993182,0.0002628238559232913,6.93363688023909e-05,0.09925920513584326,2.073671851635139e-06,0.023652999266079906,0.09923868732134548,0.0006007584136794896,0.00420836763569165,1.9080147564973818e-05,0.09925563759197296,0.0014695500072918703,0.07177795322967735,0.09899215998215637,0.0003256611419039384,0.09612752874816187,0.0991808729951424,0.0002234181744173973,0.09920847265045732
0.09862765727319667,1.4073027494391794e-05,0.038985614061517425,1.2714820119750262e-05,0.06900043892441006,0.0009021025232429704,0.0001748736092493005,7.514238202562237e-05,0.0986445319708816,1.8285822230022344e-06,0.02552726359943499,0.09862631082519324,0.0008683031505454517,0.003667986007359567,2.21693545718004e-05,0.09864138045939759,0.0014241627479101083,0.07327039596348765,0.09843002928065792,0.0004315336452573183,0.09533349285704336,0.09856628511485681,0.00018176754062058706,0.09856994227930281
0.09726009492407793,1.7585093188977712e-05,0.047254853169008744,1.097836266182964e-05,0.06951916687753945,0.0004298259449450274,0.00013223317519321288,4.1585585525203636e-05,0.09727279816811915,1.5248531185958252e-06,0.028366210591892406,0.09725516669156535,0.0009208054574504711,0.004083478379671479,2.3814958876929097e-05,0.09727021809345081,0.0019637209207212718,0.07270228906572733,0.09705654152754689,0.00038693002936353993,0.0934643006678477,0.09721063286341351,0.00018698873736818996,0.09716825586172599
0.09646283443006445,1.551148685117136e-05,0.04524800770045986,6.727873814965892e-06,0.07394103532104714,0.0004766698597903334,0.00019976322426923726,5.938354947619894e-05,0.0964741913110769,1.4634563127425806e-06,0.027119070293173512,0.0964548874885155,0.001478941923156002,0.0034113856688369553,1.8340644045157016e-05,0.09647151166218991,0.002293454554208623,0.07720843586476457,0.09612674550624967,0.0006603293142999023,0.09285657330853324,0.0963955959441513,0.0003213336039778709,0.09629780601073479
0.09742595840160569,2.1398640773089768e-05,0.038830962606021896,1.5524105519465042e-05,0.07735751800415107,0.000432801956404345,0.00017127624237730775,6.979749350277998e-05,0.09743761454817418,1.8178245520361237e-06,0.02402114888445668,0.09742609197976766,0.0007869728373773255,0.0040499127346935275,1.4188323899757987e-05,0.09743517529478167,0.0017448298942653057,0.07812378041867676,0.09720778460888432,0.0008382407167162997,0.09169998529507707,0.0973542501596121,0.0002623155675065162,0.09727065346120314
0.09595443380202674,3.0029843658627943e-05,0.03396072159369124,1.1622979488444188e-05,0.0802462744618459,0.0005360041094554053,0.0001933950531466743,4.616015968097667e-05,0.09596498714708392,1.9390699048142615e-06,0.032868061422298624,0.09595858650040696,0.0008731391542629351,0.002772398066341187,4.598856057435594e-06,0.09596268199908498,0.001891073634692443,0.08201405413843134,0.09568908438348889,0.0009569796177727139,0.09193793935270014,0.09584609756604685,0.0005271152757324515,0.09575262181270032
0.09609095154153674,3.2162840685784965e-05,0.03300896110871309,8.858385239637837e-06,0.07982590801362838,0.00029903709008763846,0.00018976362405687805,4.81182445558213e-05,0.09610003618362538,1.8558789638814478e-06,0.029814340417422865,0.09609551677466703,0.0009154810351924456,0.003708157866254255,5.87122203079779e-06,0.09609789390358682,0.0017819559824975835,0.08631096201172996,0.09573950305478393,0.0008807749529635639,0.09075415391607888,0.0959819243804302,0.00039819773417169304,0.09590961383709674
0.09673102348921328,3.203673693448629e-05,0.037871332507182234,8.594448596265626e-06,0.07003235883414924,0.00032009636023112625,0.00014787583460283804,5.6707215511556054e-05,0.09673967848239878,1.5683931688589402e-06,0.03075213643692048,0.09673093699694293,0.0008308130350678528,0.00394312494335477,7.994768855231326e-06,0.09673689919744514,0.0020068224872199308,0.08482528751674015,0.09637422557560058,0.0006171165827351441,0.09175350288793654,0.09659382944999761,0.0003128857879603244,0.09657315203123464
0.09943378344750675,3.667164574993422e-05,0.027366531264799224,6.74220091167774e-06,0.06947559756993535,0.00025190937129385474,0.00015394445114597812,8.257195683567701e-05,0.09944155401928276,2.0093240519197834e-06,0.018616088016952366,0.0994263744355159,0.001352358067876312,0.006726644950101742,2.121051952741872e-05,0.09943950913197329,0.002551666693255141,0.08336382018284037,0.09895493603893302,0.0007885441097914578,0.09365820373062306,0.09928224247985061,0.0002682951422128289,0.09929879124903337
0.09900305081086627,3.449042660804134e-05,0.037993026949858615,5.320064947754174e-06,0.062416518613409785,0.00015177676138800842,0.0001570407635326526,7.47789273271958e-05,0.09900758894724433,2.0772743889178803e-06,0.015005958723548762,0.09898643261575493,0.0017134090926908955,0.009109886832599364,3.765059829913658e-05,0.09900584804967408,0.0026002813284572187,0.08434677054368382,0.09842942211079245,0.0005545230869087019,0.09331029215073221,0.09891588200405177,0.00024587375039737095,0.09889209957283773
0.09987449049932293,6.343358796099441e-05,0.023249579832850798,7.141115791573232e-06,0.08114446004247895,0.00023414763158197187,0.00024261338119065644,7.52511076327517e-05,0.09988114045875535,2.9112176924379414e-06,0.008520726377152496,0.09985567176900431,0.000969628977420289,0.010323252355015116,4.0387936248464205e-05,0.0998793782492728,0.002644320350168646,0.08096480992982659,0.09922370534673913,0.000641616900546246,0.09229803157122714,0.09978735043109345,0.000338496032613068,0.09973745489841385
0.10243899971069123,8.044513925611747e-05,0.01857965784890296,1.7993062042596892e-05,0.08382431752533984,0.000382861705193849,0.00024949992615150263,5.223270191120058e-05,0.10245115182114932,3.6578463137673637e-06,0.005957843895253119,0.1024074408630292,0.0013133591841698353,0.012096210749984687,7.804219681126363e-05,0.10244887406376195,0.003233343783842998,0.06514253004258945,0.10196137291698286,0.000984479718397862,0.09136468374482135,0.10238424193457177,0.00033430211606684046,0.10221245750276445
0.10326215711314171,8.890236072176874e-05,0.021505744509474407,2.2159419691086855e-05,0.07854767015615152,0.00024470462503036454,0.0002784084868410718,3.692621075745279e-05,0.1032701345042305,2.736072792413363e-06,0.007926532142903045,0.10322808700536666,0.0015458288068615018,0.009872609312540444,6.014128058104559e-05,0.10326725377967066,0.004850509230850974,0.06312928750916354,0.10288552084312554,0.0014819204249329715,0.08789107867179984,0.10322996440064605,0.00037866755015452254,0.1029930555825709
0.10418375981190656,8.814559084278009e-05,0.027610483047339544,2.898647586984719e-05,0.0707338262187273,0.00018981095843299614,0.0003108213441988038,1.954064195489538e-05,0.10419098857632274,2.2946979826263604e-06,0.007647020476884942,0.10414921824173236,0.0020402224971457403,0.006852744460960819,6.87726264130022e-05,0.10418628118506203,0.005258497603537285,0.06139261686917009,0.10385449083480547,0.0012925825691797567,0.0874600381761979,0.10415050997970363,0.0004349492898760552,0.10385339782575286
0.10363802799701316,0.00010274123067672883,0.031113959453668457,2.960659900295971e-05,0.06932229633093898,0.0001793168379675347,0.00025250089119415174,1.1787040354229968e-05,0.10364434160038948,2.0262836667649e-06,0.012856649400588225,0.103610741122147,0.0013765539557085032,0.004923807533297648,4.4383643304489104e-05,0.10363716929753243,0.006101757890039714,0.06206700233126407,0.10336454765663507,0.0007989241125631218,0.08557248592437108,0.10360532328441605,0.000334021742616803,0.10341002784064336
0.10320681517611548,6.439890685993115e-05,0.03399207833156238,3.0107780872420997e-05,0.0752014113031512,0.00020970247785006427,0.0002552609517468182,1.0012344374717036e-05,0.10321294254631345,1.7471617833607608e-06,0.018253666518972027,0.10315864518751085,0.0014017805042743237,0.004228740561565973,4.96033995043585e-05,0.10320622458621688,0.005789814235053537,0.04700509924546419,0.10285110780177069,0.0014348012467820309,0.08998134800212634,0.10317671969919928,0.00042135205677207814,0.10285661997415763
0.10443984232004344,4.553255038077249e-05,0.03723174980255766,3.114565894927601e-05,0.07264708452617767,0.00030969168957028966,0.0003015924486562365,1.8517442043698082e-05,0.10444471058014704,1.1081205862424805e-06,0.02118346500436128,0.10434566452100592,0.0010473264762146663,0.004839340023922643,5.6355402286292445e-05,0.10443628139321573,0.00956768122732448,0.030866032812353242,0.1038659043357319,0.001731117808081452,0.08988721838154164,0.10440841651824932,0.0003305467680192352,0.10396367418857987
0.10529526809009858,3.708740117131792e-05,0.02399573371240938,3.673278310291726e-05,0.07149519524213269,0.0003613181531443297,0.00023243802187815232,2.587456614126893e-05,0.10530076623926528,1.6287325442472498e-06,0.0289241936595507,0.10523048909746206,0.001165839851103593,0.005546148134461355,4.410444542745828e-05,0.10529480363457536,0.007138540172230025,0.028082568869355146,0.10490015452121436,0.002001341987746496,0.09434787566799295,0.10525045440853431,0.00032225995421234264,0.1049691826542457
0.1058122751079014,6.618437503619729e-05,0.016341574043309937,4.2541917341130295e-05,0.06661703485024723,0.0003117985107068119,0.0002897423083432934,4.88427884195275e-05,0.10581646307426382,2.6143253873830253e-06,0.03297916288373941,0.1057594840258932,0.0009187319671663563,0.007586756506239898,6.832250846520295e-05,0.10581119027324125,0.0055385382104610964,0.029544103311352786,0.10542450348150406,0.0011768942339785838,0.09814803807036764,0.10576694541777082,0.0003134793737122102,0.1056147784351508
0.10609930003781605,5.8910698495898874e-05,0.017022162533636885,6.922560448052701e-05,0.07592990126497365,0.00037049864791567275,0.00020028056417792524,6.601286858831911e-05,0.10610327168769855,3.4309236644149372e-06,0.02305769798556084,0.10602397782428023,0.0010750490993635653,0.008971748383204891,0.0001589071031408699,0.10609924944355004,0.004154883341164377,0.02610266012950804,0.10572800136806895,0.001351660600256064,0.09926850493975535,0.10606383345733672,0.0002989267343485136,0.10572190475901366
0.10445500010284167,5.305989031140941e-05,0.029742309960581362,3.9670393231535446e-05,0.0652292278319995,0.00039844104911855593,0.00017821012795568128,4.90221833333586e-05,0.10445786416638816,2.770670169980895e-06,0.020502448707400336,0.10437326221971469,0.0014558377449225344,0.009673919422990318,0.00016037510615363572,0.10445304506815993,0.003724764452020294,0.04034655193817516,0.10398356279063804,0.0011644566364170605,0.09671283239282519,0.10441500905901743,0.0003055769017359379,0.10412278118389821
0.10478409571733696,5.746571110808354e-05,0.026674221408870036,4.4473463379299435e-05,0.05899336832888953,0.0006532321016117199,0.0003640858806438617,3.0466196296704073e-05,0.10479382741058765,4.216234238908303e-06,0.02820913055256695,0.10472752322326023,0.0019065155369683963,0.005451344143127049,0.00010286049974699628,0.10478101630477432,0.00335133156282102,0.0415580592054168,0.10439202341075617,0.0024599540588498663,0.09731139830911954,0.10459548950571647,0.00042113621460100094,0.10433276501931243
0.1044948724700305,8.095842565711836e-05,0.03246172777721119,5.575917731861321e-05,0.04572627258244345,0.0005976894151962157,0.0002893926533233002,2.138665501757434e-05,0.10451486366605481,3.6568501297163234e-06,0.026425221361379765,0.10445285918676848,0.0025271700071058142,0.006877049303952218,0.0001120478814873557,0.10449189466021448,0.003499823614606222,0.055383238173932016,0.1042490162683793,0.0022983116173437637,0.09287496641943183,0.10420971914637207,0.00041254813920807367,0.10393955454743611
0.11103393107966796,0.00010802483104923374,0.028699416480900904,5.795590601743718e-05,0.026134936315607257,0.0011794064935933834,0.0005014173811685073,1.452290078262317e-05,0.1110530809210372,3.3957375120718717e-06,0.014419969557842045,0.11096544706348882,0.0035957848438868427,0.005711186997423194,8.59128209925552e-05,0.11102437270741175,0.006465520629527371,0.0395698176457514,0.11080862753639624,0.0034180315548411858,0.09315199057984022,0.11078922615891498,0.0005530782650144429,0.11065494559133236
0.11377327478366273,0.00010066824512403979,0.017521514433232913,3.6854826660477054e-05,0.015996710841530468,0.001825217739635182,0.0009054173118960356,4.71003802945344e-05,0.1137915750178267,2.279050659412955e-06,0.007934616614079211,0.11371023461453003,0.004084028258668112,0.010982138059157405,0.00015921135893771007,0.11377821272675812,0.0071808646972560146,0.044547863904658494,0.11312108645329405,0.0025168723088782436,0.09027127027890883,0.11362274891391959,0.0004985423317465839,0.1135916968486851
0.11324457189302974,0.00022920018529915272,0.01891551858124285,4.344193682511446e-05,0.014373923846612189,0.0012178966736790169,0.0005049918394039802,3.479675847332969e-05,0.1132607212617275,2.626297835879948e-06,0.007855256827116923,0.11316174561577891,0.004312941413405306,0.014710640209382777,0.0002062588998330343,0.11323243961228148,0.009940685839788608,0.04718839794785543,0.11250118782590103,0.001562046337008226,0.08683158399280246,0.11313314665014192,0.00038918155681332044,0.11314679799776184
0.11548927125200066,0.0005441857232052203,0.008131144301039448,2.632262742455678e-05,0.012518509366891133,0.001942782725786425,0.0016778316756659287,3.991771710538005e-05,0.11548841747072924,6.844020837041444e-06,0.005418564151074627,0.11537578031089708,0.004834942684062409,0.025409601306764566,0.0002504746378369151,0.11548219312984725,0.006444292839360919,0.03663973752174832,0.1146643739518178,0.0011700728058192272,0.08711707303206782,0.11535321707519991,0.0004913201377054173,0.1154831295351127
0.11587102187291569,0.0006570958982274383,0.006912325045142132,7.682921712893455e-05,0.015056356806479385,0.002106371956556987,0.0015405956175297496,9.112953325506038e-05,0.11588362577560428,7.300451310583204e-06,0.0034144898328017335,0.1155831498411136,0.005095549173962226,0.029239772426171907,0.0007079883013532739,0.11589617439801793,0.007126059318201904,0.030108104620034812,0.11509610297866671,0.0022442202321791586,0.08527492371572545,0.11572588351103448,0.00043375322237792103,0.11585117625420864
0.11384342687039044,0.00033637586487993566,0.004258493054322865,4.574505342651499e-05,0.01715867960206679,0.0034477660409609778,0.0011752988607790955,0.00017558237554245778,0.11386639785387595,6.457406235507757e-06,0.0037560206146481107,0.11369786702026365,0.0027821473345979526,0.035289759027661016,0.0005625582312394321,0.11389660710765279,0.0042520288579651335,0.0346539795134136,0.11271296658172088,0.0030562849391680418,0.0926813930565867,0.11364764048616895,0.0008536745364319051,0.11384284971000135
0.11329253430755136,0.00032436338503313405,0.004104646195899725,6.482402097837095e-05,0.02212721749764304,0.005607407901926855,0.0011974890543027157,0.00025408245533023514,0.11330179246848338,1.8002730454665648e-05,0.0012804340669155408,0.11297441849170191,0.0039648986491890425,0.038790518451132926,0.0010700508069625939,0.11334142010038509,0.005719059971210634,0.020903957642818976,0.11218921156237797,0.0032405252707483276,0.09848623459802718,0.11309565309543941,0.001348640357635864,0.11330261691785105
0.11314383862194823,0.0006844513823905537,0.0025334489774657995,5.756427545678687e-05,0.03430943516333539,0.0038216605298627567,0.001402071394777603,0.00012407699514050216,0.11313161717964433,1.5342600263892726e-05,0.0018181538059808444,0.11307794001118204,0.0031658360708588023,0.031695031783949355,0.0009715270559889106,0.11318244650235718,0.006773736084047298,0.023041977320579762,0.11221636544523035,0.0033424126299988442,0.09462977070596942,0.11301476102562209,0.0006726922088872182,0.11317384222906204
0.11542921550649943,0.0004724214825275266,0.005426700121928862,6.273998068439205e-05,0.02003333487195913,0.005347647539647129,0.0014263729194476777,0.00010027583827591042,0.11551830290428773,2.817599879025719e-05,0.002680959026422613,0.1154683561080944,0.003573637480395435,0.018503783111671352,0.0005602278400384014,0.1154814282287749,0.00916275078136914,0.01787233012093888,0.11500565951197407,0.002925923542915517,0.1032993894851305,0.11513367400464444,0.00098482381887501,0.1155018697747073
0.11413583768718967,0.00039309352429544393,0.003713212470981839,5.4107004990999823e-05,0.027455468478296396,0.0054438393360359055,0.0014460471880478772,0.0001398741038344159,0.1142964414521302,3.334327146359724e-05,0.002831867964243052,0.11427418534655079,0.0036894810295610386,0.023100031753111563,0.0008153802991427069,0.1142751530033151,0.007673889530470689,0.018373035273879592,0.11357165290668401,0.0024156256369306777,0.1027480712735222,0.1140473039077384,0.0007809501174403106,0.11429210744014352
0.11227601251927623,0.0005385869820894136,0.007002402208759381,7.823424021793776e-05,0.02218930670993126,0.0036727630073656505,0.000741871905181751,0.00015032378041104113,0.11247924377686616,2.7131265557251812e-05,0.003900344986669724,0.1124855763061494,0.004015098601271066,0.029868746188785027,0.0009534246697376348,0.11248776988356002,0.009405764776442229,0.028549198691203044,0.11143432277962992,0.001995357169308965,0.09972098164910158,0.11224267282591004,0.0013193865010747824,0.11246547857550049
0.11071355852925777,0.0010463790436277289,0.017882461396415753,6.788272353909784e-05,0.02141360927254401,0.003339558930028644,0.0009518027241510506,0.00013338864268449657,0.11088203726740696,2.083588051945136e-05,0.005222311969268917,0.11081951309730623,0.005970344211589091,0.028736917154588686,0.0008557851157791667,0.11082411464350377,0.011727628900531873,0.03269606832984044,0.10983824659351535,0.0018442018670019994,0.0922144304396195,0.11077889255156245,0.0011823891131330926,0.11083764160258446
0.10719297907086632,0.0011393287457020648,0.02919741941867841,5.840675962946798e-05,0.02992913966183645,0.0026353785524360625,0.001640530191249839,0.00010620516666592615,0.10737035687227968,1.918082339689642e-05,0.006692132304095643,0.10731985035833504,0.005841210541970042,0.03113548925190781,0.0010260332045661576,0.10727538746831787,0.009906802453409134,0.05189406021500679,0.10597255116615885,0.001476456045049685,0.07649809177055991,0.1073242678376888,0.0010486039632062638,0.1073001381569869
0.10343685392565936,0.000573668041249395,0.053814150840817226,0.00011954278289079123,0.02796690617346048,0.002441668995018518,0.0026128694268013715,0.0002168736736458708,0.10373058779748913,1.8902685148074302e-05,0.008377699747707915,0.10364621229745481,0.00673214245056105,0.033216053800604745,0.001201675116865882,0.10358630018739451,0.0061863459732112705,0.06802858657528456,0.10248701873870311,0.00139753377978185,0.062244766973159234,0.10370500484402956,0.0007257709467250891,0.1035328642263362
0.10597101265828404,0.0006378004072958117,0.028977702478989793,0.00013240316387660433,0.03555496606830046,0.0033121591427877294,0.0040286620174682,0.00030556381197070206,0.10634786243261492,2.13743738221661e-05,0.007771422363904913,0.10624854024219724,0.005725015525830207,0.03642868680045378,0.0020332448404874336,0.10621240578676372,0.0072446602590684455,0.05892990010769945,0.10482393711716931,0.002093683490453953,0.06405985763227491,0.10630772008391463,0.0006922589253785446,0.10613916026899306
0.10685639969331362,0.0017430343953130935,0.01397429738457565,0.00021633199289914186,0.043782543588407774,0.0027860564537339526,0.006668079063398742,0.0003878144752634441,0.1072172993471933,4.214492104788584e-05,0.008941491129697757,0.10712076532337764,0.0070047493038958904,0.03445936007430652,0.001979324724107096,0.10705214675511761,0.011798624578778569,0.059729401026458843,0.10581517749763644,0.004723284210507471,0.05281310394706063,0.10721231855473387,0.0006557350740147998,0.10702051648516026
0.10437860229026286,0.002932202490249668,0.018997485621574627,0.00017198861190628227,0.04071949862461586,0.0020046128256538866,0.005180276874990099,0.00027273541893154887,0.10471588263448646,5.740450237211971e-05,0.011981995114376457,0.1046837351136238,0.009826996111162004,0.030096857619192337,0.0013489933115664757,0.10452979434232619,0.016875530596518553,0.06759657212721733,0.1028833302622643,0.0037900933809891283,0.05665420822167911,0.10473588581400496,0.0010018019603765626,0.10456351612965939
0.10299051025698505,0.0030813326243843277,0.01649523468029258,0.00016028183616847343,0.04748596254187478,0.0024843931155622946,0.005141340069131682,0.0002221164531674784,0.10330680862280653,7.958618168771454e-05,0.008887927989569748,0.10327873279740477,0.010174719189893539,0.03101680355408761,0.0015189453003994513,0.10315018804685509,0.01816092624878536,0.07401037823656444,0.1010179600870183,0.002976136112390506,0.0569068134601079,0.10332229809574497,0.0009632442789211027,0.10316736022019632
0.10518693412627032,0.00390293666665125,0.010857747810701427,0.00032737189657565657,0.052010881567115676,0.0024189624180772865,0.006081690069980361,0.00013274135850916717,0.10572419669046942,0.00018285970007248577,0.011101625944877914,0.10575744276143721,0.004545023101981083,0.03289100242507025,0.0027446937797408867,0.1056860227050158,0.01308885636184895,0.05079237110631106,0.10390032569224121,0.002688811481861555,0.06794170596436595,0.1057274651407942,0.0005977888378294832,0.10571054239220139
0.10657485834226922,0.006064687037294685,0.006019271884535501,0.00011359047155481557,0.048660304308360144,0.000995773997167196,0.009412946186425655,0.00011442553156063396,0.10686614767071104,0.00012017852129537517,0.01559725397592786,0.1068678432887381,0.00558036179567581,0.02897953359718595,0.003764061661493778,0.10678206796478168,0.020813497736547542,0.033720252118767155,0.10403774206046938,0.004542509698520772,0.07017368750909721,0.10685945444165676,0.0004895427730292753,0.10685000742693444
0.10949912041352558,0.00889727131079887,0.0022956491442669706,0.0002999438153337212,0.050638820935735844,0.0007612155153625088,0.0068680857393716216,6.732717647629313e-05,0.1097896906776897,0.00017718074350163177,0.01007880694462211,0.10976891367604029,0.0040294221594658845,0.03218246238435332,0.006431254681844075,0.109763439495965,0.022095990932819567,0.02345020879135051,0.10855236227911581,0.004897024042870636,0.05965874072727671,0.10981402327716315,0.00018452112132986796,0.1097985240137203
0.10797915804922059,0.010997041229565793,0.0016943629741608727,0.0006089313768234236,0.05803569323285189,0.0008961164143508602,0.009997867535380598,6.448751306627159e-05,0.10830449294984974,0.0002437411582015487,0.00989664491156538,0.10827143038116722,0.002570207731511787,0.04000174163120688,0.012501504385635393,0.10825028015649615,0.020214934474678873,0.017299708050670874,0.1071873489356185,0.006111223049532935,0.052057808977553306,0.10834707118161732,0.00015991223625769967,0.10830829146301608
0.10404394610068947,0.010783165880939421,0.0011594807042931792,0.00032066914977513754,0.07418100471635558,0.0007188030216016418,0.014422233602238564,3.834794775074688e-05,0.10434691978918514,0.0003463361284401261,0.007557272395389802,0.10438319470664352,0.0022810679089177227,0.05070920016010766,0.018838012236369453,0.10432453355215403,0.01331436699450406,0.020574134641674006,0.10301760312116437,0.0060887981218420255,0.04961455923662583,0.10440570544999851,0.00014873836714849348,0.10438190606619151
0.10286254368051778,0.011359834140232223,0.0008465789760752284,0.00044346606432224805,0.07685339474974397,0.0008041173635891073,0.030328438340998482,5.793801608019264e-05,0.10322817217640588,0.0002833831689124484,0.008845103238816052,0.1032384220618411,0.0017646085799605568,0.04338446538444396,0.014740095532625909,0.10305380100226028,0.014635743695981872,0.018249068399301554,0.10244189823199634,0.01138654232519359,0.04453568449904593,0.10325034024694775,0.00020029445797005235,0.1032060656667375
0.10207558377632688,0.010089686607191327,0.0006301290026161061,0.0005211695343368401,0.07710084766114073,0.0007463769551588909,0.034240293761837196,9.9157713580051e-05,0.10278927902092988,0.00023000715436144125,0.012772228871695558,0.10278329621130734,0.0019561212895975563,0.03621817629545115,0.017754499403852254,0.10256359959566015,0.015008328487829665,0.01630840037472004,0.10222962886425137,0.01775133636106001,0.040378595135279416,0.10281168390737493,0.00018994501062365542,0.10275162900381757
0.10172095588324613,0.010673754649246274,0.00030036811366792416,0.000578501224842738,0.07182152113850913,0.0008982806545959064,0.03160236212369394,0.00021031574238329309,0.1024637871004012,0.00029353198109823096,0.010485896992806063,0.102471439168329,0.002216257677031119,0.04274850361810033,0.019910145959070206,0.1023231467369133,0.0171977843046155,0.015792144654154263,0.10182356204648262,0.022821800588729447,0.03654304935304195,0.10250619129152193,0.00014609521223036374,0.10245060378528914
0.10070442456530712,0.008928141064819019,0.00023904439529695782,0.0007113247038490788,0.07607053750551647,0.001255184590993171,0.03469201939866355,0.0002367892310115001,0.10122198325933889,0.00030733632474988824,0.009407141581804111,0.10122959708039367,0.0019227554849504977,0.039194972646487455,0.021395151135947987,0.10108969840169472,0.01746381410785251,0.01407198060536978,0.10028305602450595,0.03234612324247606,0.03455211770100305,0.10127008739283887,0.00021959322596469,0.101187126329165
0.09995342792600073,0.0062248911438632214,0.00030604480041041877,0.0004843020207253864,0.07026978092453885,0.0008044433791843896,0.040336775537102125,0.0002477974383203992,0.10062800346215789,0.00028570445174406274,0.016660639707687816,0.10067960478942688,0.0018190893727964034,0.037103236449054694,0.023070190959071635,0.1005373003961451,0.014921449842042004,0.010817139106786009,0.09961747596889567,0.027615397362969855,0.04604674607163358,0.10068389739547659,0.000253134678569629,0.10063352681539668
0.0988345751588067,0.009287722003039565,0.0002754008598451459,0.0006196802282405102,0.0768725910801155,0.0005631168765569478,0.0391074641436092,0.0001629055502520795,0.09984423932552135,0.00044534406805996014,0.017504138533035788,0.09990784331344016,0.0012384699529977966,0.03035904475006352,0.020942271220496973,0.09972541220855258,0.01265086476674125,0.012060592001354757,0.09939390069444679,0.028979380853478193,0.051293417591839724,0.0998665584997798,0.00022220891265325334,0.09984285740707247
0.10038960788426061,0.0074606170771809865,0.00017049504731951102,0.0007004839253461836,0.06888526693432931,0.0005409589716747656,0.032486067784956885,0.00025516329210676,0.1011137306115135,0.00046042110593158694,0.015554539832962162,0.10121230456631837,0.001254690884152076,0.03267623417732193,0.02398926864165724,0.1011009140664593,0.012354105523454824,0.009783962832164162,0.1005402143569574,0.03301131985136983,0.05345062877674362,0.1011800821790352,0.00027071330934060815,0.10115820836744316
0.09980765999534409,0.006043209837424726,0.00012512581740014008,0.0006496269705518801,0.07292828926560109,0.0005957713249541614,0.027184738844653326,0.00026015218770893546,0.10061189229498896,0.0006722349341525723,0.011874221226425797,0.10071044152206153,0.001111593733879424,0.03399328123503088,0.028340912084504108,0.10062351598839779,0.009836781700214266,0.010159561339342354,0.10010138640492398,0.03212046166632448,0.060742029509297406,0.1006382017084794,0.00020390095653780656,0.10066500945180089
0.09812623972219008,0.0049461377892906595,9.657994001429955e-05,0.0004210254104624589,0.07465494847367278,0.0006290587192495216,0.03885484144457383,0.0002803768166951471,0.09877393300103246,0.0007048890166840843,0.011236382792627609,0.09897046167432606,0.0011806941915346173,0.03950325155070466,0.026809027897505062,0.09890166985388826,0.008238841165087888,0.010479811413419074,0.09761564039973818,0.031598835389878864,0.05990820050152482,0.09889817716454871,0.0002436416305925792,0.09892733404075829
0.09576393253964241,0.00330567363017902,0.00016409099554072747,0.00037409931462311697,0.07723686022937905,0.0006069272574035392,0.039157764592327435,0.0004352094442445177,0.09692159829327984,0.0010283806223205679,0.01681194209362041,0.09718472205279774,0.001164863870531269,0.034332506208390304,0.027448661705106556,0.0970933218996919,0.00649209314666827,0.01750314669952538,0.0953319296609518,0.03465727307680865,0.06250781564145935,0.09707606959215884,0.00027221916678011064,0.09712889826656919
