0,1,2,3,4,5,6,7,8,9,10,11,12,13,14,15,16,17,18,19,20,21,22,23
0.046228077,0.030605974,0.032721825,0.042881485,0.046509564,0.026739208,0.045763876,0.036667842,0.044101004,0.04079762,0.04280692,0.04226942,0.054130252,0.04249185,0.040138084,0.04927858,0.03830367,0.049901437,0.041378878,0.044516537,0.042750627,0.03327818,0.03444653,0.0512925
0.046228077,0.030605974,0.032721825,0.042881485,0.046509564,0.026739208,0.045763876,0.036667842,0.044101004,0.04079762,0.04280692,0.04226942,0.054130252,0.04249185,0.040138084,0.04927858,0.03830367,0.049901437,0.041378878,0.044516537,0.042750627,0.03327818,0.03444653,0.0512925
0.046267573,0.030495912,0.032655604,0.04288432,0.046571758,0.026638402,0.045773063,0.036597464,0.044143863,0.040806297,0.04280877,0.042282294,0.05426024,0.04248598,0.04013838,0.04935199,0.03825292,0.04995088,0.04139428,0.044549067,0.042743817,0.03321427,0.034370784,0.05136209
0.046254512,0.030528499,0.032677677,0.042883188,0.046560355,0.026664488,0.04577183,0.036618404,0.044126086,0.04080831,0.042809434,0.042278226,0.05422452,0.042485103,0.040140036,0.04932972,0.038266733,0.049935807,0.041388955,0.04453644,0.04274444,0.033234723,0.034395017,0.05133751
0.046272833,0.03047272,0.032638717,0.04288588,0.046594538,0.02660342,0.045777015,0.0365858,0.04414581,0.040804703,0.04281278,0.042289026,0.054300383,0.04248826,0.040144574,0.04936669,0.038243387,0.049967177,0.041393593,0.04455478,0.042734146,0.033195257,0.034350675,0.051377848
0.04625852,0.030520517,0.0326728,0.042880617,0.046565358,0.026653107,0.045770727,0.0366047,0.044131953,0.040805735,0.04281252,0.042275917,0.05423928,0.042489138,0.040144805,0.04933415,0.038268417,0.0499421,0.041391857,0.04454152,0.04274411,0.033228524,0.03437556,0.051348038
0.046304643,0.030385735,0.032577466,0.04288889,0.046643652,0.026524741,0.045782268,0.036523458,0.044185568,0.040814925,0.042819876,0.042293582,0.054404676,0.042486098,0.040144186,0.04942211,0.03820341,0.050004475,0.041405395,0.044584125,0.042734887,0.03314521,0.03428119,0.051439423
0.046323143,0.03032999,0.03255263,0.04288244,0.046678312,0.026470806,0.045783557,0.036509797,0.044200774,0.040821645,0.04281709,0.042301808,0.054467738,0.042478383,0.0401463,0.049457826,0.038178734,0.050019935,0.04141057,0.04459551,0.04272923,0.033119585,0.034256775,0.05146752
0.04636105,0.03023326,0.032485098,0.042879187,0.046740796,0.02636302,0.04580513,0.036432642,0.044233907,0.040824685,0.04281892,0.042318415,0.054603163,0.042480107,0.04014886,0.04952617,0.038130462,0.050081946,0.04142188,0.04462369,0.04271803,0.033052564,0.03417658,0.05154045
0.04639141,0.030142697,0.032436844,0.042875767,0.04679052,0.026288612,0.045808412,0.036378417,0.044268023,0.04082561,0.04282123,0.042323783,0.054695584,0.0424761,0.04015746,0.04958014,0.038093694,0.050117206,0.041432742,0.044659223,0.042721394,0.033007707,0.03411572,0.051591683
0.046411384,0.03005994,0.032374997,0.042883974,0.04684284,0.026202315,0.04581922,0.036328394,0.044303834,0.040835164,0.042826366,0.042335156,0.05479417,0.042475455,0.04016058,0.04964025,0.03804674,0.050163448,0.041438024,0.044677645,0.04271308,0.03295655,0.03405931,0.0516512
0.046439547,0.030005569,0.032344397,0.042874098,0.046867896,0.026155898,0.045824327,0.03630745,0.044318184,0.040836234,0.042822648,0.04234669,0.054869533,0.042479087,0.04015314,0.0496692,0.038025126,0.050174292,0.041444734,0.044700403,0.0426998,0.03291815,0.03403055,0.05169304
0.046492442,0.029840285,0.032231476,0.042879585,0.04698347,0.025977049,0.04584546,0.03617643,0.0443794,0.040856317,0.042829774,0.042365666,0.055088446,0.042470098,0.040174417,0.049790353,0.03794061,0.050266337,0.041465085,0.04475127,0.04269299,0.032813653,0.033889763,0.0517996
0.046443004,0.029985784,0.032322228,0.04287266,0.046901632,0.026129281,0.04582508,0.03627756,0.044331145,0.040842492,0.04282177,0.042348776,0.05490399,0.042467967,0.040167265,0.049695723,0.038018093,0.050202724,0.04144931,0.0447135,0.042701304,0.032895982,0.033988155,0.051694557
0.046466112,0.029950883,0.03230262,0.042873114,0.04691744,0.026101144,0.04581901,0.03625843,0.044348013,0.040838934,0.042820934,0.042336825,0.05494516,0.04246678,0.04016442,0.0497213,0.037989933,0.050211288,0.04145883,0.04472582,0.042702865,0.032886278,0.033962205,0.051731694
0.046513043,0.02978979,0.032198984,0.04287108,0.046997026,0.025952399,0.045855235,0.036159996,0.044410963,0.040842116,0.042837705,0.042367082,0.05513303,0.042460572,0.040177926,0.049823157,0.037917588,0.05027648,0.041464962,0.044780884,0.042686112,0.032784842,0.033867363,0.051831722
0.046532642,0.029756464,0.03218401,0.0428711,0.047008175,0.0259124,0.045854222,0.03613475,0.04442604,0.04084148,0.042831495,0.042373694,0.05518721,0.042470895,0.04016766,0.049854297,0.0379003,0.050287258,0.041471522,0.044784985,0.04268834,0.03277071,0.03382821,0.051862113
0.046509035,0.029797371,0.0322043,0.04287567,0.047011327,0.025958166,0.045843463,0.03616695,0.044411156,0.04083977,0.042825058,0.042364556,0.05511367,0.042466223,0.04015284,0.04981366,0.03793077,0.050278198,0.041468706,0.04476297,0.042703107,0.032797936,0.03387485,0.051830262
0.046393804,0.0301093,0.03239514,0.04288073,0.04681679,0.026258502,0.045822144,0.036375996,0.04428492,0.040827982,0.042808767,0.042336635,0.054726552,0.042481963,0.040150255,0.049602065,0.03805955,0.050123986,0.041436266,0.044668566,0.042722758,0.03297773,0.03411158,0.051627994
0.046489134,0.02987235,0.03224171,0.04287539,0.0469495,0.026020546,0.04584935,0.036210444,0.04437566,0.040837765,0.042821795,0.04236087,0.055032697,0.042465776,0.0401599,0.049762495,0.03796512,0.05024427,0.04145904,0.044750854,0.042694975,0.032840215,0.033942364,0.051777825
0.046541832,0.029734492,0.032154556,0.042859074,0.047041617,0.025886556,0.045860503,0.03612599,0.044428032,0.040857825,0.042824917,0.042374305,0.05521012,0.04246297,0.04018094,0.049861323,0.03789031,0.050308656,0.041485235,0.04479891,0.04268901,0.03274564,0.033800505,0.05187671
0.04649212,0.029885534,0.03226158,0.042884097,0.04693503,0.026041323,0.045845818,0.03620618,0.044379573,0.04083369,0.042836968,0.04234721,0.0550207,0.04244805,0.040172774,0.049766675,0.03796333,0.05024813,0.0414649,0.044735443,0.04268358,0.032853447,0.03392558,0.0517682
0.04657974,0.02958581,0.03208349,0.042866495,0.04711604,0.02574415,0.04587285,0.036045883,0.044471525,0.04085168,0.042834215,0.042405035,0.055368025,0.042464077,0.040177118,0.049946826,0.03782589,0.050372344,0.041496307,0.04484369,0.042683326,0.032685384,0.033721168,0.051958982
0.046436362,0.02996294,0.03230547,0.042872675,0.046886805,0.026127655,0.045851704,0.036274623,0.044336632,0.04083277,0.04281454,0.042360276,0.054926775,0.042472623,0.04015916,0.04971021,0.037993446,0.05019326,0.04146842,0.04471068,0.042703994,0.032883257,0.03399299,0.051722713
0.046435013,0.030037759,0.032355778,0.042872094,0.04685545,0.026202576,0.045828704,0.036314987,0.044310607,0.040816613,0.042836085,0.04232208,0.0548232,0.04246474,0.04015926,0.04964967,0.038034834,0.050168633,0.041439615,0.044704568,0.04271628,0.032929268,0.03405483,0.051667366
0.04660567,0.029579377,0.032070905,0.042864837,0.047127593,0.025743311,0.04585492,0.036018584,0.044492055,0.040866192,0.04283791,0.042383198,0.055419624,0.04244305,0.04017574,0.04997344,0.037813157,0.050385933,0.04151542,0.044828184,0.042665243,0.032654848,0.033697065,0.051983796
0.04657839,0.02959378,0.03208599,0.042862736,0.047131035,0.025742926,0.045860928,0.0360517,0.044471044,0.040853232,0.042840563,0.042386338,0.055387657,0.042450674,0.0401791,0.049953617,0.037813164,0.050373897,0.04150132,0.0448431,0.04267222,0.032680806,0.033729266,0.051956564
0.046559203,0.029629286,0.032097705,0.042878315,0.047101993,0.02578691,0.045874827,0.036052465,0.044468857,0.040863592,0.042839985,0.042377073,0.05532207,0.042451248,0.04017092,0.04992685,0.03784743,0.050363913,0.041491553,0.044817008,0.042679116,0.03270778,0.033753324,0.051938552
0.04640565,0.03002572,0.032364447,0.0428749,0.04685006,0.026189018,0.045828298,0.036321394,0.044322163,0.040825702,0.042831745,0.04233501,0.054819375,0.042472765,0.04016714,0.049652006,0.038044374,0.05016515,0.04145565,0.044678446,0.042709235,0.032942194,0.03404643,0.05167315
0.046651177,0.029422516,0.031969704,0.04288337,0.047214694,0.02557528,0.045871124,0.035931412,0.04454614,0.040871993,0.042834252,0.042413626,0.055600096,0.042452183,0.040175773,0.050072815,0.03774144,0.050449308,0.04152582,0.04486393,0.042656202,0.032573655,0.033613853,0.05208968
0.046599455,0.02958807,0.032081522,0.042866234,0.047121722,0.025741296,0.04585989,0.036010325,0.044492748,0.040878266,0.042845722,0.042400826,0.055415936,0.04245703,0.040172163,0.049964886,0.03782545,0.050379843,0.04149628,0.0448318,0.04266666,0.03264792,0.03369196,0.051964067
0.046536926,0.029719172,0.032173425,0.04288069,0.047053035,0.025884032,0.04584813,0.036107387,0.04445227,0.04083804,0.04284213,0.042375516,0.05522698,0.042449947,0.040182047,0.04988672,0.037883233,0.05031659,0.041469026,0.04478187,0.042665914,0.032754604,0.033807147,0.05186512
0.046590943,0.029577352,0.0320782,0.04286469,0.047130287,0.025758242,0.045884363,0.03602655,0.044504657,0.04085237,0.04285775,0.04240258,0.055368315,0.042442724,0.040166665,0.04997733,0.037818037,0.05037314,0.041499764,0.0448296,0.04264555,0.03268256,0.033706877,0.051961537
0.046597138,0.029597612,0.032091554,0.04286731,0.047104593,0.025754483,0.045879696,0.036032572,0.0444698,0.040859237,0.04283201,0.04240283,0.055370055,0.042455662,0.0401619,0.049944617,0.037828624,0.050361287,0.04150535,0.044844016,0.042665467,0.03268075,0.033722468,0.051970992
0.0465098,0.029794998,0.032218687,0.042883724,0.046996664,0.025959201,0.04584635,0.036156245,0.044397447,0.040851064,0.042833008,0.042349543,0.05510415,0.042459223,0.04016655,0.049817566,0.037925214,0.05028127,0.04147461,0.044762697,0.042692594,0.032805808,0.033890713,0.05182285
0.04643509,0.030024046,0.03235943,0.04288304,0.04686026,0.026169654,0.045818947,0.036297224,0.044326287,0.040834397,0.042827718,0.04234537,0.05483803,0.042473,0.04015576,0.049658537,0.03803684,0.05016778,0.041452598,0.044682153,0.042714097,0.032935303,0.034036152,0.051668335
0.04654582,0.029696064,0.03216096,0.042867552,0.04706343,0.025849491,0.045835383,0.036119197,0.04446228,0.040855724,0.04282746,0.04238292,0.0552429,0.04244167,0.040157247,0.049876027,0.037894487,0.05031417,0.04149269,0.04479499,0.042671155,0.032749187,0.03380872,0.05189055
0.046504654,0.029789345,0.032201115,0.042873606,0.047014352,0.025941512,0.045839693,0.036179397,0.044394746,0.040862452,0.042828616,0.042364057,0.05512507,0.04245581,0.040169418,0.049816016,0.0379417,0.050272427,0.041485466,0.044759344,0.042694755,0.03279763,0.03386376,0.051825076
0.046462886,0.029982848,0.032338,0.04286472,0.046894528,0.026137972,0.045832254,0.036275353,0.04432336,0.040832143,0.042828918,0.04232226,0.054905407,0.04245394,0.04015906,0.04968958,0.03802029,0.050194897,0.04145573,0.044698335,0.042709604,0.032903653,0.03401182,0.051702432
0.046565376,0.02966732,0.032145124,0.042865645,0.047067054,0.025852198,0.045862146,0.036098972,0.044444952,0.04084504,0.042820435,0.042391807,0.055269912,0.04245634,0.0401782,0.049903464,0.037860572,0.050336763,0.041493278,0.044808,0.04266973,0.032711044,0.033790965,0.0518957
0.0464526,0.029964471,0.032308754,0.042871796,0.046882305,0.026109036,0.045833517,0.036278445,0.044338815,0.040836614,0.042819995,0.04235524,0.054913968,0.042460047,0.040153075,0.049724825,0.037993677,0.050193496,0.041468315,0.044727173,0.04270046,0.032892123,0.034002725,0.0517186
0.04647878,0.02984451,0.032239232,0.042881858,0.046975404,0.02599368,0.04585101,0.03619805,0.044361517,0.040857676,0.042835433,0.042358544,0.055063058,0.042464387,0.040172193,0.049774073,0.03794972,0.05026216,0.041462366,0.044752564,0.042701136,0.032824054,0.03390404,0.051794574
0.046452865,0.029969946,0.03232568,0.042863034,0.046896867,0.02612627,0.045824338,0.03628024,0.04435401,0.040832564,0.042831138,0.04234269,0.054881617,0.042471025,0.040151317,0.049696583,0.038007636,0.050192744,0.041460074,0.044704717,0.04271622,0.032918423,0.033993233,0.051706783
0.046498485,0.029822376,0.032223593,0.042880703,0.04698953,0.02596537,0.045832984,0.036175717,0.04438374,0.0408293,0.04282269,0.042375013,0.055114187,0.042474113,0.04016418,0.04979427,0.037934206,0.050283138,0.041477364,0.044767093,0.042694595,0.03280129,0.033874072,0.051821996
0.046431802,0.030061401,0.032372463,0.042871572,0.046840392,0.02620513,0.04581514,0.0363345,0.044310655,0.04083156,0.04281837,0.042330083,0.05481759,0.04247457,0.040144343,0.04965167,0.038052738,0.050154995,0.04143154,0.044692963,0.042706534,0.032951415,0.034048613,0.051649943
0.04654088,0.029724572,0.032147057,0.0428771,0.04702314,0.025894826,0.04586623,0.036112413,0.04443044,0.040842026,0.04283328,0.042373896,0.055212732,0.04245952,0.04017475,0.04986551,0.037876856,0.050314248,0.04149965,0.04478452,0.042685404,0.032751683,0.03382338,0.051885888
0.04652906,0.029758144,0.032192495,0.04287711,0.047013033,0.025922727,0.04583476,0.036155857,0.04441734,0.040846832,0.04283317,0.04236574,0.055176996,0.04245946,0.040166434,0.049842715,0.037912674,0.05028925,0.041480932,0.044778947,0.042674597,0.0327805,0.033834048,0.051857144
0.046457216,0.029983496,0.032319926,0.04287956,0.04688778,0.026137646,0.045838878,0.036269072,0.04434185,0.04082677,0.042823516,0.04233238,0.054901917,0.0424701,0.040158615,0.04970159,0.038006928,0.050203502,0.041458152,0.044710718,0.042689398,0.03289878,0.033996705,0.051705465
0.04646499,0.029910328,0.032299317,0.042867497,0.046914004,0.026093276,0.045847412,0.036247067,0.044363353,0.040831145,0.042829365,0.042360425,0.054962378,0.042451594,0.04015399,0.049747232,0.03797929,0.05022002,0.041468505,0.044732075,0.042691685,0.032874268,0.03395437,0.051736414
0.04638992,0.030158933,0.032444596,0.04287557,0.046772536,0.02630085,0.045815486,0.03639831,0.044271875,0.040820513,0.042818185,0.042322725,0.054667104,0.042475846,0.040154673,0.04956953,0.038088325,0.050103344,0.041444544,0.044650625,0.04271467,0.033024877,0.03412845,0.051588498
0.046389468,0.030159287,0.03243776,0.04287028,0.046779253,0.026314054,0.04580617,0.0363991,0.044274263,0.04082504,0.04282435,0.042332664,0.054672007,0.042478047,0.04014025,0.049576756,0.038096096,0.050092496,0.04143874,0.04464397,0.042709608,0.03301651,0.03413407,0.051589765
0.046358768,0.03024853,0.032498937,0.04287164,0.0467208,0.02637669,0.045799352,0.036445998,0.044241086,0.040810827,0.04280693,0.042320862,0.054578822,0.042469606,0.040138815,0.049527463,0.038140547,0.05007383,0.041423876,0.044616487,0.042729534,0.03307401,0.034196332,0.051530216
0.04630507,0.030393524,0.032582983,0.042886656,0.046640486,0.026535781,0.045784634,0.03654323,0.04418768,0.040820844,0.04281807,0.042289536,0.054385826,0.042488266,0.040139806,0.049411174,0.03821747,0.049994852,0.041399937,0.044570077,0.04271957,0.033148125,0.03429628,0.051440135
0.046341673,0.03028808,0.032530084,0.04288502,0.04668631,0.026433188,0.045815676,0.03645445,0.04421721,0.040801425,0.04282247,0.04231817,0.05452695,0.04247954,0.0401548,0.04948168,0.03814465,0.050060447,0.04140377,0.04461599,0.04272352,0.033099853,0.03423196,0.051483117
0.0463396,0.0302675,0.032496464,0.042873245,0.046714474,0.026405985,0.045799725,0.036461014,0.044247825,0.04082261,0.042838596,0.04230289,0.05453221,0.04247305,0.040160272,0.04951764,0.038139388,0.050056532,0.041413397,0.044631884,0.042721137,0.033071157,0.03419275,0.051520582
0.046338227,0.03029652,0.032510903,0.042879593,0.04669675,0.02643046,0.04577845,0.036476072,0.04423165,0.04081558,0.042815916,0.0423131,0.05453167,0.04249241,0.040138815,0.04948383,0.038147837,0.050042618,0.041425478,0.044611342,0.04272925,0.03309202,0.03419721,0.051524248
0.046377715,0.03017853,0.032456025,0.042884756,0.04676628,0.026330728,0.045793846,0.03641778,0.044263665,0.04082152,0.042810984,0.042305965,0.05465336,0.04246741,0.040146723,0.049564157,0.038108893,0.050096434,0.041431457,0.044654112,0.04271843,0.033015434,0.034158215,0.05157756
0.046358675,0.030247264,0.03249581,0.04287904,0.046725318,0.026387071,0.04580467,0.036448725,0.044240043,0.040810138,0.04281901,0.04231748,0.054561514,0.042472593,0.040156074,0.049525753,0.03813253,0.050079193,0.041418146,0.044630174,0.04270384,0.033065226,0.034197483,0.0515242
0.04625634,0.030501269,0.03264543,0.04288641,0.046571605,0.02663397,0.04576978,0.036608666,0.044138286,0.040793356,0.04278933,0.042274285,0.054257646,0.04249758,0.0401532,0.049342323,0.038257647,0.04994619,0.04139064,0.044548187,0.042756267,0.033214983,0.034384347,0.05138231
0.046357986,0.030233592,0.032476496,0.04287489,0.046723597,0.026381426,0.045807604,0.036433257,0.04423738,0.040818624,0.042817503,0.042301998,0.05460265,0.042482715,0.040156975,0.04952282,0.03812881,0.050075535,0.041421834,0.044639718,0.042725183,0.033042166,0.03418196,0.051555336
0.046318978,0.03032896,0.03255449,0.042879723,0.046679158,0.02646729,0.045788605,0.03648769,0.044203874,0.040829167,0.04281635,0.042287327,0.05446221,0.042472553,0.0401482,0.049460404,0.038184285,0.050015096,0.041405562,0.044606175,0.04274201,0.03312652,0.034254037,0.051481374
0.04634151,0.030305397,0.03253086,0.042870056,0.046688613,0.026443154,0.045794476,0.03648339,0.044212233,0.04081411,0.04281181,0.042296316,0.0544941,0.042488474,0.040154,0.049481172,0.03816073,0.050049573,0.041415844,0.0446242,0.04273135,0.03309618,0.03422169,0.051490717
0.046209555,0.03065549,0.032747734,0.042866603,0.046484753,0.026784746,0.045752414,0.03671039,0.044086915,0.04081633,0.042780112,0.042271312,0.054066937,0.0425038,0.040126827,0.049234804,0.03832527,0.049879704,0.041394673,0.04450114,0.04275995,0.033307116,0.03446725,0.051266253
0.04635277,0.030222364,0.0324812,0.04288276,0.046731807,0.02638084,0.045820057,0.036416765,0.044236884,0.040816724,0.04282797,0.0423095,0.054594714,0.042451058,0.040170856,0.049529802,0.038122807,0.050102394,0.04141912,0.044642422,0.04271698,0.033054784,0.034182865,0.051532518
0.046255413,0.030528197,0.03268317,0.042868175,0.046551988,0.026690967,0.045775414,0.03664276,0.044146556,0.040800285,0.042811908,0.042284757,0.054212674,0.04250275,0.0401357,0.04932622,0.038281236,0.049921516,0.041381564,0.044527683,0.04272419,0.033248767,0.034361605,0.051336493
0.0463693,0.03019714,0.03246938,0.04287657,0.046745665,0.026344692,0.04580772,0.036408573,0.044265393,0.040784825,0.04282207,0.042321008,0.054642536,0.042475227,0.040159408,0.04956354,0.03810647,0.050087806,0.0414219,0.04464429,0.0427175,0.033039607,0.034161076,0.051568255
0.046152625,0.03082153,0.032851394,0.04289133,0.04637281,0.026966441,0.045747526,0.036792733,0.04401143,0.04077588,0.042813186,0.04224511,0.05384762,0.04251433,0.040116906,0.04914205,0.03840121,0.049800627,0.041344024,0.044465058,0.042769797,0.033411782,0.034591395,0.051153183
0.046217754,0.030616708,0.032722015,0.042886194,0.046521027,0.026734665,0.045772873,0.036671635,0.044091795,0.040789463,0.042827383,0.04226474,0.054118276,0.04250366,0.040142488,0.049274042,0.038293652,0.049899213,0.041383922,0.044505086,0.04275569,0.03327795,0.034444865,0.051284894
0.046374816,0.030192163,0.032463238,0.04288049,0.046736877,0.026356211,0.045809723,0.036431134,0.044258967,0.04082552,0.042794477,0.04231057,0.054615643,0.042465076,0.040164698,0.04955354,0.03810557,0.05009536,0.04143521,0.0446384,0.042721953,0.033048518,0.03416369,0.051558156
0.04624618,0.03057833,0.032695152,0.042883974,0.04653575,0.026668567,0.045755014,0.036634844,0.044106286,0.04082249,0.042818192,0.042289004,0.054180495,0.04249012,0.040142007,0.049297333,0.03829632,0.049916565,0.041395422,0.04451404,0.042744733,0.033263274,0.034414437,0.051311485
0.0463022,0.030371409,0.032586355,0.042884223,0.046661284,0.026518434,0.04578575,0.03651362,0.04419273,0.040813256,0.042813968,0.042282052,0.05442388,0.042460985,0.040141597,0.049434338,0.038202412,0.05001324,0.041412566,0.044565078,0.04273913,0.03314579,0.034301233,0.05143442
0.0461729,0.030716056,0.032804407,0.04290204,0.046430994,0.026851991,0.045756727,0.036734987,0.04405675,0.04078523,0.042804506,0.042280063,0.053984687,0.04249722,0.04015245,0.04919079,0.038352452,0.04983317,0.041366693,0.04447176,0.042761005,0.033337083,0.034547932,0.05120817
0.046543945,0.029695807,0.032160882,0.042878505,0.047061116,0.02584937,0.045861788,0.036084432,0.04443704,0.040843874,0.04284574,0.042384524,0.05526336,0.04246007,0.040167067,0.049890768,0.03787459,0.05032943,0.041479543,0.044784058,0.04266913,0.03273274,0.033820633,0.05188165
0.046393465,0.030100727,0.03240134,0.042893246,0.04681705,0.026238367,0.04582713,0.036340035,0.044287354,0.04082593,0.042827055,0.04233808,0.05474077,0.04247863,0.04018167,0.04961266,0.038073674,0.050145946,0.04144429,0.04466634,0.042702768,0.032961696,0.0340785,0.051623322
0.046392966,0.030144779,0.032445826,0.04287584,0.046790503,0.026325205,0.04579535,0.036385793,0.044274483,0.040825967,0.042805523,0.042311113,0.054677147,0.04246597,0.040143326,0.04959268,0.038085934,0.05009985,0.04143556,0.044655047,0.042717725,0.033019386,0.03413447,0.051599517
0.04654306,0.029736083,0.032179404,0.042874187,0.047025304,0.025874872,0.045853157,0.036126643,0.044413384,0.04084362,0.04282957,0.042378914,0.055179648,0.04247848,0.040166054,0.049852178,0.0379037,0.05031248,0.04148371,0.044790085,0.04268167,0.032772627,0.03382952,0.051871646
0.046434883,0.030037634,0.032351114,0.04288189,0.046852913,0.026189217,0.04580384,0.03631567,0.04431373,0.040834647,0.042816877,0.04231662,0.05482462,0.042460594,0.040153164,0.049653105,0.03804962,0.050161473,0.0414572,0.04469667,0.042724255,0.03294568,0.03403781,0.051686715
0.046463538,0.029913267,0.032291014,0.042882413,0.046914987,0.026079858,0.045828868,0.036251947,0.044372596,0.040825386,0.04281054,0.042342387,0.054974403,0.04247227,0.040161062,0.049730584,0.037991416,0.050232757,0.04147188,0.044712175,0.04268914,0.03287655,0.03395281,0.051758137
0.046407197,0.030143257,0.032429233,0.04285865,0.046805453,0.026265016,0.045776036,0.036392886,0.044267364,0.040873233,0.0428168,0.042321123,0.054724276,0.042479217,0.04014535,0.049586944,0.038106203,0.050105702,0.04142274,0.04467037,0.042720355,0.0330041,0.0340846,0.05159388
0.046407472,0.030089717,0.032392852,0.042871773,0.046819746,0.026231686,0.045817606,0.03636906,0.044295613,0.0408132,0.042819627,0.042334195,0.054767035,0.04246813,0.040160183,0.049639028,0.03805788,0.05014031,0.04145033,0.044681743,0.042690072,0.032975648,0.034086805,0.051620267
0.04633402,0.030334206,0.032539096,0.042870678,0.046666004,0.026482148,0.045780662,0.036495123,0.044215556,0.040826105,0.042811934,0.042304613,0.054500718,0.042474788,0.04013668,0.04947339,0.038166463,0.050040577,0.041400883,0.04462574,0.042723015,0.03309354,0.034228764,0.051475294
0.04639654,0.030117938,0.032414127,0.04288279,0.046781812,0.026274383,0.045838896,0.0363659,0.044271514,0.040817797,0.042833034,0.042317547,0.05471469,0.04247963,0.040178362,0.049595676,0.038068812,0.05013456,0.041448567,0.044653922,0.04270053,0.032980394,0.034100752,0.051631823
0.04656581,0.029622983,0.032109506,0.04285791,0.047087904,0.025806388,0.045890626,0.036075458,0.044457648,0.040831234,0.042849924,0.042391293,0.05531374,0.04244438,0.040169306,0.04993868,0.03783901,0.050358184,0.04149492,0.044820614,0.042667877,0.03271305,0.033767715,0.051925816
0.04635474,0.030235002,0.03251129,0.0428671,0.046729606,0.026392052,0.04580596,0.036449634,0.04423647,0.040807642,0.04279203,0.04232406,0.054555558,0.042491972,0.040130675,0.04952039,0.038148724,0.05005003,0.041430306,0.044617534,0.042729076,0.033070937,0.034230296,0.051518854
0.046431042,0.030072222,0.032377012,0.042892814,0.046863347,0.026205525,0.045788284,0.03631984,0.044302553,0.040835146,0.04283439,0.042318385,0.0547935,0.042476244,0.04014501,0.049641855,0.038051408,0.05016434,0.041431155,0.04468178,0.042729262,0.032948438,0.034048814,0.05164763
0.046481144,0.02986374,0.032247752,0.042870454,0.046950147,0.02604775,0.045851592,0.03622003,0.0443944,0.040835254,0.042831812,0.042351883,0.05502632,0.042451847,0.040175773,0.0497755,0.03795627,0.05024626,0.041476,0.044737127,0.04268352,0.032846045,0.0339048,0.05177464
0.046572797,0.029683689,0.03212584,0.042867098,0.04706337,0.025811648,0.045837026,0.036087517,0.044451732,0.0408753,0.042819746,0.042399134,0.055291314,0.0424637,0.040152714,0.049893744,0.037891477,0.05033233,0.04148173,0.04481811,0.04268538,0.032722246,0.033754956,0.05191733
0.046417136,0.030010464,0.032345474,0.04288898,0.04685172,0.026177699,0.04583693,0.03630891,0.04431555,0.040826324,0.04282338,0.042339522,0.054851133,0.042479206,0.040163577,0.049663045,0.03803068,0.05018893,0.041440133,0.044697944,0.042696293,0.032927483,0.03404856,0.05167096
0.046267767,0.030476255,0.032629374,0.04288055,0.046598546,0.0265919,0.04578915,0.036577262,0.04414226,0.04081528,0.042810887,0.04229642,0.054289784,0.042477157,0.040130537,0.04935644,0.03824825,0.049964044,0.04139696,0.044560898,0.042751957,0.03320027,0.03436821,0.051379804
0.046578113,0.029642377,0.03211697,0.042876054,0.047081914,0.025807507,0.045873784,0.03605508,0.04444947,0.040845633,0.042833716,0.042367175,0.055330288,0.04246886,0.04017916,0.049907997,0.037854206,0.050356556,0.04150049,0.044801053,0.04266191,0.032699473,0.033769857,0.051942315
0.04655348,0.029690191,0.032146905,0.042880706,0.04704802,0.025843995,0.045842372,0.03608909,0.044440378,0.040857572,0.04284391,0.042384047,0.05526127,0.042475555,0.040161796,0.049884163,0.037875075,0.05031584,0.04149258,0.044789057,0.042682547,0.03273713,0.033808634,0.05189578
0.046467815,0.029907636,0.032278154,0.042869795,0.046941113,0.026078176,0.04585234,0.036243986,0.044379715,0.040831555,0.042837776,0.0423501,0.054956496,0.042445704,0.04016331,0.049754076,0.037956666,0.05022773,0.041469462,0.044727728,0.042689536,0.03287569,0.03395044,0.051745035
0.04632818,0.030302556,0.03253563,0.042885676,0.046704758,0.026432818,0.045789387,0.036477707,0.044202667,0.040834956,0.04281826,0.04231252,0.05452293,0.042479284,0.040155612,0.04946793,0.038176306,0.050038356,0.041411713,0.044589084,0.042724106,0.033092406,0.03422094,0.05149618
0.046370022,0.030200548,0.032462142,0.04287084,0.046773747,0.026348075,0.045814604,0.03641401,0.044256005,0.040810667,0.042807814,0.04231375,0.05461828,0.04248818,0.04015873,0.04954839,0.038109448,0.050087634,0.041430388,0.044640243,0.042730927,0.033030704,0.034161486,0.051553432
0.04642008,0.030026155,0.032347217,0.04288313,0.046841525,0.026177114,0.045807526,0.036306374,0.044309866,0.04084905,0.04283365,0.042350605,0.05485918,0.042468704,0.040151,0.04965854,0.03803036,0.050172962,0.04145804,0.04469566,0.042722154,0.032929663,0.03402206,0.05167938
0.04631143,0.030312281,0.03253429,0.042880356,0.04670388,0.02645364,0.04579382,0.03648325,0.044230964,0.040819578,0.04283864,0.042292092,0.05448939,0.04247232,0.04014618,0.049465757,0.038187634,0.050034042,0.041407604,0.04459276,0.042726483,0.03310979,0.03422643,0.051487412
0.04643179,0.030107085,0.032414462,0.042864844,0.04681149,0.026234103,0.045809325,0.036349896,0.044281915,0.04083111,0.04282999,0.042340104,0.05476693,0.042466182,0.04013122,0.049612086,0.03808551,0.050125495,0.041445065,0.044668343,0.042722642,0.032996513,0.034058888,0.051614974
0.04649578,0.029844208,0.032245487,0.042879105,0.04697877,0.026016371,0.04583987,0.036213208,0.044385243,0.040825594,0.042818405,0.0423633,0.055048693,0.04245389,0.040164072,0.04979445,0.037951924,0.05025451,0.04147762,0.044739984,0.04268566,0.032820974,0.033920225,0.051782608
0.046320263,0.03030875,0.032531478,0.042886406,0.046691347,0.02644716,0.045795273,0.036487356,0.04419712,0.0408257,0.042810574,0.04232198,0.054477133,0.04249726,0.0401311,0.049456555,0.03816794,0.050050385,0.041410763,0.044597544,0.042725362,0.033104982,0.034265533,0.051492006
0.046415377,0.03010249,0.032395333,0.042872846,0.04681786,0.02624872,0.045817766,0.036360715,0.04428543,0.04082085,0.042828444,0.04231549,0.054753803,0.042480398,0.04016506,0.049617104,0.038063377,0.050142944,0.04144612,0.04466332,0.042706188,0.03296541,0.034083612,0.0516314
0.046416994,0.030094575,0.032410424,0.042888146,0.046802502,0.026224092,0.045817323,0.036342014,0.044282664,0.04084279,0.04282695,0.042343013,0.054779086,0.042467345,0.040163297,0.04962093,0.038062207,0.05012999,0.04143405,0.044662308,0.04271097,0.03297381,0.03409003,0.051614463
0.04647844,0.029931083,0.032288928,0.0428851,0.04691108,0.026084762,0.04582414,0.036236674,0.04437861,0.04083646,0.042832207,0.04234843,0.054950386,0.042462435,0.0401545,0.049731996,0.037991986,0.050224762,0.041451648,0.04472413,0.04269515,0.0328778,0.033964813,0.05173446
0.046511766,0.02979287,0.03222062,0.04287638,0.047005456,0.025930198,0.04584709,0.036146384,0.04437016,0.040842265,0.042839866,0.042369485,0.05515655,0.04246506,0.040180348,0.049813416,0.03792823,0.050288346,0.04147187,0.044769213,0.042692654,0.03278678,0.033870995,0.051824033
0.046461735,0.029903743,0.032269552,0.0428733,0.04693355,0.026058711,0.04583206,0.03627351,0.044355262,0.040843867,0.04282148,0.042362917,0.054968312,0.042487558,0.04016291,0.049745154,0.037970815,0.050211452,0.04146165,0.04473263,0.042708978,0.03285315,0.0339503,0.05175739
0.04654877,0.029728882,0.03215518,0.04288626,0.047046326,0.025883907,0.045823805,0.036121108,0.04442536,0.04085709,0.042837847,0.042381268,0.05523822,0.042468853,0.040164754,0.04985753,0.037882533,0.050312266,0.041474015,0.04479035,0.042689588,0.03275337,0.033806924,0.051865812
0.046476148,0.029901963,0.032277413,0.042869333,0.046959218,0.026051085,0.045850806,0.036225505,0.0443709,0.040831268,0.04282545,0.042332083,0.054985773,0.04246269,0.040161077,0.049751237,0.03797496,0.050238572,0.041462347,0.044747014,0.04268382,0.032844476,0.033944715,0.051772185
0.046425242,0.030016202,0.03235412,0.04286013,0.046862178,0.026182426,0.045825433,0.03631343,0.04431571,0.040852215,0.04280944,0.042361982,0.05484803,0.042473137,0.040154267,0.049659997,0.03803686,0.050163426,0.041438766,0.044700887,0.042715177,0.032937318,0.034025628,0.051668007
0.04639805,0.03011325,0.03240344,0.04285666,0.046810642,0.026279313,0.04581961,0.036403175,0.044305947,0.04080584,0.042812772,0.042323377,0.05470145,0.042472567,0.040142033,0.04960044,0.038073715,0.05013272,0.04144798,0.0446673,0.04271636,0.032999083,0.03410143,0.051612794
0.04638574,0.030143974,0.032406326,0.04287603,0.046791613,0.026283203,0.045829903,0.036398593,0.044268485,0.040819883,0.042811006,0.042338114,0.054673094,0.042478144,0.040158268,0.049585983,0.038081832,0.050123665,0.041442916,0.044670917,0.04272523,0.033008844,0.034101963,0.051596336
0.04622834,0.030621741,0.03271501,0.042875394,0.04650616,0.026755592,0.045769792,0.03667958,0.044106673,0.040792435,0.04279535,0.04224419,0.054116104,0.042493332,0.040132638,0.049288124,0.038302507,0.04990213,0.041388985,0.044513363,0.04274999,0.03327222,0.034441594,0.051308766
0.04644784,0.02998334,0.032327496,0.042865243,0.04686743,0.02613546,0.04583269,0.036290318,0.044327226,0.040827237,0.04282656,0.042350903,0.054925155,0.04248674,0.040151816,0.049674798,0.03802148,0.05018605,0.041440293,0.044707853,0.042707607,0.03289248,0.03401243,0.051711533
0.046305276,0.030420188,0.032608103,0.0428891,0.04662927,0.026566574,0.045789562,0.036540125,0.04418816,0.04078051,0.042819995,0.04229654,0.054350108,0.042473387,0.040139735,0.049424578,0.03821375,0.049990278,0.041401215,0.044560567,0.04273073,0.033167105,0.03432338,0.051391743
0.04623904,0.030627431,0.032704253,0.042889442,0.046495296,0.026736122,0.045767132,0.036653575,0.044093136,0.040803175,0.04282085,0.042268816,0.054155372,0.042478826,0.040156424,0.04927432,0.03829935,0.049912706,0.04136809,0.044536635,0.042739537,0.03326989,0.034429915,0.051280715
0.04636972,0.030235948,0.03247184,0.042865474,0.046726912,0.02638559,0.045818664,0.036441613,0.04423771,0.0408388,0.042819705,0.04230577,0.05459194,0.042474434,0.040152308,0.04952147,0.03811347,0.050060887,0.041426152,0.044629633,0.042720206,0.03305492,0.034167953,0.051568896
0.046365943,0.030195175,0.032462325,0.042890996,0.046758037,0.02635283,0.045807455,0.036421023,0.044239383,0.040812902,0.042844113,0.042327736,0.05460866,0.042481367,0.04014756,0.049550734,0.038089313,0.050090604,0.04143149,0.044633802,0.042731605,0.033039756,0.034173418,0.05154378
0.046367805,0.030199392,0.032476325,0.04288559,0.04675664,0.026343806,0.04580657,0.036419924,0.044253416,0.040790513,0.042802233,0.04231886,0.054614943,0.042472772,0.040151745,0.04955479,0.038128182,0.050088868,0.041434653,0.044631314,0.042712003,0.033041533,0.03419332,0.051554814
0.04620632,0.030639164,0.032734632,0.042904995,0.046492193,0.02676137,0.045755375,0.0366837,0.04408656,0.040801074,0.0428152,0.0422727,0.054082017,0.042494297,0.040146057,0.049240965,0.038308352,0.04989267,0.041384254,0.04450069,0.042770162,0.033294942,0.03447015,0.05126216
0.046405647,0.030110098,0.03241216,0.042881493,0.046810064,0.02627575,0.045821313,0.036352605,0.04428904,0.04082708,0.042822644,0.042303946,0.054736394,0.042463556,0.040161066,0.049608476,0.0380848,0.050127357,0.041438863,0.044655636,0.042710274,0.03298832,0.034092527,0.05162092
0.04640507,0.030077253,0.032398403,0.042869788,0.04681484,0.026235111,0.04581645,0.036355425,0.044317495,0.040822044,0.042835902,0.042343147,0.05475787,0.04247346,0.04015693,0.049620904,0.038041383,0.050147273,0.041449815,0.04467163,0.04271129,0.032983743,0.034074295,0.051620487
0.04643538,0.030020112,0.03236994,0.042880226,0.04685931,0.026182491,0.04580996,0.03632623,0.044299737,0.04082579,0.04281107,0.042334475,0.054847408,0.042474534,0.04015434,0.04967274,0.0380459,0.050163403,0.041437328,0.044695683,0.042700265,0.032929864,0.03404912,0.051674712
0.0464505,0.030045975,0.032373834,0.042873915,0.046847697,0.026191352,0.04581915,0.036301274,0.04431478,0.04081034,0.042833503,0.042325176,0.054816168,0.042456377,0.04016243,0.049667187,0.03802497,0.050170153,0.04144091,0.044692982,0.042718414,0.032963958,0.034044955,0.05165399
0.046369523,0.030189607,0.032429434,0.04288129,0.046752382,0.026346082,0.045820754,0.03642057,0.04426832,0.04084,0.04280135,0.042331763,0.05463719,0.04247792,0.04016125,0.049553875,0.038089257,0.05010091,0.041440967,0.0446382,0.0426936,0.033008795,0.034165557,0.051581364
0.046369866,0.030222453,0.03249677,0.042891454,0.046723004,0.026379142,0.045801673,0.036425382,0.044231784,0.04080697,0.042822856,0.04231583,0.05459942,0.04247553,0.04016458,0.0495326,0.038119424,0.05006265,0.041420713,0.044642076,0.042708196,0.0330584,0.034192868,0.051536355
0.046558544,0.029716887,0.032168068,0.042862553,0.047034055,0.025887132,0.045852974,0.036096297,0.04444546,0.04086065,0.042830937,0.042356223,0.055242594,0.042443644,0.040171064,0.04988271,0.037900817,0.050328553,0.04148205,0.04479011,0.04266472,0.032735802,0.033806976,0.05188117
0.046268266,0.03045941,0.03263403,0.042894755,0.04661125,0.026593491,0.04577967,0.03658125,0.044165898,0.04080843,0.042819493,0.042291604,0.054289702,0.042479187,0.04015112,0.049383573,0.038219623,0.049960926,0.04140776,0.044546258,0.042742398,0.033210002,0.034321524,0.051380385
0.046424806,0.03003487,0.032362275,0.042883866,0.046845514,0.026179235,0.045820408,0.03630645,0.044293825,0.04083347,0.04282894,0.042340852,0.054842956,0.04246188,0.040159307,0.049645368,0.03804419,0.050160505,0.04143864,0.044706114,0.042692967,0.032945864,0.034077447,0.05167027
0.046463523,0.02988912,0.0322673,0.042872183,0.04693087,0.026057938,0.045842364,0.036228955,0.044361956,0.04085055,0.04283588,0.04235269,0.0550003,0.04248629,0.040158484,0.04973888,0.037995458,0.05022303,0.041462813,0.044734705,0.04267676,0.032854233,0.03394857,0.05176705
0.046433933,0.030017622,0.032357838,0.04288754,0.046846256,0.026180964,0.04580883,0.036304116,0.04433629,0.04081792,0.04282826,0.042327736,0.054859366,0.042451225,0.040163346,0.049669553,0.0380374,0.05016827,0.04144925,0.04468846,0.042706564,0.03294655,0.034031387,0.051681347
0.04611223,0.030979436,0.03295486,0.042876564,0.046303235,0.027087115,0.04571688,0.036903974,0.04396067,0.040777482,0.04279383,0.042242587,0.053680394,0.04251912,0.04011179,0.04903566,0.038473908,0.049729463,0.04132031,0.044403438,0.04276831,0.033507936,0.034701172,0.05103964
0.046070043,0.031051552,0.033009637,0.0428817,0.046230987,0.02718101,0.045726303,0.03693642,0.043931667,0.040768843,0.04278892,0.042210244,0.053587917,0.042514056,0.040125575,0.048974924,0.038516495,0.049692627,0.041314002,0.04438832,0.042792346,0.03353418,0.03477551,0.050996736
0.04609262,0.030954283,0.032938983,0.042870548,0.04631244,0.02709233,0.04574349,0.036897823,0.043972366,0.04077431,0.042798024,0.042221665,0.053678494,0.042494833,0.040142156,0.049057692,0.038457572,0.049743105,0.04133867,0.044411063,0.042757604,0.033482313,0.034695577,0.05107203
0.046154983,0.030828552,0.032858692,0.04287967,0.046363957,0.026952349,0.045735892,0.036804903,0.044013586,0.04079587,0.042795066,0.042258125,0.05385651,0.042503547,0.04012195,0.04912316,0.03841555,0.04979676,0.041354302,0.044455133,0.04276753,0.033428993,0.034587912,0.051147018
0.046211593,0.030659923,0.03277521,0.042876452,0.046475578,0.026778737,0.04576401,0.03670046,0.04406524,0.040788326,0.04279646,0.042257104,0.05405806,0.04249828,0.040144507,0.049250767,0.038334493,0.049872786,0.04137983,0.0444989,0.042755987,0.033307906,0.034490343,0.051259007
0.046098106,0.031000182,0.032969404,0.042889908,0.04625068,0.027135514,0.045724615,0.036904875,0.04396768,0.040777776,0.042794805,0.04222755,0.053645745,0.042486608,0.040135846,0.04902889,0.0384859,0.04972435,0.041317508,0.044397358,0.042767394,0.033519838,0.034734827,0.05101465
0.046045665,0.031109108,0.033047285,0.04287609,0.04622413,0.027237859,0.045715563,0.03697971,0.04391208,0.04076942,0.04279315,0.04219754,0.053512655,0.042513777,0.04011907,0.04893271,0.038549893,0.04964785,0.04132335,0.044347037,0.042790532,0.03358433,0.03480242,0.050968714
0.046126034,0.030928155,0.032922126,0.042894628,0.04631401,0.0270452,0.045710944,0.036867615,0.04397708,0.040787645,0.042809397,0.042243775,0.05374423,0.042517044,0.04012963,0.049075212,0.03844414,0.049758118,0.041334957,0.044414528,0.04276103,0.033457704,0.034663774,0.05107304
0.04603545,0.031168435,0.033083852,0.042883232,0.04617417,0.0273003,0.045711197,0.03698933,0.043904696,0.04075192,0.042796895,0.042201888,0.053437382,0.04250733,0.040103693,0.048905276,0.038559977,0.049634904,0.041309647,0.044355184,0.04280348,0.033611987,0.03484994,0.050919864
0.046110988,0.030913213,0.032901127,0.042894214,0.04632963,0.027026797,0.04574081,0.036843684,0.04398929,0.040789586,0.04280974,0.042228483,0.053759962,0.042505864,0.04013697,0.049070038,0.03843545,0.049770955,0.041341394,0.044427063,0.042771455,0.033451937,0.034647133,0.051104154
0.046077773,0.030983659,0.032975033,0.042883955,0.0462841,0.027106933,0.04571389,0.03692391,0.04395412,0.040780496,0.042796597,0.04223168,0.053650875,0.042502347,0.040118698,0.049003813,0.038510792,0.049710393,0.04133875,0.044401042,0.04278335,0.033517025,0.03471381,0.051036943
0.046107084,0.03092692,0.03292627,0.042892314,0.04632772,0.027052967,0.04572751,0.03687839,0.043977357,0.040772993,0.042787,0.04223972,0.053716302,0.042511523,0.04012538,0.04906941,0.038454067,0.049754,0.041335396,0.04441674,0.042778064,0.03347995,0.034678627,0.051064268
0.04600645,0.031259622,0.03314398,0.042876177,0.046135377,0.02737228,0.04567501,0.037077796,0.043863975,0.040773556,0.042773105,0.04219623,0.053330116,0.042532615,0.040097244,0.048838947,0.038621847,0.04958993,0.041290496,0.044310827,0.04280227,0.033660375,0.034916155,0.05085562
0.04597603,0.031306755,0.033159763,0.04288904,0.046104815,0.027422315,0.04568413,0.037113186,0.043834876,0.040755562,0.042788174,0.042179596,0.053270064,0.04252818,0.040131666,0.0488246,0.038609378,0.049582798,0.04129508,0.04429615,0.04280426,0.033682793,0.03492584,0.050834917
0.046049986,0.031153638,0.03305937,0.042861372,0.046180516,0.027261097,0.04573458,0.03699338,0.04390489,0.04076613,0.042797796,0.042211518,0.053468727,0.042517994,0.040112305,0.048922937,0.038557548,0.049659517,0.041315086,0.044353105,0.04277896,0.0335937,0.034816366,0.050929517
