Stock_1,Stock_2,Stock_3,Stock_4,Stock_5,Stock_6,Stock_7,Stock_8,Stock_9,Stock_10,Stock_11,Stock_12,Stock_13,Stock_14,Stock_15,Stock_16,Stock_17,Stock_18,Stock_19,Stock_20,Stock_21,Stock_22,Stock_23,Stock_24
0.03666557757882272,0.04019874819640118,0.039481025038321654,0.0450262159672732,0.04031506290884264,0.046990842193348197,0.03958742607946024,0.041097338042766246,0.04631956297661329,0.04124471844071283,0.04220351926131445,0.04170300705454487,0.04365846112377803,0.03906182554782404,0.03857947164772077,0.041712865426464206,0.04323334962645882,0.03987634022234872,0.04087925235575311,0.0410202004299512,0.03810882110806024,0.045197010626930295,0.04168087724669738,0.04615848089959167
0.036641276005823745,0.04018141481343524,0.0395214821278363,0.045000355474849964,0.04034283292834409,0.04702655457720092,0.0395924815603487,0.041104000144734254,0.04630423591715571,0.041229845633204795,0.04222058187162539,0.04166615021954337,0.043681561129085875,0.03905722528616228,0.03855856992339639,0.04170223824554489,0.04319740735012775,0.03987923730659751,0.04088584785156497,0.04098495290220966,0.0381308687385471,0.045198736537945684,0.04170548400572101,0.04618665944899442
0.03673668681375233,0.040160850151613636,0.039501530250599284,0.04500368250404623,0.04035542277124056,0.04700950617679319,0.03962642409008149,0.041122434916436724,0.04634620642699771,0.04130464813201561,0.04219251644319904,0.04167356980614285,0.043584131034059795,0.039095799374953055,0.03857923109351718,0.041687239065664655,0.04320388074426119,0.039836124157665506,0.04087669999567521,0.0409878365815059,0.03809727970271138,0.0451725105554364,0.04166837061013566,0.04617741860149542
0.03676317385405434,0.04021949668578848,0.03945969006175686,0.04507408815355225,0.04034360918581931,0.04700971924135503,0.039594954561020745,0.0411163250785754,0.04624700897460155,0.04127049719421255,0.04216651860058067,0.04170032933417429,0.043692507292750093,0.03915736428994242,0.0385827371662505,0.04165910263547661,0.0432416759080648,0.03982787195888896,0.040825322256388026,0.04100956152956065,0.03801129525063529,0.045234987669989145,0.04162314271730041,0.046169020399261636
0.03665235574341522,0.04016314576250615,0.039567144995635586,0.04497555133510364,0.0403388345359143,0.04707694530440496,0.03959809104903363,0.04113412346005469,0.04633374202881954,0.04128533004199855,0.04217769762097134,0.041696665567273576,0.04364032872978428,0.03907473956308006,0.03851791181162518,0.0416646153755919,0.04320185252975158,0.03984329023188277,0.04083864700091922,0.04102711259091239,0.03809057759928375,0.045225101677931534,0.041673979172471044,0.04620221627163508
0.036698221576371585,0.040259174141268755,0.03949020308523152,0.04501980068357301,0.04033635855810953,0.046984320802406644,0.03953938785317014,0.04105831413402595,0.046287534495226844,0.041282150451059665,0.04213422810481688,0.04174129039801799,0.04359021738870599,0.039056320385078905,0.03858599716870989,0.04177573255523652,0.043292635340503295,0.0398021682909006,0.04088629187236704,0.041051125068951866,0.03804351685373372,0.04523786563927453,0.04171547763254747,0.046131667520711676
0.036636176936791984,0.04027405758486625,0.03949976195859455,0.04496846564679256,0.04031190130213756,0.04701130248262024,0.039561526946938604,0.04104010883064844,0.046307835636169775,0.04118230177231659,0.04220853360140037,0.04171223949064689,0.04370253096850719,0.039035837095384905,0.03859439325019298,0.04176472703740962,0.04322451776607692,0.03991905154475158,0.04089109165330072,0.040983428714783124,0.03811678723972591,0.04521159443825244,0.04170134333533531,0.04614048476635546
0.03674952152108167,0.04022756193787345,0.03952347448605552,0.045022618890206034,0.0403915997055632,0.04702353450401464,0.0395490564886264,0.04110621026847898,0.04630510513099929,0.0412493401766578,0.04208484702215289,0.04171372056632933,0.04366699664992997,0.03909348854413196,0.03854257864709213,0.041665291110975604,0.04322993660128704,0.03986958748415832,0.04087356221894089,0.04098308257314715,0.03807856303177135,0.04523081699550315,0.04166447602897807,0.04615502941604514
0.03667751748827247,0.040151750700145226,0.039494679865943357,0.04501615296514671,0.04030627483824642,0.04710031016527575,0.03962309206506908,0.04114092647161132,0.04636691270513758,0.04123026883292291,0.042212534395576935,0.041605909594482446,0.04362883550473737,0.03906580182972572,0.03850313028184313,0.04167636958389816,0.04317589998391088,0.03988243360998024,0.04092934281816994,0.041074203225388746,0.03811103628292646,0.04518453272572045,0.041695438038564084,0.04614664602730461
0.03663921660557028,0.040129492411041655,0.03945331233350782,0.04499896825555579,0.040248592825200824,0.04689805468552712,0.03956949449468936,0.04116311700445499,0.04638984130650905,0.04122900266082838,0.04222081655654162,0.041760559550099,0.043786618890634246,0.03898971982172385,0.038543913320335806,0.041644110950661097,0.04321066986885904,0.03995933136726366,0.04083789894975217,0.041114356289973564,0.038083344631404614,0.04515076265462449,0.04171947778725119,0.04625932677799037
0.036559254771723046,0.04014482914254385,0.0395392090237267,0.04500741870572817,0.04040444847271995,0.0469591360641888,0.039543450947910355,0.04116135551079315,0.046376856580334774,0.04134496197206693,0.04214076252944723,0.04172397086150909,0.043707907242457045,0.03906328925500827,0.03857877255345082,0.04165464002839134,0.04319827322323632,0.039881171440233204,0.040832794860679665,0.04097905329042654,0.038115608713142464,0.04517001909813279,0.04165914079036582,0.04625367492178368
0.036772478899056986,0.040097885496787215,0.039491765520765956,0.045010112833798986,0.04036468591572242,0.046882891034613454,0.039541292687208886,0.04114842220517502,0.04638043233582552,0.04123353248434541,0.04216044616646592,0.04172870104576253,0.04362190370181181,0.03902202316802639,0.03858621427981999,0.0416988363781476,0.04324113170442896,0.03991957763876223,0.0408367468288814,0.0410492220192476,0.038129319568276504,0.045168524325187955,0.04174305751152657,0.04617079625035468
0.03664924961206769,0.04018291295570692,0.039529383351841516,0.045019813520074344,0.04035029084177008,0.04698452605448917,0.0395762228083446,0.04105593776445337,0.046307461056976085,0.04128005455624942,0.042165739696942026,0.04173875082926117,0.0437392567748485,0.03904183359142516,0.038604402150045715,0.04168307554227967,0.04323948671388431,0.03982552196845064,0.04079695037018873,0.0410124450610427,0.038045929386079536,0.04524897684339292,0.041670219082053116,0.04625155946813259
0.03664653164080841,0.0401908901798234,0.039483897239157725,0.04504138140429963,0.04037986510281066,0.04691078988884117,0.03949101172520074,0.04116142318490425,0.04628329272245979,0.041182600780765966,0.04222933744543087,0.04173869675412217,0.043733029682746546,0.039020963085688753,0.03860545548842037,0.04166007050020908,0.04323373399676029,0.039976505660092594,0.040842128268016295,0.040927941886847445,0.03816684780082793,0.045181394288581075,0.04167607369594273,0.04623613757724212
0.03660550878767111,0.040189841798735644,0.03947734463620715,0.04499761289446786,0.040296521578145096,0.04706255519484051,0.0395277374665297,0.04109671166586305,0.046398161079182834,0.041276915864076204,0.042130592880282564,0.04168322298235995,0.043552359892549186,0.03910289843453613,0.03861528263910618,0.0418094752576406,0.043203201848186525,0.03983122048906477,0.04095944027899908,0.041063752356968866,0.03816483623740209,0.045168187937463,0.04176031654770752,0.04602630125201438
0.0367503286329832,0.04025381821864587,0.039402840842209325,0.04508917472667673,0.04034132235134733,0.04700008407180979,0.039586653543534314,0.041029018146869614,0.04629985502104229,0.0412470309558816,0.04220917438656016,0.04167618690272666,0.04365973033153528,0.03911483226508062,0.03857951552551089,0.04174235334426083,0.04326649065383121,0.03991625202459625,0.0408424666227264,0.040993910961166675,0.03805924723535247,0.04517972171665605,0.041635325676423966,0.04612466584257247
0.03671350399744128,0.040124353284978605,0.03952357094100208,0.04498471959171811,0.04038637659625737,0.04695765746565726,0.03954956669335546,0.0411609942250401,0.0463200025696188,0.041244834547377776,0.0421641704088818,0.04165025418827093,0.0437567017628842,0.03919513330765809,0.03846900891528398,0.04167056022839229,0.043266919069907664,0.03985806268952582,0.040758404361520284,0.04102243314557342,0.038096388052809606,0.045230176391056295,0.04164194328793909,0.0462542642778497
0.036715086820094764,0.04027040018995335,0.03945047305512251,0.04501877411542267,0.04033976373748011,0.04693067520861731,0.03957057338046708,0.04103089654680545,0.04628855042794482,0.0412609659233186,0.04218197714267956,0.041694095483359374,0.04364411700327121,0.039058825936890085,0.03852669533455427,0.04176441135055694,0.04331101116126695,0.03994462394288245,0.040888988352271075,0.04094559483655591,0.03817546024076933,0.045187683964792134,0.04168976104686295,0.046110594798061094
0.03663749285127217,0.040253906923689346,0.03945547686326242,0.044970347675304605,0.04030807233290732,0.04699317996029194,0.03960550084236073,0.040970562174850414,0.046415730690741834,0.04127227444035279,0.04222274224143679,0.0416935201728627,0.04364641886823684,0.03890383441318888,0.03868720043097011,0.0418017177461518,0.04317344887816134,0.03993510156850153,0.04090331611470829,0.04100209602158149,0.03812682916674921,0.045220823410759996,0.04171750178523356,0.04608290442642389
0.03674346875586207,0.04020412838591421,0.03963672740531464,0.04500214170829489,0.04046461709797273,0.0468527234044399,0.03953885574938198,0.0411322900419617,0.04627335862723991,0.04119751600685536,0.04213672310287674,0.041821792197161034,0.04376543487014301,0.03892795234118592,0.038553509410025465,0.0415848763158805,0.04327845425352647,0.03991246083737358,0.04068103224009443,0.04101635066291913,0.03810865494408838,0.045265320073048655,0.041629903467081585,0.04627170810135771
0.03671092629126619,0.04018088701492035,0.03951436128586484,0.04509063201849233,0.04042766235048438,0.04700748309722336,0.03953487309647261,0.04114143463912933,0.04635746638366805,0.041316873729220986,0.042104059090448134,0.04169222125738601,0.04367331066036537,0.039039318513472226,0.03855109316900109,0.04163769071700095,0.0431908229907909,0.039827150054562846,0.04083927138055984,0.04109555335450435,0.037951898375991854,0.04525818620565852,0.04155325990059878,0.046303564422916714
0.036662019309041456,0.040203067282157195,0.03935174837237231,0.04510629735345885,0.0401975333977585,0.046909288637271895,0.03951801861396749,0.04111530413590613,0.04633152900065403,0.041219327597928124,0.04222128220709416,0.04176574027884407,0.04373464761555497,0.039055963130453744,0.0385833498093877,0.04171965555656604,0.043309179070882366,0.039972000604763386,0.0408791280981551,0.04108745887555227,0.03813664250275822,0.04517466330797312,0.04166762749770729,0.04607852774379157
0.03666425610222771,0.040244120348278886,0.039505733198125385,0.04494974627724597,0.040372495401862635,0.04700349078157461,0.03955180134221963,0.04106960217739814,0.046246198853468194,0.04121911881462187,0.042233676069183254,0.04169300243564766,0.043646301798303054,0.039121263999491354,0.03865886348541409,0.041754481919599296,0.043255891241641815,0.03987416776722742,0.0408740525817876,0.04085765604212198,0.038167198515808555,0.045238042884395514,0.04167823700484822,0.04612060095750715
0.0366291417594814,0.04019870637335421,0.0394843390798481,0.04506638906759492,0.04034957856637158,0.046952258809850156,0.0395729614773989,0.04110838774050065,0.04629566294541896,0.0412490617231828,0.04215449593028329,0.04173790230513581,0.0436451938179424,0.039049726438410946,0.038589721308746334,0.041715251622594825,0.04326459298935013,0.0397950326593288,0.040874127963172566,0.04108694586504967,0.038109626358130574,0.04516482265616314,0.04174348392789444,0.046162588614795386
0.036687088393307206,0.04023565195996028,0.03948427058964683,0.04500409975182241,0.04023032406567652,0.04696027634862808,0.039563774332885875,0.04113819725162936,0.0463541479528045,0.04125152307093956,0.04219270062248126,0.04176008314611293,0.043662284655403345,0.03902487290502956,0.03857263520664551,0.04168055929761244,0.04326685939955642,0.03985595153172349,0.04094006995268853,0.041095825413127375,0.03802633504257627,0.04518928428870599,0.041674447298132196,0.04614873752290407
0.03666784536137508,0.040183329522650066,0.039501308308890634,0.04506324830016484,0.04049234658041076,0.04694228479887127,0.039554140654854505,0.04107786674254882,0.04630547590535044,0.04122752947809843,0.04214177669525422,0.041718283269496156,0.04365625617964351,0.039015215529599356,0.038503188014121385,0.04170632402753802,0.04325803378608287,0.039878425418398616,0.04079449027943411,0.041070782205269434,0.03809663412427122,0.045197467347812666,0.04168599055077591,0.04626175691908769
0.036690541891877856,0.04025197877590482,0.03943702080281321,0.04495710962905808,0.04029930976297255,0.04702436349365742,0.03960105833333562,0.0409752477257849,0.04641717282203255,0.04121609193347366,0.04224569294237509,0.041631608944981566,0.04371252129501752,0.03903432794055701,0.038569650433720494,0.04175577173982363,0.043222404073723825,0.039968254211821416,0.04085875730555884,0.04102088239681404,0.03811155714617449,0.045256751920235413,0.04159131704120877,0.04615060743707724
0.03666046071269942,0.040169142477340096,0.03947610572391037,0.04495547076335632,0.040332065769223595,0.046967022497112515,0.03955406173744718,0.041198554024297944,0.04628108499496392,0.04125993841444764,0.04223676924618021,0.04179743519788221,0.043639786433505266,0.0390593867126255,0.03864155153010523,0.04162094439213034,0.0432098493403379,0.03982882337600033,0.0408470480716122,0.040990131671176044,0.038150609645564174,0.04515003147640592,0.04178354841881813,0.046190177372857556
0.03666999676545516,0.04015182514523325,0.03941974684973872,0.0450318487403586,0.04030320210490615,0.047015368869858194,0.039633265707301975,0.041065097455005084,0.0463617205346125,0.04124990740907471,0.042239750196505846,0.04162139433824641,0.043588447995571496,0.039081401428503776,0.03865601463237906,0.04178319947730648,0.04319492619771397,0.039894583318673155,0.040966260929743405,0.0410560538363028,0.03810878649598312,0.04517124460140064,0.0416475502224009,0.046088406747724596
0.036604216757005724,0.04022024677866919,0.03950635163018184,0.04500263085868995,0.04027840630818656,0.047075914481149506,0.03955984894213931,0.04115109346856011,0.04639297253435833,0.04128299348768174,0.04215693798828179,0.04172995027672047,0.04362561698942255,0.038972721349968986,0.03853749805992403,0.0416560387888454,0.04316740197599567,0.03983814862787467,0.04094971534320208,0.041133953406592344,0.03807034335748667,0.04519703577515176,0.04170402392124987,0.04618593889266147
0.036715583929606214,0.04017583362813261,0.03955428511706726,0.04509697574182382,0.04037052257715786,0.04692191469503117,0.039637212890114445,0.041062247704267564,0.04633932358320002,0.041347645347263456,0.04213205770946391,0.04171294135790661,0.04368904386952604,0.03905709306916141,0.03852107686557837,0.04170284501592645,0.04323176203798846,0.03988111396420484,0.040799157043938494,0.04096464302771436,0.03805898066778282,0.04517378939542486,0.0415889117185662,0.046265039043152774
0.03676862240755068,0.040188930311881185,0.03947572882504693,0.04499615984097905,0.040361993451603004,0.04695573830238116,0.03966027603077929,0.04112250667524224,0.046255615122383076,0.04124270841017457,0.04222618903761385,0.04174401416884803,0.04368476348939466,0.03906127901646546,0.03862681067284788,0.041665825960279644,0.043227120818570344,0.03981233743647001,0.04081441083467389,0.040994399115143035,0.03802947327832099,0.04520365254755359,0.04171909975544044,0.04616234449035701
0.036600732770229086,0.04031722873450588,0.039552007397493184,0.04508451206523073,0.04035582689108608,0.04716159814678172,0.03956422407225579,0.04108420464744127,0.04625236584327737,0.04131096724627549,0.042145230391730494,0.04169220793787944,0.043600754182088274,0.03911520345919117,0.038565986003320535,0.041689741979455144,0.0432481698880756,0.03977969504495141,0.04084282225839732,0.040991430817099016,0.03806774425681425,0.045245299592908725,0.04164758691036691,0.046084459463145114
0.036649011158849595,0.04023371559443985,0.03949181259697543,0.0450702608398761,0.040231201938633915,0.04702198889039041,0.039516024129698145,0.04113116361317521,0.04628631724566889,0.04124956936991354,0.04220433628199152,0.04182133557415359,0.04367742907587548,0.039011299639458055,0.0385492796477049,0.04168978591120605,0.043251510208807104,0.03986314742821804,0.04094427833131593,0.04105183012228425,0.03802439815155706,0.04518699501550349,0.04170883188124758,0.04613447735305588
0.03668062396776149,0.040264109185221726,0.039539723878494144,0.04496005753961757,0.04038677001108723,0.0470175702980363,0.03957491525209188,0.04099702527703542,0.046297812326412884,0.04121382133066911,0.042215185695774614,0.04161967456221156,0.04366711325267945,0.039051073772608226,0.03855842470412006,0.041791843600758626,0.04322663418279099,0.039890318032217424,0.040847505296947695,0.04095334082070169,0.038122545320945694,0.045273871794058264,0.04167351854515639,0.04617652135260157
0.03650622100838578,0.04011955746896074,0.03941916181101783,0.0450055555088911,0.04026492360107108,0.046970092539569644,0.03951137401477636,0.04117762089815777,0.04632763730175403,0.04118705066384457,0.04227139582740984,0.04176387443096873,0.0437206199073188,0.03898739261433465,0.03860663159063516,0.04176908052596022,0.04315319072956394,0.03986462464558886,0.04094946227759927,0.041082267951764416,0.038175983010924085,0.04513884862631317,0.04186134549419501,0.04616608755099495
0.03661214389922571,0.04016532242831731,0.03948180403226156,0.04507148060913511,0.04029693718138468,0.04696049683122594,0.039566232343595686,0.04101154870502013,0.04638875431986834,0.041288116406234344,0.04215092870086674,0.0416999941388361,0.04366164897476338,0.0389980770173829,0.03859091013619066,0.04177973925050324,0.04321312262812779,0.03991697207345948,0.04085033653226455,0.04110994366012763,0.03809015216170715,0.045221358081247394,0.041656942889508754,0.04621703699874542
0.036721182005667964,0.04018945925886126,0.03947820342499909,0.045072778974424174,0.040240869105677035,0.04698676033338361,0.039511535884830806,0.04119166979431264,0.04628183020271049,0.04119590452211302,0.042225342975065465,0.04169724854303813,0.043631106734147836,0.039116509920206745,0.038554067698952234,0.04170219199086207,0.04327689248747652,0.03984941689946968,0.040861381131415575,0.04107915923397589,0.0381730929884124,0.045233507628279074,0.04167881930923387,0.04605106895248444
0.03667037522095376,0.04029117560835754,0.03951565015330146,0.04500089686437709,0.0402903008762119,0.04708230692334582,0.03958237361538793,0.04101523011471728,0.046289025411172434,0.041230152808341004,0.04218969375454143,0.04162867373582121,0.04369384092374067,0.03912611785269717,0.03857077605212927,0.04173490341955443,0.0432787704662406,0.03988231373821304,0.04089975541709993,0.040931738439574525,0.03814135294936592,0.04527368258671547,0.04161039987749125,0.04607049319064887
0.036646313170889205,0.04032465026866553,0.03956721218261538,0.04503382960655077,0.04038779168759963,0.04700245616499506,0.03961052574794487,0.040987718129204126,0.04624553344727113,0.041278506536803636,0.042193954037682814,0.041739484649673954,0.04371651296883163,0.03901359849859983,0.03857120129938383,0.041687341945019066,0.04328441810815648,0.039898707146011236,0.04085286257917773,0.040844438192537816,0.03806405624045101,0.0451951977144717,0.041660170721263705,0.046193518956199844
0.03675046621772632,0.04011841110867475,0.03942834151357061,0.045055010625310345,0.040389314548094295,0.04696524407047159,0.03969722917523121,0.04110369663479727,0.04635285480880624,0.04125647097335323,0.042241196002667465,0.04156727273714369,0.043599297363211886,0.039068919793459694,0.03855425553808548,0.04173231768295546,0.04318091540037117,0.03994609478498689,0.04089776558324393,0.04103940287535365,0.0381229720948998,0.04515497007851882,0.04161515374251511,0.04616242664655112
0.036716917995030914,0.04021131497635068,0.03947642321426256,0.044981271825307784,0.04030243429546771,0.046967884127515826,0.03958935586996712,0.0411644104861329,0.04633788641195885,0.041252747209766835,0.042194579114888,0.04171197349629835,0.043640749538821876,0.03904751892349681,0.038621844655491476,0.041659755213944216,0.043244238480206774,0.039899003195872494,0.040979384225142954,0.04096713527501723,0.03804903216779416,0.04512595673588368,0.0417306623828538,0.046127520182527006
0.03658295293798053,0.04017679163831715,0.039407589505268265,0.04500060750221872,0.04028605560342328,0.04694050394934735,0.03956329429884922,0.04105891109169601,0.046400058638612705,0.04126165974349989,0.042203690202351554,0.041761006064278204,0.04371203846075491,0.03902075094711601,0.03863791248629276,0.04178021004913095,0.04317202532133973,0.03992211709995477,0.0408446294959599,0.04110514839763086,0.03807072280623029,0.045172089061584104,0.04170194935094853,0.04621728534721433
0.03654313116876784,0.040246113456902745,0.03944450668084367,0.04505480444638051,0.040247030463278405,0.04707444441158854,0.0395134128010221,0.0411231358422343,0.04633562368028023,0.04129140023130167,0.04217375130299697,0.04174040172567033,0.043615476263842684,0.039054070489551514,0.03864074431171524,0.041756706852733375,0.04320784306257418,0.03984341701598538,0.04095842139839653,0.041102263269716624,0.03801407471632282,0.04517757778217662,0.0417317843780854,0.04610986424763232
0.03670788061756776,0.0402115791232265,0.03949111715526691,0.045047156512067844,0.04036444026427657,0.046901980610355394,0.03952523850673866,0.04114594866046411,0.046309819951016365,0.04118842754369598,0.04217898231625205,0.04173822494279891,0.04364502660477592,0.03902366092396236,0.03859812556925788,0.041727477031278236,0.04322450576912751,0.03989895716453042,0.040848518557996046,0.041040063131764365,0.03811113156521006,0.04519633531205669,0.04169990094678493,0.04617550121952852
0.03666521893171118,0.040124505005048466,0.03948916943863437,0.04505872291635615,0.04032146242459056,0.04700273435515676,0.03965227028427741,0.04114629374043964,0.04626756878258262,0.041219618225056834,0.0422966328725918,0.04171005710797261,0.043765470678102755,0.03903304468486006,0.038536476572927726,0.04162698569107603,0.04322195538706662,0.039885917600565826,0.040800336724456245,0.040984120575480405,0.0380802789119994,0.04514582433904172,0.04173943366295965,0.04622590108704516
0.03669240079238071,0.04019700094093965,0.039479498450466194,0.04498054694108547,0.04034030085083231,0.04694750781199299,0.03969002054440453,0.041095057949604795,0.04633268737731976,0.04129551041525584,0.04223104071860567,0.041710836079829054,0.04354736686032243,0.03900931518036582,0.038622129677718754,0.04173058572272802,0.04320562288043562,0.03986900403971065,0.04092445743241602,0.041026483429059235,0.0381011307297712,0.04513283812915677,0.041706949997619334,0.04613170704797918
0.03674128641612875,0.04025457943444877,0.0395135944183976,0.04505327273523419,0.04038789951647643,0.046951823712702644,0.039567888870328985,0.04107891935667631,0.04633814254310441,0.04129517700467751,0.042141726465169636,0.04177739852447762,0.04366166942753553,0.03898667978542911,0.03853984418945444,0.04160396601512243,0.04327101888489308,0.039916408165265094,0.04076868725420469,0.04106905152356691,0.03809738815151202,0.04519185482355433,0.04162107444934141,0.046170648332298114
0.036691554304224654,0.04014521885258367,0.039461968568958554,0.045008204317611475,0.04042333493558966,0.046968030926417936,0.039600645767269294,0.041078938265891686,0.04631041151532257,0.041263087889976326,0.04221361468007269,0.041633900954596154,0.04357237772028814,0.03908172115119983,0.03858378941630886,0.04173411424739711,0.043160609558056034,0.03992664502602526,0.04087623667640202,0.041054750324004546,0.03813964329819375,0.04521068720506994,0.041619298194834946,0.04624121620370488
0.036589006283689975,0.040250131299161405,0.0394868699380804,0.04502787853259942,0.04032102264178749,0.046993030283906896,0.03951347712662994,0.041111574844855156,0.0462750584496041,0.04116821000257164,0.04222633712332367,0.041734048839658644,0.0436888879804788,0.03899341542208145,0.03860665859747834,0.04171638444129041,0.043254597134541016,0.03988977304827224,0.04091811600273747,0.04102098825100348,0.03808116285347735,0.04520554799643748,0.04176378273731036,0.046164040169022855
0.036653753038442226,0.04023515511122045,0.039483629659192984,0.0450079857497534,0.04022533898745414,0.04704260552150803,0.039561736342334314,0.04105315620806231,0.04629966697826052,0.04127822572343764,0.04217829765890853,0.04171963456267987,0.04365089721256523,0.039112090003071025,0.03860224480799323,0.04179364386253334,0.04325166125640301,0.039826377028088465,0.04094965580346456,0.04096846103314338,0.03806713660552709,0.045250284384794365,0.0416860385334515,0.046102323927710395
0.036675577025505564,0.040226674596138934,0.03954094166413549,0.04507483981985474,0.040317661903171965,0.04703847882962647,0.03951847584866875,0.04110905256614319,0.046181036053954905,0.041124829432746986,0.04221540470807399,0.041740647761278095,0.04375932977919304,0.0390845466363611,0.03854493454666138,0.04166880945634706,0.04328596342966076,0.039840762481025985,0.040795934320084555,0.04099848876779511,0.03809844721005992,0.045278133572439615,0.04172086506928382,0.046160164521788574
0.036718024304675925,0.04025270140567817,0.03950422695779267,0.04499019502192298,0.040301006048533844,0.047075167444515155,0.03964512282862018,0.04108325328942669,0.046365521657161596,0.041295416286926914,0.04226019743288326,0.04165045277341661,0.043627357284098535,0.03907690563769812,0.038517533702087506,0.041651342324661,0.04325888204039133,0.039911809789116924,0.04083518157078994,0.04099792924280732,0.03807071010174519,0.04516307955755581,0.04160753318230311,0.04614045011519123
0.03656636420916619,0.04022669265107204,0.03947970966049434,0.0450352956402701,0.04029837016000968,0.04702319911546241,0.03961455873629334,0.041050156269680664,0.046264512290232186,0.041255188159929596,0.04222536043866746,0.04173982337886064,0.04370315357425665,0.0391051291735073,0.03855938983908194,0.04171216776270059,0.043309473655017375,0.039835190715229146,0.04085593390948321,0.04095567399341621,0.03815084587398756,0.04514443094669728,0.04172294965974473,0.04616643018673934
0.036682449789327234,0.040149454593982586,0.039427778608077724,0.04499190767357498,0.04036242093787242,0.047006511372314534,0.039672504899031534,0.041056190399653476,0.046407604486097175,0.04128200148667722,0.042244490013035,0.04163582263022489,0.04356847887868882,0.03899925686248437,0.03860527515904425,0.041753896234770674,0.043170518069890376,0.039905276278371864,0.04089283090620349,0.04109224114447275,0.03808357246864191,0.04515686333373534,0.04169328714544685,0.046159366628380535
0.03663903148393927,0.04022559895684342,0.0395708471937818,0.04491484681152577,0.04038937806064165,0.04699139232356967,0.03956019935154792,0.04106715571966298,0.04631949185096793,0.04118272026717684,0.04216373760890053,0.041669037953371055,0.04363805635384334,0.03901263016666488,0.03855379719180136,0.04173104138990304,0.04322088928595454,0.03988810460737968,0.04089925227451767,0.041028281287624396,0.03817842428784382,0.045258137872456,0.041702538167447,0.04619540953263542
0.03673749813145781,0.04016716250230805,0.03947572520431817,0.04501124152596065,0.04030399867676588,0.0469214264469431,0.03951162263665683,0.04113362235732215,0.04642463032232299,0.04129517463179322,0.042144513362217625,0.04171995965729033,0.04371066676575233,0.038974554103703846,0.038552653042267286,0.041655971861844054,0.043202048148531784,0.03995710079573572,0.04089390635944197,0.04105365584208095,0.038041346580599725,0.04520106519702875,0.04166148332585514,0.046248972521801636
0.03664518785172403,0.0401961240094034,0.03955113185356003,0.04506936789752726,0.04033255484015168,0.04702395268187479,0.03954095172447489,0.04111313032093757,0.04627203647753511,0.041227855446613254,0.04213289859755997,0.04175210191624986,0.043707644859980146,0.03908297165834459,0.03856455462033332,0.04169225844991832,0.04324934792224295,0.03981592586335077,0.04082741775538344,0.041033434596948394,0.038084267799018925,0.04525878167283231,0.04166259574671692,0.0461635054373181
0.03668651345935931,0.040281651940132834,0.039517546596284536,0.04501426950634966,0.04027585257959139,0.04699059705960254,0.039546950636272934,0.0410655208611709,0.04633226028739756,0.04127146226255669,0.04213825927414595,0.041722593186755884,0.04371112026177192,0.03906656147308725,0.038590513660423924,0.041687442576243974,0.04327523056989296,0.03990176742965948,0.040892930182066564,0.040924463419444904,0.03810508430743088,0.045220014830525984,0.04163472294500206,0.04614667069482993
0.03665227839706074,0.040174780787665516,0.039460100356938796,0.04510636959584271,0.040276150493501986,0.04704904639834383,0.03956971205403312,0.04113369964673704,0.04627970841961409,0.04121356828724273,0.04221310138685843,0.04170363623282112,0.04366356616981259,0.039127002253404146,0.0385784737306147,0.04170468690447277,0.04325311550788543,0.0398480822296455,0.04088751571633868,0.041030432196649376,0.03811139488294553,0.04518908610950947,0.04169069638195335,0.04608379586010837
0.036679163409188885,0.040262588759091715,0.0395154967935522,0.04495314064585446,0.040409265415030225,0.047040318850914684,0.039646982064349565,0.041017265108478376,0.04627486403157428,0.04125544944136389,0.04221974680130119,0.04160903552727946,0.04361417271342852,0.039116311421716676,0.03859789440918276,0.04175087456263952,0.043264451697876405,0.039857020241142294,0.04088095226930118,0.04090760567390118,0.03815461255511866,0.045220463789444956,0.04163740031869189,0.04611492349957705
0.03666421584716499,0.040213237456779155,0.03943697804261877,0.044986769915056436,0.040296491045216536,0.04703607586887501,0.03961107771755153,0.04108562327468744,0.046328608860157716,0.041222612447692215,0.04223628005253546,0.041652326223911004,0.04366939987465316,0.039097557440094056,0.03854105070557466,0.0417277008049297,0.0432369114814678,0.03989832597079255,0.040949350375084355,0.040981062437479544,0.03812633845895145,0.04518557222600776,0.041687813172795136,0.04612862029992358
0.03672562931673341,0.04026479961169237,0.03948530646263512,0.04500648582966595,0.04035697093843221,0.04697470628242327,0.039596276566992876,0.04101500608526839,0.04633280268894015,0.04124418123407273,0.0422019032859856,0.041712921388313506,0.043659751255519776,0.03901510071768142,0.0386128224627001,0.04172595584431095,0.043251603096053595,0.039888258436846395,0.04082608566045382,0.04098905029777108,0.0380849609321531,0.045241015538021796,0.04164006167024721,0.046148344397085164
0.036679847345518234,0.04020345307212681,0.03947426451290917,0.045018005466220756,0.04031176868657323,0.04699636791778173,0.03956880250185591,0.041116024063943886,0.04632099530169899,0.04129035463932304,0.04214735260713962,0.04172361206969564,0.043669814159891386,0.039101446642382236,0.03853454297684434,0.04166272507008736,0.043269853286236296,0.039836713343993274,0.04083944344797905,0.04109752318387135,0.03807550245857717,0.045224134429224586,0.04166563594225094,0.04617181687387498
0.03662449146369807,0.04021499659268771,0.039524576319133045,0.045029429712713294,0.04030885257008465,0.046991135760125216,0.039536409481298565,0.04110952383310205,0.0463270912732666,0.041233807223662926,0.042201841826161546,0.041765646032971344,0.04372363976506498,0.039025600423017955,0.03857107177408533,0.041718474242928336,0.0432244351481009,0.039854419430957105,0.04084625356883069,0.04100176866565086,0.03806675738254977,0.0452406622137147,0.04165551820088884,0.04620359709530554
0.03673776352669247,0.040160990062217246,0.03951185653676673,0.04502281258489913,0.04037885127001798,0.04696661034183556,0.039589806162130585,0.041139202045745726,0.04630716113734789,0.041301678390395245,0.04215228821497354,0.04173630965203568,0.0436880999860277,0.03910972858943103,0.038579178860584554,0.041643609334760794,0.04324536300924815,0.03978891913240267,0.04076151443862942,0.04100842950627742,0.038069964460109816,0.04520989269144423,0.04167129296670768,0.04621867709931875
0.03668100518183353,0.040179438681092014,0.03941112415018678,0.0450542288922641,0.0402994531903013,0.04703254311591992,0.03953896755025271,0.04112600059476951,0.0463265958166705,0.04124459006991275,0.042214264176308636,0.041638025136520214,0.043573430001076316,0.03909203967048538,0.03859195827138341,0.041758373912979554,0.043200835115201876,0.039906900287639484,0.04098569631481038,0.041051672627451796,0.03811673077330278,0.045187779968456986,0.04170978201062882,0.04607856449055126
0.036616871171834826,0.04015784063255467,0.03948227813528368,0.045045530196469244,0.040341154007564994,0.04695628758553054,0.03955349305960467,0.041070334491634546,0.046376637071772246,0.041222697973674303,0.04220408865786161,0.0416927717867554,0.04374457872460157,0.03895251955297201,0.03859164028104484,0.041719970482300126,0.0431785652717265,0.03995438845635066,0.04088874083447896,0.04100644848185533,0.03810504812541162,0.045194290819319166,0.04170702734265654,0.046236796856741945
0.036690666045019235,0.04025719630548112,0.03945315504499981,0.04503102983501589,0.04025251223818124,0.04705935159562049,0.03951356795377465,0.04109998415056369,0.04629176765723499,0.041286364294106835,0.04214301838562756,0.04169742638043383,0.0436529892973686,0.03917764695135369,0.03854229744937056,0.04170586976354949,0.04330984618688978,0.03987205238982521,0.04088723099934234,0.04098630505372263,0.03812503601002382,0.045197193604402656,0.04166891237203701,0.046098580036054854
0.03668913050570478,0.04027420756318997,0.039514446861001404,0.04500554578681463,0.040300791080736406,0.04708285097760703,0.039595396499964054,0.04112514156068742,0.04623375205980783,0.04120542252677373,0.04222805462502351,0.04170598953372098,0.04363235313481361,0.03913424599941188,0.0385574578259847,0.041683023385607115,0.04326012858539191,0.039808615164244936,0.04093014046157523,0.04094032641080437,0.038095874950489925,0.045211471894650856,0.04169205046943777,0.04609358213655594
0.03665793843948291,0.040242671504670445,0.03949909057471972,0.04499475507927554,0.04032808990879645,0.04696775735967903,0.03964011588745146,0.04102942155100556,0.04634509871154902,0.041283171109949605,0.04220952902815713,0.04168837824582239,0.04364528101178457,0.039039786959242005,0.0385656027279343,0.04173456822020841,0.043266784091254,0.03991027910996345,0.04088134673187233,0.04096370155371548,0.03816413773645788,0.04517885149386417,0.04164956700612256,0.04611407595702158
0.036637870471998846,0.040299017584274,0.039480162705048394,0.04502939740844905,0.04037313081020068,0.04702688533052684,0.03955727454314799,0.041028856662909716,0.046295319473548466,0.04123561763302193,0.042183274592875186,0.041716551793261065,0.043704101314222595,0.03904039725292338,0.038548061831312624,0.04171245980615503,0.043266766422006386,0.039911045428406365,0.04086507663844446,0.04097330818929581,0.03805665640677143,0.045216276549317556,0.0416663872486282,0.046176103903254
0.0367512383982641,0.040140866133169986,0.039488278313312995,0.04498668381012495,0.04037823504330396,0.04697399923246385,0.03959101854131894,0.041109335511818515,0.04635881539475874,0.04120283792201624,0.04220437783329757,0.04165047596366083,0.04362145355194522,0.03904105777173814,0.038584121550829464,0.04170003774904847,0.0431506643769152,0.03991180446839963,0.04088542972140341,0.04107790228367609,0.03812022112695019,0.04524542822081762,0.041625491351053465,0.046200225729712406
0.036636540894524186,0.04013528961581634,0.039460868008921374,0.045026834531123265,0.0402539294827746,0.04690104732039032,0.039544166522685005,0.041152733491918815,0.04631451156506697,0.04123579321275546,0.042212516610781625,0.041780019888635576,0.043625190430761046,0.03902791632340916,0.03862908689035905,0.04173351308089682,0.04323151892493393,0.039854670222455896,0.040905281179312504,0.04111096986579302,0.03811397032908398,0.045180370842349014,0.041767263319114754,0.046165997446137294
0.036664103729233254,0.040268303484751314,0.039555901471270014,0.04500575864475548,0.040402222239672395,0.04700691117581102,0.0395738847032489,0.04101263378118395,0.04632347795646125,0.041243071599687466,0.04218935117738636,0.04168954958760177,0.043669518012194486,0.038996339328571245,0.0386322291696788,0.041763091753278296,0.04317664368808409,0.03992741915273094,0.04088221008952499,0.040893620591023895,0.03807368034388264,0.04523316908472116,0.04163610026403141,0.046180808971214876
0.03666655917431469,0.040167901025159915,0.039561305663452305,0.0451028134587825,0.04034748777585497,0.0469953763006846,0.03958843819840139,0.04113810353911641,0.04625236884395029,0.04124308021965951,0.04215206666486722,0.041805743960918004,0.043686570076468506,0.03906503603241633,0.03849662338255708,0.04166594187079339,0.04327184391060298,0.039773786431862995,0.040759626178400205,0.04106976546286222,0.03808883564137637,0.045210227012656375,0.041684061243701734,0.04620643793114001
0.03676675534137992,0.04013963191366195,0.03946381037493768,0.045057170538288074,0.04037541664025855,0.04692783912818192,0.039613543290702935,0.04116060830875917,0.046358311118782504,0.04121262899743935,0.042223118809951846,0.04161248400007526,0.04357383689641495,0.039048248120486816,0.03854079002248419,0.04172193205028789,0.043211501840625235,0.03995043606726861,0.04089569893393406,0.041047354724981513,0.03817371187433173,0.04516216204225844,0.04164185749098734,0.04612115147352006
0.03665711370130007,0.04015870563012184,0.03945824749807531,0.04505197448250984,0.04036518578888689,0.04697402373486045,0.039580025323936535,0.041026369183427336,0.046341154042995415,0.04118410402930405,0.04222497254299733,0.04168640394395778,0.0437815199184674,0.03903825211141175,0.038587665861431496,0.04173131628777554,0.043231180962603255,0.03996360122087379,0.04079222378495094,0.04097654309893222,0.03810389740970061,0.04516414349476004,0.041687972319498785,0.04623340362722132
0.036634956689253394,0.040215866991523984,0.039471727827399675,0.04499898199840718,0.040359808336300367,0.046952883742529636,0.03958517636111255,0.041020428957267874,0.04629645412426928,0.04130770359966529,0.0421698993904071,0.0417121780749613,0.043572824983666644,0.03907170315174057,0.03865157020589843,0.04178466634120901,0.043257328912967866,0.03985743826899246,0.040845665651934794,0.04104266539249464,0.03813873016959732,0.04519750688203851,0.0416842204687728,0.04616961347758932
0.036732889767423754,0.040142895647292086,0.03947939748667593,0.04505869362909587,0.04034379328537026,0.04693886484971132,0.03952627594849686,0.04121872969916622,0.046293531841664765,0.04121882019812726,0.04220900703881311,0.041728749163431375,0.04362761344722252,0.03906538736463863,0.03858487056167391,0.04170315052675599,0.04320866359022823,0.039868000025400044,0.04090737556527348,0.04100213803292695,0.038102360267706185,0.04516295345993893,0.04173111219185864,0.04614472641110769
0.03668041607537428,0.04016522108013666,0.03947996287632509,0.045020447000512026,0.040310592587932285,0.046978008079488515,0.03959322896512303,0.040999979564709826,0.04642262152245365,0.041335367608002445,0.04221411272799635,0.04169368378552603,0.04364993059288888,0.03902791375197828,0.03860264008469317,0.04180646738837786,0.04319924851205606,0.03990071323786538,0.040774424923744355,0.04103774916767908,0.03807901969872512,0.045197921414357696,0.041638964350751886,0.046191365003302065
0.036610669466401055,0.040215984104107025,0.03946296838545038,0.04511309381520577,0.040216051943360955,0.04705048743006464,0.03957798104651647,0.041158899482476946,0.0462537782067452,0.04120548243684429,0.04226200092733748,0.04170875422355889,0.04371340920240987,0.03908023439014998,0.03849354795931233,0.041680834601718,0.0432872982856317,0.039877672257307956,0.04089322588868543,0.041026766203770125,0.03808859535206638,0.04515822450702596,0.041716714029353695,0.046147325854499474
