0,1,2,3,4,5,6,7,8,9,10,11,12,13,14,15,16,17,18,19,20,21,22,23
0.042855423,0.04186274,0.040841293,0.0431346,0.03950456,0.04306946,0.04077163,0.04155769,0.0414983,0.044081043,0.042244684,0.04158318,0.040305533,0.042106748,0.041319467,0.041554615,0.042099636,0.040958993,0.040467713,0.039758597,0.04144509,0.042690113,0.0436603,0.0406286
0.04293401,0.041988485,0.041345783,0.04280594,0.039525494,0.042791232,0.04128255,0.041145395,0.0418681,0.043955594,0.042689882,0.04130771,0.040254395,0.04181865,0.04143468,0.041396156,0.041832685,0.040890597,0.040533323,0.039919205,0.04130626,0.043087456,0.043501154,0.04038528
0.04297697,0.04170145,0.041379288,0.04270176,0.039654315,0.04294775,0.041259166,0.04151613,0.041683212,0.043739706,0.04245151,0.0415049,0.04018571,0.041842688,0.041237526,0.0412185,0.04198751,0.041180056,0.040577516,0.039932095,0.041421425,0.043092553,0.0432247,0.040583577
0.042937554,0.04183734,0.04093284,0.042668413,0.03942261,0.04285204,0.04163629,0.0414653,0.041846205,0.043911677,0.042551126,0.041566603,0.040316254,0.041927785,0.041268516,0.041358132,0.042103793,0.040978033,0.040560212,0.039901875,0.04113585,0.043246515,0.043243263,0.040331773
0.042643115,0.042054422,0.041230146,0.042509265,0.039706472,0.04263604,0.041383266,0.040989984,0.04183601,0.04375613,0.042108797,0.04172865,0.04060145,0.0416754,0.041595872,0.041043293,0.04170594,0.041547086,0.040717233,0.039994527,0.04191952,0.042774018,0.043140173,0.04070319
0.042411026,0.041964307,0.04140619,0.042734854,0.039990082,0.042830244,0.04108839,0.041091617,0.04168558,0.043808453,0.04200702,0.041773852,0.04073545,0.041622795,0.04154334,0.040972527,0.04155661,0.041543555,0.04061632,0.040222708,0.04190468,0.042600382,0.043071587,0.0408184
0.042565785,0.041505516,0.04061153,0.042493228,0.039476335,0.042177606,0.041950542,0.04126881,0.041912097,0.043711297,0.04180869,0.04182281,0.040489662,0.04241572,0.04134395,0.041044697,0.042181984,0.041737735,0.04078907,0.039821986,0.04215266,0.04303926,0.043349545,0.040329482
0.042477753,0.042074796,0.040503167,0.04194053,0.03962952,0.043124728,0.04186657,0.04190446,0.041545965,0.043245297,0.04196787,0.041894384,0.04058189,0.04196543,0.041550037,0.04101764,0.04214602,0.041908056,0.04091143,0.03942053,0.041913327,0.042979315,0.042553946,0.04087735
0.04237791,0.04213505,0.041003235,0.042238608,0.03966019,0.043217327,0.041032378,0.04140082,0.041739378,0.04386739,0.042083316,0.042275995,0.040958725,0.041367386,0.041302305,0.040725656,0.042156525,0.041786052,0.040482562,0.04010903,0.042139653,0.042403724,0.04270453,0.040832262
0.04276948,0.041880343,0.04125931,0.042640246,0.039990105,0.042311445,0.04130263,0.040798746,0.04172131,0.043516953,0.041701045,0.041750245,0.040907472,0.041620784,0.0416929,0.041243963,0.041677892,0.0415098,0.0408688,0.04015375,0.04214255,0.04297556,0.042727012,0.040837646
0.042583838,0.041712977,0.04086308,0.042020034,0.03953657,0.042188462,0.041866854,0.04079781,0.041743897,0.043490265,0.041391145,0.04177363,0.040711503,0.04221176,0.04185946,0.040963877,0.041782126,0.042051688,0.041170664,0.03958813,0.04266209,0.04303149,0.043286547,0.04071216
0.042560138,0.042024113,0.04062121,0.041417867,0.03961843,0.043565564,0.04150447,0.041693747,0.041866545,0.0437151,0.042061668,0.04243205,0.040752914,0.0417821,0.041159805,0.040432125,0.042226512,0.042036228,0.04052196,0.03976893,0.04222824,0.042627983,0.042581487,0.040800843
0.04187252,0.042588126,0.040235873,0.042130347,0.039562684,0.043158688,0.04093477,0.042049184,0.04173091,0.044029612,0.04200325,0.042374015,0.040502086,0.041288015,0.04151161,0.040521167,0.041587163,0.042162206,0.040728778,0.040173944,0.042618323,0.042723116,0.04264173,0.040871873
0.042354554,0.042168625,0.0408935,0.042343408,0.039574474,0.04267588,0.041135922,0.041154206,0.041508198,0.04381502,0.04150674,0.041890208,0.040941533,0.04177454,0.041546706,0.04105513,0.041911148,0.041874964,0.040659737,0.040250964,0.0421654,0.042912137,0.04302679,0.040860135
0.043148044,0.040997896,0.039470073,0.043018967,0.038953137,0.04288965,0.041995786,0.041485026,0.0416443,0.044531897,0.04011335,0.042144507,0.04105269,0.042460553,0.04234843,0.040292162,0.041694984,0.04262614,0.041369047,0.039263636,0.042858616,0.04217211,0.0424157,0.041053336
0.042074807,0.04232178,0.039734256,0.041744832,0.0394312,0.04301687,0.041855317,0.041663375,0.041511547,0.04343302,0.041509923,0.042359736,0.040779814,0.04187857,0.04181086,0.04043505,0.04253995,0.042634495,0.040787414,0.03945745,0.04262158,0.042503174,0.042846296,0.041048706
0.042626776,0.042072304,0.040715028,0.04200396,0.039677653,0.043485418,0.04069242,0.041773528,0.041363146,0.04426184,0.042019717,0.04209077,0.04122718,0.041550953,0.041128863,0.040477008,0.04220895,0.04209105,0.040055,0.04042082,0.042197842,0.04223332,0.0425943,0.041032147
0.042432245,0.042449243,0.040270295,0.04157072,0.03905585,0.04309009,0.04186989,0.041542258,0.04161969,0.043400772,0.04205284,0.042210206,0.04063558,0.041806743,0.0413078,0.040801734,0.04223398,0.042335734,0.040901396,0.03933213,0.04234439,0.04267362,0.04320838,0.0408544
0.04192153,0.042205416,0.03986297,0.041515432,0.0394715,0.043046135,0.04215417,0.041405845,0.040793773,0.043342117,0.04066741,0.042450078,0.04105772,0.042632695,0.042440623,0.04040157,0.041736785,0.04284182,0.04156798,0.039351016,0.04270558,0.042507768,0.042896435,0.041023694
0.04199932,0.042318612,0.040286344,0.041686106,0.03923246,0.04334214,0.04198704,0.041630764,0.041296404,0.04335077,0.041765932,0.042443335,0.040624134,0.04180042,0.041469783,0.04090859,0.0424849,0.04238258,0.040843923,0.039143447,0.042281725,0.042875256,0.04291852,0.04092746
0.042492345,0.042063367,0.040164888,0.041938864,0.039331812,0.04361302,0.041419566,0.04185536,0.04163007,0.044168264,0.041709453,0.042548515,0.04072524,0.041833244,0.041148726,0.040118568,0.042477388,0.04233816,0.040520206,0.03973011,0.042537607,0.042020217,0.042649005,0.040966034
0.042296287,0.041631136,0.04047164,0.042289756,0.039772764,0.042627223,0.041268904,0.041135397,0.041597452,0.043400627,0.04125271,0.04226574,0.041172255,0.041969303,0.041338217,0.040823437,0.042136215,0.042481262,0.04099936,0.040028222,0.04286166,0.042436704,0.042592082,0.04115169
0.04182525,0.042499628,0.039690416,0.041386016,0.038997974,0.04283965,0.04194332,0.041199893,0.041551325,0.04367519,0.04140818,0.042696632,0.04133437,0.042255633,0.041914985,0.039944053,0.041794013,0.043338835,0.041313473,0.03947716,0.043037437,0.042072173,0.04285301,0.040951405
0.04224652,0.041934576,0.039776545,0.041606683,0.039448738,0.04233604,0.04204652,0.041044954,0.041523676,0.04292497,0.040940695,0.042486317,0.041182727,0.042038765,0.042067192,0.04020223,0.04239716,0.04312814,0.04152283,0.039626516,0.043187283,0.04241905,0.0426815,0.04123037
0.042435855,0.041555222,0.040275253,0.042224918,0.039876986,0.04235629,0.04149811,0.041038137,0.04124536,0.043387353,0.040898263,0.042355098,0.04160713,0.042231765,0.042088114,0.040183343,0.042318795,0.04275333,0.040732764,0.039663196,0.042638715,0.042352423,0.04279886,0.04148468
0.041977774,0.04144794,0.03942752,0.04206881,0.039610643,0.043114915,0.042501945,0.041857764,0.041388493,0.04336039,0.040393747,0.043326315,0.040752046,0.042852975,0.042032104,0.039542843,0.042275008,0.042918395,0.04103326,0.03942571,0.042893,0.041880764,0.042202074,0.04171554
0.041804973,0.042569336,0.039510492,0.041511267,0.039094362,0.043086693,0.041685566,0.0419609,0.04170938,0.043770667,0.041498136,0.042589642,0.040734835,0.041688796,0.041586075,0.040130373,0.042127434,0.043130092,0.040998243,0.039570563,0.04320627,0.042398367,0.042599987,0.041037545
0.042989332,0.042145927,0.040068783,0.04171977,0.038751837,0.04324933,0.04211611,0.040825475,0.041141473,0.043573666,0.04148507,0.04249235,0.040369306,0.041591782,0.041579504,0.040355984,0.042166546,0.042522427,0.04150646,0.039449774,0.042558067,0.042746674,0.04354678,0.04104754
0.042366944,0.041789662,0.040374108,0.042143013,0.039642032,0.042157974,0.04188082,0.041197937,0.04175378,0.043382928,0.041252397,0.042309254,0.04091316,0.041985936,0.042010967,0.040991943,0.042125773,0.042324185,0.040957518,0.039628975,0.042635024,0.042602673,0.04258854,0.040984407
0.042286288,0.041992642,0.040325712,0.042375263,0.039349683,0.04308231,0.04122164,0.041466475,0.041600697,0.043476243,0.04183815,0.041808624,0.040987335,0.042057283,0.041316494,0.03998692,0.042017955,0.04257566,0.040956557,0.040140536,0.042532753,0.042708006,0.043064117,0.040832646
0.042922977,0.041726295,0.04021153,0.041794155,0.039101496,0.043408763,0.041534,0.041130647,0.04130982,0.04357214,0.04108806,0.042532627,0.041039947,0.042267036,0.040875375,0.040284924,0.04260357,0.042307798,0.04137668,0.039531592,0.043421943,0.042091306,0.042601928,0.04126543
0.042554054,0.042105906,0.039976347,0.041539073,0.039172385,0.042927768,0.0420328,0.040889744,0.041284915,0.043541435,0.04098317,0.042162307,0.04078178,0.041894715,0.042007644,0.04023054,0.0416562,0.04307459,0.041663088,0.039587032,0.043110576,0.042425007,0.0432827,0.041116223
0.042170882,0.041952264,0.039582506,0.04187194,0.038954873,0.043432422,0.04206683,0.041783527,0.041407276,0.043946154,0.04081412,0.042699505,0.040980186,0.04244565,0.0416501,0.03997781,0.042353395,0.042924915,0.04114002,0.03912286,0.04302929,0.041837487,0.042841185,0.04101478
0.041637342,0.042240657,0.040053222,0.041883145,0.03937792,0.042772926,0.041624986,0.041287966,0.04134943,0.04351495,0.0410817,0.04273757,0.041490927,0.0419673,0.042196546,0.039929472,0.04190572,0.04322383,0.04119379,0.039460883,0.042854942,0.04235439,0.042868465,0.04099192
0.041997164,0.04221178,0.040209536,0.041681156,0.039516002,0.042742413,0.04174133,0.04167176,0.041443482,0.04350247,0.041627828,0.042479813,0.040982675,0.04192403,0.04151129,0.040681977,0.042285066,0.04259617,0.040619317,0.03960433,0.042855848,0.042193037,0.043067265,0.040854275
0.042524315,0.042257976,0.039773468,0.041703485,0.03936126,0.043030027,0.041779183,0.04162465,0.041474946,0.04345584,0.041546997,0.042396877,0.040846627,0.04177457,0.04123927,0.040375557,0.042767067,0.042631775,0.040983245,0.039475214,0.042784784,0.042372625,0.04267491,0.041145362
0.041718744,0.042206455,0.040606774,0.042039607,0.03968653,0.042608332,0.04121548,0.041173037,0.04135359,0.043607667,0.04126658,0.04275248,0.041593846,0.041761298,0.04199847,0.040435165,0.041704465,0.042650014,0.04117853,0.039785206,0.0427391,0.042565536,0.0425527,0.04080038
0.042787965,0.042158145,0.039470978,0.041004244,0.038935706,0.0437394,0.04183569,0.041581348,0.041206717,0.043601792,0.04119916,0.042792004,0.041002605,0.041756533,0.041576385,0.03976055,0.04254585,0.04334576,0.04107281,0.03940354,0.043354444,0.041943163,0.042689055,0.041236114
0.042353943,0.042168323,0.04020194,0.041751202,0.03926188,0.042718496,0.04178739,0.041243523,0.041705064,0.043437567,0.041634586,0.042212237,0.040923685,0.04184561,0.041665565,0.04050925,0.042256948,0.042637188,0.04105379,0.039505593,0.04265829,0.04267098,0.04291562,0.040881306
0.042392187,0.041395616,0.04021367,0.041807756,0.039978735,0.042870652,0.04170604,0.04143056,0.041144606,0.04309019,0.040940523,0.042607676,0.04129188,0.041874126,0.041344438,0.04064107,0.042506848,0.042356554,0.04129735,0.040101334,0.042962182,0.04265094,0.041978423,0.041416574
0.04205443,0.042198263,0.039647058,0.04127517,0.039077505,0.04222528,0.042046648,0.04130873,0.04162914,0.04302017,0.04144724,0.042570975,0.04115513,0.04206744,0.04187842,0.040250335,0.04226523,0.043220725,0.041190483,0.039399654,0.04319439,0.042738494,0.042937767,0.04120134
0.04214809,0.04153369,0.039359085,0.041576486,0.039197847,0.042188495,0.041888002,0.041108686,0.041699905,0.04319738,0.04110135,0.04271668,0.041371927,0.042414807,0.041424647,0.040016085,0.04281116,0.043436874,0.041352265,0.039827786,0.04339005,0.042556327,0.04278854,0.040893853
0.04199976,0.041899588,0.040954567,0.042299464,0.03993497,0.041861128,0.041393526,0.040674455,0.041494243,0.043290365,0.041174736,0.04247468,0.041618723,0.041853752,0.042188175,0.040970862,0.041685835,0.042256698,0.04126154,0.0397878,0.042547088,0.043094713,0.042502828,0.040780503
0.04251034,0.042221755,0.040142063,0.0417291,0.039450813,0.041905835,0.04262134,0.04047484,0.041761775,0.04260377,0.041595034,0.041615088,0.040915016,0.042246338,0.042027272,0.040669475,0.04164104,0.042470355,0.041749116,0.039756004,0.042972066,0.0425204,0.043305658,0.041095514
0.042451177,0.042017646,0.03941903,0.04122002,0.03918696,0.042788543,0.041944675,0.041350085,0.041635737,0.04317233,0.04120051,0.042739213,0.041101098,0.04191065,0.04145697,0.040198535,0.042969413,0.04330221,0.041110527,0.039489686,0.043399237,0.04228273,0.04233724,0.041315783
0.041546866,0.041591685,0.039954457,0.041838177,0.039631218,0.041680846,0.041843947,0.040666077,0.041387673,0.043058172,0.040581383,0.04280689,0.04183465,0.042505514,0.04225415,0.04014686,0.041883692,0.043401808,0.04172375,0.039840072,0.04332269,0.042909175,0.042652566,0.04093766
0.042436164,0.041396625,0.040187187,0.042462956,0.03931361,0.042730566,0.04185924,0.042021904,0.040631767,0.043587185,0.041109975,0.04301404,0.04170832,0.041862637,0.04213293,0.040480915,0.04271728,0.04274189,0.040669877,0.039726634,0.042311877,0.04192853,0.042312358,0.040655516
0.04202989,0.041931026,0.039841443,0.04141031,0.039350703,0.04201484,0.042141963,0.040740177,0.041631974,0.04297956,0.040831093,0.04242179,0.04127713,0.042208396,0.04220736,0.040228758,0.042083353,0.04346185,0.041587073,0.039472613,0.043443892,0.042727105,0.04278349,0.041194227
0.041159954,0.04169428,0.040359244,0.042607404,0.040299874,0.0426388,0.04119216,0.041593704,0.041221295,0.043243438,0.04042706,0.0430206,0.041804664,0.04198344,0.04209489,0.040320195,0.04129977,0.04340525,0.041236456,0.03981111,0.04356588,0.041375853,0.0421527,0.04149196
0.04201482,0.041810878,0.03999822,0.04159318,0.039736506,0.042213287,0.041878305,0.040689178,0.041368004,0.043033794,0.040848512,0.042433154,0.041275546,0.042154606,0.04180426,0.040300258,0.042322665,0.043066807,0.04121536,0.039987393,0.043675397,0.042350266,0.04255459,0.041675065
0.042376563,0.04210319,0.04031528,0.04205429,0.039401174,0.042821556,0.041471545,0.04147597,0.041617166,0.043589413,0.041743312,0.042563383,0.04124263,0.04173048,0.04159413,0.040750716,0.042506542,0.042232692,0.040704694,0.03943286,0.042233117,0.042762987,0.04260051,0.04067577
0.042201698,0.041858047,0.040399212,0.04201263,0.039406992,0.042415835,0.041186687,0.041232932,0.041552503,0.043729812,0.04158117,0.04264078,0.04172327,0.04191707,0.041570716,0.040786948,0.042374518,0.04240881,0.04098146,0.039684024,0.042306308,0.043079987,0.042466816,0.040481817
0.042085722,0.04132639,0.039621156,0.04150327,0.039854735,0.042207226,0.042104498,0.041015822,0.041416977,0.04244365,0.04055691,0.0425356,0.04172051,0.042102348,0.042350836,0.040105417,0.042298645,0.04353229,0.041620128,0.039916053,0.04379326,0.041737776,0.04241232,0.04173851
0.04252583,0.041264832,0.040875126,0.04252248,0.04035557,0.04200022,0.040957205,0.041034386,0.04159626,0.043190956,0.041178405,0.043051735,0.041738942,0.04163395,0.041340984,0.041708544,0.04290909,0.041677453,0.040558774,0.039978553,0.04240368,0.042785622,0.04172934,0.04098203
0.04220826,0.04105487,0.0400759,0.042336777,0.039858244,0.041585255,0.04128958,0.040746804,0.041561034,0.04330254,0.040920682,0.04306704,0.04190541,0.042294912,0.041508812,0.040702045,0.042821165,0.042554952,0.04115978,0.040261857,0.04291832,0.043031678,0.042152543,0.040681537
0.041962955,0.041870236,0.03911071,0.04216837,0.039265502,0.043192066,0.04208127,0.041445624,0.04152107,0.043405764,0.04083862,0.042908303,0.041185204,0.042394396,0.04186922,0.03974198,0.042849537,0.04335558,0.04088157,0.039195977,0.042671513,0.0416582,0.04289248,0.041533895
0.041797914,0.04157878,0.040627036,0.0421486,0.040266197,0.04130381,0.041632738,0.040348124,0.04130044,0.042775437,0.040426694,0.042904884,0.041982576,0.042116724,0.042344682,0.04096985,0.041928016,0.04272246,0.041442227,0.039879948,0.043188035,0.042895436,0.042168446,0.041250966
0.04202476,0.041822895,0.040099435,0.0421187,0.040289786,0.04201049,0.041895334,0.040699795,0.04105198,0.04294412,0.040214792,0.042894308,0.0414647,0.042088944,0.042125568,0.040334273,0.041788913,0.042958613,0.04164017,0.039911248,0.04353979,0.04191559,0.042542525,0.0416232
0.042253673,0.04130415,0.04132109,0.042501543,0.040516138,0.04084268,0.04116761,0.04010444,0.04143723,0.043086544,0.040771842,0.042437416,0.04235058,0.042165093,0.04224178,0.041676763,0.041747488,0.041926887,0.041202534,0.040075727,0.042372927,0.043570977,0.0419996,0.040925294
0.04212968,0.041727193,0.03947262,0.041540716,0.039351154,0.042533766,0.041427594,0.04125081,0.041494384,0.043375667,0.04089452,0.043300353,0.0415483,0.042132825,0.041399125,0.040350836,0.04306218,0.043145478,0.041131426,0.039744373,0.043263454,0.04248052,0.042186797,0.041056227
0.042052668,0.041711252,0.04135279,0.042893834,0.04029059,0.041587114,0.041016113,0.040602606,0.041129075,0.042953655,0.041182905,0.04262814,0.041934375,0.041877095,0.0421947,0.04135189,0.042015076,0.04154113,0.04106425,0.040079705,0.04214582,0.043588538,0.04201495,0.040791743
0.041510317,0.04129508,0.040241737,0.042170417,0.040753424,0.041878346,0.04070277,0.04099347,0.040727403,0.04291868,0.040159617,0.043725815,0.042524144,0.041763272,0.04232832,0.040212315,0.04190492,0.04308897,0.041548762,0.04057956,0.04360901,0.041675054,0.041825473,0.041863177
0.04194894,0.042115524,0.04007144,0.041666627,0.039482933,0.04260813,0.0415993,0.041178834,0.041454643,0.043367837,0.041132078,0.042774737,0.041444715,0.041865397,0.041832164,0.040284775,0.042191837,0.04305096,0.041205317,0.039655454,0.043098863,0.042448856,0.042462036,0.041058537
0.04231663,0.04161133,0.04063891,0.04221729,0.039863948,0.04203439,0.041102346,0.040564913,0.041579846,0.043420162,0.040966474,0.042633947,0.041401807,0.041954633,0.04144281,0.041422766,0.042740706,0.042194396,0.040883545,0.04006238,0.0425997,0.043069836,0.042162117,0.041115094
0.041859604,0.041942865,0.040235665,0.04159812,0.039844967,0.0421177,0.04156014,0.041202188,0.04135837,0.043229576,0.041207988,0.0425656,0.041643407,0.042068835,0.041690007,0.040408608,0.04188475,0.043073297,0.041070875,0.039879993,0.043060176,0.04279167,0.0426234,0.041082215
0.041814785,0.042055726,0.040489607,0.04203149,0.039576627,0.042336915,0.04120616,0.041336324,0.04122786,0.04340695,0.04102394,0.042995337,0.04196338,0.04169932,0.04197715,0.04074031,0.0421836,0.042697486,0.041336846,0.03922262,0.042510267,0.04315943,0.04233609,0.04067177
0.04215915,0.041028026,0.039557457,0.04205493,0.03982857,0.042529985,0.04150088,0.041438945,0.041400094,0.042346314,0.04049706,0.042579994,0.04166033,0.041921582,0.04092786,0.04014369,0.042298533,0.043875318,0.04165615,0.0399642,0.0443979,0.041797604,0.042284515,0.042150877
0.04200112,0.041611403,0.03980537,0.0415484,0.03985194,0.041554496,0.04204264,0.040485267,0.04143043,0.0426389,0.04029531,0.042926144,0.041756473,0.04225982,0.042164076,0.040461924,0.042387616,0.043457236,0.041568927,0.039696474,0.04377942,0.042582646,0.042112734,0.041581172
0.04287363,0.041031376,0.03998538,0.0415721,0.03949919,0.042391397,0.042330224,0.04068989,0.041175593,0.043586887,0.03959983,0.04274835,0.040525727,0.04242954,0.04191611,0.040139623,0.04187629,0.042943653,0.04202026,0.039536275,0.043633465,0.042455997,0.043038364,0.04200082
0.042170376,0.04116868,0.040568255,0.04235505,0.040707648,0.04066407,0.042136244,0.04012647,0.041475642,0.042676363,0.040230505,0.042538796,0.04177724,0.042416163,0.04238302,0.041451085,0.042074155,0.04203336,0.04149628,0.04010523,0.04330265,0.04258795,0.042103488,0.041451264
0.040695492,0.041867197,0.04071903,0.04275934,0.0403139,0.04230894,0.041359246,0.04124506,0.040969808,0.043908585,0.040007874,0.04340276,0.042073283,0.042117633,0.042901363,0.040535867,0.041024007,0.042933118,0.04106323,0.040220086,0.04295581,0.041684225,0.042083528,0.04085061
0.042299956,0.041412342,0.038970634,0.0409636,0.03930262,0.042505417,0.04188013,0.04103801,0.041487914,0.043087784,0.040438488,0.04331256,0.04128327,0.042203717,0.041670766,0.039904248,0.043575637,0.043683644,0.04131764,0.039867707,0.04395149,0.0421874,0.041843466,0.041811615
0.041817013,0.042179734,0.03976279,0.041511975,0.039399017,0.042930055,0.04141441,0.04147343,0.041330814,0.043474317,0.041071266,0.043255925,0.04166299,0.041763928,0.041680984,0.04011448,0.042529773,0.043252427,0.0411076,0.03960727,0.043221552,0.04222647,0.04214196,0.041069802
0.040926646,0.041571077,0.040620305,0.041951567,0.040482238,0.041505646,0.041303426,0.040449284,0.040901452,0.042821974,0.039671075,0.043466404,0.042841043,0.04210346,0.042745184,0.04031479,0.04122285,0.043367155,0.041852087,0.040221613,0.043847077,0.042555615,0.041833665,0.041424353
0.041532174,0.042077187,0.039843544,0.042332776,0.039623424,0.041595206,0.041527692,0.041625116,0.040973686,0.042667013,0.040553335,0.042829618,0.041860018,0.04277632,0.04213154,0.040620014,0.042843487,0.04296349,0.04095136,0.039815947,0.042751312,0.042630006,0.04263438,0.040841326
0.04164834,0.04234632,0.038383327,0.04041824,0.038658842,0.043058936,0.04223676,0.041716892,0.041290272,0.042985685,0.04060444,0.043472476,0.0416369,0.042142753,0.041790325,0.039186984,0.04307384,0.04488294,0.04150015,0.038961194,0.04435084,0.041789196,0.042378575,0.04148581
0.042411406,0.04186587,0.039565124,0.041335437,0.039413936,0.042385165,0.041957837,0.041082304,0.04160497,0.04300931,0.04096181,0.042756166,0.04128451,0.04199916,0.041631866,0.040336855,0.042838696,0.043266542,0.041221853,0.03957742,0.043468498,0.042402048,0.042233616,0.041389696
0.041754894,0.041705348,0.04009,0.041856818,0.03992225,0.041329794,0.041775543,0.040618353,0.04145967,0.042728174,0.04048644,0.04263975,0.04204942,0.04203405,0.04241787,0.0408857,0.04183945,0.04308648,0.041695494,0.03953992,0.04317428,0.043186873,0.042477563,0.041245915
0.041443147,0.04188986,0.039979514,0.04165251,0.03939839,0.043510344,0.041428447,0.04121824,0.04074949,0.04351331,0.040101923,0.043388885,0.041647986,0.04231901,0.041661307,0.039331153,0.04180421,0.04356723,0.041742753,0.03990959,0.04411075,0.041460536,0.042620327,0.041551046
0.042629983,0.042318203,0.040441636,0.042516846,0.039851103,0.04212211,0.04180633,0.041114092,0.04104831,0.043004178,0.042150725,0.042825133,0.042335134,0.04170371,0.041832834,0.04145904,0.041943077,0.04176568,0.040305395,0.03927278,0.041913286,0.04285752,0.04171789,0.04106504
0.041930832,0.04171223,0.039484162,0.041367967,0.03980957,0.042191852,0.041814927,0.040931366,0.04132793,0.04291311,0.040358882,0.043262944,0.04170075,0.04213033,0.04183659,0.04008997,0.042658076,0.043655906,0.041298337,0.03991817,0.04398458,0.041998938,0.041903615,0.04171896
0.04137974,0.042008244,0.04023166,0.04170713,0.039676435,0.042322166,0.041619956,0.04094591,0.041191194,0.0432111,0.040759105,0.042910144,0.04155276,0.04216338,0.04231383,0.04000697,0.04144852,0.04345458,0.04156699,0.039916564,0.043414164,0.042200595,0.042794794,0.041204106
0.041711796,0.041888393,0.03931218,0.04079893,0.039885752,0.04203411,0.042476688,0.041346997,0.04090605,0.04285816,0.039799627,0.04341209,0.041599743,0.042664398,0.0422986,0.039878197,0.042596955,0.043900058,0.041316774,0.039686847,0.044147506,0.041676223,0.041972782,0.04183115
0.040884655,0.041858166,0.040922865,0.042508803,0.04030856,0.041956715,0.040934213,0.04068782,0.041018195,0.043483086,0.040557794,0.04348244,0.042453665,0.041915026,0.04234471,0.040328078,0.041225083,0.042830683,0.04135457,0.040410653,0.04292981,0.042585056,0.042185884,0.040833406
0.042090174,0.042011783,0.040475104,0.04161432,0.03944872,0.04335269,0.040540654,0.0416817,0.04125864,0.044462387,0.0418554,0.042542234,0.041930567,0.041952148,0.04099186,0.04050108,0.042207837,0.042609453,0.04036453,0.04027958,0.042198006,0.04235573,0.04243798,0.040837444
0.04217033,0.041814793,0.03888143,0.041198038,0.039356858,0.042479016,0.042257804,0.041452765,0.041351732,0.042816408,0.040423036,0.043118037,0.041351605,0.04231811,0.041674044,0.039961644,0.043283343,0.043792192,0.041170783,0.0396018,0.043942645,0.041935507,0.041862004,0.041786067
0.041676994,0.042324305,0.039487317,0.04166999,0.039937947,0.042356193,0.04230678,0.041297883,0.04106807,0.042973414,0.040874474,0.04278178,0.041432362,0.04232108,0.041745666,0.040280882,0.04215757,0.0431571,0.041398656,0.03923259,0.043249957,0.042268112,0.042888906,0.041111965
0.04143715,0.04177452,0.04037407,0.041966703,0.04013916,0.041625842,0.041474,0.04053869,0.041186202,0.042987086,0.040286053,0.043194305,0.042219266,0.04211321,0.042435896,0.040417235,0.041729726,0.043216914,0.041556418,0.039939053,0.04346239,0.042588484,0.04206234,0.041275326
0.04164637,0.04214465,0.039368916,0.04113271,0.039247453,0.04263985,0.042016946,0.041131187,0.041387,0.043108292,0.040651444,0.042924155,0.041416235,0.04216519,0.041971523,0.039612334,0.04220646,0.044074092,0.041526265,0.039620806,0.043938693,0.041999433,0.042591654,0.041478325
0.041304987,0.04189521,0.039547637,0.042212546,0.03983601,0.042215098,0.041717283,0.04147753,0.04107107,0.04322725,0.04065125,0.043793947,0.042386882,0.042408317,0.04198178,0.040585082,0.042889215,0.04290586,0.040639006,0.039036546,0.042457137,0.04220224,0.04263687,0.040921163
0.04187559,0.041873336,0.039801024,0.041230407,0.039333694,0.041497905,0.04267292,0.04076843,0.04200152,0.04256234,0.04062626,0.04271853,0.04171421,0.042581398,0.041838087,0.040196963,0.042204756,0.043460708,0.0413852,0.039469723,0.04382648,0.042862095,0.0424529,0.04104556
0.041464213,0.041939702,0.04092366,0.042259343,0.040392302,0.04216435,0.04088186,0.041083522,0.04104718,0.043426618,0.0410032,0.043310303,0.04211402,0.041744735,0.0418216,0.04088699,0.041878507,0.04232974,0.04079897,0.040180195,0.042848974,0.04240034,0.042181112,0.04091857
0.04124505,0.04201515,0.03870632,0.04190154,0.038430143,0.042259254,0.0414417,0.041599527,0.041436665,0.044443063,0.040678114,0.04292562,0.041374262,0.042553164,0.041239716,0.03948087,0.04318345,0.043706346,0.041217607,0.040034797,0.042815216,0.042867508,0.04354492,0.04089996
0.04110291,0.04188388,0.04071632,0.042304065,0.0399024,0.04228942,0.0411117,0.04050324,0.041042086,0.043197926,0.040781446,0.043209326,0.042005673,0.042075496,0.042295888,0.040647086,0.041475557,0.042898696,0.04149097,0.039989065,0.043404594,0.04200522,0.042428397,0.04123864
0.04182171,0.04183687,0.03942953,0.041496187,0.0389696,0.042477358,0.041928835,0.041157674,0.041609246,0.04337859,0.041079223,0.042661037,0.041301373,0.042359643,0.04172282,0.03972239,0.042352777,0.04369574,0.041508008,0.03969559,0.043417092,0.04251893,0.043013297,0.040846433
0.04196364,0.042129,0.040080946,0.04157303,0.039475992,0.042516503,0.041715328,0.041277807,0.041140113,0.043425947,0.041142885,0.04284254,0.04141052,0.041931994,0.041969452,0.04048958,0.042094786,0.0429615,0.04114164,0.03958951,0.043138403,0.042403784,0.04274586,0.040839247
0.041584168,0.041540485,0.040687654,0.042882793,0.040035393,0.04184827,0.04132062,0.040587567,0.041065093,0.043019835,0.040211402,0.043238636,0.042992685,0.042050958,0.042393334,0.04056563,0.041897092,0.043005362,0.04128016,0.039674986,0.04230969,0.042410802,0.04215638,0.041241065
0.042470634,0.04199194,0.03980908,0.041557044,0.039285738,0.042828757,0.04169641,0.04144404,0.041677002,0.043316334,0.04140163,0.042736165,0.041074134,0.041754987,0.04147237,0.04049963,0.042813044,0.04285893,0.040970635,0.039498046,0.042997874,0.042368174,0.042371057,0.041106354
0.042128146,0.042119563,0.039696645,0.041330688,0.039114904,0.0429108,0.041735474,0.041342895,0.04163276,0.043568432,0.04159799,0.042836193,0.041355465,0.04163282,0.041758023,0.04021753,0.042492356,0.043153,0.04113501,0.039079413,0.042988036,0.04266723,0.04240881,0.041097786
0.041707702,0.04211883,0.040160406,0.041704413,0.039689317,0.042512856,0.041374028,0.041310888,0.041269284,0.04335864,0.0411142,0.04315296,0.041775476,0.04183772,0.041727457,0.040491916,0.042291902,0.042918455,0.041016545,0.039688345,0.04308262,0.042388793,0.042354733,0.04095251
0.041658677,0.042081587,0.039472956,0.041385714,0.039394844,0.042672135,0.041763473,0.04138327,0.041322082,0.0433185,0.04067589,0.043264985,0.04164926,0.0420328,0.041936874,0.03996562,0.042441647,0.043662477,0.041277967,0.03955333,0.043596413,0.042049408,0.042178564,0.041261513
0.04138089,0.0417884,0.040737454,0.042047936,0.039958645,0.041890092,0.04154016,0.040600363,0.041147403,0.043045662,0.040422637,0.04288135,0.042176615,0.04207917,0.042417064,0.040323384,0.04126285,0.04333014,0.041695293,0.03988722,0.043362025,0.04243239,0.042440124,0.0411527
0.042047266,0.04165982,0.04051865,0.04235882,0.03982699,0.041888084,0.041846428,0.040612802,0.041468225,0.04326479,0.040618755,0.04245855,0.04153863,0.042363517,0.04225918,0.04066973,0.04175976,0.04252706,0.04140718,0.039602373,0.04281176,0.042724982,0.04268617,0.0410805
0.04113738,0.04186495,0.03994396,0.041735597,0.040135253,0.042204455,0.04117172,0.04095266,0.040941514,0.043189313,0.04011562,0.0439139,0.0424923,0.04197894,0.042180028,0.04000364,0.042071305,0.04362388,0.041368388,0.040077824,0.043814544,0.041997325,0.04164137,0.041444145
0.041872773,0.041746307,0.041459024,0.042431746,0.040204775,0.04249553,0.040745456,0.04082969,0.04121448,0.04376734,0.04115475,0.04281308,0.04212381,0.041726,0.041907083,0.040751044,0.04154567,0.04208523,0.040831707,0.040106002,0.042418648,0.042805918,0.04217073,0.040793303
0.04178412,0.041432124,0.040235754,0.0424079,0.04009811,0.042004157,0.040972944,0.041074533,0.040818162,0.04323798,0.040425546,0.04319404,0.04245504,0.04202849,0.042629097,0.03986606,0.042691033,0.04318482,0.04061313,0.039679486,0.042943623,0.042486697,0.04243723,0.04129992
0.041113604,0.042242702,0.040328197,0.041613422,0.03972664,0.042934317,0.041666847,0.042196646,0.041232374,0.043858312,0.04154444,0.04297503,0.041156247,0.04223005,0.041646525,0.039900765,0.041571043,0.04295272,0.040653422,0.03977357,0.043122455,0.04184672,0.043041185,0.040672757
0.042362116,0.04197969,0.039784193,0.04173062,0.039731227,0.042623553,0.041610666,0.041120898,0.041402597,0.043005653,0.040936805,0.042834964,0.041270055,0.041924354,0.041570894,0.04024651,0.042608537,0.04309234,0.041208517,0.039780214,0.043393236,0.042254835,0.042217545,0.041309938
0.041127335,0.041803624,0.039759953,0.041681353,0.03973853,0.041107003,0.042197913,0.040305298,0.04123725,0.042592112,0.039828975,0.043155644,0.042446088,0.042623457,0.04300815,0.04012217,0.04163552,0.044014696,0.04206734,0.039251037,0.043715283,0.04280051,0.042509012,0.0412718
0.042210657,0.041893695,0.039853044,0.04158308,0.03954299,0.042494074,0.04162769,0.041159097,0.041564602,0.043213192,0.041079186,0.042790484,0.041442376,0.041890927,0.04171373,0.040508598,0.042629395,0.0429959,0.041091,0.039643727,0.043225832,0.04247567,0.042197134,0.041173875
0.041726578,0.042239085,0.039955,0.04159636,0.03904607,0.042560678,0.04261863,0.041892827,0.04201742,0.043507956,0.04126771,0.04256581,0.0411094,0.04243198,0.04180598,0.040395796,0.042015556,0.04273826,0.040808063,0.03921375,0.042811234,0.042636134,0.042612627,0.040427092
0.04216965,0.04126204,0.04015186,0.04133017,0.03986735,0.04218272,0.04225741,0.040900696,0.04100185,0.04291569,0.040830556,0.042510796,0.041595623,0.042154867,0.04180619,0.040370826,0.041610245,0.04355849,0.041826412,0.03902322,0.043440524,0.042865697,0.042603754,0.041763343
0.040579785,0.04159863,0.040714204,0.04337783,0.040365096,0.043511264,0.03991198,0.04158309,0.040572926,0.04489415,0.04050737,0.04404047,0.0426029,0.042423684,0.041688584,0.040390503,0.042086393,0.04266589,0.040050287,0.04042327,0.041949317,0.0413446,0.041750528,0.040967286
0.042380314,0.041962717,0.039988693,0.041197024,0.038938046,0.043832388,0.041103914,0.041948445,0.041459754,0.043870356,0.042059254,0.04248214,0.040740497,0.04175674,0.04110519,0.04020757,0.04262563,0.043021403,0.040663328,0.039980937,0.04283243,0.042152133,0.042858362,0.040832713
0.042603828,0.041542675,0.03970063,0.041548852,0.039327446,0.04266888,0.041792452,0.041352887,0.041914795,0.042723566,0.041187618,0.042816002,0.040908244,0.04170274,0.041420847,0.040598042,0.042855944,0.043214276,0.041166224,0.039485794,0.04349564,0.04197955,0.042475224,0.04151787
0.04206012,0.041892592,0.04023609,0.041856147,0.0396465,0.04300568,0.041449897,0.041904088,0.041021265,0.043475196,0.041611005,0.042498555,0.041286346,0.041977946,0.041910756,0.040162973,0.042317677,0.042484693,0.040834803,0.03967383,0.042228714,0.043021448,0.042630475,0.040813185
0.04240487,0.04165772,0.03988111,0.0415311,0.03946524,0.042345878,0.041571304,0.041120425,0.0416139,0.043250535,0.04104441,0.042942837,0.041661736,0.041837953,0.0413535,0.040751792,0.04307265,0.04294365,0.041090976,0.039656892,0.043102816,0.04252581,0.04174205,0.041430872
0.04169242,0.041858345,0.040550236,0.04151595,0.039751045,0.042325456,0.041565098,0.040455762,0.041347116,0.04324066,0.04095069,0.042481765,0.04197763,0.04217831,0.041535098,0.040667135,0.042544886,0.04249987,0.04084212,0.040368,0.043360554,0.042389616,0.042793676,0.041108504
0.042635318,0.042058498,0.040439468,0.04133809,0.03949011,0.042152572,0.042289197,0.04197865,0.04194881,0.04328038,0.040664513,0.04238235,0.041067455,0.04259282,0.04151237,0.039758246,0.041743856,0.042722438,0.041628197,0.039748617,0.043280866,0.042423338,0.042262096,0.040601745
0.041618135,0.041740365,0.03982682,0.041549895,0.04012262,0.04256157,0.041392215,0.041132804,0.041068602,0.043173704,0.040411472,0.04358985,0.041936085,0.041960653,0.04173993,0.0400109,0.042478405,0.04341705,0.041046992,0.04025418,0.043760624,0.041798253,0.041659474,0.041749336
0.04219705,0.042031568,0.039337777,0.04113425,0.039286572,0.0429477,0.042251334,0.040597584,0.04087607,0.043458883,0.04006023,0.0429654,0.04106257,0.042180326,0.042207308,0.03965994,0.041752394,0.043794155,0.041888073,0.03987736,0.044014614,0.0418155,0.042940833,0.04166243
0.042242765,0.041559216,0.039911088,0.04171199,0.03976375,0.04230641,0.041559275,0.041361757,0.041141212,0.0428034,0.040615126,0.04317037,0.041783884,0.041853394,0.041774996,0.04057627,0.0429956,0.042974055,0.04131359,0.039626982,0.043069232,0.042445265,0.042163298,0.04127713
0.042177025,0.041836213,0.0399467,0.041646384,0.039459325,0.042706836,0.041343696,0.04070844,0.041765638,0.043641906,0.040598843,0.043376096,0.041651815,0.04172915,0.04147016,0.04089882,0.04313235,0.042826053,0.04073616,0.040228352,0.043372806,0.042089473,0.041577477,0.041080266
0.04177087,0.04177248,0.03940214,0.041564055,0.03918861,0.04295986,0.041528687,0.041584395,0.041413665,0.043520078,0.041204505,0.04295986,0.041633293,0.042290088,0.04162171,0.039846413,0.042442378,0.043437116,0.041288722,0.03957936,0.04305702,0.042712644,0.04252137,0.040700674
0.042271137,0.042041,0.03969687,0.041357107,0.039661754,0.042865682,0.04156408,0.041619252,0.040981483,0.043046415,0.04092536,0.04272391,0.041409172,0.04165787,0.042170763,0.039397817,0.04263029,0.043765865,0.04079315,0.039550565,0.04376442,0.041840572,0.042536486,0.04172904
0.041211665,0.042501934,0.039563246,0.041173898,0.038928755,0.043290135,0.041765913,0.041486327,0.04129332,0.04357881,0.040966168,0.04282001,0.041277166,0.042005364,0.04209742,0.0393369,0.04183256,0.044151828,0.04141308,0.039520282,0.04370286,0.04184326,0.04315966,0.041079383
0.041393302,0.041940868,0.04042858,0.04178302,0.039087415,0.041919503,0.0421199,0.041434716,0.04178659,0.043296047,0.04067005,0.04231327,0.04092358,0.042642664,0.0421623,0.040261913,0.042491384,0.04337273,0.04126943,0.039294083,0.042769812,0.0431674,0.042681128,0.040790256
0.042153083,0.04135372,0.039521333,0.042504307,0.040034555,0.043176148,0.04182268,0.04156305,0.04131576,0.043130826,0.040767953,0.043283056,0.040977895,0.042218987,0.041652597,0.04039493,0.042738665,0.042851057,0.04056607,0.039480664,0.042388856,0.041923083,0.042402238,0.04177848
0.04212988,0.04189864,0.03957127,0.041468155,0.038758256,0.04308456,0.04140709,0.041403912,0.041425176,0.04361905,0.04150968,0.042518325,0.040902246,0.041911654,0.041364666,0.039828032,0.043115504,0.043644976,0.041107077,0.039780986,0.043486636,0.042221073,0.04222596,0.04161713
0.041909505,0.041914776,0.039153043,0.040851388,0.039236862,0.04309987,0.04200817,0.042261418,0.041053656,0.04320377,0.041312367,0.04333349,0.040729433,0.04283563,0.041525517,0.040686566,0.042440586,0.043591946,0.040799588,0.03925128,0.04329119,0.04119769,0.043245785,0.041066553
0.04235831,0.042529915,0.039811302,0.042280823,0.039963584,0.04326576,0.041266393,0.04112525,0.041143622,0.042891953,0.040962737,0.04285388,0.04103715,0.041906238,0.04161039,0.0399081,0.041866727,0.043307018,0.041668713,0.039371267,0.043447424,0.042095907,0.042650573,0.04067697
0.041936878,0.041886736,0.040430117,0.0419271,0.039666947,0.043106753,0.0409884,0.04192567,0.0409258,0.04395515,0.041204326,0.04308008,0.041594416,0.04180656,0.041529495,0.04044044,0.04230111,0.04300016,0.040550675,0.04006396,0.042517062,0.042572707,0.04179711,0.040792406
0.041700155,0.041755203,0.039564982,0.042239074,0.039474584,0.042212892,0.04203196,0.040913988,0.041590083,0.043272145,0.040776346,0.042396057,0.04114621,0.042517353,0.04212967,0.03986174,0.04223187,0.043312605,0.041239016,0.039736625,0.043091994,0.04224423,0.043349594,0.041211613
0.040412664,0.041589808,0.039420575,0.042530634,0.040419664,0.04424818,0.040527154,0.041973066,0.040556747,0.042863157,0.04041312,0.043756954,0.04191616,0.042723786,0.042004142,0.03927371,0.04160358,0.044142835,0.041399352,0.040239867,0.04360675,0.040462762,0.04289205,0.04102333
0.042425167,0.041747034,0.039314486,0.04129365,0.039250646,0.04274294,0.04164846,0.041216232,0.04165719,0.043399625,0.04070626,0.04294045,0.04192834,0.041970175,0.04180279,0.040017046,0.04266872,0.043649856,0.040971853,0.039596826,0.0437389,0.04212839,0.04176087,0.041424103
0.041833673,0.04215638,0.039341163,0.0415511,0.039124172,0.04302241,0.04202444,0.041988354,0.041495908,0.043759026,0.04097119,0.043034047,0.041140877,0.04206002,0.041921753,0.040257517,0.042595748,0.043276157,0.040930066,0.039239466,0.043117225,0.04191937,0.042305123,0.040934753
0.04191525,0.042030174,0.039811175,0.041648705,0.039743844,0.04259586,0.041248094,0.040975954,0.041321073,0.043365784,0.040884953,0.0424178,0.041599497,0.04227816,0.042138897,0.040003676,0.041849066,0.043495778,0.041048937,0.039957024,0.043475177,0.042037733,0.04285537,0.04130201
0.041800767,0.042140152,0.03964058,0.041506544,0.039246127,0.042571377,0.041912157,0.04116965,0.04147002,0.043249693,0.040904846,0.042833764,0.041479427,0.042089917,0.042028945,0.03998702,0.042257875,0.043514404,0.04139216,0.039387394,0.043260846,0.04238153,0.04263218,0.041142706
0.041036192,0.041987605,0.039655853,0.04147618,0.03952254,0.04201522,0.041557446,0.041052226,0.04110023,0.043144338,0.040416256,0.043591727,0.042341474,0.042319104,0.042072203,0.04009235,0.04219003,0.043846272,0.04149731,0.03956259,0.043675564,0.042439334,0.042451967,0.040955983
0.042097345,0.041672226,0.039570704,0.041084774,0.03960211,0.042817496,0.041231193,0.04129518,0.041233055,0.0436636,0.04089494,0.042843472,0.041894533,0.04230335,0.041185513,0.039996818,0.042638708,0.043664638,0.04077493,0.040361542,0.043489095,0.041864008,0.042147998,0.041672807
0.040892605,0.041497,0.03878599,0.040668823,0.040247604,0.042875756,0.042887907,0.042226464,0.04060738,0.04310153,0.039745197,0.043547064,0.041220058,0.043157578,0.04327957,0.040278025,0.042246945,0.043617077,0.041263144,0.03916597,0.04312648,0.042523988,0.04147391,0.04156398
0.04184469,0.041883457,0.039581228,0.04169036,0.039118018,0.042296685,0.041759547,0.041255865,0.041566398,0.043216616,0.04094619,0.042780805,0.04174428,0.04217551,0.041803915,0.040105756,0.04227581,0.043517545,0.041552633,0.03948835,0.043295518,0.042694263,0.04258327,0.04082337
0.04155348,0.042156115,0.039239194,0.041156497,0.039389186,0.04313415,0.04156136,0.04152061,0.041188084,0.04335846,0.040657297,0.04354641,0.0416722,0.04192682,0.041640896,0.03954543,0.04262175,0.043991152,0.041184884,0.03980302,0.043932408,0.041628048,0.042072278,0.041520294
