0,1,2,3,4,5,6,7,8,9,10,11,12,13,14,15,16,17,18,19,20,21,22,23
0.04236345,0.041577633,0.04083921,0.040757943,0.040852834,0.043636274,0.04301245,0.041913968,0.042405892,0.04125589,0.04178581,0.04169078,0.03991568,0.04034164,0.04301264,0.040852834,0.04109359,0.04261889,0.04239008,0.040688265,0.04222894,0.041297827,0.0422642,0.04120324
0.043827016,0.041276053,0.040159974,0.039954107,0.039242685,0.044505112,0.04314702,0.04413602,0.04151014,0.041794047,0.041785784,0.040877916,0.03897713,0.040387884,0.042969722,0.04065207,0.040924057,0.043140978,0.042278096,0.039550822,0.042562027,0.041800026,0.042781126,0.041760247
0.043118212,0.04133552,0.040457312,0.039913967,0.040051308,0.04431065,0.04317584,0.042783156,0.041998602,0.041358195,0.041758034,0.041379947,0.039625,0.04041548,0.042871498,0.040961355,0.040907353,0.042711146,0.041927323,0.040535923,0.042582426,0.04187106,0.04258781,0.041362923
0.040217195,0.042437583,0.04165049,0.042676296,0.042569354,0.041764468,0.04236762,0.040460147,0.042987775,0.040627323,0.042361267,0.041887145,0.04107151,0.039727587,0.0431164,0.040935844,0.04168151,0.04216972,0.043141074,0.04127277,0.041264426,0.040729977,0.041980926,0.040901598
0.040425554,0.042589594,0.041371647,0.0422903,0.04209656,0.042137217,0.04202875,0.04074949,0.042730913,0.040880945,0.042135496,0.042201743,0.040941816,0.039669916,0.042781524,0.04072441,0.041727714,0.042714626,0.043142483,0.04080579,0.041743163,0.040971637,0.042197153,0.040941533
0.043766215,0.041218583,0.039805528,0.039345797,0.0391525,0.04468479,0.04330351,0.043322265,0.04114207,0.041864272,0.042144477,0.041235834,0.039513595,0.040961403,0.042741183,0.040565565,0.041031104,0.04289848,0.041673824,0.040102404,0.042483374,0.04224424,0.04269163,0.04210733
0.044033322,0.04035839,0.039820716,0.03956094,0.040139508,0.045284335,0.04377404,0.044132482,0.041154567,0.04105904,0.042110693,0.040411178,0.038718358,0.04072794,0.043356147,0.041144025,0.04092383,0.041927036,0.042122293,0.040446106,0.042657994,0.041935995,0.042495,0.04170608
0.041400593,0.041335296,0.040896628,0.041647986,0.041609652,0.042898517,0.043006055,0.041532565,0.042285245,0.04082672,0.042549264,0.04143184,0.040221177,0.040005773,0.0429199,0.04102443,0.04172022,0.042086203,0.04302038,0.041350726,0.04156641,0.041220635,0.04181608,0.041627694
0.04272888,0.041702937,0.03981955,0.040547486,0.03980985,0.0440258,0.042630702,0.04288392,0.041141223,0.042117942,0.0420427,0.041642513,0.039601125,0.040538833,0.042550072,0.040353723,0.041485555,0.043171078,0.041990012,0.04000694,0.041994054,0.041752152,0.042713128,0.042749867
0.04034121,0.04294913,0.04189722,0.04187888,0.041811224,0.041517284,0.042458203,0.039871007,0.042916343,0.04149999,0.041964076,0.042632855,0.041819356,0.04024937,0.043195203,0.041155078,0.041237187,0.041662335,0.042465262,0.041348867,0.04126701,0.041491278,0.04158063,0.04079101
0.0439849,0.0404749,0.04075147,0.039695505,0.040779263,0.045419123,0.043899957,0.044235636,0.041520286,0.040427323,0.041687045,0.039483037,0.038581185,0.039977092,0.043493837,0.04160273,0.04105822,0.041234516,0.04261777,0.040448684,0.042809255,0.041885015,0.042906433,0.041026782
0.04451549,0.04003151,0.03945747,0.039257295,0.039654996,0.045711026,0.043457914,0.045179214,0.04015721,0.04135272,0.04242935,0.039893493,0.038406245,0.040704455,0.042753115,0.040727537,0.041440014,0.042493004,0.042433858,0.040235538,0.042332564,0.04186351,0.042960204,0.042552315
0.04301537,0.04109367,0.04000009,0.040847447,0.039600484,0.043939203,0.04284917,0.043048453,0.04025348,0.042356454,0.042379055,0.041158296,0.039487854,0.040207352,0.04231735,0.04011366,0.042348675,0.04331895,0.042854253,0.039617583,0.041779246,0.041906662,0.042094875,0.043412417
0.04468265,0.040652946,0.039513398,0.038541712,0.037718616,0.045224115,0.04358573,0.044563677,0.040415656,0.04274554,0.041706037,0.041424654,0.039333865,0.04087879,0.04245467,0.040949143,0.040922172,0.04250472,0.041146383,0.03982659,0.04292752,0.043158088,0.04257789,0.042545423
0.04632378,0.03988519,0.040105782,0.038050923,0.039642002,0.047194343,0.045039784,0.04611271,0.041110225,0.040799268,0.04103677,0.038974125,0.03704087,0.04015313,0.04375457,0.042232215,0.040075406,0.040214308,0.04157503,0.04013341,0.043599185,0.04286155,0.043464925,0.04062054
0.049045555,0.038424563,0.03791242,0.036754258,0.03682038,0.049493607,0.044829987,0.04952503,0.038427144,0.041942924,0.042281818,0.037686795,0.035534065,0.040293615,0.04269808,0.040407166,0.04089274,0.042365495,0.04197865,0.03838507,0.043238096,0.0424402,0.044630576,0.04399177
0.048093908,0.03864176,0.03715558,0.036682535,0.03595475,0.04913437,0.044476762,0.047714733,0.0380397,0.04301573,0.04190164,0.040016178,0.03618642,0.040700946,0.04150336,0.040411662,0.041731555,0.04299985,0.041813094,0.038735803,0.04400421,0.043307617,0.043212943,0.044564895
0.0472114,0.03942147,0.03866566,0.036483075,0.035855398,0.047800023,0.044493027,0.046542935,0.039655626,0.04229584,0.042052858,0.0404509,0.038262263,0.040783588,0.04231292,0.04074484,0.04074606,0.042536423,0.04095528,0.03950119,0.043919437,0.043560065,0.042917076,0.042832684
0.044401683,0.040915594,0.040336266,0.039250843,0.039144807,0.045064256,0.044404488,0.04447405,0.040870782,0.04133408,0.04153493,0.04013521,0.039112207,0.04094324,0.043986578,0.041328497,0.040463813,0.04152509,0.041569725,0.040252667,0.042473953,0.042782556,0.04231628,0.041378353
0.04718907,0.039539464,0.038190525,0.03786244,0.038293213,0.047773004,0.04447696,0.0477531,0.039399076,0.041564703,0.042507194,0.03890405,0.036333542,0.041070435,0.04287046,0.04100737,0.04068644,0.0414497,0.04158989,0.0390958,0.043269753,0.042564303,0.04365184,0.042957623
0.045088,0.041010857,0.038704418,0.038680475,0.0385854,0.045270447,0.042851627,0.04537419,0.040214647,0.04225218,0.042082753,0.040980574,0.038067315,0.040818058,0.04167711,0.04105132,0.04078992,0.0427104,0.041538924,0.040746193,0.043111406,0.042059448,0.0434634,0.042870972
0.042187586,0.041765966,0.04052019,0.04100587,0.040408596,0.04310027,0.042401757,0.042604484,0.041042015,0.041930344,0.042113826,0.04127374,0.040081203,0.04038488,0.042487446,0.040594596,0.041768935,0.042725217,0.042659916,0.040312707,0.041980997,0.041947506,0.04236284,0.04233911
0.043994453,0.041382838,0.03937404,0.03938135,0.03922411,0.04425422,0.0429603,0.04502033,0.04022242,0.04222515,0.04203535,0.04055463,0.038979292,0.041486893,0.04288671,0.04089113,0.0405613,0.042646326,0.040946923,0.039901815,0.04241963,0.042554647,0.043458536,0.04263763
0.04575178,0.039729618,0.039176326,0.038484786,0.038022757,0.046201862,0.04371108,0.045715027,0.039393723,0.04251992,0.041667406,0.039857578,0.038065303,0.04091862,0.04248237,0.04053357,0.041393753,0.042919252,0.04207878,0.039314054,0.043070897,0.043049384,0.04257803,0.04336418
0.045840595,0.039490752,0.03891878,0.039568666,0.039225522,0.046310924,0.0445965,0.045872618,0.039385907,0.042171564,0.042388286,0.03949177,0.037214987,0.04039017,0.043139223,0.041197665,0.041485418,0.041256525,0.04207996,0.039520666,0.0422598,0.042340197,0.042671226,0.043182276
0.046501696,0.039833635,0.038300246,0.037046917,0.0372505,0.047737237,0.044018064,0.04651125,0.039500613,0.042141564,0.042276572,0.040572315,0.037391298,0.041081827,0.042294078,0.040548716,0.04078162,0.042416185,0.04143382,0.03966318,0.04362002,0.042731162,0.04308622,0.043261286
0.04619896,0.039781664,0.03874073,0.037824545,0.036981296,0.046452656,0.04311074,0.04699835,0.03865297,0.042841822,0.041510776,0.039594647,0.03800733,0.041276306,0.041930813,0.04007359,0.041295264,0.0438727,0.041707505,0.039067127,0.043653622,0.043418348,0.04302371,0.043984536
0.044515528,0.0407022,0.039242167,0.038549908,0.038545195,0.046159834,0.04359955,0.044347625,0.040415294,0.04190316,0.042725716,0.0414629,0.038445063,0.040327944,0.042379256,0.040610548,0.04135394,0.04219997,0.04198108,0.04022376,0.042677443,0.041926242,0.04263197,0.043073732
0.048561286,0.03949476,0.03861985,0.036976043,0.036767527,0.049106147,0.04493359,0.047614887,0.039027683,0.041458074,0.04203425,0.038991258,0.036374506,0.040575568,0.04298815,0.040679283,0.04093146,0.04173712,0.041611828,0.039391823,0.043325037,0.042920135,0.04294452,0.042935155
0.051897857,0.036922045,0.035226006,0.03390936,0.034128815,0.0531015,0.04493265,0.053064413,0.036565002,0.04238814,0.04257385,0.0386927,0.03354705,0.04115272,0.04116222,0.03989434,0.04061132,0.04276897,0.040917393,0.03797801,0.04549945,0.043461848,0.04422618,0.045378134
0.048209473,0.039317336,0.037398633,0.036219496,0.03577319,0.048684835,0.043630175,0.048833974,0.037797973,0.043139216,0.04197247,0.03964164,0.036424354,0.04151812,0.04167613,0.039755885,0.040957842,0.04360883,0.04113312,0.038503435,0.044035096,0.043335147,0.04365915,0.044774536
0.046579234,0.039125957,0.038602885,0.038197756,0.037099767,0.046964508,0.04477261,0.047861468,0.039217737,0.04182631,0.042260587,0.039721757,0.037366383,0.040634844,0.042928286,0.041142806,0.04082203,0.042297665,0.041204102,0.0389382,0.043162797,0.042964846,0.04323229,0.043075178
0.050087363,0.037414536,0.037279457,0.036107954,0.036360443,0.049946073,0.045386214,0.050518874,0.03764685,0.04219797,0.042004686,0.038355127,0.03493786,0.04118424,0.04291882,0.040877778,0.04079895,0.04185239,0.041513935,0.03789741,0.04410528,0.043727994,0.043338533,0.04354118
0.04786904,0.03854924,0.038668633,0.03696664,0.037276864,0.048138592,0.044315256,0.047397014,0.039035726,0.042708423,0.041423656,0.039195053,0.03665982,0.040362075,0.042206407,0.041093614,0.04135038,0.042104874,0.041559834,0.039063957,0.04375546,0.043838058,0.04318984,0.04327157
0.047346648,0.03924407,0.037696943,0.03697693,0.036415864,0.04785914,0.043498576,0.048004564,0.03828807,0.042979274,0.041944254,0.039886616,0.036825787,0.04120989,0.0416144,0.040048838,0.041172262,0.043527845,0.041515294,0.038926154,0.043961175,0.043355748,0.043276303,0.04442533
0.04449145,0.041157577,0.040322416,0.038868945,0.03878941,0.045522656,0.042753246,0.045473546,0.03995469,0.04141162,0.041465674,0.039652184,0.038752254,0.040644333,0.042483855,0.040709417,0.041568782,0.042614244,0.042587157,0.039602503,0.043264102,0.042340305,0.04306204,0.042507503
0.042630017,0.04163991,0.040507473,0.04073549,0.040661037,0.04324713,0.043036155,0.042940047,0.04123044,0.041676976,0.0417293,0.040808212,0.039788052,0.040979117,0.043174837,0.041061968,0.041142322,0.042110477,0.042025648,0.040734738,0.041818812,0.042279966,0.04221348,0.041828386
0.044520568,0.040473297,0.03966665,0.038821172,0.03827815,0.045554142,0.043623824,0.043986797,0.04019421,0.042420406,0.042114627,0.041258145,0.039032068,0.040591467,0.042452697,0.040546544,0.041511867,0.0424248,0.04230698,0.039950237,0.0426703,0.04261979,0.04197218,0.043009084
0.04484899,0.040436074,0.0388233,0.03923017,0.038140014,0.04536521,0.042804893,0.045786217,0.0389356,0.04271393,0.042293247,0.040077467,0.038296286,0.04089565,0.041962035,0.039952837,0.041859742,0.04376089,0.042085096,0.039173648,0.042562015,0.04257905,0.043079734,0.044337817
0.045524366,0.04069522,0.039090212,0.038340345,0.038114168,0.046741504,0.042756073,0.04713294,0.03945169,0.04149352,0.041821595,0.039473392,0.03766233,0.04073504,0.042188153,0.039811082,0.04128204,0.043822296,0.042245135,0.03889975,0.0437306,0.041920066,0.044067226,0.04300127
0.04233828,0.04108036,0.040216275,0.04030624,0.04078264,0.043558322,0.04264795,0.042929843,0.04129193,0.041291077,0.04246869,0.041038133,0.039817024,0.040435478,0.042510614,0.041286416,0.041477747,0.04175532,0.042531833,0.04144444,0.042334333,0.042169854,0.04220132,0.042085897
0.04129436,0.04159979,0.040949505,0.041626506,0.04133692,0.042489924,0.04212186,0.04188914,0.041551612,0.04134123,0.04221241,0.04115288,0.040589966,0.040037125,0.042410474,0.040850025,0.042046744,0.042518288,0.043178655,0.04108141,0.041932166,0.041806407,0.041973487,0.042009093
0.048832465,0.039521452,0.037938584,0.036098637,0.03542485,0.048801243,0.044668533,0.049439512,0.03795446,0.042973064,0.0416611,0.03901068,0.036521856,0.041676305,0.042773627,0.040234894,0.04025575,0.042979755,0.040363453,0.03784944,0.043542318,0.043313015,0.0440366,0.044128418
0.049069304,0.038519233,0.037096977,0.03652368,0.03587055,0.049509276,0.044983253,0.04993494,0.03859266,0.041384872,0.041002467,0.03930186,0.035671946,0.041912157,0.042446394,0.040748388,0.040179797,0.04197455,0.040998872,0.038833324,0.04548011,0.043523442,0.043968957,0.042473033
0.040327508,0.042570584,0.040323827,0.041425698,0.042505722,0.041978106,0.041853223,0.041252263,0.0427099,0.040953282,0.043004636,0.042105716,0.040450998,0.040326856,0.042801246,0.041305926,0.04109752,0.041402202,0.042161945,0.04232931,0.04158004,0.041268166,0.042724296,0.041541096
0.043317527,0.041133244,0.040569704,0.039182223,0.04020342,0.0449935,0.043067314,0.043965116,0.041651133,0.04051826,0.04195822,0.040633775,0.03933188,0.04036675,0.042914882,0.041297246,0.040913977,0.041509,0.042557716,0.041004747,0.04334152,0.041914225,0.04272495,0.040929623
0.04968392,0.0381159,0.036940087,0.0349509,0.034244914,0.05062409,0.044616822,0.05031521,0.037241176,0.042863525,0.042111468,0.039434128,0.03568911,0.041040506,0.04156999,0.03997653,0.040852476,0.042998884,0.040963523,0.038450345,0.044878677,0.043935955,0.043447565,0.045054186
0.047355905,0.039490916,0.03805875,0.037108075,0.037401214,0.047416106,0.043412935,0.048873443,0.038122483,0.04190078,0.042301312,0.03815785,0.0369491,0.041520983,0.042830937,0.040299088,0.040657405,0.043027125,0.0412715,0.039285775,0.043490585,0.042787883,0.044066407,0.0442134
0.040225074,0.042641442,0.04131986,0.042083543,0.04190939,0.041165855,0.04220941,0.040238567,0.041954514,0.041685227,0.04270634,0.04213288,0.041524,0.04033247,0.04296672,0.041137327,0.04169744,0.041661266,0.042505838,0.04155344,0.040901452,0.041724276,0.04173549,0.04198823
0.03893233,0.04317293,0.042092636,0.042765554,0.043799106,0.04042628,0.041411053,0.039783258,0.043359555,0.04028643,0.04239352,0.04184749,0.04224272,0.04025391,0.042915393,0.04158823,0.041371148,0.041221447,0.042572815,0.04307758,0.04116953,0.040968332,0.041830856,0.04051794
0.047132872,0.0389535,0.038617626,0.036966275,0.037251335,0.0471935,0.044135652,0.047688488,0.03858955,0.04217045,0.04194279,0.039009716,0.037648823,0.041344,0.042791806,0.040887818,0.040653422,0.042052776,0.04165916,0.03983963,0.043720875,0.043502875,0.042809304,0.043437723
0.043517448,0.04155028,0.039947413,0.03971905,0.039271895,0.044264015,0.042582598,0.044145733,0.0402353,0.042183276,0.04202416,0.04073227,0.039347358,0.040830486,0.04240511,0.04040999,0.041451618,0.042863946,0.042177416,0.039873358,0.042488154,0.042268246,0.04291349,0.042797383
0.03921906,0.04335652,0.041578174,0.042322528,0.043106575,0.040135257,0.04153581,0.039847046,0.042588625,0.041167453,0.042748906,0.042116694,0.042051103,0.040618643,0.042981226,0.041626625,0.04121249,0.04113324,0.042052414,0.04260977,0.040891476,0.041650925,0.0421034,0.04134611
0.039654,0.042977452,0.041812837,0.042857252,0.04298957,0.041307762,0.04161484,0.04043141,0.04263446,0.040444475,0.04282209,0.041572213,0.04136602,0.039747756,0.04256964,0.04097166,0.042181917,0.041848227,0.043237712,0.041750595,0.04096811,0.04069369,0.042179372,0.04136695
0.04154831,0.04115945,0.040845767,0.04182528,0.042230442,0.042937085,0.04220965,0.04304167,0.041489545,0.04025119,0.042398877,0.039849155,0.039853033,0.039992727,0.04280905,0.041056585,0.042029575,0.042304624,0.043499075,0.040983256,0.04212192,0.041351512,0.042612124,0.04160011
0.040691786,0.042165052,0.041263197,0.042226553,0.041831665,0.041756283,0.04205527,0.041060988,0.04219388,0.0414725,0.04200878,0.04186036,0.040952396,0.039993376,0.042579234,0.041003313,0.04179584,0.04232627,0.043010965,0.041041587,0.04172913,0.041701123,0.041916076,0.04136444
0.043829247,0.04093705,0.04048324,0.039601337,0.0389275,0.04438772,0.04355542,0.04354289,0.039729394,0.042308904,0.0423627,0.040283207,0.03986758,0.04077726,0.04294891,0.040696602,0.041956168,0.041785818,0.04266104,0.03997212,0.041699085,0.04259229,0.041791085,0.043303426
0.039782573,0.042694233,0.04185021,0.04249507,0.04315902,0.041607276,0.04128802,0.041100368,0.043171458,0.039976668,0.041953053,0.04134263,0.041152462,0.03961877,0.042510055,0.041085035,0.04163371,0.04237203,0.0434377,0.041778103,0.04230616,0.040879652,0.04255189,0.040253907
0.03883058,0.043113846,0.04244367,0.043375976,0.04331566,0.04038623,0.04203093,0.038836785,0.042939905,0.04075879,0.042950943,0.042271227,0.042574216,0.039506946,0.043050606,0.041294474,0.042276483,0.04094959,0.043492068,0.042173922,0.04023343,0.04082497,0.041143548,0.041225187
0.039487913,0.042578407,0.042433124,0.042616926,0.04238885,0.04064151,0.04245606,0.03901771,0.042286728,0.04135326,0.042799544,0.04200241,0.042756416,0.039865963,0.043093797,0.041451138,0.042304188,0.040670082,0.04335547,0.042240396,0.04024332,0.04161407,0.040594004,0.04174867
0.03999915,0.042666364,0.042095054,0.041992433,0.04201078,0.04118699,0.042486284,0.039567005,0.04237693,0.041391406,0.042567592,0.042088494,0.042326704,0.04016265,0.043140963,0.041340936,0.041811265,0.0410176,0.042858567,0.042022694,0.04067119,0.041613452,0.04105145,0.041554008
0.03997092,0.042739253,0.042173382,0.041941646,0.042403754,0.041176468,0.041937366,0.040200025,0.042728554,0.040828474,0.042018928,0.041613203,0.042132735,0.040155765,0.042864945,0.041465405,0.041564498,0.041239776,0.04299588,0.042293612,0.04156664,0.041631553,0.041500818,0.040856376
0.037587583,0.044110827,0.042688776,0.044348042,0.044973537,0.038990058,0.040873792,0.038822662,0.04355844,0.040052067,0.042882446,0.04224753,0.04280289,0.039938502,0.04257033,0.041693978,0.04225579,0.04074347,0.04295322,0.043130808,0.039782174,0.040360585,0.041798424,0.040834025
0.04080633,0.041828066,0.042307016,0.04156842,0.04154738,0.041980702,0.042390797,0.04067242,0.042095527,0.040950477,0.041911576,0.041173995,0.041804403,0.039811168,0.04274543,0.0412188,0.04224963,0.041532595,0.0437092,0.04167634,0.041822333,0.04193274,0.04104445,0.041220214
0.04316697,0.04097503,0.040704425,0.039748147,0.03956874,0.04390605,0.043010373,0.043341193,0.040286694,0.04182824,0.04173534,0.039937276,0.040204402,0.040821243,0.042813506,0.040829547,0.041657258,0.04220859,0.042631596,0.041091595,0.04224576,0.042965423,0.04160593,0.042716626
0.044772867,0.041147713,0.03989435,0.0388638,0.038801026,0.04493545,0.042807695,0.0456924,0.03983912,0.042150717,0.04123089,0.03990586,0.038620055,0.041188896,0.042482395,0.04064263,0.041071367,0.042869475,0.04179083,0.039354183,0.04358631,0.042931393,0.043218162,0.042202413
0.04047727,0.04261995,0.04150161,0.04252089,0.042847,0.04095679,0.04265117,0.040086746,0.042446088,0.041515518,0.04234091,0.042174,0.0413644,0.041006956,0.043583307,0.041629784,0.041076075,0.04086991,0.04244853,0.04137617,0.040685754,0.041502964,0.041446798,0.040871423
0.039645866,0.042680662,0.042002674,0.04273517,0.043064192,0.0409272,0.041335132,0.040767718,0.042520497,0.04050593,0.042225342,0.041237857,0.04150592,0.03974582,0.042476304,0.04131729,0.04197815,0.04165665,0.04354003,0.041977495,0.041683774,0.041381285,0.042134233,0.04095478
0.04444271,0.041206162,0.03889591,0.039275452,0.03875857,0.045534074,0.042447083,0.04590371,0.039304256,0.0419873,0.042629737,0.040057693,0.038120996,0.040763736,0.042035542,0.03980496,0.041739166,0.043604713,0.042146485,0.039257094,0.04258057,0.041732725,0.043858126,0.04391328
0.042351875,0.042111833,0.04091483,0.039990418,0.04004483,0.04295082,0.042873573,0.042261075,0.040767334,0.042130053,0.042367768,0.041085303,0.040843967,0.04106069,0.043010026,0.041136377,0.041325193,0.041291326,0.042012703,0.041072804,0.041487057,0.042452514,0.041969087,0.042488556
0.040145557,0.0418843,0.04162734,0.04265938,0.041985065,0.0411255,0.042282198,0.040221494,0.041375123,0.04161431,0.042927068,0.0413734,0.041812863,0.03982465,0.042613544,0.041154586,0.0427634,0.04138739,0.043607067,0.041701585,0.040503893,0.041822292,0.040944126,0.04264391
0.038567603,0.043295365,0.04153456,0.043341056,0.044230387,0.039679535,0.04097066,0.039866865,0.042907905,0.040674936,0.042832907,0.041847207,0.042030226,0.040414106,0.042497747,0.04163364,0.04164971,0.041391484,0.04237986,0.04303471,0.040578548,0.041103963,0.042182464,0.04135452
0.04010111,0.04247276,0.04105993,0.042786095,0.042339977,0.04167794,0.041874845,0.04072671,0.041943517,0.041247617,0.042998627,0.041964892,0.040810402,0.039884783,0.042521916,0.04058792,0.042416975,0.042375505,0.043062128,0.041272797,0.040615205,0.040643696,0.042176425,0.042438243
0.041134432,0.042472508,0.041415855,0.041511852,0.041259013,0.041593518,0.042066615,0.041522555,0.041819565,0.041966137,0.04160289,0.041644797,0.041126557,0.040546708,0.042667445,0.041307822,0.041346837,0.041808505,0.04250375,0.04100994,0.041991044,0.04244568,0.042038523,0.041197468
0.040523596,0.042577635,0.041202366,0.042029798,0.04174851,0.041866496,0.04244478,0.04076716,0.041254073,0.041412804,0.043465395,0.041508954,0.041375328,0.04010061,0.04293147,0.040895537,0.042326674,0.041127276,0.0429171,0.04160931,0.040337898,0.041108925,0.04167727,0.042791065
0.04175815,0.04083207,0.040761873,0.040762473,0.040810667,0.04292835,0.042792544,0.04170005,0.04144765,0.04157417,0.04246047,0.04148775,0.040614367,0.040062938,0.04238607,0.041474234,0.04197802,0.041376997,0.043092065,0.04186677,0.041998923,0.04250717,0.041147456,0.042178784
0.0420298,0.041382235,0.040395897,0.04179397,0.040996958,0.042583812,0.042843986,0.042272184,0.040778283,0.04206285,0.042537607,0.0410345,0.04002799,0.040437013,0.04286543,0.04088335,0.04205048,0.042180095,0.04276927,0.040246684,0.041137505,0.04198322,0.041985516,0.042721335
0.042894814,0.04133781,0.04001502,0.039292056,0.039933853,0.04401789,0.042692207,0.043356534,0.040831324,0.04165207,0.042527866,0.041005243,0.03985818,0.040905744,0.042476475,0.041168954,0.04116726,0.041656196,0.04194236,0.04152137,0.04238588,0.042418316,0.04238883,0.042553797
0.041871767,0.042277478,0.040984742,0.040484264,0.040658556,0.04333132,0.042478733,0.042605285,0.04092264,0.041075464,0.042472586,0.04038804,0.04053901,0.04039852,0.042865127,0.04067565,0.04175401,0.04189113,0.042707097,0.041515164,0.04163535,0.041773338,0.04222782,0.04246694
0.039731868,0.042790662,0.04102466,0.042373028,0.04287617,0.04053604,0.04159178,0.04048113,0.042445038,0.041536745,0.042453844,0.042058785,0.04148256,0.040344723,0.0424793,0.041638277,0.04149601,0.041493602,0.042311348,0.04230216,0.041161943,0.04200972,0.041833203,0.04154741
0.044998754,0.039811686,0.039094448,0.03961308,0.037672296,0.045180995,0.04295239,0.04573539,0.038857345,0.04297716,0.042274944,0.03991984,0.038441785,0.04048581,0.04176497,0.040236223,0.042126376,0.04396573,0.0422396,0.03889937,0.042701498,0.043032765,0.04270688,0.04431066
0.04403755,0.040979974,0.040032472,0.039062258,0.03846539,0.044992503,0.04359562,0.04356262,0.03981841,0.042440016,0.04265489,0.041004624,0.039584495,0.040623277,0.042622965,0.040581767,0.04186072,0.04177466,0.042430237,0.04014811,0.041867543,0.042454265,0.041866433,0.043539174
0.03970283,0.042669408,0.041540544,0.042514257,0.042715486,0.040942993,0.0419122,0.039996777,0.042468198,0.041159924,0.0426863,0.04196234,0.041812383,0.040139753,0.042821925,0.041253082,0.041797295,0.04159836,0.042764343,0.04209166,0.040833876,0.041344717,0.041656017,0.041615333
0.042819627,0.041737035,0.039951414,0.040398397,0.039684065,0.04315835,0.04304197,0.042539634,0.040554192,0.0429242,0.042632233,0.041965593,0.039845057,0.040575568,0.042394448,0.04114671,0.041572463,0.041439485,0.04213908,0.040588375,0.041460052,0.04243396,0.04202776,0.04297035
0.039674457,0.04277441,0.042109378,0.042501763,0.04230049,0.04079016,0.04240511,0.03930123,0.04231787,0.04147709,0.042762615,0.042192783,0.04241741,0.040026322,0.043089733,0.041352432,0.04204157,0.040906213,0.04300423,0.04199311,0.040343247,0.041526295,0.04097674,0.041715316
0.04344232,0.04137221,0.04033817,0.03928503,0.03908488,0.044036373,0.042954747,0.043282215,0.040166315,0.042442624,0.0421793,0.040795464,0.040133882,0.041102998,0.04267041,0.040731855,0.041469418,0.04210323,0.042066146,0.040489424,0.041985784,0.042697027,0.04206077,0.043109465
0.040765323,0.0428027,0.041090574,0.042063564,0.041718077,0.04179016,0.042245965,0.041258387,0.041778855,0.04143029,0.04292669,0.042095605,0.040766783,0.040406045,0.0423851,0.041142646,0.04216878,0.0413397,0.04239898,0.041472893,0.040349748,0.041115154,0.04204067,0.042447295
0.03913392,0.042765886,0.04159753,0.04318941,0.043545783,0.040157676,0.041472554,0.039614502,0.042152796,0.041193366,0.043069515,0.041874792,0.042070903,0.040006187,0.04285629,0.041459348,0.042363178,0.041390274,0.04304238,0.042273793,0.040320866,0.041025393,0.04160922,0.041814484
0.04222846,0.04219739,0.04044148,0.04019649,0.04021672,0.042903587,0.042808518,0.0420021,0.041394483,0.04235274,0.042221744,0.042110074,0.040451456,0.040980916,0.042830136,0.041169554,0.040948767,0.04160394,0.041639294,0.04099795,0.04173857,0.04236129,0.042149875,0.042054445
0.04324694,0.04028985,0.039625484,0.03917195,0.0402855,0.04435184,0.04321594,0.043489404,0.04147888,0.040525615,0.043016847,0.040420994,0.03946357,0.04075013,0.04239323,0.041643646,0.04109891,0.041566182,0.04209803,0.042087976,0.042948574,0.042750303,0.04241277,0.041667357
0.042046923,0.041636176,0.040646613,0.040511303,0.040858038,0.04297003,0.042245355,0.04259651,0.04114432,0.041679353,0.04217448,0.04067782,0.040265173,0.040445134,0.04235789,0.04117422,0.04154689,0.04204079,0.042347286,0.041471157,0.042039894,0.042245824,0.042443093,0.04243571
0.043748196,0.04127177,0.039607964,0.039771166,0.039213214,0.04444934,0.042964377,0.044112712,0.039905317,0.042346857,0.04245631,0.040669505,0.039153624,0.040941812,0.04259719,0.04035473,0.041591313,0.042758264,0.04205607,0.039765414,0.04192478,0.04215267,0.042759664,0.04342773
0.042347275,0.041371595,0.040386774,0.04076279,0.040677212,0.04296402,0.043100704,0.042525742,0.040573243,0.041836966,0.04217436,0.041455567,0.03989449,0.041064,0.042670656,0.041208457,0.04159227,0.041775424,0.042285297,0.04078681,0.041692905,0.042244606,0.042075682,0.042533226
0.04203399,0.042238876,0.040953357,0.04074468,0.04025358,0.043079223,0.042889595,0.04218008,0.041108746,0.04192582,0.042149022,0.041295763,0.04045576,0.040461607,0.042899493,0.04079494,0.041381482,0.0418692,0.042387433,0.040959984,0.041614357,0.04213556,0.042033162,0.0421543
0.043729015,0.040756542,0.039657027,0.040137738,0.039516803,0.04432621,0.043253947,0.04407398,0.039777197,0.042223375,0.042640004,0.040393125,0.03905803,0.040712062,0.04268104,0.040664066,0.041922774,0.042237174,0.042481277,0.039859906,0.04173423,0.04230851,0.042380564,0.043475408
0.04297972,0.041023534,0.039784227,0.03993032,0.039805602,0.04430191,0.043119427,0.043010868,0.040840268,0.0418808,0.042825267,0.04167586,0.039424542,0.04026313,0.04238047,0.04095565,0.041702468,0.04175381,0.042472407,0.040862218,0.04205753,0.04208503,0.042074796,0.04279018
0.03961584,0.04358585,0.040392738,0.04273629,0.04330433,0.040634762,0.041317906,0.040700838,0.04258231,0.041294772,0.042954646,0.042469513,0.04093886,0.04060649,0.042517975,0.041251853,0.04112953,0.04171892,0.041730218,0.042084355,0.040849052,0.040937077,0.04293116,0.04171473
0.039990008,0.04394922,0.041656,0.04161843,0.04228368,0.04085021,0.0418384,0.039706595,0.043060195,0.041523907,0.04291712,0.042519256,0.041951198,0.040879965,0.043121934,0.041704547,0.04042031,0.04112453,0.041133262,0.04204596,0.040912043,0.041309793,0.042617347,0.040866103
0.041572932,0.041962564,0.040616617,0.04067684,0.041000806,0.04271671,0.042095322,0.042482343,0.04151114,0.04134463,0.042287994,0.040856693,0.040457018,0.04036502,0.04249657,0.04118567,0.041671176,0.0425254,0.043205407,0.041156165,0.04200466,0.041697267,0.041944284,0.042166702
0.039095357,0.042825624,0.041062668,0.043299846,0.04358802,0.040610854,0.041338913,0.040219255,0.04218963,0.040742993,0.04335646,0.041728646,0.041479338,0.039786402,0.04249735,0.04115036,0.042268403,0.041863143,0.04310845,0.0421121,0.04054339,0.040911835,0.042141624,0.042079277
0.04078241,0.042872787,0.041340966,0.042194784,0.0413792,0.04158454,0.042520713,0.04087733,0.041505545,0.041951634,0.04235361,0.041749794,0.041147757,0.040165707,0.043003596,0.040891975,0.04191205,0.041673455,0.04271278,0.041060325,0.04075439,0.041827746,0.041654125,0.042082787
0.04135574,0.041407596,0.041398544,0.04148158,0.040763635,0.0418505,0.04261379,0.041057467,0.041066475,0.042250097,0.042099636,0.04126179,0.041460704,0.040369507,0.042621426,0.041203782,0.04219686,0.041709874,0.043094225,0.041292243,0.04133046,0.042736128,0.040906806,0.042471126
0.04222106,0.041319698,0.040683646,0.040283002,0.040659994,0.043337747,0.042027954,0.043077942,0.0410926,0.04104301,0.042114,0.04027457,0.040247384,0.04048766,0.04241176,0.04098032,0.041605875,0.042819098,0.042938933,0.041345943,0.04256671,0.042177152,0.042302743,0.0419812
0.042035926,0.042209823,0.040641166,0.04085072,0.041184697,0.04295709,0.04255201,0.042776924,0.041399904,0.041304152,0.04233267,0.04090938,0.040059645,0.04076607,0.04310699,0.04106464,0.041168064,0.041828737,0.042165678,0.04068614,0.041785397,0.04166084,0.04285899,0.04169426
0.04027186,0.042117145,0.04076371,0.04250336,0.042451516,0.04150722,0.041887917,0.040938206,0.042192794,0.041310277,0.042678945,0.04200815,0.04078302,0.03995859,0.042412885,0.041164994,0.041889973,0.042042207,0.042856477,0.041628823,0.04133445,0.041466717,0.042027026,0.041803703
0.042922456,0.041354276,0.040257156,0.040650006,0.0399473,0.043831777,0.042163517,0.044268254,0.040026873,0.041544557,0.042532016,0.040038697,0.039404277,0.03996532,0.042164043,0.04042823,0.042296715,0.042634144,0.043308917,0.040114153,0.042349134,0.04190407,0.042845633,0.043048494
0.04529817,0.040859103,0.03970943,0.03870601,0.038029667,0.046117492,0.042552836,0.046083026,0.038986012,0.04177287,0.042059578,0.039622553,0.037943453,0.040586215,0.041902483,0.039750572,0.041928634,0.04321576,0.043033462,0.039130323,0.043086328,0.04214882,0.043516178,0.04396098
0.046069957,0.03915932,0.038689017,0.038255293,0.037674125,0.046850566,0.043987315,0.046170402,0.03897833,0.042303562,0.04243058,0.039638054,0.037915226,0.040675014,0.042258233,0.040600743,0.04205621,0.042381067,0.04235548,0.039352413,0.042807963,0.042954765,0.04251552,0.043920826
0.0446395,0.040763218,0.039088625,0.038236275,0.03848432,0.0458346,0.04315103,0.045301136,0.03983466,0.04187872,0.042653054,0.040573373,0.038572304,0.040985577,0.042310253,0.0406561,0.041156515,0.042223126,0.041662797,0.040452987,0.042785235,0.042363644,0.043021873,0.043371115
0.04332387,0.040982977,0.039955612,0.03962431,0.03938827,0.04473834,0.042497527,0.044343296,0.040230718,0.04161817,0.04213531,0.04032332,0.03923613,0.04072609,0.042156424,0.040278923,0.04170429,0.043530677,0.042496804,0.04008848,0.042863823,0.041910432,0.043015786,0.042830437
0.04196098,0.042000953,0.04113662,0.04104235,0.041511003,0.043051787,0.042848382,0.042091005,0.041464854,0.04073275,0.042946268,0.040573332,0.040335685,0.04038225,0.043391023,0.04131434,0.041653253,0.041386932,0.042592164,0.0411795,0.041122977,0.04100418,0.04240766,0.041869674
0.041804116,0.04156708,0.04129668,0.040741503,0.04050695,0.042880192,0.0431663,0.041133396,0.04206145,0.041829526,0.041990038,0.042402297,0.040836625,0.039994773,0.042778187,0.041524917,0.041530687,0.041021645,0.04288283,0.041247714,0.042048607,0.042407878,0.041150417,0.0411962
0.043491807,0.041471757,0.039482433,0.03925414,0.039465796,0.04489882,0.043052513,0.04400742,0.040724542,0.041442633,0.042911734,0.041274015,0.038923036,0.0406053,0.04245733,0.040821157,0.041159246,0.042254318,0.041922793,0.040718444,0.042041592,0.04171557,0.042871773,0.043031804
0.041723784,0.04203562,0.04015938,0.040737912,0.041031945,0.042826917,0.04166551,0.043296263,0.04106487,0.04152455,0.042292733,0.040854737,0.039922662,0.040977523,0.04222699,0.04077991,0.04132171,0.042724863,0.042064127,0.04138858,0.04216122,0.04187674,0.04306962,0.042271815
0.04524134,0.040056475,0.038609795,0.03907357,0.03876866,0.045751173,0.0432335,0.046826165,0.038993206,0.041996207,0.042284995,0.039495982,0.037879415,0.041127086,0.042423345,0.040026505,0.041240986,0.043594465,0.042047862,0.0391789,0.042821195,0.04204019,0.04373593,0.043552995
0.045540128,0.040443756,0.03914414,0.038077418,0.03755454,0.046293017,0.04327636,0.046033178,0.03910927,0.042259637,0.042196922,0.03997161,0.038398515,0.04110043,0.042132728,0.040141463,0.041678887,0.043038134,0.04189404,0.03955364,0.04268202,0.042580634,0.042852547,0.04404698
0.04493612,0.040426556,0.03981019,0.03846018,0.038107213,0.04573977,0.04348749,0.044745415,0.040088743,0.042461414,0.041653223,0.04083704,0.03870091,0.04040514,0.04219054,0.040887974,0.04137488,0.04205284,0.042293817,0.039927907,0.043315146,0.043114144,0.042346217,0.042637084
0.04381013,0.041249026,0.03984861,0.039059285,0.03909304,0.044883218,0.042641222,0.04454167,0.040059786,0.041778736,0.042240556,0.040235106,0.039305706,0.040951,0.042422224,0.040379837,0.04141793,0.042820755,0.042131044,0.040298723,0.042626478,0.042191118,0.042932816,0.043082
0.04668093,0.039850615,0.038046807,0.036887143,0.037694395,0.04761082,0.043877784,0.047354814,0.039388556,0.04178832,0.042426232,0.03991868,0.037086695,0.04155387,0.042540666,0.040812712,0.040355705,0.042091396,0.04098363,0.03986815,0.043656345,0.0427737,0.043659046,0.04309298
0.041923374,0.04183239,0.03980127,0.040966306,0.041271064,0.042685516,0.042455073,0.04288408,0.040993858,0.04206917,0.04260269,0.041102175,0.03971927,0.041044865,0.043028332,0.041147757,0.041211788,0.042410567,0.04182867,0.040789694,0.041576646,0.041875184,0.04277588,0.04200431
0.046553556,0.039802615,0.03886933,0.03724282,0.037823748,0.04672684,0.04343985,0.047200307,0.03985367,0.041652147,0.042079434,0.03997022,0.037146818,0.04044032,0.042807937,0.040828384,0.0401228,0.0423955,0.04149037,0.04026491,0.044044916,0.043219194,0.043765172,0.042259198
0.047469344,0.038985226,0.038425926,0.036364548,0.036555238,0.048234284,0.04351072,0.048389625,0.038369898,0.04191919,0.041631404,0.03860569,0.03718534,0.04148238,0.042171378,0.040276144,0.04098694,0.043153275,0.04173339,0.039489135,0.04445896,0.043504667,0.04323387,0.043863405
0.044710856,0.0402569,0.038672592,0.038984645,0.038437903,0.04619557,0.0429431,0.045767367,0.03887696,0.041823182,0.043190863,0.039895706,0.038109392,0.040500384,0.04178694,0.039888933,0.042467255,0.043210067,0.042544734,0.03968859,0.042269297,0.04175996,0.043224547,0.044794284
0.046794683,0.039065022,0.03814204,0.037649043,0.03752099,0.047376033,0.043425936,0.04802014,0.03858511,0.042106047,0.041939966,0.039074164,0.03690814,0.041081954,0.04197786,0.040405933,0.041339774,0.04313939,0.042074222,0.03918048,0.043952163,0.043161213,0.04331411,0.04376562
0.044972807,0.04078438,0.038935944,0.038742516,0.038276594,0.046235345,0.043139376,0.045994572,0.039280716,0.041802008,0.043095186,0.04023326,0.03791864,0.04040057,0.04192474,0.040135037,0.04168336,0.042932186,0.04231802,0.03962745,0.042488493,0.04175196,0.043254595,0.044072267
0.046897553,0.038962383,0.03939342,0.03792762,0.037777934,0.046771284,0.043936413,0.04663916,0.039074857,0.042011064,0.04140663,0.03899174,0.037507534,0.04149589,0.043159798,0.041167058,0.041341435,0.04177657,0.04210446,0.0389414,0.04378882,0.043742318,0.042549722,0.04263497
0.048741665,0.037608594,0.037482552,0.036978055,0.037059814,0.048875306,0.044677086,0.049423244,0.037716534,0.04231805,0.04232223,0.038731158,0.035614174,0.04091443,0.04246983,0.04088088,0.041367255,0.041640397,0.041974716,0.03910183,0.04402584,0.04364295,0.04260481,0.043828674
0.045404743,0.040499277,0.039470784,0.03813781,0.037390202,0.04570438,0.043333646,0.04552954,0.038591642,0.042916663,0.04216581,0.0397908,0.038914505,0.041331984,0.042275343,0.04022057,0.041779287,0.042623788,0.04202641,0.039542638,0.042420276,0.04312347,0.0423978,0.044408612
0.04500255,0.040576458,0.038627423,0.038529143,0.038421184,0.045629323,0.04296497,0.04685706,0.03987053,0.042266823,0.04247524,0.039216492,0.0375882,0.04136585,0.04225003,0.040246315,0.041237656,0.04349431,0.042530987,0.039494924,0.042158686,0.041954532,0.043100633,0.04414068
0.043255966,0.041422475,0.039875578,0.040229328,0.039454807,0.043736883,0.042839773,0.04353863,0.03999579,0.042577438,0.042296257,0.040823612,0.039562494,0.04087905,0.042545665,0.04049918,0.041714583,0.042600147,0.042181633,0.040027637,0.041747898,0.042456646,0.042382736,0.043355767
0.044440422,0.040927354,0.040666047,0.037984952,0.03802244,0.045590535,0.04363465,0.04443287,0.039968092,0.04151916,0.042468555,0.040212713,0.039667174,0.040800996,0.04292848,0.040536474,0.04154193,0.041932218,0.042493947,0.040265854,0.042548902,0.04222316,0.0421564,0.04303668
0.04159345,0.041665502,0.041170772,0.041591637,0.041111402,0.0427403,0.04259013,0.04193672,0.041675765,0.041431032,0.042007502,0.041539416,0.040518202,0.039908957,0.042712647,0.04114202,0.041815985,0.041544784,0.043174367,0.041136965,0.042263333,0.041883253,0.04160525,0.041240565
0.040976506,0.04215053,0.040199935,0.04138955,0.04216704,0.04282307,0.04134144,0.042803824,0.04169062,0.040346622,0.042899415,0.0405522,0.040025827,0.040235568,0.042305805,0.04067895,0.04172617,0.042846914,0.04256844,0.04179988,0.041961234,0.04089624,0.043352295,0.04226193
0.04736786,0.038841456,0.038709756,0.036909267,0.03676012,0.0478087,0.044315204,0.047230046,0.03878391,0.042430803,0.04152815,0.039418314,0.037445243,0.041252505,0.042464364,0.040659286,0.041047923,0.04245483,0.041958757,0.039245624,0.043971792,0.043688618,0.042369783,0.0433377
0.042112447,0.041963134,0.04115836,0.04057826,0.04038337,0.042999174,0.042835932,0.04211791,0.041064996,0.04174264,0.042276986,0.04106198,0.040748913,0.04055041,0.042978235,0.040987983,0.041660268,0.04159078,0.04262965,0.040801913,0.041616324,0.042084057,0.04191382,0.042142496
0.04126925,0.04191172,0.04108057,0.04199563,0.041475937,0.041888468,0.042044837,0.041739997,0.04195594,0.041327175,0.04206213,0.041777257,0.040572464,0.040236577,0.042443477,0.04111902,0.04183354,0.04239556,0.04252986,0.041601762,0.041508213,0.04144415,0.041925576,0.04186091
0.04348757,0.040549684,0.040240135,0.0403147,0.040610325,0.044775892,0.043383162,0.04440955,0.040677264,0.040629607,0.04252295,0.039705694,0.03882946,0.04023062,0.04315162,0.041068595,0.04176133,0.04169849,0.0431418,0.040158957,0.042343322,0.041661903,0.04268031,0.041967023
0.04212795,0.041615367,0.039774988,0.040876973,0.040767156,0.04275329,0.041888017,0.04326455,0.040670775,0.042052053,0.04234185,0.04088125,0.039769888,0.04090643,0.04217185,0.040758897,0.041527618,0.042911876,0.04206423,0.040866107,0.04202308,0.042252973,0.042824384,0.042908452
0.04567291,0.040196422,0.03890608,0.038152486,0.03798153,0.0472322,0.04345435,0.046792455,0.03873286,0.041398287,0.043096587,0.03926819,0.03766886,0.040466323,0.04231016,0.04002573,0.04205403,0.042488288,0.04268991,0.03935405,0.042711645,0.04178056,0.043364093,0.04420202
0.04368817,0.040656175,0.040188998,0.03990607,0.0393174,0.044326674,0.04302668,0.043934643,0.04017089,0.041980803,0.04217254,0.040423308,0.039459072,0.04028591,0.04263749,0.040738896,0.04179188,0.04235634,0.042834386,0.04020961,0.04242437,0.042475704,0.04213124,0.042862672
0.046422824,0.039220184,0.03913756,0.038304448,0.038251285,0.04698288,0.04463856,0.046599396,0.0388672,0.041564394,0.042478565,0.038366344,0.037913766,0.041212663,0.04346688,0.04077605,0.041703153,0.04183975,0.042187545,0.039004315,0.0422235,0.042530853,0.042806085,0.04350186
0.044776287,0.040995598,0.039272487,0.03907655,0.039477766,0.045043975,0.04332467,0.045771517,0.039225295,0.041784674,0.0426676,0.03916871,0.03866056,0.041585647,0.04339878,0.040937014,0.040956426,0.041318763,0.04153966,0.040716354,0.042187188,0.042140413,0.042826857,0.043147136
0.04606257,0.039601102,0.03840276,0.037911486,0.038518112,0.04715072,0.043814767,0.04739353,0.038945362,0.041270796,0.042818997,0.038938474,0.037140317,0.04099227,0.042646807,0.04083833,0.041278053,0.04177534,0.042021908,0.04001836,0.0430265,0.04249484,0.043346964,0.04359169
