0,1,2,3,4,5,6,7,8,9,10,11,12,13,14,15,16,17,18,19,20,21,22,23
0.043534406,0.04301411,0.040972415,0.040237725,0.03998876,0.043896966,0.040893614,0.044477835,0.04002653,0.041259635,0.0421946,0.04139979,0.041600388,0.040162336,0.042779878,0.039623935,0.04282968,0.044292387,0.040943507,0.037345603,0.04197888,0.040732007,0.041558035,0.044256914
0.043317664,0.04309895,0.041245464,0.04002029,0.039904095,0.04360619,0.04080863,0.044225518,0.03970664,0.041490816,0.04277824,0.041744974,0.041624054,0.040112216,0.043070607,0.039161775,0.04268558,0.044425968,0.04084256,0.037714988,0.042202875,0.040570945,0.041587092,0.044053916
0.043483227,0.043334857,0.039914086,0.03936418,0.04011934,0.04489255,0.041171834,0.04409813,0.039529454,0.04156923,0.041378755,0.040585373,0.040468287,0.04072707,0.0436049,0.039339535,0.041962747,0.044404317,0.041362084,0.037480596,0.04236846,0.040684514,0.04306976,0.04508674
0.044427227,0.04352439,0.03953205,0.04001341,0.039272744,0.044092216,0.041096747,0.043697968,0.04048789,0.041591577,0.041894104,0.040816665,0.041238878,0.04047464,0.04292943,0.039770413,0.04193503,0.04396755,0.040138405,0.037883352,0.042290192,0.041054815,0.043002225,0.04486807
0.0442624,0.042424917,0.04147989,0.0394647,0.03970227,0.043318618,0.041302532,0.04408537,0.039990153,0.040800977,0.042450715,0.041860897,0.04130578,0.03975933,0.042550802,0.039583724,0.042941887,0.044739686,0.041632675,0.03750035,0.041747972,0.04135823,0.04197416,0.043761972
0.04464729,0.041466665,0.039911136,0.04006757,0.040009033,0.043602612,0.039946847,0.04427827,0.039945114,0.0425394,0.04238509,0.041417655,0.03988022,0.039534062,0.04254254,0.039385956,0.042742822,0.04389898,0.040424507,0.037832793,0.042971,0.041124824,0.04409984,0.045345772
0.043032423,0.042168155,0.039775666,0.03936036,0.03909108,0.04490008,0.0424403,0.045234475,0.039160013,0.042795032,0.040554125,0.041223906,0.039414693,0.04014945,0.040824242,0.041511096,0.042496685,0.04434837,0.041518666,0.037051525,0.04286917,0.042514324,0.04242005,0.045146152
0.042422533,0.043151222,0.039651427,0.038693782,0.039889347,0.04537887,0.041216545,0.04601963,0.04006311,0.041277856,0.039649464,0.040805843,0.04022338,0.04225435,0.04277698,0.039887797,0.04297719,0.04518914,0.041293964,0.037358347,0.041386448,0.04253731,0.041401375,0.044494092
0.04357452,0.041005384,0.04004173,0.040269993,0.03889,0.0442471,0.041278902,0.045052778,0.040488962,0.041778218,0.041883476,0.040849473,0.04110981,0.04010891,0.04300305,0.03913541,0.043023743,0.045607917,0.039965518,0.037543666,0.042211093,0.04124247,0.042952225,0.04473564
0.043800626,0.04170191,0.03922047,0.040092938,0.039274722,0.04394877,0.041082446,0.04354427,0.040895987,0.043012332,0.042167973,0.041070096,0.03968991,0.040846102,0.043447006,0.04091033,0.040757712,0.04377197,0.04165702,0.039036565,0.04146845,0.041510757,0.043066744,0.044024948
0.044354647,0.042007584,0.038005095,0.040179893,0.03819683,0.04491371,0.0426889,0.042413525,0.038624328,0.043676328,0.03995149,0.04249378,0.03846323,0.04289372,0.0431973,0.040560585,0.041557904,0.04471147,0.0396315,0.036271803,0.04294761,0.04322969,0.043805797,0.045223337
0.04157007,0.042623043,0.039315052,0.03893745,0.040007822,0.04446369,0.040956974,0.044565517,0.04019082,0.042546738,0.041752893,0.041779082,0.040174752,0.041629866,0.042710215,0.04136853,0.041712172,0.043863364,0.04127827,0.037691098,0.042327378,0.042197965,0.042970978,0.043366287
0.043713804,0.04066905,0.0373873,0.040134165,0.039491937,0.045090426,0.041029513,0.04467936,0.04106673,0.042427894,0.04126131,0.04051499,0.040459227,0.04103633,0.04243968,0.03938944,0.041808147,0.045090806,0.03962275,0.038236942,0.043142267,0.040258642,0.044476908,0.04657234
0.04355866,0.040323135,0.03830198,0.03891545,0.03866316,0.04501612,0.041770324,0.042932365,0.039038457,0.043374028,0.04168356,0.042052377,0.03979946,0.042851437,0.042670872,0.040616103,0.040589973,0.045917895,0.041133936,0.03696144,0.043540157,0.04273707,0.042092696,0.045459338
0.04490015,0.039802857,0.03679242,0.039409675,0.039204765,0.048830938,0.04269852,0.046169985,0.037372965,0.04690578,0.03843209,0.040118393,0.035499446,0.041495707,0.042507317,0.04002337,0.040983576,0.041517157,0.03889409,0.03611243,0.044526245,0.044326246,0.046833266,0.04664261
0.044241004,0.041747365,0.039097123,0.042027522,0.038267005,0.044508826,0.03992485,0.043303967,0.037681144,0.042765424,0.042890422,0.044409506,0.040282566,0.04393179,0.042441305,0.041274752,0.042651463,0.045572292,0.03838249,0.036827736,0.04107595,0.04217273,0.042264406,0.04225837
0.04312146,0.04056624,0.03776769,0.040230382,0.037963055,0.045926236,0.04174391,0.04486895,0.040745188,0.04422756,0.04016977,0.040124856,0.04070994,0.041921098,0.040946905,0.04084249,0.04163134,0.044423506,0.038981367,0.038516466,0.043072846,0.042263374,0.044346645,0.04488873
0.043983325,0.03968513,0.037996713,0.039895833,0.038919423,0.046434537,0.04216138,0.04425409,0.03768863,0.044632573,0.041499376,0.040412433,0.03875773,0.04338413,0.042327262,0.040367026,0.04042376,0.042475652,0.039624505,0.038957305,0.04465193,0.0416103,0.044214673,0.045642294
0.04436134,0.04183962,0.037636496,0.038645938,0.03853094,0.0487931,0.04326963,0.045425616,0.03757759,0.045345195,0.040881377,0.039376166,0.035928503,0.043130666,0.040804226,0.038723733,0.040794678,0.045686282,0.04182769,0.036157653,0.04197397,0.044126295,0.044921674,0.044241633
0.042759113,0.041094713,0.039473314,0.040870164,0.037400015,0.044641953,0.042321175,0.046707515,0.037996292,0.0476754,0.040789243,0.042060576,0.037923712,0.040270243,0.042625617,0.041259885,0.04215378,0.042401068,0.038282346,0.03791399,0.042769693,0.04546768,0.042517982,0.042624597
0.04255284,0.04114469,0.03771666,0.039755728,0.040189877,0.04309786,0.040727794,0.043671366,0.041816488,0.042449653,0.04029529,0.04058194,0.039681643,0.04110621,0.04204426,0.041051775,0.04211143,0.043736193,0.039601162,0.037466638,0.04453843,0.0439714,0.044068754,0.046621967
0.043730937,0.04071002,0.038710076,0.037779268,0.038467817,0.046752572,0.041728854,0.04571132,0.038021624,0.043422777,0.04102052,0.040724784,0.037847582,0.041917756,0.0419774,0.041101232,0.041305277,0.043142043,0.04091357,0.038144838,0.04508695,0.040683616,0.04687731,0.044221926
0.043359324,0.04093796,0.037228007,0.03973844,0.038701307,0.047671273,0.041538704,0.045762092,0.037732232,0.04550991,0.040990606,0.040780246,0.037216347,0.04331841,0.041486893,0.03853154,0.043105718,0.047375523,0.039044786,0.036064807,0.043070696,0.04459716,0.043502808,0.04273527
0.042792983,0.042515945,0.037405,0.04035777,0.03894038,0.045580145,0.041988537,0.042692788,0.040569812,0.04252026,0.040601134,0.040310014,0.039325684,0.04362321,0.04232787,0.040104967,0.040096685,0.040554624,0.04217161,0.03954691,0.044248387,0.04251071,0.04451375,0.04470077
0.044611234,0.038438465,0.03790906,0.037504036,0.038626686,0.047094293,0.043641508,0.04343686,0.038192123,0.04661112,0.037669662,0.04150615,0.037898764,0.041363742,0.044516675,0.041241076,0.04122086,0.04530425,0.038161762,0.03560764,0.045928337,0.042119198,0.045120303,0.04627623
0.041173857,0.04129604,0.038934324,0.04018679,0.038795043,0.04332392,0.042477142,0.043313876,0.03634426,0.04609601,0.040476564,0.043171823,0.03946515,0.04153277,0.045879185,0.044014104,0.03882604,0.041782476,0.038642053,0.03805347,0.046340313,0.04150008,0.043698754,0.044675957
0.04527888,0.041460615,0.037971154,0.039242323,0.03727656,0.045519907,0.04194067,0.043743715,0.038248096,0.044613197,0.041673616,0.040382314,0.03807061,0.04235396,0.04059368,0.039251257,0.04292018,0.043895118,0.039186526,0.03837973,0.043641347,0.04371528,0.044180695,0.046460535
0.043487735,0.03915892,0.039107732,0.039805956,0.03895198,0.04401448,0.04089612,0.041500196,0.039725915,0.041589558,0.04372144,0.04278528,0.039841574,0.04263127,0.04536923,0.040397268,0.040562022,0.04392686,0.04102411,0.037337482,0.042123817,0.042546965,0.044886585,0.044607524
0.044421278,0.04162018,0.037232753,0.04006715,0.035225697,0.044693407,0.04249028,0.04273695,0.037088547,0.049071677,0.038523734,0.042622928,0.036964886,0.04041625,0.045062132,0.045738604,0.03881562,0.0408898,0.036780767,0.038923454,0.045378238,0.045289908,0.044855706,0.04509003
0.04263797,0.043537103,0.038433112,0.038572066,0.03814,0.04446799,0.039952137,0.04772068,0.039210014,0.044809036,0.040893883,0.042422052,0.0388914,0.040374856,0.041503455,0.04398873,0.04175873,0.044557735,0.040114652,0.036605667,0.04203142,0.04207632,0.043965716,0.043335203
0.04461688,0.040235896,0.0375492,0.03935374,0.03492826,0.045707975,0.04696909,0.04365705,0.038072083,0.043229375,0.040833943,0.043543905,0.036020026,0.042216353,0.03939355,0.041295853,0.041418526,0.04427824,0.042796537,0.03512763,0.041752137,0.044893365,0.04558364,0.0465268
0.044093218,0.03983857,0.03511222,0.038228393,0.0369531,0.04896971,0.044271294,0.04580123,0.037940398,0.04683657,0.0401357,0.04028527,0.035195764,0.044745665,0.041668,0.038848616,0.040640548,0.04398558,0.03873897,0.038155444,0.044179324,0.0438135,0.04549156,0.046071395
0.044226058,0.03961754,0.03673535,0.040454194,0.03897481,0.04652385,0.042439822,0.04640051,0.03931797,0.044601254,0.040794756,0.041847806,0.038111884,0.041447923,0.04298493,0.037905436,0.04090638,0.044981413,0.03650735,0.036788624,0.0455267,0.04049819,0.046798587,0.045608696
0.043268092,0.040286884,0.035648294,0.038333517,0.036687378,0.046410076,0.04150715,0.04472479,0.039690997,0.043816343,0.03929987,0.039713852,0.038374647,0.044948306,0.041382633,0.04126105,0.0406346,0.04394866,0.0410403,0.0371401,0.04415618,0.0476822,0.04346771,0.04657637
0.04332575,0.040893715,0.0362861,0.039859895,0.039307743,0.045486234,0.04149147,0.044343945,0.03909261,0.044416524,0.041161235,0.044821665,0.037014224,0.04465931,0.04161504,0.040547073,0.040975295,0.042010427,0.040325873,0.037300415,0.04534251,0.042400748,0.043313276,0.044008926
0.04258752,0.04199961,0.037817203,0.038812213,0.04001684,0.048721973,0.040836997,0.044702385,0.038066324,0.046656925,0.039270673,0.040662635,0.038247406,0.042799473,0.042853598,0.039727446,0.04164364,0.045331698,0.037514936,0.03607248,0.045051813,0.041895974,0.044788208,0.043922
0.044527736,0.0405994,0.034953613,0.04089436,0.039652627,0.044268392,0.041014586,0.045269806,0.04120149,0.04224395,0.042067762,0.040777355,0.038441174,0.042252164,0.041508123,0.03874191,0.041935474,0.04204754,0.038908683,0.03628288,0.044918425,0.044016764,0.048935663,0.0445401
0.039671972,0.04525905,0.037272487,0.039927248,0.036289047,0.043793373,0.04201932,0.041902594,0.04127543,0.04287709,0.040800963,0.04076366,0.03910334,0.041206125,0.042266883,0.044094216,0.03999786,0.043465983,0.038777567,0.037569813,0.044369955,0.047493886,0.04554918,0.04425294
0.04514588,0.040776268,0.038554735,0.0396483,0.037885223,0.04427752,0.041269563,0.044432558,0.0399073,0.042556636,0.04002209,0.04065813,0.03868167,0.038421962,0.04137613,0.0400366,0.042839978,0.044258915,0.038634438,0.03632689,0.046221823,0.047276665,0.043076757,0.047714006
0.04465245,0.040849727,0.037713703,0.04101398,0.037177328,0.045013536,0.04094975,0.042264175,0.03766469,0.048101343,0.043278582,0.044605352,0.03860371,0.04065464,0.03985827,0.039852127,0.0414102,0.045061603,0.037705526,0.034364685,0.043938085,0.04450949,0.04693504,0.043821983
0.044406757,0.04257295,0.03766739,0.03818438,0.038506698,0.04558358,0.043337934,0.04517065,0.03881717,0.042312272,0.038721003,0.03993018,0.036818605,0.04127708,0.043955576,0.040310297,0.04133981,0.041797683,0.04063471,0.038109656,0.04249173,0.04357563,0.046684027,0.047794316
0.04277124,0.043316443,0.039087515,0.03943216,0.03744262,0.04688116,0.041611683,0.04480195,0.03988344,0.043914184,0.039630692,0.040355142,0.039201237,0.042921778,0.04262013,0.03961966,0.039730188,0.043137323,0.04015763,0.037908822,0.04243141,0.043756355,0.043261357,0.046125837
0.04663672,0.041739535,0.03665617,0.040336695,0.035749935,0.0462799,0.04272324,0.04314246,0.03752262,0.04616209,0.04048363,0.038778838,0.039838552,0.043327313,0.04320819,0.03942244,0.04075696,0.043068875,0.036891483,0.035331976,0.04459477,0.043358963,0.046771944,0.04721672
0.044165563,0.041979067,0.034876477,0.039637867,0.039129436,0.046881,0.043788966,0.04180361,0.037674744,0.042245146,0.041090265,0.040612996,0.0384471,0.045982763,0.040413763,0.04134484,0.03959963,0.042944897,0.04135428,0.03574569,0.043147083,0.044044293,0.048096064,0.044994432
0.044475142,0.04129315,0.037840758,0.03810044,0.03879266,0.045417342,0.043041885,0.044179033,0.039384726,0.042732876,0.038747087,0.041514963,0.03784454,0.041950982,0.04548403,0.039939243,0.042187225,0.045393404,0.039791957,0.03637312,0.04359085,0.040881097,0.044637766,0.04640582
0.04366616,0.041574866,0.037015904,0.039677925,0.035954993,0.049085673,0.042912237,0.045253247,0.03916875,0.045337174,0.039271656,0.040735535,0.037244,0.04264574,0.042616524,0.0400956,0.041985914,0.042984113,0.038638152,0.036253206,0.043509446,0.04470889,0.043308888,0.046355467
0.044291556,0.041785765,0.0372305,0.040320206,0.036901772,0.045218084,0.042534903,0.043041136,0.039004873,0.04313775,0.04292694,0.042471614,0.039521005,0.04369403,0.042436026,0.038369216,0.041414842,0.04455018,0.040111657,0.03662836,0.042279925,0.041238297,0.045905642,0.04498576
0.044929665,0.041383177,0.035731785,0.040541563,0.039319035,0.043653086,0.041741632,0.041611742,0.040803432,0.046087567,0.04153655,0.04234442,0.036976166,0.044764712,0.041144866,0.039186712,0.04083394,0.045103583,0.03781294,0.034556657,0.044885363,0.044401407,0.0449332,0.045716736
0.044611413,0.040877227,0.035558466,0.037517365,0.036704358,0.047537606,0.045695413,0.045020003,0.037467312,0.04500444,0.04131594,0.042452276,0.03605112,0.043524135,0.039287023,0.038865548,0.04331926,0.04339472,0.042056568,0.03567274,0.04346116,0.045999415,0.044770245,0.043836284
0.044854183,0.04263736,0.035033938,0.038939662,0.03882535,0.04679987,0.04294582,0.044822983,0.03658516,0.044772703,0.041878935,0.039328333,0.038408786,0.043529138,0.041835483,0.039416052,0.040741798,0.042559065,0.0385485,0.03707097,0.04336985,0.044559985,0.04844793,0.04408809
0.044491608,0.04192606,0.038249522,0.039559595,0.039750103,0.04447332,0.03936014,0.0434964,0.039278496,0.04169339,0.041531924,0.04251744,0.041115154,0.040984243,0.043387715,0.04057229,0.040729035,0.043397684,0.038053308,0.039015807,0.045440536,0.041574743,0.04489462,0.044506863
0.0414966,0.040202443,0.03481366,0.03953633,0.037620075,0.04501023,0.04193174,0.042109434,0.039299615,0.048043214,0.043073088,0.03945205,0.039283767,0.04604247,0.038432278,0.041324545,0.037809808,0.04185505,0.039013166,0.03641714,0.046493765,0.04799181,0.046876326,0.04587141
0.04249956,0.04192315,0.03911561,0.040619224,0.037027735,0.04347047,0.040361613,0.04414148,0.039765023,0.046003126,0.04058466,0.041502185,0.038850497,0.04007761,0.044039585,0.04202763,0.042003646,0.043873608,0.03742037,0.040446237,0.044672262,0.043777186,0.041477304,0.044320203
0.04196197,0.04223756,0.039438736,0.038241193,0.03764093,0.0469722,0.04376554,0.043657564,0.03959015,0.046294656,0.040993754,0.042058125,0.038922414,0.042832237,0.041739892,0.040113535,0.041337408,0.044555444,0.04020165,0.037370868,0.04213593,0.0437926,0.041679896,0.04246576
0.041598942,0.04185433,0.036146037,0.03800917,0.039584395,0.048559483,0.040255215,0.046059478,0.04085504,0.042255487,0.038699582,0.041496787,0.03893945,0.042150624,0.04211505,0.039511483,0.041501876,0.043923892,0.041081768,0.036493286,0.044874936,0.04306261,0.043249868,0.04772125
0.04246315,0.04174167,0.036107488,0.040064223,0.03974563,0.04505907,0.042528346,0.04522995,0.041776005,0.04158565,0.039269056,0.042048905,0.038934,0.0416213,0.04312423,0.038444247,0.04178824,0.04626742,0.038845066,0.036484357,0.043605853,0.043817382,0.04434156,0.045107227
0.045103066,0.040797267,0.038688153,0.03918336,0.038236327,0.04612977,0.044094887,0.043236874,0.039771073,0.042280976,0.03942653,0.040698156,0.038754974,0.043833334,0.043124538,0.04013813,0.04106534,0.045935772,0.042024836,0.03598455,0.0408978,0.043570668,0.043428347,0.043595217
0.043324325,0.039775755,0.038630128,0.03891482,0.036969155,0.043724775,0.041696187,0.04210867,0.036977414,0.044653494,0.043620575,0.04302568,0.03857012,0.040924918,0.042332347,0.04007613,0.042140003,0.043873675,0.040684845,0.03920235,0.04479595,0.042605788,0.04627527,0.04509764
0.040253352,0.039670996,0.038602185,0.03986866,0.039139878,0.04550462,0.04086388,0.044813536,0.040771585,0.044459555,0.038809616,0.041027606,0.0382486,0.041997496,0.047385488,0.04113514,0.040744923,0.045676462,0.03933304,0.037436184,0.045109876,0.042833,0.0410935,0.045220755
0.043692272,0.041937478,0.035779197,0.038679626,0.039731853,0.045217033,0.040508624,0.04266341,0.0392011,0.043963086,0.042874385,0.040654454,0.038238008,0.044942677,0.041787714,0.039117295,0.039576694,0.041656926,0.041846137,0.039238803,0.04435737,0.041879848,0.04598752,0.046468493
0.043840893,0.040331103,0.038042545,0.04035568,0.035766657,0.0461259,0.043669585,0.042956028,0.037651993,0.04512607,0.042056575,0.041973572,0.03879713,0.04135657,0.041878387,0.041044354,0.039605577,0.04428035,0.040781327,0.037896026,0.044176444,0.041484997,0.04591433,0.044887915
0.04272578,0.04238979,0.0376377,0.04114799,0.03683788,0.043686934,0.040139243,0.042367216,0.039907258,0.045464803,0.043004986,0.040333766,0.03985903,0.044830877,0.040486526,0.039338205,0.040517207,0.04337372,0.04082479,0.038201533,0.043376528,0.040664744,0.046359126,0.046524297
0.04646001,0.03983513,0.0356814,0.03903788,0.036207005,0.045552015,0.04417295,0.043787483,0.040109377,0.043201927,0.041401096,0.043219432,0.037074994,0.04255494,0.03971868,0.038967732,0.04276025,0.04468426,0.039778657,0.03554766,0.043811187,0.047208343,0.04422436,0.045003243
0.045187596,0.042480398,0.034307484,0.039980903,0.03926721,0.04357603,0.04299872,0.043898877,0.041729517,0.042370662,0.038423546,0.041183304,0.038674857,0.042539347,0.04419601,0.042073872,0.03856618,0.042039365,0.04028929,0.036031205,0.042113964,0.043668445,0.047914416,0.046488862
0.04312361,0.04155128,0.03676066,0.039915364,0.038180664,0.044365562,0.04068133,0.043978132,0.038206406,0.04697358,0.04106121,0.04069424,0.040390387,0.04302347,0.043027293,0.041700315,0.039591502,0.041840635,0.039614655,0.037270315,0.043706816,0.043221768,0.04620673,0.04491408
0.043005235,0.040477946,0.035197414,0.04100503,0.0395667,0.046625342,0.04351268,0.04343441,0.039729197,0.041634705,0.044576213,0.03852854,0.041300397,0.04325857,0.039840415,0.038957182,0.04038453,0.044310838,0.038358267,0.036619287,0.04462149,0.042025257,0.04684074,0.046189673
0.041453693,0.040076077,0.038295228,0.036830552,0.041398037,0.046574704,0.042295687,0.04499479,0.040151775,0.042585924,0.039659318,0.04407858,0.036245093,0.042247005,0.04587543,0.040166955,0.042218126,0.04431582,0.041650914,0.03530551,0.04338546,0.042751405,0.04294832,0.044495583
0.0424137,0.04278755,0.037089206,0.03998498,0.039545245,0.04400958,0.040517867,0.042402036,0.039088868,0.040420365,0.042208683,0.042365458,0.0420447,0.043116927,0.041665047,0.043009043,0.039042912,0.043341607,0.041422687,0.03963825,0.04505531,0.040938012,0.04518467,0.042707335
0.04187543,0.044574678,0.034383893,0.04102975,0.040586904,0.048822768,0.040320877,0.045665625,0.036946047,0.042684738,0.040333085,0.040673643,0.03948724,0.046737608,0.043368977,0.040365722,0.036619395,0.037779707,0.039426774,0.040702973,0.04591297,0.0401873,0.044983014,0.04653098
0.042456146,0.039606936,0.03530053,0.039948534,0.036635824,0.04606325,0.043983568,0.04488172,0.038520377,0.04650194,0.04125691,0.042468756,0.03794514,0.042307347,0.038072996,0.04040583,0.04123388,0.042289086,0.039454285,0.036336586,0.045782648,0.04819823,0.04432637,0.046023212
0.043462366,0.038595308,0.035571273,0.037768677,0.038316283,0.044599634,0.042659145,0.045310255,0.039380554,0.049177863,0.04126924,0.039268617,0.032512575,0.039509393,0.043306652,0.040866558,0.03967393,0.045681108,0.043109044,0.0339294,0.048401922,0.04683668,0.047293846,0.043499697
0.04324115,0.04148222,0.035292227,0.037776276,0.037453793,0.046920594,0.04464751,0.04370252,0.039049234,0.045915335,0.041315567,0.04067953,0.03598748,0.045702737,0.041454874,0.038872544,0.041310597,0.042963233,0.04035496,0.03528469,0.042416293,0.044827316,0.046695076,0.0466542
0.04225201,0.039087538,0.035221074,0.040065438,0.03574843,0.047422826,0.042311013,0.043394107,0.040411457,0.04733775,0.039674923,0.0407249,0.03798802,0.043802347,0.03978214,0.04123421,0.041361194,0.042341582,0.038001865,0.03858941,0.04567989,0.046126023,0.045624543,0.045817375
0.04112217,0.04024947,0.034796916,0.042574316,0.037195835,0.04519358,0.040620793,0.043537524,0.0432556,0.045176346,0.040503543,0.040115587,0.03907909,0.042762842,0.037567522,0.043200895,0.045321837,0.04505942,0.039450966,0.039515447,0.04290931,0.04189213,0.045232862,0.043665957
0.042532634,0.038970992,0.03387146,0.037284847,0.036539324,0.04609725,0.048955165,0.046410713,0.035953537,0.04519409,0.04189644,0.04169047,0.035276044,0.043693706,0.038919654,0.040919155,0.039473943,0.043445725,0.040386524,0.036318783,0.045097385,0.048885666,0.049120836,0.043065727
0.044330705,0.039889127,0.03787461,0.038786482,0.037566435,0.04479671,0.04423348,0.045486085,0.040136736,0.04485018,0.04155713,0.03892306,0.03674789,0.04368976,0.04191928,0.03993009,0.039601974,0.042051602,0.040876165,0.038301528,0.044482343,0.044196308,0.043758754,0.046013534
0.044588,0.041060455,0.037817746,0.03867043,0.038383298,0.048928462,0.04215087,0.04615257,0.03859388,0.044323955,0.036907732,0.04144536,0.04001876,0.043159716,0.042656448,0.041370157,0.04170632,0.0433901,0.039179724,0.036714513,0.04286298,0.041998763,0.04366053,0.04425929
0.041450676,0.04185358,0.03491026,0.039310895,0.035976693,0.04724904,0.041698065,0.04204984,0.03671636,0.04970988,0.041334342,0.042393398,0.035574906,0.047100455,0.044268288,0.0406421,0.039368633,0.04413136,0.040144734,0.036503233,0.042714313,0.043235604,0.04847927,0.043184098
0.043314587,0.03834357,0.038107324,0.03732723,0.04178299,0.04447363,0.042380393,0.041647945,0.03871671,0.042676765,0.042371094,0.04056289,0.03791345,0.044129655,0.039818663,0.03836863,0.043494757,0.048477765,0.041337613,0.036768515,0.044513483,0.04693888,0.04445605,0.042077474
0.044018824,0.040979967,0.038980387,0.039991867,0.033451207,0.04506881,0.04637976,0.044995703,0.035298463,0.04631915,0.043353576,0.042806704,0.038806926,0.040270086,0.03943886,0.041625906,0.04059488,0.044977233,0.039124314,0.035854537,0.043470103,0.04451214,0.045535963,0.044144627
0.041595954,0.04542049,0.036969163,0.04467831,0.039017886,0.04723255,0.040247772,0.044906627,0.039125454,0.04072556,0.038850624,0.03817708,0.040690757,0.04522014,0.040815394,0.040220216,0.041273393,0.0440341,0.041195232,0.03663717,0.04121814,0.042502955,0.04458954,0.044655494
0.041647065,0.03835648,0.03321455,0.039094146,0.04041665,0.047548473,0.03994627,0.046049967,0.040088456,0.04653698,0.04117156,0.039444257,0.037020836,0.04715165,0.043269746,0.042205952,0.039872866,0.04378895,0.039976668,0.0387036,0.044808164,0.04017818,0.047557417,0.041951086
0.04393116,0.037825443,0.03502485,0.038754553,0.034197275,0.050409414,0.043866176,0.046471406,0.036822833,0.047131926,0.039643683,0.040599596,0.034741018,0.045021456,0.04165947,0.037733182,0.04213515,0.045120526,0.037108153,0.03802152,0.044365022,0.050921574,0.04601802,0.04247652
0.04040533,0.040460028,0.03885182,0.043055914,0.035883065,0.04432869,0.04507002,0.040958747,0.036578014,0.043860216,0.04268495,0.044324566,0.04249736,0.0411007,0.039326604,0.04340065,0.040407628,0.044677768,0.038614217,0.038298868,0.044592645,0.04587949,0.042376976,0.042365752
0.04388658,0.0411339,0.036920168,0.04088295,0.038079288,0.04753495,0.044106867,0.0469512,0.038865633,0.046912316,0.038696058,0.039058603,0.036660377,0.04129383,0.042144254,0.041344892,0.03990033,0.044527385,0.038135666,0.037702214,0.04467581,0.04321071,0.04158482,0.045791212
0.043717124,0.03904925,0.035786558,0.038131528,0.04091256,0.04572584,0.04057408,0.044141408,0.039191023,0.043387268,0.040563457,0.043847274,0.036448065,0.04161671,0.043323424,0.042893622,0.039839625,0.04128273,0.040376183,0.038103145,0.04691443,0.043009937,0.04632531,0.044839457
0.043200776,0.04093845,0.036004785,0.037426557,0.037189033,0.045553282,0.0439103,0.04637936,0.03944151,0.04363618,0.040701732,0.04147145,0.036293514,0.042368133,0.038846027,0.038033124,0.04366481,0.04991155,0.041994587,0.034035277,0.04303844,0.045936413,0.044944674,0.045080006
0.045300856,0.0376982,0.034868393,0.038960304,0.035624385,0.048877873,0.04516164,0.044243403,0.035169512,0.04379981,0.039916027,0.04376428,0.03670703,0.041428506,0.04370744,0.040483277,0.041689683,0.04313171,0.037608158,0.03926467,0.04670069,0.04562572,0.04628626,0.043982174
0.04298627,0.040207427,0.035254102,0.03871629,0.040288508,0.0446648,0.042965475,0.044427935,0.042350814,0.043580085,0.040589567,0.042770464,0.038630858,0.044127584,0.0447105,0.041797772,0.03971251,0.04231741,0.040544216,0.036568657,0.04285614,0.04252544,0.044403225,0.043003965
0.047708813,0.03999971,0.035621956,0.040379867,0.037632834,0.04568172,0.04201946,0.046020627,0.040790774,0.043707028,0.0401339,0.041816976,0.037329916,0.041666713,0.039822593,0.037884552,0.042843297,0.043432754,0.03837984,0.037742645,0.043213952,0.046791784,0.042097658,0.04728058
0.04108362,0.044223025,0.035829376,0.038165737,0.03541058,0.047814038,0.042309757,0.046193812,0.038621254,0.04856508,0.039255552,0.04068867,0.040102698,0.04172667,0.042230383,0.042492557,0.041207712,0.041893728,0.039018452,0.03623996,0.044517048,0.041882902,0.044970576,0.045556773
0.044916805,0.03772672,0.039967977,0.039613016,0.03970628,0.045004252,0.042915292,0.041379027,0.036580544,0.046035144,0.042988624,0.04090717,0.03636008,0.043134984,0.041426856,0.038408063,0.041613854,0.047785416,0.040346067,0.036688175,0.042563256,0.043625303,0.045200583,0.0451065
0.042829424,0.041934073,0.037086915,0.039007038,0.038734883,0.045668617,0.043635186,0.042544536,0.039532475,0.04461125,0.036166705,0.040576525,0.038091157,0.04194445,0.04534001,0.042974092,0.03972245,0.04042557,0.038419258,0.04042164,0.045448802,0.0458083,0.043254275,0.045822397
0.042333834,0.044107575,0.03735727,0.039162543,0.038578916,0.044909056,0.042011395,0.044860575,0.04023519,0.04327917,0.04155313,0.041530978,0.039374437,0.04263513,0.043453906,0.041221555,0.039640635,0.043257702,0.040826328,0.03729485,0.041993327,0.04325939,0.04199058,0.04513257
0.04266166,0.040583804,0.03856621,0.038571615,0.03587751,0.049283944,0.042466268,0.04501083,0.034848068,0.04878447,0.039579134,0.039727937,0.036798496,0.044502802,0.03943647,0.04129527,0.043596607,0.04587382,0.039266713,0.03597393,0.04309559,0.046289586,0.044988826,0.042920392
0.04414038,0.045041792,0.037992425,0.03892443,0.03742071,0.046073478,0.042545967,0.042040218,0.03992952,0.041848525,0.040636644,0.042857047,0.040631928,0.042394836,0.04297289,0.040229347,0.041741706,0.04521808,0.040596925,0.038221013,0.04188334,0.041154224,0.041712653,0.043791983
0.04195601,0.038872723,0.040961303,0.03950852,0.035901673,0.04523029,0.04588799,0.04475222,0.03974839,0.041999843,0.038919054,0.043750636,0.036987938,0.03832226,0.04224927,0.038472794,0.04595186,0.044846468,0.04153108,0.03528372,0.04376313,0.045108452,0.044989128,0.045005273
0.04435824,0.04333486,0.03985116,0.039577134,0.03905934,0.0457298,0.042469814,0.04629188,0.03762183,0.04192346,0.041353937,0.04007065,0.03871927,0.04166757,0.041808136,0.0383927,0.042907186,0.04640833,0.04170363,0.035108868,0.042728517,0.043485638,0.041822143,0.043605886
0.04471782,0.041732166,0.04001878,0.038844146,0.038265068,0.044467013,0.042625867,0.044087347,0.039090842,0.043735776,0.04115934,0.04102785,0.03962888,0.041644793,0.039680693,0.040129337,0.043366287,0.04425664,0.042561185,0.036506772,0.040480662,0.045095157,0.04381039,0.043067135
0.04420356,0.04009674,0.033683233,0.039975137,0.037542272,0.04883273,0.042559527,0.048469692,0.0398828,0.04781162,0.036526334,0.0393014,0.03613714,0.04347097,0.042667016,0.038468584,0.04098698,0.04366667,0.035857975,0.035964478,0.0426273,0.04706492,0.047222167,0.04698067
0.040554274,0.041122112,0.037238766,0.039843466,0.039039016,0.04732622,0.042952687,0.04213774,0.03910153,0.04259763,0.039594572,0.044442274,0.038958732,0.043320775,0.044715427,0.043154716,0.0381496,0.041037805,0.038857292,0.03580257,0.0439432,0.04590251,0.04441989,0.04578724
0.045180112,0.039926868,0.03500349,0.038424604,0.035104107,0.04565785,0.046485994,0.044838537,0.038033634,0.04352394,0.041736856,0.042202324,0.038313784,0.041852977,0.039640076,0.04207322,0.041679315,0.045418732,0.03752114,0.03759449,0.045370445,0.044802945,0.044666223,0.044948313
0.04318824,0.039603777,0.036525223,0.0417737,0.039506692,0.044276062,0.042159073,0.04206023,0.03877635,0.045933966,0.041985124,0.045221694,0.038802683,0.044158045,0.0418885,0.040244456,0.040730778,0.043594014,0.037202906,0.03616064,0.04570443,0.043375537,0.043790918,0.043337032
0.042720247,0.04102889,0.039403822,0.03979782,0.038765684,0.043359034,0.042690776,0.040877156,0.040147424,0.041932937,0.040911797,0.041342743,0.040995385,0.043333463,0.042459577,0.040153597,0.042001836,0.04396416,0.042317234,0.037192333,0.04147085,0.045180146,0.04326236,0.044690702
0.0471345,0.039277583,0.035237152,0.041887764,0.036309224,0.043785177,0.040965512,0.046151772,0.039212957,0.04250443,0.0391449,0.042547386,0.037573967,0.042658176,0.042049743,0.041972864,0.041053645,0.043883428,0.037179716,0.038590126,0.044180423,0.04273553,0.046814293,0.047149755
0.044340003,0.040077697,0.037661936,0.039598204,0.037840854,0.047004465,0.043793757,0.044735327,0.03719836,0.04570536,0.04194145,0.0445619,0.037122797,0.042264525,0.040823366,0.04014601,0.041199666,0.045035623,0.04012578,0.0371293,0.04290305,0.043468103,0.043464497,0.041858017
0.04287984,0.040485058,0.03764227,0.042520594,0.036984444,0.04632594,0.043840855,0.043897554,0.039766118,0.043334343,0.041621905,0.038183782,0.036740027,0.042540185,0.041536484,0.040568866,0.039039694,0.043167174,0.037595,0.036025114,0.04550665,0.04767177,0.047396317,0.044730004
0.04559621,0.043340683,0.037610874,0.0382107,0.04102222,0.043287776,0.042504024,0.04338458,0.039332546,0.044961352,0.037950184,0.037625104,0.038184807,0.043367755,0.04299229,0.041397393,0.040372327,0.046648208,0.03900701,0.03510789,0.043344863,0.043985378,0.04551668,0.04524908
0.041023027,0.04139009,0.03718566,0.038879663,0.04029307,0.048904214,0.04156695,0.04250746,0.0415559,0.0427832,0.037022464,0.039355494,0.04092099,0.045452885,0.044114374,0.040763505,0.039030496,0.0421084,0.04165262,0.03665459,0.0429674,0.0437379,0.042053554,0.04807601
0.044498287,0.039448198,0.037444517,0.03890357,0.03587803,0.04549184,0.044530284,0.04284077,0.03762215,0.043505017,0.042243116,0.04051911,0.036603525,0.044172462,0.041136306,0.03961873,0.042676147,0.0460868,0.039653968,0.03694254,0.0443696,0.044294026,0.045086633,0.046434447
0.04057786,0.04177732,0.03318892,0.040054273,0.039413128,0.047022957,0.042574953,0.046793204,0.035327274,0.04344122,0.041318826,0.040461514,0.037476495,0.04740263,0.043607842,0.041893702,0.035558704,0.041862343,0.039075486,0.039441593,0.04546913,0.044071224,0.047750145,0.04443926
0.041312058,0.04112974,0.035398796,0.041983817,0.03964154,0.047643602,0.038593423,0.04275934,0.03954938,0.044065904,0.043179244,0.041903112,0.041878127,0.043214355,0.041779242,0.04120847,0.03746194,0.0421566,0.040187974,0.038029186,0.04546167,0.04185862,0.046630364,0.04297348
0.043342393,0.042998943,0.037053775,0.038000524,0.03854127,0.045632806,0.041452147,0.043977868,0.039762493,0.043218765,0.04143252,0.04179331,0.03854264,0.04250113,0.042157542,0.03779354,0.043562878,0.04612815,0.0419537,0.03739715,0.042230733,0.04378142,0.043222148,0.043522183
0.039950475,0.039879885,0.038552474,0.038552284,0.041003894,0.045620542,0.03844014,0.046407666,0.037809096,0.04579254,0.040442333,0.04069054,0.037353955,0.04540655,0.04403718,0.04373065,0.039517038,0.044304576,0.04025367,0.036967017,0.044182543,0.042396046,0.04474512,0.043963764
0.044289306,0.040868677,0.037113212,0.039413728,0.03624594,0.04630851,0.044506885,0.04535798,0.03953651,0.04384485,0.039353963,0.040683,0.037326593,0.04397191,0.039438292,0.039037473,0.043288507,0.044924956,0.04035262,0.03427897,0.043407544,0.04606232,0.044198647,0.046189614
0.0440472,0.04322721,0.037123084,0.03812996,0.039064296,0.04490413,0.044058193,0.041961532,0.038038466,0.043391395,0.040514812,0.042036537,0.038432375,0.042005252,0.043667328,0.041148674,0.039210208,0.042338897,0.041085318,0.037003167,0.04462448,0.04124137,0.046263065,0.04648297
0.04582455,0.041097447,0.03867081,0.03917451,0.036329094,0.044572894,0.04580376,0.044456914,0.03701458,0.044393647,0.0402544,0.04108907,0.036738295,0.042458616,0.042202074,0.039766617,0.041016832,0.042026408,0.040916856,0.03289944,0.043289058,0.04603762,0.04611181,0.04785472
0.044848148,0.04378323,0.032307897,0.039863925,0.03791773,0.045760464,0.043324687,0.045660343,0.043140978,0.046365093,0.038312156,0.038189802,0.036808413,0.045826826,0.038396258,0.04000212,0.041170888,0.043198455,0.03692028,0.035598107,0.04682449,0.04472418,0.04539452,0.04566097
0.043390118,0.043331206,0.036344644,0.04037729,0.038553115,0.04542195,0.04130523,0.0449244,0.039643254,0.043656167,0.0390279,0.042825166,0.038216434,0.0417407,0.041592482,0.040282127,0.04240921,0.04441458,0.03972428,0.036172163,0.04278164,0.043870084,0.044171575,0.045824282
0.043556336,0.042028025,0.03352127,0.03960052,0.036401484,0.047567595,0.041141562,0.044919465,0.037729308,0.04686874,0.039057937,0.03583053,0.039538585,0.047076818,0.04088354,0.040181495,0.03835901,0.03985202,0.038312387,0.037107546,0.04547028,0.046544887,0.048248116,0.05020258
0.04575971,0.039419815,0.03628716,0.041772902,0.038047865,0.044425353,0.039823446,0.043799497,0.041028,0.04556943,0.039932363,0.039651122,0.038741954,0.04297055,0.04378289,0.040029593,0.04023023,0.04287969,0.036946446,0.038148068,0.045727614,0.042607408,0.045661785,0.04675707
0.042631667,0.04236925,0.03651021,0.036432568,0.03574148,0.046301924,0.041932754,0.041674286,0.037662264,0.046142258,0.042879473,0.043704703,0.036030952,0.045000575,0.04411067,0.038752135,0.03804807,0.044513583,0.04291375,0.035446722,0.04475544,0.04226899,0.04680088,0.047375407
0.044378523,0.042292394,0.0363399,0.04010735,0.03530891,0.046150327,0.041561186,0.04699127,0.03806941,0.048281267,0.038859263,0.042065226,0.036708407,0.041311357,0.041964393,0.040857513,0.042234074,0.04261981,0.037224013,0.036516484,0.042427476,0.045885693,0.045319054,0.046526764
0.044125944,0.04136594,0.032665633,0.040738292,0.03689859,0.04876112,0.042945437,0.047897466,0.036752593,0.05283233,0.038106002,0.04082848,0.034432665,0.044787385,0.03683055,0.041014057,0.041849572,0.03973496,0.036277004,0.03542234,0.04507982,0.04551983,0.049419332,0.045714635
0.042043824,0.040171754,0.035125002,0.03857117,0.038001806,0.047219336,0.038788322,0.041075543,0.038872562,0.046059553,0.041039526,0.042102296,0.03759232,0.044543892,0.043287184,0.041089006,0.038809124,0.044055294,0.039246712,0.036958117,0.045970436,0.04539611,0.045121867,0.0488592
0.044649154,0.04270551,0.034177072,0.039122555,0.03643597,0.047210403,0.04520909,0.043158475,0.036975544,0.045194466,0.03823421,0.038165756,0.037614938,0.04522993,0.041951895,0.040007573,0.038400326,0.04440459,0.0402104,0.03704029,0.04156948,0.045711618,0.04943465,0.047186144
0.039591707,0.041630853,0.03698468,0.039572768,0.03684321,0.047720112,0.044869073,0.045079954,0.034717146,0.047993843,0.041411184,0.039489686,0.03717688,0.045115456,0.041372407,0.041725326,0.037981115,0.04331995,0.04019235,0.037082482,0.043264087,0.046882212,0.047155563,0.042827953
0.04592459,0.040257122,0.036770754,0.03859648,0.03757404,0.045368914,0.041007664,0.042119376,0.037767038,0.04599352,0.043144885,0.041873574,0.034165528,0.04187805,0.040811628,0.038839985,0.04065694,0.045411058,0.039430767,0.037510157,0.045700733,0.04738231,0.047438473,0.044376425
0.042794093,0.038465146,0.037696294,0.03932716,0.038692173,0.046573132,0.04365659,0.04375737,0.040405624,0.046057083,0.039519627,0.0447356,0.0361702,0.041839104,0.04156189,0.043416146,0.041565236,0.042386003,0.03887004,0.035910737,0.045283157,0.04330694,0.042839456,0.04517126
0.04293615,0.041672025,0.033009302,0.04304639,0.033756256,0.04709835,0.04368998,0.04244897,0.037703767,0.04624509,0.041590873,0.0414907,0.036600117,0.0452835,0.039397784,0.04039838,0.04077479,0.041147508,0.037149806,0.037726887,0.046198774,0.045804944,0.048598893,0.046230767
0.041287705,0.038531993,0.036231846,0.038589653,0.03962875,0.046495937,0.04310505,0.04449939,0.037595894,0.045682084,0.041134626,0.04415166,0.034571778,0.043914504,0.043501318,0.040377986,0.04067884,0.04543076,0.03948082,0.03549415,0.044852592,0.045415413,0.04733522,0.04201209
0.044412903,0.04292584,0.038010158,0.04192273,0.038234234,0.045652136,0.04268558,0.045956537,0.03919438,0.04124247,0.039591443,0.04065567,0.03842857,0.042656638,0.042773087,0.04108008,0.03977143,0.04209224,0.04082073,0.037040476,0.04195574,0.044508636,0.043752685,0.04463566
0.044933446,0.04095143,0.035646897,0.039028063,0.037188876,0.043505132,0.0406363,0.045194324,0.038867105,0.04691051,0.0390694,0.03825416,0.037690204,0.04272989,0.042546898,0.04085776,0.041541886,0.04227728,0.03732382,0.03959587,0.044554062,0.045142893,0.048998617,0.04655522
0.041789662,0.045189943,0.038003564,0.042256776,0.038751632,0.04618037,0.04234972,0.045170568,0.041135523,0.042312093,0.041809294,0.04106344,0.03930547,0.042308994,0.041026913,0.0424545,0.039006464,0.041698392,0.039401468,0.036092646,0.04222527,0.044761553,0.04252478,0.043180924
0.045666557,0.042808324,0.036334597,0.03904184,0.038448017,0.049184524,0.043403324,0.04304341,0.038342044,0.047028843,0.039415568,0.03838668,0.038562514,0.045398522,0.03910775,0.039459556,0.04281417,0.045030262,0.039178833,0.03528886,0.04209874,0.043655463,0.043065302,0.045236304
0.042605884,0.042782962,0.03705718,0.037917938,0.036040545,0.044199526,0.045387868,0.04547726,0.0384506,0.048196103,0.03766595,0.038834956,0.035821855,0.04100586,0.040337145,0.04222403,0.0419589,0.043495037,0.038864713,0.03791694,0.0449478,0.04839882,0.044566493,0.045845676
0.041549254,0.041169077,0.03349845,0.039393373,0.04059054,0.047490716,0.041647278,0.041766327,0.03862281,0.041810922,0.042604018,0.04592562,0.0369164,0.047565997,0.041142225,0.042357508,0.039054506,0.04194265,0.041900627,0.038602006,0.043899294,0.04336762,0.045710865,0.04147197
0.045475204,0.043973472,0.033891294,0.03974,0.036620468,0.04306679,0.04634559,0.044156548,0.037569735,0.04405734,0.04093205,0.03706757,0.0384476,0.042439256,0.04012981,0.04105299,0.041220184,0.04182332,0.03888959,0.038937274,0.044728708,0.043429878,0.04910949,0.04689579
0.043443073,0.03960435,0.036427904,0.040171318,0.039288677,0.043777015,0.040736556,0.043851007,0.039577685,0.04468358,0.04056466,0.042025063,0.036457792,0.043114174,0.04541005,0.04012172,0.040680353,0.0453382,0.037470084,0.0372364,0.04392008,0.04484275,0.046242427,0.045015022
0.044914328,0.044141185,0.039509427,0.038130235,0.03550955,0.045813814,0.04620235,0.044130176,0.039455686,0.04467464,0.040077552,0.04249197,0.035339557,0.041143734,0.039222237,0.03940715,0.044035695,0.044768255,0.043190617,0.033762034,0.041815676,0.04487804,0.043031465,0.0443547
0.042083703,0.04143279,0.03752917,0.040505573,0.037088618,0.045812365,0.03918484,0.046562128,0.03712372,0.045073792,0.04307748,0.040274147,0.0383128,0.04687057,0.042436536,0.042400192,0.039070707,0.042161822,0.037155036,0.03577382,0.0442448,0.04748961,0.043981288,0.044354465
0.041973203,0.04153776,0.03498157,0.038559902,0.03886753,0.048284095,0.043444503,0.046318736,0.04033414,0.040793065,0.038472135,0.04315736,0.037485186,0.042840824,0.04318693,0.038980987,0.040090714,0.046477947,0.039319113,0.034799412,0.044482913,0.042824324,0.045408823,0.04737886
0.043412395,0.041296292,0.034005277,0.04152162,0.038475882,0.045946084,0.0433061,0.041069914,0.036146753,0.044678614,0.041076254,0.040710755,0.039213505,0.04600102,0.043064836,0.04145446,0.035980344,0.038631108,0.03961964,0.036679756,0.0446231,0.043929785,0.048101395,0.051055055
