Stock_1,Stock_2,Stock_3,Stock_4,Stock_5,Stock_6,Stock_7,Stock_8,Stock_9,Stock_10,Stock_11,Stock_12,Stock_13,Stock_14,Stock_15,Stock_16,Stock_17,Stock_18,Stock_19,Stock_20
0.0623595157841734,0.039671436845878344,0.04988123274575997,0.054876604236139964,0.058122669197071944,0.052556929675639165,0.048130159660512595,0.04701885196299227,0.049622194823469544,0.05390672774310078,0.06636930391227691,0.05834907653882661,0.052912690530714936,0.04786237968867726,0.059515435665562895,0.030677044678528446,0.05351984668601257,0.0426375614199029,0.03619543676861955,0.03581490143613995
0.06234517552892342,0.03994641837940117,0.05006952689323937,0.055177107211054045,0.058454160614934074,0.05267680604234999,0.04817917929117782,0.04632060743239965,0.04916201550245884,0.05368461728432975,0.06606245781899325,0.05793358631948617,0.05327347263683459,0.04792389674307532,0.05885124548202308,0.030500183296792206,0.05430157409261506,0.0425059379787697,0.036753681020261664,0.035878350430880834
0.06326004635597907,0.03940284544230285,0.05009638644093834,0.05589783416950356,0.0591363064861327,0.05241585517894308,0.047522919040016084,0.046295436095400926,0.04866755090079708,0.054156823403084975,0.06628517447284296,0.058140519415885605,0.05318648193207706,0.047775646752417786,0.05844497321894552,0.03025573215433653,0.05499717162991278,0.04218881417413364,0.03680054767225307,0.035072935064096374
0.06265724360637111,0.0397880990936584,0.05009669442418136,0.055455920738930436,0.05870288075394136,0.052429739780421376,0.04766228869187539,0.046797738025978614,0.04890717437263691,0.054206090649580325,0.06600963806197616,0.05793147826064484,0.05293755083269848,0.047641528583244275,0.05877935890104101,0.030725190374013913,0.05414310550518408,0.0422222271701905,0.03695373555862262,0.03595231661480885
0.0616840288366636,0.04051989826635768,0.050246374781540704,0.05509958553343309,0.058870373283570136,0.05264920727822805,0.04744947513544065,0.047449061740747124,0.04867493806991811,0.054542431493043414,0.0653632469778036,0.05717726431299467,0.05222179474645836,0.0467439338751243,0.058533172063947335,0.03164418803045032,0.053540244643167804,0.041870670796214794,0.038209760134359505,0.03751035000053674
0.06151325329874139,0.04056082751534574,0.05003868876905019,0.05458412131649978,0.05860608315367077,0.05274497561628523,0.04813078755564956,0.04719108780925087,0.0492841189733166,0.05401807746670708,0.06579566226255984,0.057479132298674455,0.052435024091627036,0.04690238000267432,0.05895537251635004,0.031256156664246894,0.053542841673555365,0.04217310573305146,0.03758854157126868,0.0371997617114747
0.06086721651274412,0.040501624852064114,0.05057473110231685,0.054988203287876,0.05782861212246721,0.05264042679403121,0.047668823196837504,0.04706521273885394,0.0490871760977697,0.05424124945419232,0.06515456523095842,0.05756841092299418,0.052997782888428734,0.04742875488647147,0.05914257067262144,0.03184404988854678,0.05284837169857971,0.04206625023295784,0.03798731131382161,0.03749865610546684
0.06085499642437002,0.04029775929425508,0.05095800705514015,0.05559031590257908,0.057876157683201195,0.05224232340368292,0.0474142899276779,0.04621242719025292,0.048705463538441275,0.05442540290778526,0.06491346465321625,0.05766985450602541,0.0535251200927046,0.047555129609370986,0.05857773561871152,0.03212858521175287,0.053386138369295254,0.042066508731262844,0.03877274337609009,0.03682757650418437
0.06200076550058967,0.03984288632759543,0.05080437031235971,0.05611860358126423,0.05819741029339164,0.05204679685009105,0.046717238846471214,0.046684740951815455,0.048334508825205486,0.05471051193273069,0.0649041740496321,0.0577554378514075,0.05321903158922977,0.047916496057869164,0.058431322057636764,0.03193296969632848,0.053709885206426125,0.04197013897527448,0.0382125510990504,0.03649015999563062
0.06211782396090138,0.03965559997764305,0.05097754612889146,0.055864932760444866,0.058062961968591564,0.0517672173556385,0.047039549276519675,0.04596140612979708,0.04838190506288364,0.054715503165893756,0.06498810132459774,0.05816899573148521,0.05371827078122337,0.04793875206597855,0.058415209723289084,0.031938600587641634,0.0540578363292181,0.042376496611373646,0.03829971972296363,0.03555357133502406
0.06140610692421129,0.039775223165619794,0.05116420179617927,0.05569357319788584,0.05738624341525686,0.0517598513092193,0.04733920557377047,0.04565671831743605,0.04864281793381528,0.05453687797874604,0.06476065679164174,0.05824344357150408,0.054074595179029086,0.04824580061010921,0.05859431532494308,0.03231218419242834,0.05357600604143907,0.0426949079633395,0.038475837593726775,0.03566143311969891
0.061410851453666176,0.039885382502563044,0.051141726325514066,0.05604455899898016,0.05798152729782516,0.05162022530600407,0.047063901154862794,0.045729145363931835,0.048382924869128756,0.054779944959216245,0.06476325547638342,0.057931897940233956,0.05369482913388311,0.047706552995385516,0.05806900709729355,0.03249727649500719,0.05390149995870934,0.042324211566621306,0.03919352562471424,0.03587775548007608
0.060417688279256365,0.04109926061613137,0.050726109405192434,0.055569064341332665,0.05862845000723687,0.052725790507675764,0.047142863786459176,0.04719442906979187,0.0484358973500914,0.05433122271331477,0.06459211594138983,0.0565066536486555,0.05240069588829079,0.04681058052793053,0.05814779194347441,0.032382580302097334,0.05327537651992903,0.04141613464405181,0.03945260959429298,0.03874468491340511
0.05974992143652029,0.04126339917779874,0.05145853429543409,0.055238071956321806,0.05838910177952168,0.052512475051058286,0.047138646992432726,0.047507012421491926,0.04833984923048479,0.054561481284826414,0.06398803480640174,0.05624024372660235,0.05192047042828768,0.046365581212029806,0.05803991628179838,0.033627058536822,0.052492133357677134,0.04185660627857414,0.03999757528317807,0.03931388646273796
0.05865843248281058,0.04268124537519336,0.05210529137240375,0.054749143717958464,0.058414218706141705,0.0533303936681075,0.04707051021081006,0.0492519763397723,0.047975538705838046,0.054061089728393116,0.06282840387561361,0.05494826460386309,0.05002911708842491,0.045718157601746856,0.05730355212213252,0.03538928093354791,0.05151222589243514,0.04171342148542879,0.0410209192025325,0.04123881688684578
0.058855339151901206,0.04246067259067976,0.052396731716392114,0.054216017863695766,0.05832335245396265,0.0536766464942147,0.04745096299390165,0.04794335295155146,0.048230659404850204,0.05414947912441144,0.06256843746406358,0.05617410077524342,0.05097106828397876,0.04558153174944345,0.05714964437287193,0.03468423545765545,0.052910081431698924,0.04172135630876667,0.040407416163770124,0.04012891324694676
0.05905494883421875,0.04182448784080441,0.05318891770605852,0.05565787703573562,0.057935489118162015,0.05318243229023902,0.04700534852792246,0.048435948815977146,0.04765344492454903,0.0537954469841742,0.06271263541857387,0.05535181487409123,0.05056126904506248,0.04663219528923688,0.05704250781708329,0.03573865607751422,0.05168368567104369,0.04237675672258281,0.04043463300205298,0.039731504004917394
0.05786769510582965,0.043076399698792275,0.05417920238276158,0.05479062666691823,0.058016101585234715,0.05486523139435377,0.04724839994539989,0.049011429491867875,0.04753909367738281,0.05309759996780124,0.06135055411869403,0.055129449087005546,0.04879393943357634,0.04567390350059037,0.05613013926380075,0.03700167986343924,0.05247828437303031,0.04195435500915395,0.04096395676272832,0.04083195867163913
0.05812981734211161,0.043303978815108085,0.05308792465227733,0.055906313709747725,0.05811839911056304,0.054917804448176274,0.046999604858726056,0.05032652133641789,0.047760387534334904,0.05331086867478276,0.06144284663148174,0.0536994047958298,0.04776416587043042,0.046612516822438096,0.05650493863342749,0.03735892231889957,0.050736146232059735,0.04174712125257823,0.04036754865690319,0.04190476830370605
0.05834054821071901,0.04181868075981842,0.053499152886814276,0.05495709236321909,0.05744782110003571,0.054021568637936286,0.04704419102172577,0.047770446976406616,0.048094207148032364,0.05374837373485683,0.06118617799212502,0.05594573225834414,0.0493581511330227,0.046443050702037164,0.056611523018020575,0.03703788314527113,0.05329805683464958,0.042740025449326285,0.04058985307838282,0.0400474635492562
0.05875228847006066,0.04044739483588943,0.05208202294234165,0.05810300447891005,0.057941426331208884,0.052060821450613935,0.04493652319873635,0.046584040882220755,0.048338669294287,0.05580920997147701,0.06285957813196925,0.05390204967498507,0.048919638590446804,0.048539073739841974,0.057892128598432194,0.03911919814032378,0.05085941825962545,0.04342981962738744,0.04079294393445448,0.03863074944678785
0.0597371464383371,0.04074182129799061,0.052003366480467,0.057938743137428535,0.05878600409559074,0.05217759666760359,0.04469506987281202,0.047327542018320685,0.04814985499858091,0.05595786492102378,0.06379364598300773,0.055149667748959026,0.05040276539591465,0.04820488198214058,0.058138354369980674,0.036854999249696825,0.05051887682635671,0.042106754168085694,0.03931270398507739,0.03800234036262574
0.059975623136969615,0.04087750162785092,0.05078145569682381,0.058841733625782974,0.05933170311925685,0.053100262528453304,0.044163990846951474,0.04778866404974407,0.04802676655908853,0.05650500134699892,0.06372037829401224,0.054170025074902955,0.04814117421222377,0.04833039211302139,0.058374166851174615,0.0374779626614081,0.05123576516628074,0.04117698256972492,0.0396087431682069,0.0383717073511239
0.06149968389450367,0.04029558866403982,0.05101109135809308,0.061625236646866755,0.059612945525633794,0.05274540726072663,0.04301340295360411,0.04922559530904666,0.047554017420775946,0.057413859748604426,0.06411075368339017,0.05350378753497423,0.04715513122987681,0.050200802062877206,0.05874006618307009,0.038803086485616,0.047958405792529406,0.04082964546327748,0.03781406125666177,0.03688743152583194
0.05931961107798886,0.042038537405358956,0.0495363632129859,0.05923731419149296,0.06040402506540668,0.054560045003601,0.04366324145721632,0.05121180308510651,0.04834022119424994,0.05782962728600813,0.06388960322417672,0.053910555506851046,0.04721934186001859,0.0475596159200102,0.05978693221944269,0.03672461286254897,0.048714715991568736,0.03868839221093748,0.03781839304283563,0.03954704818219468
0.06172673700092075,0.042062690032298775,0.04922446591755213,0.05890620140220396,0.060579948072510825,0.05511376566995819,0.044039132615582996,0.05184162587134574,0.04764816452106187,0.05684420846500519,0.06405316127348476,0.05463046889692614,0.047051034643590915,0.04764811553717758,0.05898439056684031,0.03479618388110396,0.049092106019543544,0.038443496692156395,0.03692194567166914,0.0403921572490668
0.06146971040641415,0.04167558085490735,0.049967164059631385,0.058386667803943075,0.05970104395654249,0.05450182634448362,0.04529175093445888,0.05136113147736749,0.0480694730675509,0.05591758628570511,0.06469477060405585,0.055142153289841685,0.04835580306432338,0.04777744131768328,0.059387876117180466,0.033706914348072416,0.049129830965941666,0.038888836823245204,0.03655453585105426,0.04001990242759733
0.062133297435416415,0.040902785294168145,0.049846771003168436,0.05767414783128834,0.06007510328941786,0.05391384336774106,0.04543019529314583,0.05029588627540352,0.048095436303376086,0.05592789658153843,0.06546424961577074,0.056304998106509095,0.04978045459715921,0.046877524602370206,0.05922600558201048,0.03210086424331908,0.05116265220271477,0.038965638109799985,0.03689749246414207,0.03892475780154022
0.062375128831672226,0.04096970158691363,0.04998740621791075,0.058724933179273645,0.06026294099570364,0.05415687153278583,0.045025389729225915,0.050850210824486236,0.047804239463614055,0.05596674495006491,0.06539504204569108,0.055733435265942724,0.0489500751365709,0.04756737516993353,0.05917556489542252,0.032688022286226054,0.050350558938889386,0.038684149671263886,0.036402807729453715,0.03892940154895537
0.062232316538006156,0.0405361157855933,0.05058232076807247,0.05900937646878428,0.05975588353729367,0.053633525437279395,0.04505550124579314,0.05036800928888648,0.04763085990686769,0.05559832184580242,0.06535878538978622,0.05567387764535619,0.04949862346524548,0.0481720254185025,0.059084181624628654,0.03310894450735151,0.05012857014653678,0.03946125879753078,0.0366211119180501,0.038490390264632794
0.06300906254449627,0.03962527105864036,0.050932021239666836,0.05896161141897569,0.05972582248856441,0.05254784415817409,0.04486116526346553,0.04936254795430525,0.0473220968523368,0.055760274221009695,0.06551236316364334,0.05644225363537451,0.05058224563854008,0.048092506558757415,0.05862202853284818,0.032798704230488515,0.05143243449604677,0.040138919752186156,0.03717867718626723,0.03709214960621286
0.06261564669802126,0.03975272345371565,0.050772398184610164,0.05767810371167708,0.05932391007853335,0.052301633423175654,0.04541440842199201,0.04861604237841513,0.047694305277927236,0.055639541732512406,0.06528288589651476,0.05700539317870916,0.05150020018325399,0.0475079541400714,0.05855840909980879,0.03233811401358725,0.05240000950150034,0.04055345377652051,0.0378375786385158,0.03720728821093805
0.06268927051207371,0.039256770330724416,0.05091905309820401,0.05727673842039926,0.05905043084336369,0.05196205847334403,0.04558236421366549,0.04781677670288704,0.047800224304618576,0.05562823997303599,0.06529279771955153,0.05756820900478367,0.05206277059713793,0.04730909814397808,0.058493729445932445,0.03211408792383981,0.05337436134736425,0.040995169965565285,0.03816562376477761,0.03664222521475319
0.0628503191003917,0.03905491356930388,0.05122809517940228,0.05795483074757809,0.05849862243605616,0.05178719409178442,0.04525493192719662,0.048161429455271236,0.047707719243897065,0.05591786004643439,0.06524388184646435,0.05780655380219265,0.05229269347463551,0.04830477101977103,0.059006875071781234,0.03263400997692634,0.05190293308392921,0.04105653649064376,0.037406447861763475,0.03592938157457659
0.0625613748491365,0.039986889841914515,0.05073596384636668,0.05801835485885765,0.05935981580728195,0.052562407498574736,0.04512149104702446,0.04949170582811232,0.0476520251585669,0.05609536742591443,0.06514500290736228,0.05673818940500164,0.050645465870692935,0.04756274282734251,0.05888966396578025,0.03297829707803432,0.05123367569825118,0.04016578137764858,0.037505429946076224,0.03755035476205994
0.06224733213548303,0.04012387011698515,0.05096039810642454,0.057785763591029486,0.06013806350126186,0.05220219659022973,0.04459301932920945,0.04993557421648968,0.04701859180046516,0.05642071217639028,0.0648691590700737,0.05600279703603316,0.05019083429943031,0.04611624027921987,0.05802722832218137,0.03333721292594541,0.05181916824127237,0.04001167243957871,0.039346348912574075,0.03885381690972265
0.06248510007891216,0.0409447716142443,0.05109048547969578,0.05971467758264412,0.06041094208225201,0.05356217122833324,0.04367844431544895,0.05146419573971504,0.04632601539118757,0.05658983683107369,0.06378382757358632,0.0545083310589894,0.04728408123833708,0.047501304625913204,0.05764143669316915,0.03554213958758946,0.0502370790310839,0.03926389701934433,0.03860254537094379,0.039368717457536506
0.06289721482855637,0.040316382939482164,0.05071674885108275,0.059249055072977334,0.060600633755254985,0.052964556413459894,0.04342279767167242,0.05082100433556533,0.046481970703839484,0.05722660839947703,0.06420598428490752,0.05568281460888382,0.04892224867634903,0.04688780824941063,0.05781399812854534,0.03410116341553971,0.05120650464704577,0.03897980188095569,0.03870744916191896,0.03879525397507577
0.06288168169522036,0.03931702273471455,0.050968627540205175,0.058187269007236336,0.06048743842380346,0.05216019732935246,0.04386397697523519,0.04861480106430787,0.04646481206467946,0.056625263181941096,0.06452286472973333,0.05666973190823565,0.05098260697114781,0.04613009884299356,0.05715951915699726,0.03295639244657733,0.05400518007247064,0.04015578859127256,0.04006956231739773,0.037777164946478176
0.06252868840061775,0.03946840080396137,0.05103109506280992,0.05913519637985908,0.06046324974175165,0.052045383151904975,0.043342741415958494,0.04819725929681382,0.046777787851218895,0.05722807860199997,0.06416860203961919,0.055494033210224024,0.048804876938757465,0.046924640766727005,0.05724127246102873,0.03561634212871562,0.05335031605330288,0.040607352136561616,0.040190641113843274,0.037384042444324285
0.061524951379919667,0.041232244204609296,0.050085512693158994,0.05844462844515872,0.06103485630791349,0.052259179079888564,0.043458385180664,0.048932411574284955,0.04743851020596858,0.05755371781416912,0.0646721685910926,0.05461723772585342,0.04890768977648052,0.046626062280237975,0.05791445780843675,0.035753983134232906,0.0512640599982728,0.0398828610524072,0.04010334473996394,0.0382937380072865
0.062271268079444095,0.04017298927446209,0.05021281033908572,0.05870263148987375,0.060558412040714375,0.051468957152549205,0.0432750131525342,0.04742298607445737,0.0477127531400175,0.05792659376682001,0.0652804376292852,0.056013760464652174,0.05041818507025959,0.04746249705564341,0.058421654276389304,0.03534326632138697,0.05183758902529634,0.04038578823334476,0.03940918797926709,0.03570321943451684
0.061020774370033275,0.040268774227854964,0.05071776430795561,0.06113864364827209,0.05968465269272621,0.05133027648684883,0.04142933643094467,0.04670037911454304,0.04790628554363798,0.05931059222986168,0.0648628544479364,0.05487256884459797,0.04944455948781871,0.050338113423596745,0.059600139960742274,0.03969279944658547,0.04796523112291687,0.040889942807936834,0.03889350865992802,0.03393280274526236
0.06125102489992501,0.04017280187829819,0.05074102248949439,0.060063421520521805,0.060191172682732996,0.05121116767532522,0.04239763339855774,0.04688572197618895,0.04775480776391761,0.058290227548195385,0.06537176490716248,0.054988653345089615,0.05006444009400911,0.048879624567092994,0.058961844081438036,0.037651178413675615,0.04969773403649325,0.04091067619081656,0.03950294408793314,0.03501213844313189
0.061112733177286827,0.041784757288272086,0.04994595306720123,0.06046896493655333,0.06063210747292524,0.05302064387436844,0.0422129419684548,0.049903869646029476,0.04773117652717698,0.05886356116407122,0.06435853981733951,0.05378995449475604,0.046961602508143366,0.048794110788203275,0.059313890536669966,0.03868914000742663,0.0473316117561247,0.039286846409939284,0.03834540751812061,0.037452187040936974
0.05925485572321868,0.04103849058083562,0.05065559385178308,0.05869680189852457,0.05853542088454111,0.052951888921919064,0.04438357582000847,0.04914499562399367,0.04920766078244904,0.05696065515746015,0.06426115982500011,0.05465874001667785,0.048368208649744907,0.048480368810858133,0.059843027643581306,0.03793668312170349,0.04777804091892838,0.040917826293310255,0.03848308558042354,0.03844291989503858
0.05954060007195709,0.04027855975304025,0.050766402693481066,0.05948099819964885,0.05845261808603837,0.05262720458264628,0.04408299167772644,0.048311860348152595,0.04865568149521782,0.05669535137981785,0.06450290639222823,0.05419613638242485,0.049268365521749,0.049510475194725415,0.05974209525581857,0.03824789006332514,0.047449771813221436,0.042229974779968565,0.03845095977059824,0.03750915653821394
0.06222404600105486,0.03939544814774504,0.051508165931366055,0.06004370331769244,0.05939181216673002,0.05164236137306872,0.04395643374501047,0.04904252259639186,0.04730775883413721,0.05669045493285754,0.06515443048481478,0.0552963403009676,0.04975382100573463,0.048825007917136606,0.058763686095409086,0.0358159880873621,0.04947482615249843,0.041129485573430984,0.03809257172625983,0.03649113561033174
0.062336283189520815,0.039720504471748214,0.05120503249361827,0.06162442642295748,0.05950731229730389,0.0524938403134724,0.043688070282029985,0.05000047850353379,0.04741790546872414,0.05691713901768647,0.06434228272099773,0.05389336876232957,0.0476267234259588,0.049985124805239624,0.05856965329713202,0.03750126308244119,0.04806511911638252,0.040926855927937336,0.037213033784029306,0.036965582616956455
0.060276624602671705,0.04052979359459886,0.05064233242819794,0.058676324195585244,0.05932519134064785,0.05271669753904659,0.04384308493429506,0.04843888100226257,0.04745123156774361,0.056114876535670814,0.06346543142461976,0.053664761089006204,0.04813520079483056,0.048461481123240724,0.05798197142578566,0.038373271171695096,0.04999443119408535,0.042828346088132546,0.04007089808325619,0.03900916986462769
0.05932434222094342,0.04073820977904185,0.05017702715059706,0.058528455082039424,0.05961459755063799,0.05293534465636136,0.04320291641807868,0.04710447832862743,0.0474833539694273,0.05611506145845001,0.06281890143786029,0.05268105605912942,0.047433502635821134,0.048585021646283116,0.05739027013342108,0.04028785762093564,0.05080094783378352,0.04401637952413205,0.04146984072355773,0.0392924357708715
0.059506444605463844,0.04119131219336417,0.04947995701892536,0.057813568394969685,0.06031281533620624,0.05299485800464894,0.04295764020263036,0.04714104574353167,0.04751617319447817,0.05678277846071243,0.062384960000640505,0.05261268368043237,0.046759814310808986,0.04753527363971098,0.05690164344278048,0.04051333461136486,0.051805386600152124,0.04374988961690589,0.04230036763559906,0.03974005330667388
0.05954156045905555,0.041099950647993114,0.0502802103276502,0.058942162969097184,0.060386112695396114,0.05228517381224805,0.042705841723652695,0.046921435555749375,0.047468891100655816,0.05716483098351561,0.0631096945317451,0.052414224654099936,0.04702068806589261,0.04797996745885604,0.05716350930552447,0.04060338796623313,0.05114512741903763,0.0429393794711919,0.04213055108955361,0.03869729976285187
0.05786988343363531,0.041880731475582335,0.04938391424125308,0.05815552763428663,0.06023863805377903,0.05358059750528889,0.04230439449201173,0.04656496615779414,0.04804734689981419,0.05759398454513367,0.06162233363597818,0.05147009920683371,0.04511323098165706,0.04782264419843143,0.05720961633660619,0.043308613945785876,0.050864458025231256,0.043874949220042044,0.04294080888310731,0.04015326112774795
0.057795150209710225,0.041690962878758425,0.04989919163023434,0.05798800299582213,0.0601971473633806,0.05294049899870514,0.04293344790322849,0.04586892108911449,0.048161496460790404,0.05707269047936143,0.06252133776493114,0.05167726661087987,0.04626402617179159,0.04747758410625242,0.057175936070987574,0.041944335707219345,0.051744459588130835,0.043567917618517735,0.04329297779822108,0.039786648553962724
0.05896720080166514,0.04048112934462673,0.051400538903605554,0.06052659994745123,0.06039222013236671,0.051859466466615343,0.04182978596161372,0.045224489336401524,0.04749406144352702,0.05792150089802076,0.0627652397280715,0.05184946780406075,0.045788916599669646,0.048658253784627736,0.056930473239295044,0.04330582885401998,0.05151737962829735,0.043221895329790996,0.04269013220557553,0.037175419590697735
0.05881705901227147,0.041139662026120564,0.051171288721562395,0.05993781554882272,0.06030354500254261,0.05175560264088341,0.04223400728616911,0.04659429380102363,0.047576862913889795,0.058108074142186314,0.06305075430884752,0.05164799029678602,0.04577758054189778,0.048032759288562606,0.05737281338136566,0.0424895935108375,0.050558295123394444,0.042382017085413046,0.04281146073896055,0.03823852462846284
0.05837974990002166,0.04106734918602563,0.051495813690988525,0.05903928793910069,0.05953525238400408,0.05162347564156995,0.043118169802370335,0.046090025103468456,0.04795361223577683,0.05726744835685925,0.06335948678407129,0.05241805866374577,0.047518393772368515,0.048133391007370456,0.05769252135362955,0.04122934582179992,0.05053189511124755,0.04285031294160521,0.042462921531250204,0.038233488772726115
0.057744328071165724,0.040327918157368095,0.05225882307005219,0.0580498378438169,0.05886202524821939,0.051240712469023425,0.043837566640779375,0.04437199108842033,0.04819384704177478,0.05648125973001706,0.06287894095911234,0.05294926722149756,0.048312014148666496,0.04770835077439239,0.05702734109137354,0.04122704062567502,0.05278177244191315,0.04426229046601167,0.043404596740682845,0.03808007617003771
0.05874949929159661,0.0403764182575347,0.05192821482197442,0.05933850346020651,0.059332433014353,0.0511329919287385,0.043555415917534965,0.045633895777325635,0.04800804108570382,0.05665001271182238,0.06324521856039315,0.052588674919977214,0.048556674859636655,0.048665055199457345,0.05706231232170443,0.04067573644942644,0.05129357479475456,0.043721520628712054,0.04201578323640919,0.03747002276273842
0.059773275214064225,0.040854655123960165,0.05154753371358234,0.05892375355206919,0.060229312147592834,0.05172292195433719,0.043549100984662206,0.046882872192600164,0.04733889812310238,0.05654893185439271,0.06325810972215172,0.05264888164070638,0.047345742005520795,0.04746548794179025,0.0565994522500907,0.039587629126875884,0.05213729592841673,0.04256127128086739,0.04218253060777183,0.03884234463544491
0.059576616852904066,0.040780261126054124,0.05100275201126569,0.05945421153238725,0.05991288511641331,0.05177932536365875,0.04275842050151451,0.045799555509357284,0.04769662630808832,0.057592313570433366,0.06301152544450157,0.05275465342059741,0.046958549275056494,0.04834419685592665,0.05716144288372377,0.04104191459404621,0.05200051151393326,0.042565345131144884,0.04229393838258341,0.037514954606409676
0.05874451578607535,0.04103174006771223,0.05092729874068947,0.058165078864069096,0.05989110717786618,0.051591134205861575,0.043310762003445843,0.04531042003093374,0.04797370175717613,0.05730697933818715,0.06292789811115686,0.0526245433229702,0.04726582987799295,0.047232667807037075,0.05691841271378246,0.04088573124808647,0.0529040089891049,0.04305039381788152,0.04352475609376568,0.03841302004620512
0.0594060102969602,0.0418259086989506,0.05034846169615072,0.057624162852516994,0.060663520818754695,0.05216649602039861,0.04368290148902458,0.047330399160392014,0.04776256371388974,0.05712305132727019,0.06353118300604033,0.05301123486655434,0.04794177649469215,0.04624763837089069,0.057077538101624935,0.03824147214850341,0.052292398947816024,0.04137379201581511,0.0426375475158062,0.03971194245794847
0.05950476572960556,0.041687171150071214,0.049711317783923396,0.05822058883363633,0.05979992391151407,0.0536576320820115,0.043501793255805256,0.04726413748305474,0.0483825055265048,0.057530210298353944,0.06269157700022077,0.05353228019469791,0.04642890787798776,0.047789173259887144,0.058028514209453465,0.03949569005555951,0.0516560815789644,0.04139743062628457,0.04071164174671878,0.039008657395744904
0.059732276529254724,0.04239934102861745,0.04964686771370229,0.057809649495893296,0.06023655766662237,0.05350364118507071,0.04393520679371919,0.04866119614162698,0.048219629934408294,0.057306065008235166,0.06317408813270495,0.053404305519010396,0.046927174674898264,0.04712144120609966,0.05804993330593836,0.038114627160096816,0.05077909902545398,0.04053097587656745,0.040479390885478424,0.03996853271660123
0.05932680396346238,0.04224225138246859,0.04965692281425806,0.05742136025022986,0.059576430541378615,0.05434870666971651,0.04409806735985927,0.049001517159799904,0.048336821746624584,0.057124697405806606,0.062227514651691324,0.0537838706723495,0.046248311588412055,0.04701762659517806,0.05808932794248049,0.038350259750465826,0.05123991526894528,0.040581015221233974,0.04042963937159405,0.04089893964404505
0.05962159274152104,0.04273154814407182,0.04906828278014118,0.058904013293476463,0.059787361720919384,0.05505702784231447,0.043446050469719714,0.0498731316173002,0.048756998880548366,0.05799727873581877,0.0621470090719228,0.05393490021175053,0.04493204507626046,0.048327767780518484,0.05908575583503044,0.03929815541733085,0.049694054083536214,0.039208523237804674,0.0384477047252253,0.03968079833478884
0.058746624948161144,0.04166391040410006,0.049987472064664126,0.057942304509530605,0.05862291955919121,0.05404967980171793,0.044183422265788586,0.04769973809287317,0.049203878684036785,0.05705828946356978,0.06275887642417978,0.054596789823257594,0.04691844954357688,0.04830657664130529,0.05913513410589929,0.038944540650318396,0.050849079332387484,0.04090022288266437,0.03950794599360832,0.03892414480916919
0.05876454837384224,0.042247094468220676,0.0495645651031553,0.05797836529428905,0.059445192519298896,0.054281861651667644,0.043786866912094664,0.049327897537199565,0.04879749039176587,0.057186388632335494,0.06271489675644969,0.05366653148216033,0.045892974415053196,0.04770828589654344,0.058951599105907734,0.039387661695865585,0.04955789670631842,0.040714581883774296,0.039717142121756394,0.04030815905230153
0.058498842017584755,0.04293486306610149,0.04923966614322474,0.058070800283940495,0.05989538650982792,0.054661857249604366,0.04514580889377484,0.051941425141601126,0.04927921341735026,0.056450741151856644,0.06248958619018234,0.05315283278534009,0.04524917020989841,0.046771610627667125,0.05889902027213738,0.03823895662849785,0.04886325266157389,0.03950847432742417,0.03893129871425049,0.04177719370816163
0.06002089393331897,0.042026475244503855,0.05053527582385036,0.05781432266557383,0.05897308591167,0.05445552364492324,0.045832919880620736,0.05066591983886711,0.04815900671653897,0.0552288025407627,0.06256522563504896,0.053484303262621914,0.046471225202982074,0.04744315894726056,0.05781061318329261,0.036721630237566055,0.05043293581712731,0.04070486517752207,0.03911903680900062,0.041534779526948055
0.0606828121777108,0.040736761065100574,0.05093192045771456,0.05700816371180747,0.058210225699882316,0.05339912150945557,0.045933002257905295,0.04822042928354216,0.047977229328334946,0.05507647460393039,0.06260526211836291,0.05521058152501345,0.04850124545881985,0.04776233556510369,0.05764195968176776,0.035785927416132034,0.053045084252565516,0.041905731027085294,0.039515858261973756,0.03984987459779166
0.06197279525702967,0.03979701941696265,0.0508972699818065,0.05810850794058501,0.05888998387118514,0.05243503928250803,0.04481040395331142,0.04736474901849528,0.04738477095051308,0.055840694795662955,0.06272617624713392,0.05564899486743924,0.04891577373095954,0.048275278767025254,0.05704969722244305,0.03613126659525837,0.05412990834832692,0.042050730654627465,0.03983756137963327,0.03773337771909323
0.061353129062991674,0.04036915228592937,0.050560015280010945,0.05805842586787114,0.05984043463773497,0.051661314289892055,0.04346513372504695,0.04642583250519855,0.04751425577653526,0.057558560963430386,0.06299853591599452,0.05503123976747181,0.04874500594309293,0.04734269762253148,0.056939749800582425,0.037751266630293934,0.05381914494547465,0.04184721004583148,0.041538230560125136,0.03718066437396033
0.060082490985775776,0.04106181204483578,0.050342402983709254,0.057095929401360164,0.060158103389439194,0.051906912812251155,0.04385742540896189,0.04676531306025852,0.0478912075867289,0.057302578543005626,0.06357531101370392,0.05439279826020792,0.04895345179607944,0.046221567950102786,0.05726180913023789,0.03731879869538753,0.053287457766460614,0.04163454473183482,0.04226273452599232,0.03862734991366651
0.05764525321719686,0.04236442162659025,0.05020812787651427,0.05694779061833051,0.05945209827096885,0.05394184235665343,0.044390265429431586,0.04829580418755306,0.048797731303540696,0.05660985016234792,0.06213358843250894,0.05278271237786963,0.04532141301337317,0.04625370387023587,0.05776951458678641,0.03987469276985196,0.05182410971457431,0.041305960272103474,0.04217390001531738,0.04190721989825141
0.057003203255435286,0.04277376528209098,0.04983406041278295,0.056045849019545374,0.05927949168025083,0.05438214155787561,0.04584779669175393,0.04959300711075914,0.049437504098277116,0.055254780891864134,0.06251810819499941,0.05312954923873405,0.046309680869335595,0.04572864128558595,0.05819718653643772,0.0378727493468464,0.051574749944709154,0.0409443130653874,0.0412994572360093,0.042973964281319665
0.059027175618573846,0.04041423332795109,0.05062634828184333,0.056481839890516077,0.058253241054385556,0.053226299614046915,0.04684330598102219,0.047836111802028396,0.049261759505057796,0.05418048366088673,0.06315348018040527,0.05434486469123079,0.04809485315852917,0.04695557350945647,0.05771124428091453,0.03634757310515164,0.05348406520518766,0.04298295471743071,0.04029444859040241,0.04048014382497944
0.059802317705550806,0.04020967288542794,0.05174791981175607,0.05800967713640107,0.0581598873111641,0.052126664272745614,0.04479608967407285,0.046120611330447425,0.04792899665003883,0.055590865214411436,0.06265886763190946,0.05457931426931103,0.049265389826348295,0.04878422236952664,0.057305515618473545,0.03810435449239925,0.05287888669614163,0.04330172617565993,0.04066753252757456,0.037961488400639516
0.061190782660614285,0.039808198546595674,0.051119301068832196,0.056831075121409766,0.059266290038836864,0.05029927419116059,0.044829247442557764,0.044550001122613925,0.04770060105228945,0.056233653280604146,0.06418893245905802,0.056213267727716,0.05250276664267288,0.0473400373415331,0.05695958590685025,0.03544573627615448,0.05498643990997625,0.04302688123893975,0.0419384996581411,0.03556942831344348
0.06008895649795839,0.039174216486510094,0.05168970310855987,0.05813147042819876,0.0591437415282981,0.04992233210195604,0.0435485561104768,0.042643093860252196,0.04771169373492861,0.05664815959455018,0.06348312984153462,0.05455501805134727,0.050460537026903,0.048078067666441016,0.0563256881519509,0.03924258680150113,0.05555506341797955,0.0445050561628356,0.04370544847909735,0.03538748094872052
0.06009437052550693,0.03953795053308052,0.051344098426216504,0.05699309427552511,0.05887030031720335,0.05059923508535546,0.04474621218172078,0.043488678881351835,0.04820947558590674,0.05602251017309427,0.06427626812357923,0.05567503154921236,0.05187194883304382,0.04755665945497431,0.057270270874234024,0.03657773621236617,0.05507203481240977,0.043623300702948724,0.04232986048337145,0.03584096296889863
0.06074567948094137,0.039600726411129945,0.050793544698135906,0.056992415765857625,0.05958032521070056,0.05121627549472757,0.044932194306791476,0.04473354218911108,0.048262017772776375,0.05587998340325218,0.06461196277138762,0.055093498434521285,0.0500956546421155,0.047015986296432,0.05717707921311005,0.036293266946125426,0.05524345286560148,0.04336505162809101,0.04162252524924549,0.03674481721994607
0.06020766804926796,0.0408998684695086,0.05050298307776256,0.05715149662909922,0.059296489653149806,0.05323339469855706,0.04518501407624293,0.04755212594851292,0.048228345674708385,0.05595010942118367,0.06344345548764402,0.05467038814527967,0.048115494552655985,0.046902919095780087,0.057787779312921145,0.0363215891074865,0.053239560207346985,0.04148611965481814,0.04035072461380053,0.03947447412427382
0.06060722632315777,0.04081176982988387,0.05050783639355532,0.0561229904361644,0.05942363211111416,0.052736282358545876,0.046008062692381516,0.047749065847736784,0.0481624917674057,0.055130338816342946,0.06452235528839456,0.05555559791994043,0.05056069632944099,0.046253119927377566,0.05784675759646466,0.033591391386814703,0.053519982015723715,0.04138483827231123,0.040105545618944013,0.03940001906829977
0.06216424253644216,0.038651208724376995,0.05099809265334199,0.057859446009888044,0.05946003569617466,0.0523833035105545,0.045358562662250856,0.046848849897876216,0.04743358273003156,0.055232832873250856,0.06424339497269144,0.0563435133063221,0.049903920143331656,0.04735913005745363,0.05736776958997425,0.03422243306221054,0.055471378826725065,0.042032703752629935,0.039724296457331554,0.03694130253714197
0.06172539865919655,0.0392781982288454,0.051358475802519406,0.05842805008586614,0.05914941986017269,0.051983350040279104,0.044766509763751315,0.046544390626491246,0.04753046403336618,0.05564585504708468,0.06420087052237027,0.055629143590068125,0.04982698201426055,0.04803011873362993,0.05746157894198342,0.035479917370587845,0.05396521407636286,0.04217682129032045,0.03982849887537362,0.03699074243747021
0.06302775266638187,0.038727024907387345,0.05110603993813177,0.05811817503604859,0.06012018549299139,0.051821054028540155,0.04482355127262579,0.04658685319242397,0.046972792623280635,0.055836372721351696,0.06474086431069494,0.056966918476295834,0.051233333259052945,0.046955964087561114,0.057011041028308375,0.033118171680006844,0.05572011406568375,0.0412667484270031,0.0398586768136902,0.03598836597253968
0.06295310202969877,0.03807552465855661,0.051072388635355404,0.05886601800810602,0.059933678293395465,0.051363864375241194,0.044013659232105325,0.04570745947996002,0.0472118317792118,0.056406488522233934,0.06441871121613905,0.05635598375134666,0.04971760516785915,0.04770119517862925,0.05698833972720191,0.03541499276462795,0.056010637694115475,0.042286510949394146,0.040247833879150985,0.03525417465767087
0.06242649425996465,0.03893247613527181,0.051071758934250935,0.05827769021969077,0.059605439555441286,0.05187334123348375,0.044687637790867256,0.046568697507778756,0.04732150931097357,0.0558081537143167,0.06414071749546997,0.05608962544386007,0.04984345775631271,0.04754270271723168,0.05708388010707952,0.03485299189663918,0.055203582175915374,0.04194855609522133,0.04001117826036365,0.03671010938986702
0.06308782748321222,0.038419472026118506,0.05105164987615481,0.05818501746304852,0.059961748382879064,0.052027029432826354,0.04489503398614072,0.04690477901719542,0.046944965808494735,0.055739971020506214,0.06458986184084042,0.057079835053817245,0.050950374650934646,0.047163992682255435,0.057156084160174016,0.03320507340007606,0.055697883103439164,0.04139761776374539,0.039585340088387634,0.03595644275975343
0.06308380373439322,0.03829488925946729,0.05087657438781108,0.05917093669279573,0.059691232409042685,0.052387725839798664,0.04451140078069935,0.04754481152147246,0.04701127381761212,0.055689205888498204,0.06397891676996097,0.05644404235112483,0.04932138550268869,0.04824715488894709,0.057363712960298324,0.034540111260701625,0.05511052455449379,0.04141796671098676,0.0389527527150034,0.03636157795420373
0.06311685721865481,0.03841985320248365,0.051201378586357114,0.05871755310611164,0.06003232838192305,0.051801753978432376,0.04463033640118448,0.047152507878715826,0.04674954633720612,0.05555232106954133,0.06449850116765155,0.05657906903675076,0.050624995601010796,0.047457707226237565,0.05694340156531748,0.033551346004566496,0.05549732748032372,0.041402168034510634,0.0397127596983228,0.03635828802469781
0.06317377059032069,0.03880964318147802,0.051350232963397975,0.058861662505879986,0.060606427759133864,0.05194520109185547,0.04374843113961991,0.04743073340909366,0.04609071427704073,0.05643714368880401,0.0640957320993485,0.056671920455806934,0.05098641217142985,0.04661275993069942,0.05636751139507905,0.033353389437113294,0.05560920812368862,0.04041054244019914,0.04067290611005203,0.03676565722995886
0.0630702728807069,0.038296458661574335,0.051424175336027285,0.058711778374783634,0.060036190890291455,0.05171394890886735,0.04405742542865124,0.04703698941583547,0.04626314668872377,0.05640363556366296,0.06368042671934405,0.05669961895557468,0.050394402819773636,0.04712407794707331,0.056490254716743335,0.03450009845071974,0.05585786206471488,0.041519673073689305,0.04069969101321458,0.03601987209002807
0.06207373748106687,0.038937824781635946,0.05118246620369503,0.058156778510815306,0.059716076087649964,0.052001897594196496,0.04472560052174117,0.04649331582599934,0.047059228675064055,0.05562008055267917,0.06383125932071335,0.055880540589625216,0.04993426646840099,0.047279120127360505,0.05671311490508707,0.034899959544856134,0.05569985643258665,0.04203469872640033,0.04070721198695258,0.03705296566347381
0.06360821287920734,0.0382916882527447,0.05108072533334407,0.05837217292432063,0.06040528456960979,0.05170604648744067,0.044651137726822214,0.04640817852924572,0.046596495050970056,0.05600387714643487,0.06479197792392777,0.05744796019902203,0.05177262925535771,0.04710035017449183,0.056780081759890876,0.03271199340218582,0.05628739604962805,0.04124685745131102,0.0398065600052311,0.03493037487881374
