0,1,2,3,4,5,6,7,8,9,10,11,12,13,14,15,16,17,18,19,20,21,22,23
0.042854935,0.03932766,0.042542696,0.042544756,0.040717855,0.039787427,0.043310154,0.040739473,0.042479172,0.040200736,0.040484313,0.040530253,0.040187236,0.04566215,0.041408155,0.04123167,0.04258263,0.0416275,0.043643698,0.04377787,0.040529784,0.043874834,0.040918697,0.039036382
0.04270261,0.039029587,0.042404026,0.042646684,0.040151995,0.039897475,0.043844283,0.040664997,0.041954704,0.040086433,0.040342998,0.040601913,0.040032133,0.045760304,0.041471887,0.041284677,0.042791292,0.041404746,0.043880034,0.04414905,0.04055225,0.04409399,0.040930662,0.039321322
0.042877726,0.03892061,0.04190714,0.042736806,0.040553484,0.039491452,0.04354437,0.04030597,0.0418031,0.04027826,0.040910754,0.04074888,0.039684147,0.04542476,0.04127476,0.041794673,0.04299079,0.04126387,0.044103287,0.04400533,0.041165035,0.043812383,0.041092094,0.039310325
0.04351169,0.038801104,0.04189734,0.043064397,0.040312734,0.039538603,0.0433527,0.040778134,0.041990258,0.040015582,0.040551722,0.040684957,0.0398957,0.045460153,0.04106363,0.04174997,0.042792793,0.04107549,0.04321305,0.04400125,0.04063893,0.044506446,0.041604932,0.03949842
0.043075427,0.03872062,0.042122856,0.043715656,0.040576298,0.03887795,0.0428384,0.040248454,0.04217007,0.039809506,0.04002855,0.04047287,0.039901204,0.04620784,0.041612156,0.042037938,0.043250177,0.040973283,0.042896084,0.04481918,0.039860595,0.04486494,0.040973276,0.039946645
0.04292162,0.03933926,0.041920338,0.0432605,0.04100222,0.039106578,0.043172568,0.040325657,0.041869387,0.04020137,0.040058255,0.040333375,0.039833255,0.047046028,0.04191544,0.042128205,0.042639505,0.040949415,0.043460812,0.044235773,0.03981156,0.044235073,0.040947337,0.039286498
0.04318705,0.03934744,0.042253453,0.042941585,0.04056006,0.03950224,0.04365943,0.04057737,0.0430662,0.03945024,0.039911315,0.04057553,0.04065328,0.04667955,0.041851763,0.04071791,0.042958084,0.04099886,0.043503046,0.043910775,0.03978433,0.043659534,0.04109504,0.0391559
0.04279286,0.038272332,0.04152563,0.043917682,0.03991521,0.039699946,0.043794446,0.040897887,0.04278012,0.039679594,0.039914276,0.040450074,0.040644564,0.04567981,0.041693352,0.040611338,0.042686354,0.04144113,0.044014644,0.04396062,0.04006792,0.04430236,0.041410808,0.039847
0.043076593,0.039077498,0.041404326,0.0445614,0.03972944,0.03962366,0.042963356,0.04027321,0.04222015,0.0400584,0.03958672,0.03988683,0.04070543,0.04675074,0.041351635,0.04063529,0.04276867,0.041608706,0.044244904,0.044212244,0.03994484,0.044654302,0.041146684,0.039515007
0.043669667,0.039319128,0.042264905,0.043499343,0.040338524,0.03940429,0.043000933,0.04112133,0.04230425,0.039839666,0.040410683,0.04040363,0.0407729,0.046457645,0.041896693,0.040712107,0.04248032,0.040669255,0.043088112,0.043427926,0.040420517,0.044680763,0.04109737,0.03872005
0.044616114,0.038685422,0.04184786,0.042620983,0.04012213,0.039676834,0.04313466,0.040510584,0.042041317,0.040351234,0.040148858,0.04017066,0.04029318,0.04629878,0.041115582,0.04099933,0.043339636,0.040729947,0.04375515,0.04392091,0.04010427,0.044532523,0.042032965,0.038951077
0.043013178,0.037661318,0.041405503,0.043701977,0.040414553,0.04009558,0.043929774,0.04122368,0.0410633,0.04065731,0.040460877,0.041263282,0.03952041,0.046506036,0.04048186,0.04030247,0.042948365,0.04101711,0.041727763,0.045443695,0.03898589,0.045939103,0.042598594,0.039638344
0.0412991,0.037660003,0.041572914,0.04621914,0.039983783,0.03835998,0.04475831,0.04113154,0.0425339,0.03983537,0.04269236,0.040563617,0.03826208,0.04730739,0.041818444,0.04123416,0.042508308,0.03950152,0.041537914,0.045229793,0.03897445,0.045513287,0.043489244,0.03801339
0.04235338,0.040169675,0.04054284,0.044183288,0.039293557,0.03957281,0.043490745,0.041533533,0.04267544,0.03911169,0.041300323,0.03845087,0.039166175,0.045984305,0.041604206,0.040521387,0.043493792,0.040003557,0.043653928,0.043508597,0.03995812,0.04575724,0.04317495,0.040495615
0.041728247,0.039295636,0.040946037,0.043644264,0.0397196,0.04056805,0.043649044,0.040998843,0.03976209,0.041589092,0.040643066,0.03891853,0.039771724,0.04646716,0.041465137,0.039297473,0.041881636,0.04150637,0.043701272,0.042852506,0.03883447,0.046817522,0.043819115,0.04212317
0.04290954,0.03836254,0.041598246,0.043861013,0.038756,0.03837467,0.04291791,0.04100577,0.042412486,0.040424842,0.041595813,0.041222703,0.0396456,0.048202712,0.04164952,0.041464947,0.042879887,0.040555365,0.04197147,0.043036666,0.038715508,0.04599739,0.043361787,0.03907759
0.043500952,0.0377152,0.041934494,0.044873342,0.03779212,0.037615057,0.042334568,0.041755702,0.041152358,0.040905938,0.04371208,0.041078877,0.04047768,0.046672083,0.041957986,0.04051649,0.041761827,0.038343884,0.043105256,0.04411488,0.042184185,0.045334473,0.042718403,0.0384422
0.042965084,0.037280183,0.040336896,0.043560777,0.040364742,0.03635791,0.04279876,0.04042702,0.04198471,0.04084536,0.042967312,0.04013623,0.041137315,0.048880223,0.03996377,0.04251384,0.041545562,0.040863343,0.042823948,0.044659507,0.040003646,0.045064293,0.04222933,0.04029018
0.044119976,0.03829552,0.043277547,0.043394454,0.03947726,0.037651647,0.04200983,0.04038637,0.042559095,0.04125658,0.04200458,0.04127902,0.041794963,0.050007414,0.04015155,0.04032235,0.043671016,0.04029637,0.040875677,0.042260833,0.03760056,0.04618438,0.041996192,0.03912678
0.04546302,0.03823357,0.04299605,0.043519087,0.038482815,0.03723896,0.042244375,0.04193208,0.042837072,0.039587144,0.040075112,0.039682526,0.041004926,0.048833128,0.042394396,0.04183815,0.042949464,0.038639028,0.041513883,0.044734426,0.039220847,0.044752043,0.043748014,0.03807988
0.044062126,0.038653433,0.04147936,0.045199275,0.03789351,0.038239606,0.04255514,0.042272847,0.04279686,0.041228455,0.041796885,0.03809244,0.042402085,0.04747519,0.04192151,0.042939153,0.04300909,0.039162543,0.04126551,0.045263123,0.039200954,0.043520246,0.040824983,0.038745668
0.04259029,0.038421255,0.043025043,0.045525566,0.039931636,0.039289087,0.04332112,0.04291523,0.043118265,0.04013142,0.041637726,0.039886992,0.039782815,0.048292957,0.038861297,0.041354366,0.042144354,0.039965272,0.040955123,0.04296281,0.039163053,0.043708406,0.041590244,0.04142571
0.041781157,0.039204907,0.041294888,0.044257063,0.040781222,0.038112883,0.045415673,0.043277238,0.042079806,0.040940765,0.042241838,0.041744906,0.039584916,0.044652082,0.041148636,0.039993364,0.041793194,0.038679656,0.04285476,0.042472884,0.039848953,0.043471284,0.04330264,0.041065257
0.042847827,0.038649525,0.040831238,0.04345339,0.041053038,0.037020303,0.04380863,0.0426322,0.043311138,0.040303156,0.041436087,0.04080032,0.04051835,0.044965573,0.042189308,0.042398885,0.042444594,0.039827194,0.04426818,0.041863013,0.04039464,0.043284167,0.042726576,0.0389726
0.043585293,0.038856324,0.042035535,0.043200623,0.04173416,0.03899643,0.043176048,0.04362762,0.042150196,0.04179974,0.041027166,0.039496254,0.038118612,0.04645542,0.041475646,0.042357612,0.042015176,0.040689286,0.044599406,0.04228412,0.038162764,0.04454518,0.03995149,0.03965984
0.043746863,0.0381337,0.0418946,0.044277668,0.039564732,0.03937508,0.041767273,0.046362683,0.042431682,0.04071677,0.040761407,0.04128188,0.039245177,0.048037067,0.03944799,0.04162641,0.04079233,0.041946962,0.044466004,0.041910943,0.03826225,0.04372406,0.04088993,0.039336536
0.04343455,0.038779076,0.041009996,0.042764295,0.03731845,0.03943564,0.043838266,0.045971252,0.043034036,0.039844792,0.040455483,0.041746415,0.03769951,0.04595773,0.03951793,0.041043516,0.040993415,0.03915068,0.044806473,0.04540736,0.038775172,0.04305644,0.04540114,0.040558357
0.041701812,0.038174585,0.039889168,0.041320186,0.039241925,0.039201148,0.0463188,0.04230553,0.039586116,0.04003811,0.041997533,0.04251799,0.0400482,0.046925932,0.041358758,0.04261937,0.04142385,0.039813522,0.043734897,0.04315232,0.038120743,0.04414674,0.04600526,0.04035753
0.045243364,0.038117047,0.039871622,0.042840026,0.038324866,0.040575497,0.044442765,0.03899657,0.040567145,0.03996423,0.042816818,0.03984782,0.03938236,0.048064243,0.039504744,0.043453585,0.040586464,0.04204114,0.04297506,0.0437353,0.039372563,0.046082728,0.043324653,0.039869417
0.04166006,0.03949756,0.04079146,0.042460613,0.039463453,0.04033156,0.04352027,0.039810956,0.03981764,0.038579218,0.041606184,0.0408231,0.03941165,0.046601757,0.041736923,0.043181498,0.039851323,0.044729333,0.043176576,0.043923847,0.03873516,0.045439072,0.042963102,0.041887704
0.040758736,0.03922192,0.037958127,0.04427789,0.042371184,0.04032715,0.04522464,0.039861787,0.041341282,0.038922943,0.041458,0.039776307,0.038474817,0.046881035,0.04436688,0.04368638,0.043184247,0.042916577,0.043355025,0.044520497,0.03811138,0.04344286,0.041775495,0.03778481
0.04316306,0.03844941,0.037774105,0.04419187,0.040329326,0.04055369,0.0452198,0.042371232,0.040396318,0.040114436,0.040388606,0.041038517,0.039452516,0.045821093,0.04125524,0.042203996,0.042681832,0.04103185,0.045986366,0.044726737,0.039468396,0.041800145,0.041199245,0.04038222
0.04102853,0.03722334,0.039336827,0.044098087,0.040752817,0.040229414,0.04649619,0.04013469,0.040495273,0.04002304,0.041001853,0.04159282,0.039251138,0.043809544,0.044477355,0.043877613,0.042767063,0.042282905,0.044864453,0.044531472,0.03759616,0.04210069,0.04146476,0.040563937
0.04095487,0.03909496,0.041462895,0.043712668,0.04069004,0.03758122,0.047550164,0.03821121,0.041196384,0.03953242,0.042344198,0.043313894,0.038761575,0.045949243,0.0453085,0.043111693,0.04236939,0.041066915,0.042389296,0.043362852,0.039101347,0.042286217,0.040419333,0.040228717
0.040152524,0.037670378,0.039252713,0.043284338,0.039608285,0.037364632,0.04771453,0.04095255,0.039952178,0.040427167,0.045324456,0.041396998,0.037570965,0.04625797,0.044786926,0.043285605,0.04220601,0.041494086,0.042995904,0.04291812,0.039754488,0.044187404,0.041314762,0.040127
0.037756532,0.040681995,0.037783515,0.043299604,0.04008302,0.03776427,0.049419884,0.040471345,0.04030985,0.038465906,0.044687487,0.04156392,0.037098322,0.04482486,0.04265996,0.04543326,0.04138074,0.041292388,0.04565636,0.041638315,0.041971225,0.043475423,0.04325037,0.0390314
0.041771676,0.041404776,0.04038208,0.042681765,0.041421082,0.037324898,0.048321277,0.03908112,0.03995438,0.03845691,0.04294296,0.040331945,0.038240544,0.04545018,0.042029597,0.04544478,0.0398713,0.043685086,0.044333633,0.042540934,0.040309656,0.041440845,0.043228507,0.039350063
0.04140837,0.03969865,0.041435227,0.042122554,0.040899698,0.04103473,0.04546031,0.040978648,0.040137187,0.040601447,0.039897334,0.04019928,0.03754734,0.046078913,0.043116793,0.04497799,0.040574424,0.041796148,0.043720644,0.044229038,0.038375117,0.042652443,0.04302339,0.04003426
0.042086538,0.039239254,0.040716987,0.04138394,0.0403388,0.041721683,0.044080835,0.040171504,0.041542504,0.040199064,0.040396858,0.041851476,0.03818954,0.04489562,0.044958383,0.04480281,0.04082371,0.04064817,0.043207936,0.044716455,0.039248783,0.043413177,0.042733967,0.038632028
0.043401074,0.03734431,0.041228093,0.04134277,0.040118594,0.038581345,0.04566359,0.03923787,0.042213216,0.03800521,0.043736696,0.042221915,0.039612506,0.046286523,0.04265466,0.044657845,0.043251827,0.038935773,0.04220602,0.044508494,0.0385109,0.043912005,0.043953583,0.03841516
0.043607436,0.039271116,0.04037722,0.041670438,0.040704966,0.037987247,0.045337416,0.040620778,0.043463793,0.037964184,0.042180713,0.03992791,0.0380708,0.048772395,0.043187287,0.04415547,0.043173917,0.03835657,0.0428374,0.043578386,0.037527233,0.043125622,0.045075618,0.03902613
0.044842463,0.038445964,0.04056285,0.042177755,0.040870443,0.03748469,0.044071477,0.041596703,0.04332257,0.038958386,0.041657683,0.03813828,0.038753346,0.047863137,0.04324822,0.04331921,0.04248821,0.03744389,0.042137142,0.044392068,0.039543826,0.04420591,0.045044973,0.03943078
0.04225751,0.039791506,0.04074011,0.042668805,0.041662153,0.03782626,0.04466418,0.04074294,0.042284384,0.03824345,0.04173126,0.039057102,0.038375903,0.048685882,0.044228896,0.041502703,0.042171985,0.037684035,0.043271337,0.045502026,0.04029413,0.04425543,0.044538733,0.037819285
0.04057816,0.03911425,0.041243598,0.043024022,0.040949095,0.03713403,0.046192057,0.039157793,0.04128948,0.0377179,0.042124663,0.039738476,0.037961666,0.04862675,0.04347585,0.041708678,0.042509228,0.03849303,0.04417941,0.04454502,0.040005434,0.045575168,0.044811536,0.039844744
0.041668303,0.0392851,0.041057926,0.042734135,0.040310927,0.037506815,0.046023935,0.039475232,0.041588698,0.039344136,0.041712657,0.040596724,0.038242295,0.047718875,0.04205719,0.042142007,0.04254733,0.039227117,0.04405495,0.043745954,0.040365186,0.04590055,0.043731995,0.03896196
0.042646244,0.03980018,0.04106917,0.043127723,0.04064906,0.037750043,0.0442801,0.0394838,0.041166946,0.038301054,0.042546358,0.040260717,0.039974105,0.04981566,0.042184435,0.0428251,0.042132158,0.039588455,0.043486685,0.043641172,0.040306978,0.04468855,0.04282987,0.037445385
0.043189805,0.039954547,0.042495035,0.042664364,0.04111268,0.036847357,0.044365842,0.0415338,0.040923104,0.038901806,0.041931253,0.03991974,0.03995139,0.050876208,0.041222274,0.043642513,0.04242297,0.039977092,0.042160936,0.0434038,0.03964438,0.042345576,0.04369651,0.03681698
0.041910175,0.03849168,0.04219661,0.041363247,0.04101705,0.03736447,0.045485884,0.040629845,0.041881923,0.03948056,0.041940536,0.04009041,0.039553028,0.050117955,0.043577846,0.043120105,0.044121824,0.039903652,0.042321187,0.043322895,0.03839844,0.042434398,0.043294884,0.03798132
0.04135315,0.038113993,0.04153846,0.042580727,0.041065168,0.037915118,0.045356847,0.0403419,0.040424827,0.039265454,0.042207908,0.039404944,0.03873189,0.049866408,0.043879285,0.04304106,0.044182792,0.040586714,0.043110162,0.04391805,0.038896654,0.042178426,0.043049857,0.038990177
0.041634753,0.038589276,0.0411767,0.0422502,0.041576795,0.037600018,0.045799382,0.040533725,0.039799817,0.03832894,0.042659212,0.03870923,0.03955032,0.04940868,0.04418078,0.04314407,0.044489607,0.041301508,0.043166652,0.044175938,0.038862,0.040084682,0.044591352,0.03838636
0.040536553,0.03913169,0.040446497,0.04168099,0.041053563,0.038805023,0.046655163,0.041620556,0.040188864,0.03846867,0.044329688,0.040252615,0.038531136,0.04548992,0.044159323,0.041690424,0.043591563,0.041333124,0.04348967,0.044432733,0.038940083,0.041434936,0.045067944,0.038669266
0.040704034,0.038590316,0.04195464,0.041012518,0.041644398,0.038591534,0.04638035,0.041382905,0.040971253,0.039911743,0.0422737,0.041033752,0.0386571,0.044677094,0.042369705,0.04406263,0.042836614,0.041086532,0.043863226,0.043539375,0.038944025,0.04255374,0.0437642,0.03919461
0.03976661,0.037409928,0.04064122,0.041557185,0.04142506,0.03832867,0.04626827,0.042083334,0.0429965,0.04030698,0.04269831,0.041236922,0.037932787,0.046240892,0.042615272,0.042895872,0.041632663,0.04057115,0.043803923,0.044594254,0.03822519,0.042860903,0.04467136,0.03923674
0.039398614,0.038686913,0.039261587,0.043550253,0.040089827,0.037580915,0.047850847,0.04271403,0.042623088,0.038745917,0.04293614,0.040424496,0.038468,0.047374036,0.04209872,0.041952897,0.040242378,0.04092862,0.044341356,0.045812387,0.039604202,0.041705642,0.044558063,0.03905109
0.041206546,0.039315313,0.039603695,0.041921783,0.039748974,0.038409986,0.04408902,0.042653896,0.04051752,0.03850161,0.042689636,0.040483985,0.039507657,0.04992808,0.04074239,0.043004144,0.041053426,0.039181236,0.043999244,0.04596352,0.041624554,0.04261323,0.045418564,0.037821934
0.042106275,0.03978865,0.037937865,0.042926837,0.03965511,0.038339715,0.04537528,0.04303163,0.04074902,0.038179733,0.04094273,0.040834554,0.038859516,0.04939127,0.04106007,0.041715182,0.04144145,0.038463328,0.044303328,0.045910556,0.040462025,0.044059426,0.045724582,0.038741853
0.041275714,0.039479814,0.037740633,0.04334412,0.038867164,0.036858514,0.04566791,0.042676143,0.041033242,0.03757966,0.040876087,0.041070644,0.039191253,0.04904666,0.040754076,0.042089246,0.041087147,0.039208576,0.046109587,0.045976747,0.040900104,0.04450831,0.045028377,0.03963026
0.04176766,0.038621027,0.03789965,0.04147408,0.038843997,0.037440684,0.04562621,0.041387655,0.04136521,0.0397311,0.04205377,0.041521426,0.040431503,0.048848547,0.041305788,0.041960254,0.04027132,0.040286154,0.04564053,0.044554085,0.041174274,0.044661444,0.042884752,0.04024891
0.041718964,0.040165775,0.03895737,0.04306841,0.038891494,0.037250876,0.0479656,0.039911762,0.042201415,0.04035423,0.042196345,0.039984122,0.039941404,0.047206834,0.042576775,0.041547704,0.040034942,0.0395701,0.045261208,0.04222212,0.040432416,0.04598685,0.04248517,0.040068183
0.042829767,0.03889896,0.037524424,0.042340063,0.037179235,0.03719793,0.04657193,0.039910685,0.04123428,0.038897183,0.043093257,0.040272314,0.041362356,0.04785979,0.04241742,0.043798506,0.04230851,0.04030368,0.044444665,0.04332329,0.039531972,0.04492454,0.044501014,0.03927422
0.04264944,0.038995408,0.038067047,0.041521914,0.03738885,0.0375691,0.045384616,0.040063757,0.041996125,0.038741194,0.0448256,0.040762406,0.041682955,0.04931182,0.041789573,0.041817784,0.041685313,0.039648775,0.04412023,0.0433734,0.04067136,0.04414122,0.044639736,0.039152347
0.041910227,0.038342234,0.03938068,0.04334708,0.03963581,0.038093675,0.04485786,0.040156547,0.04131553,0.039077766,0.04444674,0.040936667,0.040628716,0.048327316,0.04309351,0.041692283,0.04257509,0.03836667,0.042152904,0.043898147,0.04157716,0.043418,0.045241285,0.037528113
0.04320962,0.038176414,0.040971633,0.043082327,0.04035292,0.03789967,0.04640575,0.041045394,0.040133093,0.040417954,0.044120282,0.040500343,0.039380997,0.049047064,0.040715776,0.041550543,0.043795932,0.038821783,0.040692285,0.04553954,0.040234216,0.042658497,0.043468792,0.037779186
0.041997608,0.03920679,0.03859586,0.042225357,0.041762494,0.036789276,0.046479575,0.040911585,0.04154594,0.03998962,0.04456178,0.039216015,0.040465783,0.04850065,0.041997727,0.04287742,0.04303711,0.038814373,0.04201192,0.044416018,0.040334012,0.04357141,0.043470666,0.03722105
0.04159946,0.03837769,0.037917655,0.04270756,0.042049114,0.03603792,0.049330447,0.042654514,0.04118757,0.037877835,0.04287795,0.041381363,0.040050417,0.049427696,0.040117968,0.043392412,0.040849425,0.04020261,0.041526526,0.043689433,0.040696077,0.04278909,0.043972824,0.039286457
0.04025571,0.03871074,0.038494896,0.04219517,0.040993195,0.038652975,0.0500624,0.041063365,0.04108722,0.039943933,0.041037798,0.041627835,0.039036643,0.04719035,0.040820636,0.042610254,0.041718014,0.04121262,0.042796813,0.044202007,0.041117743,0.0444938,0.04144382,0.039232004
0.039893758,0.038486384,0.040660206,0.043032758,0.040096167,0.038008623,0.049066704,0.04172876,0.042553328,0.03888828,0.04078121,0.042030036,0.038478944,0.04654137,0.041980382,0.04185802,0.041052155,0.03985843,0.04239875,0.04208985,0.04210914,0.046372376,0.04227329,0.03976101
0.041653667,0.038206182,0.040563975,0.04190191,0.039678402,0.03657906,0.047581967,0.043005638,0.041956455,0.038400885,0.042511627,0.042571295,0.040342998,0.047508005,0.04221107,0.042398315,0.04114774,0.038578045,0.042517804,0.043056954,0.040706914,0.043720298,0.04378321,0.039417617
0.040579055,0.037600808,0.042123336,0.043790422,0.038810924,0.03778037,0.04659444,0.04138308,0.04142031,0.03989642,0.0420538,0.03978336,0.03980584,0.0477369,0.041567523,0.043893494,0.042661067,0.039401714,0.04296999,0.04386482,0.038631298,0.04414146,0.043502375,0.040007193
0.042165793,0.03820305,0.043952692,0.042398002,0.038716346,0.03813223,0.04555685,0.04012292,0.041933835,0.04069875,0.041995764,0.040044684,0.03948816,0.048752826,0.039788783,0.04231622,0.04172141,0.041593872,0.042548764,0.045016,0.03861495,0.044258002,0.042163968,0.039816123
0.04336391,0.03853429,0.04135667,0.042586677,0.039496556,0.03791696,0.046303406,0.041770834,0.04123218,0.04038515,0.042244278,0.039501023,0.04001624,0.050571,0.039183244,0.041796573,0.041981876,0.03904828,0.041731063,0.046039965,0.03913477,0.04411718,0.041997824,0.039690133
0.042364836,0.039292034,0.04068272,0.042624466,0.040520474,0.037145387,0.048742384,0.040345903,0.039645366,0.040324856,0.042439442,0.039904386,0.039592978,0.049054414,0.03938017,0.041273117,0.042212334,0.04004443,0.04325714,0.04628945,0.04024458,0.04241255,0.042120215,0.04008638
0.041856978,0.038168073,0.042301044,0.04115793,0.038602445,0.038240373,0.049751874,0.041081756,0.041470643,0.03958708,0.04445943,0.04155517,0.0385916,0.046622615,0.040997468,0.041931216,0.042754088,0.03993427,0.04272297,0.045270987,0.03940617,0.042123843,0.041544955,0.039867036
0.039891463,0.036049888,0.04128872,0.042403337,0.038789757,0.03781579,0.047196638,0.04015436,0.042117536,0.039048404,0.043558165,0.04025294,0.038482502,0.048870772,0.042066075,0.043434586,0.043053977,0.041784145,0.042379066,0.045062393,0.039483808,0.043535322,0.042169977,0.0411104
0.040819414,0.037469186,0.04002663,0.04452901,0.03857966,0.0385788,0.04616764,0.039823476,0.040021576,0.039880004,0.043652654,0.03947699,0.03925652,0.047123726,0.0421384,0.04097633,0.04240374,0.041880034,0.044935502,0.04563691,0.040628325,0.042636417,0.042716015,0.04064302
0.0418794,0.036655866,0.040157255,0.044307705,0.037149556,0.03904807,0.044622008,0.03958429,0.040597603,0.040515903,0.043637145,0.039443426,0.041301847,0.048009314,0.040711343,0.04105437,0.041630134,0.043540657,0.04398925,0.04481181,0.0402396,0.0440357,0.04375037,0.03932739
0.04283897,0.03738379,0.039680406,0.044908848,0.037574656,0.038034145,0.044183895,0.039083738,0.039934915,0.040917095,0.044282615,0.040093135,0.04212866,0.047749143,0.04034545,0.03918563,0.041947797,0.04151044,0.04291272,0.045401335,0.039913353,0.04580182,0.044175047,0.04001233
0.043417677,0.039359264,0.040949102,0.043674026,0.03870771,0.038483802,0.04633827,0.04013565,0.041610584,0.03974482,0.041586723,0.040489428,0.041568894,0.046721566,0.042700324,0.04052407,0.04319242,0.03907417,0.043096077,0.044406414,0.038872987,0.043891873,0.04154691,0.039907236
0.0427682,0.038599584,0.041687608,0.04205396,0.03800633,0.036608145,0.046469346,0.04154279,0.042832535,0.039002933,0.041722145,0.041779846,0.041627165,0.04858989,0.0426723,0.04390196,0.04041343,0.040323455,0.04380367,0.043461587,0.0385216,0.04316008,0.04103889,0.039412517
0.04136218,0.038237114,0.041910168,0.043470744,0.03826617,0.03799327,0.04598733,0.041130386,0.043084137,0.037951864,0.042055473,0.041328706,0.04113965,0.049192872,0.041155785,0.042949382,0.04046971,0.04065458,0.0432035,0.043243226,0.038916685,0.04447652,0.041503914,0.040316597
0.040160388,0.038080744,0.041085504,0.04286314,0.03944453,0.037039492,0.045447215,0.04121858,0.042119175,0.037864495,0.04167167,0.040969916,0.040197507,0.050169054,0.040004212,0.04458398,0.041409217,0.041686255,0.04190125,0.043395627,0.03901881,0.044691313,0.042424086,0.042553812
0.040224373,0.03736043,0.040346093,0.042939104,0.038566153,0.037174955,0.045425605,0.042094715,0.042526994,0.03808406,0.040939488,0.04068242,0.038873643,0.05288788,0.04153148,0.044349227,0.043637957,0.041077714,0.04107967,0.043928385,0.038348693,0.043402907,0.042924117,0.041593954
0.0417405,0.037034117,0.038487125,0.045042217,0.0377566,0.038157366,0.045554187,0.041497715,0.042415895,0.03870866,0.042182878,0.04040143,0.039379235,0.046878602,0.04411027,0.041109387,0.044969775,0.042477448,0.04358893,0.04362287,0.040555555,0.04275076,0.042328704,0.03924976
0.041558657,0.03854593,0.040320944,0.04279886,0.038595255,0.037711006,0.04540381,0.03966671,0.041406922,0.038546134,0.04484009,0.041707773,0.03977595,0.044753052,0.04442959,0.04297064,0.043084636,0.043334283,0.04371503,0.042909954,0.040537357,0.04197877,0.041774474,0.039634213
0.043249764,0.03851428,0.040080577,0.04262208,0.038036846,0.03761294,0.04496667,0.041013137,0.04260436,0.03948155,0.042541455,0.041450523,0.040773835,0.04638581,0.04287494,0.044634696,0.042572696,0.04304024,0.04300738,0.042408966,0.039144166,0.041970734,0.04157669,0.039435707
0.043167442,0.03848462,0.03861382,0.044043344,0.039174866,0.038374938,0.044964895,0.042205237,0.041696627,0.040289804,0.041665696,0.04166718,0.040527567,0.046038195,0.04250426,0.04332165,0.04267581,0.041005444,0.043097828,0.043914206,0.03942657,0.042882234,0.04090728,0.039350513
0.04179072,0.03808797,0.039448608,0.043708358,0.040502865,0.0396148,0.045744125,0.040120885,0.041128594,0.039934535,0.04194099,0.042080738,0.04093656,0.04589965,0.04293881,0.04288622,0.04307017,0.040835537,0.043584973,0.04330979,0.038569454,0.04430481,0.040931948,0.038628895
0.04114001,0.03765965,0.03884337,0.04122883,0.041108556,0.0406473,0.04630224,0.03959087,0.040739417,0.03995812,0.042446043,0.042912874,0.040075187,0.046208426,0.04326451,0.042356454,0.043391563,0.041393124,0.04357098,0.043504067,0.039359257,0.043360434,0.042868603,0.038070068
0.04220137,0.037684664,0.03889499,0.040196914,0.039488167,0.039368667,0.04683395,0.04005863,0.04104104,0.039431,0.043579776,0.042007092,0.039801277,0.046276096,0.04444504,0.04274586,0.043457348,0.040082067,0.043854035,0.04530055,0.040119126,0.042103358,0.042254787,0.038774174
0.041681368,0.0376066,0.04033681,0.041586176,0.04108428,0.03738431,0.04628372,0.038051948,0.04405081,0.03937227,0.042757906,0.041655947,0.03897817,0.045838177,0.044287585,0.04236488,0.043707035,0.039748758,0.044141654,0.04432191,0.039986305,0.04417361,0.04077212,0.039827656
0.041004818,0.037547342,0.04041573,0.043697212,0.04154174,0.036007546,0.046022337,0.038751584,0.042336583,0.038325857,0.04157177,0.04066857,0.03970619,0.04724741,0.044210345,0.041110985,0.04508048,0.040423874,0.04477849,0.044102993,0.04036223,0.04449752,0.04091476,0.0396736
0.039409757,0.038825035,0.04110244,0.04239833,0.040395375,0.035849385,0.04654667,0.04015917,0.04164658,0.039440673,0.041394033,0.039897364,0.038993273,0.04753397,0.043081235,0.043952074,0.043623332,0.04260192,0.044460107,0.04324617,0.0398565,0.043784223,0.04184675,0.039955635
0.04017357,0.039474845,0.04081574,0.04224776,0.04055282,0.038556524,0.047135573,0.04061459,0.041591052,0.04132807,0.04237584,0.039796688,0.03752438,0.04546893,0.042746972,0.044551577,0.042361632,0.041201606,0.045855004,0.04434438,0.03968497,0.04243801,0.040774036,0.03838537
0.042388618,0.039096728,0.040395316,0.043439537,0.04002168,0.03861941,0.046771124,0.04105644,0.04155649,0.040648155,0.042106315,0.04232749,0.04048368,0.045162264,0.04234955,0.04131522,0.041385584,0.041336704,0.044613436,0.043167982,0.039242946,0.04248502,0.042101245,0.037929118
0.042502336,0.03912275,0.040093306,0.043701366,0.03997012,0.039027818,0.046686653,0.04156581,0.041785274,0.040377922,0.04135369,0.042394873,0.03942934,0.045310054,0.042063065,0.041561265,0.0410325,0.040063437,0.04361347,0.04279184,0.040149793,0.043997914,0.04299634,0.038409036
0.04358868,0.038345776,0.04094494,0.042359393,0.04135323,0.038093828,0.04576817,0.041847326,0.041384242,0.04044282,0.041441556,0.040590983,0.039741352,0.04451144,0.042006508,0.043415356,0.04147172,0.039820816,0.043516792,0.041367836,0.04080537,0.044325303,0.042435892,0.040420704
0.042422354,0.036922324,0.04193825,0.04214713,0.041606296,0.037641633,0.04475067,0.04066212,0.0408345,0.040827606,0.041855168,0.040213827,0.040218513,0.047447532,0.040866617,0.043401558,0.04145016,0.040700827,0.042263333,0.042934198,0.039628346,0.045975495,0.042894863,0.040396657
0.042163126,0.038723275,0.03911238,0.043380138,0.040290557,0.036177043,0.04462129,0.040841457,0.04135044,0.03905292,0.04239032,0.041104916,0.03865944,0.049154144,0.04163367,0.0426892,0.040099457,0.03994311,0.04300733,0.0450756,0.041591354,0.046313923,0.043485,0.03913993
0.043212194,0.038850788,0.038896684,0.04131747,0.041310325,0.03609854,0.04525526,0.039206963,0.042242605,0.03839311,0.042695876,0.040667605,0.038746566,0.048296697,0.041602775,0.040934883,0.041634414,0.039631274,0.04226137,0.045986157,0.04193436,0.046288878,0.044229813,0.040305354
0.042806614,0.03939513,0.03949827,0.04181577,0.041906957,0.036603224,0.04458674,0.0393255,0.042957325,0.038329426,0.04500452,0.040571537,0.039225645,0.046727218,0.040552735,0.039267648,0.040644493,0.038882542,0.042928092,0.042790614,0.041430257,0.046917878,0.046187997,0.04164393
0.04017443,0.03958604,0.03963344,0.044025082,0.03974195,0.037238058,0.047050245,0.03987559,0.04136876,0.040066835,0.044893358,0.04062415,0.03927187,0.04494512,0.04238444,0.041991908,0.04107783,0.039878152,0.043580085,0.042786337,0.04179627,0.04452903,0.043837935,0.039643124
0.041586477,0.03931948,0.040300824,0.043062527,0.04016136,0.038402595,0.045735467,0.040200938,0.042656317,0.039572746,0.042316698,0.04047104,0.04079422,0.046191514,0.042439964,0.04100597,0.04000184,0.040881068,0.042770416,0.04259587,0.042590115,0.045191824,0.04211021,0.03964056
0.041118868,0.04099922,0.04050822,0.043624897,0.040267415,0.037804093,0.045826178,0.040093098,0.041346088,0.038710352,0.041499663,0.04118478,0.040007386,0.04574025,0.04256009,0.040825788,0.040878184,0.0387897,0.044136606,0.04306995,0.040593076,0.045990143,0.04246122,0.04196475
0.042015042,0.041000884,0.0415904,0.043805927,0.039885424,0.036462847,0.045388572,0.04112635,0.040593278,0.038695898,0.042537384,0.03994454,0.038504817,0.04857931,0.042727735,0.040680695,0.040897015,0.03882584,0.043564554,0.045150448,0.038791265,0.04523127,0.043179277,0.040821217
0.04165888,0.03833646,0.04253424,0.04485848,0.039298967,0.035499524,0.045732807,0.038547438,0.043332722,0.0372741,0.041512974,0.039847095,0.038219705,0.049851783,0.045933094,0.03994987,0.042615786,0.039692648,0.04174836,0.046590902,0.039811254,0.044403087,0.044727642,0.0380221
0.040557887,0.040664285,0.04106188,0.040406156,0.042230573,0.034943826,0.04661352,0.038823087,0.041987877,0.038904928,0.041762263,0.04115977,0.03823576,0.04918038,0.04572451,0.04186943,0.042789772,0.039525907,0.04519185,0.04453743,0.037404653,0.044403818,0.043983303,0.038037147
0.041803937,0.04171686,0.0387434,0.04002138,0.04205973,0.03742528,0.048284013,0.042450298,0.039963137,0.038478713,0.04165291,0.042137288,0.041755877,0.04822787,0.043318957,0.041274436,0.03872334,0.03999552,0.045401268,0.042376623,0.036593337,0.044078186,0.043719165,0.03979853
0.04111265,0.038975548,0.040198047,0.04356528,0.037633292,0.037945483,0.045500685,0.041301552,0.040426895,0.040095747,0.044539195,0.039243307,0.040851884,0.05004874,0.041402802,0.042086735,0.04114607,0.039680168,0.042406492,0.042121753,0.03714201,0.047906242,0.045855217,0.038814258
0.041456487,0.03679994,0.039389785,0.04503415,0.0384349,0.03703291,0.043212146,0.04097791,0.042182077,0.04125102,0.0431745,0.039650034,0.041875016,0.04961956,0.040096365,0.041262466,0.04015745,0.03983594,0.04263189,0.043800376,0.038775466,0.045947988,0.045564912,0.041836727
0.04251163,0.03851653,0.038560946,0.043181565,0.041094236,0.03685973,0.0435104,0.04172081,0.042962685,0.040334385,0.04121626,0.040677387,0.042327706,0.04754775,0.041443266,0.042916607,0.042169772,0.039666224,0.0432776,0.04339836,0.03725872,0.045098368,0.043599404,0.040149674
0.042637177,0.039593715,0.04206492,0.041720513,0.04064734,0.03732806,0.045766827,0.04046076,0.041464344,0.039331686,0.042597264,0.0386804,0.040696103,0.046394534,0.044481806,0.04442653,0.04217227,0.039891,0.0419814,0.04291127,0.038300358,0.045224346,0.042191457,0.039035954
0.042948335,0.039470155,0.042966597,0.041972756,0.039075024,0.036380947,0.044008754,0.040971763,0.040125906,0.03975012,0.04226438,0.037982423,0.041088443,0.048118215,0.044118874,0.04264104,0.043620422,0.038926966,0.0431564,0.043609515,0.039034825,0.04475656,0.04498961,0.03802192
0.04193739,0.0406096,0.03969962,0.045358755,0.038281336,0.038664717,0.0457215,0.04238273,0.04157435,0.040084206,0.041711796,0.037415836,0.04048565,0.047370892,0.0454532,0.042048182,0.042486817,0.037655275,0.04486843,0.042385504,0.03863017,0.044322304,0.041867707,0.038984023
0.041918773,0.040335737,0.041747794,0.04554393,0.0378304,0.039490603,0.0466751,0.041867547,0.04091379,0.039324414,0.043344162,0.039747257,0.038158767,0.047408137,0.04127513,0.04087216,0.039865095,0.040050346,0.042667113,0.044055283,0.039879095,0.04411057,0.042698547,0.040220257
0.04349458,0.038013246,0.039431654,0.04275008,0.03937876,0.035346273,0.047348544,0.04010309,0.042308073,0.038256004,0.044393916,0.043764874,0.0389777,0.04656959,0.043238804,0.04113775,0.04181441,0.03849492,0.04375646,0.044314258,0.04031625,0.04422675,0.043174222,0.039389838
0.042607646,0.03851151,0.039336234,0.04201288,0.03867706,0.035267122,0.046656225,0.038863495,0.044885255,0.038142517,0.043649677,0.041809335,0.040323444,0.045372847,0.044492155,0.041756924,0.041448027,0.039073218,0.045022953,0.04419167,0.039541777,0.04664887,0.042378347,0.039330855
0.04230286,0.039818138,0.042037867,0.042576972,0.040575907,0.03616103,0.04451968,0.040186193,0.043881726,0.038272053,0.041652825,0.040671412,0.038961727,0.04789228,0.04394039,0.043165535,0.042235743,0.041009728,0.04365151,0.04499517,0.037717238,0.044272196,0.040898234,0.03860357
0.042011667,0.038206227,0.041134287,0.044320952,0.03896274,0.03764451,0.042028558,0.04306938,0.044256255,0.03936645,0.042039584,0.0415952,0.03851338,0.04772332,0.042128924,0.04335202,0.04121831,0.04023017,0.04445409,0.044267535,0.03840231,0.04386379,0.04143366,0.039776724
0.043891717,0.0376916,0.039786134,0.043062717,0.04110155,0.038990878,0.04124959,0.04496463,0.043682456,0.041972876,0.042768955,0.039494257,0.039215043,0.049682684,0.039484218,0.042625856,0.040483505,0.039080016,0.042861726,0.043392465,0.038832556,0.042063773,0.04332101,0.040299702
0.043540794,0.037575148,0.037412032,0.042014148,0.042000085,0.036735967,0.044066552,0.043114744,0.042646885,0.041059904,0.042046607,0.040507738,0.041115846,0.048112858,0.04041865,0.043108672,0.04048667,0.03973058,0.042295963,0.04471747,0.039131723,0.044197857,0.0438101,0.040152986
0.045043092,0.03996425,0.038754884,0.042169683,0.040102873,0.03828688,0.04245336,0.038692284,0.043306883,0.038575318,0.042766396,0.040503565,0.038879253,0.049135163,0.041693255,0.041515216,0.041000832,0.03926909,0.04416886,0.044156987,0.040515274,0.04644101,0.04321845,0.039387196
0.04191186,0.041451752,0.041241158,0.042231273,0.041440148,0.039099302,0.045203153,0.038255315,0.040771637,0.038240284,0.041312706,0.041646514,0.038861927,0.046926007,0.04530818,0.040638585,0.040825944,0.042007636,0.04492268,0.04325947,0.039417457,0.04371066,0.042571086,0.038745243
0.04217333,0.04144151,0.0414828,0.04251186,0.040914077,0.03743351,0.044823874,0.03998893,0.04304899,0.037790433,0.03952366,0.041503523,0.038355447,0.048152667,0.04498688,0.041917194,0.041139692,0.04176724,0.04477816,0.04237819,0.03978661,0.043890893,0.04286248,0.037348084
0.040897824,0.041556448,0.039596308,0.044997063,0.03861137,0.03764797,0.044303544,0.041420422,0.041653335,0.0389909,0.04052333,0.040240306,0.03844584,0.047757324,0.041484926,0.043414142,0.04202314,0.041527484,0.045269173,0.043657523,0.04009006,0.042191315,0.043611757,0.040088437
0.04182256,0.03721192,0.040469155,0.046169408,0.038110293,0.038914185,0.045090057,0.040583428,0.042209666,0.04133523,0.042613335,0.040709723,0.037989315,0.04777027,0.04058964,0.04120696,0.041626826,0.04116016,0.042051353,0.04466244,0.039183915,0.04385927,0.043534808,0.04112605
0.042931903,0.03723946,0.039596025,0.04184049,0.038845114,0.03649143,0.04615634,0.03975517,0.043118406,0.041022036,0.043996736,0.041556522,0.039760444,0.04817471,0.04122499,0.041903697,0.04296893,0.039635047,0.04267722,0.04534367,0.0382148,0.045023505,0.042624593,0.039898835
0.04044611,0.038059305,0.037853174,0.04310505,0.039692886,0.037536144,0.046534583,0.041339528,0.04142837,0.038946923,0.045289792,0.043723505,0.03976094,0.04762729,0.042498823,0.041487996,0.04003684,0.04033461,0.041299023,0.046180524,0.04098938,0.045106117,0.04246653,0.03825656
0.039735552,0.040046517,0.037639435,0.047000315,0.039825387,0.037386633,0.04681515,0.040200613,0.04087523,0.03435678,0.04377861,0.040748175,0.04048678,0.047511734,0.0404263,0.042665172,0.038400903,0.04076077,0.04326562,0.04437518,0.04094499,0.045320276,0.04578502,0.041648846
0.040122095,0.039500818,0.039140552,0.04516274,0.04160471,0.03677223,0.04519712,0.04004117,0.038500313,0.035951786,0.04344243,0.041937377,0.03832217,0.048950594,0.039246548,0.042811602,0.039838914,0.041764237,0.04458637,0.043598175,0.04256786,0.043472197,0.047710855,0.039757155
0.040190287,0.039816316,0.04114541,0.04147983,0.038618617,0.035574473,0.04405239,0.04034591,0.04286031,0.03969645,0.042121243,0.041913792,0.03756468,0.050157424,0.04183459,0.040202327,0.04159745,0.043249242,0.043240577,0.04290681,0.040746786,0.04415133,0.045646045,0.040887725
0.042525604,0.03872387,0.04260184,0.043459997,0.039798554,0.03786996,0.042281188,0.03910709,0.043961935,0.03967339,0.04174296,0.04135268,0.039475482,0.049233213,0.040666375,0.041494954,0.04280493,0.042619575,0.04242818,0.041235264,0.038227666,0.044203043,0.043698825,0.04081349
0.04104665,0.038665194,0.04125905,0.044938147,0.03784477,0.036622386,0.0461672,0.0412323,0.042837985,0.0377963,0.043978967,0.0421526,0.039888937,0.047763415,0.039924838,0.04287194,0.041602235,0.04031346,0.044013746,0.041923106,0.03775068,0.043907464,0.04473216,0.040766507
0.041947827,0.03876901,0.03991853,0.045604154,0.03846585,0.03779577,0.045994148,0.042440306,0.042483173,0.03955907,0.03947684,0.040661998,0.03899281,0.047834817,0.04135705,0.042437777,0.040645976,0.04016082,0.042248975,0.043313317,0.04008119,0.04573612,0.04354426,0.040530212
0.042438008,0.0390312,0.040233575,0.043392092,0.03922899,0.038505204,0.045449767,0.042804394,0.04184504,0.04031721,0.040322255,0.04131564,0.03861817,0.047361597,0.04169758,0.041726325,0.04096106,0.04182298,0.041398402,0.042206865,0.04166328,0.045275874,0.042889975,0.03949451
0.041698612,0.039158218,0.0425551,0.04138245,0.039650325,0.038887482,0.046048652,0.04231065,0.04095785,0.0395183,0.04165552,0.0423731,0.040112264,0.048843335,0.040346477,0.042048264,0.040400475,0.041619167,0.04323273,0.04349881,0.038728252,0.042789448,0.0432107,0.0389738
0.04138921,0.038499113,0.042408586,0.041862585,0.03941587,0.0383903,0.045042235,0.042129036,0.04300163,0.03956675,0.04135889,0.041919265,0.039424006,0.04742891,0.042992976,0.040994033,0.041782666,0.041508142,0.042605538,0.043483995,0.040545724,0.04289309,0.04279227,0.03856512
0.042400643,0.03775871,0.041019756,0.042481218,0.03992966,0.037658952,0.045503378,0.0420793,0.043303225,0.0393461,0.041404676,0.040916014,0.039609656,0.047428943,0.041906714,0.041905094,0.041781254,0.039804276,0.042623434,0.0438891,0.041010533,0.044593483,0.041426305,0.04021964
0.04403953,0.037900455,0.041246317,0.04185535,0.03921562,0.037905823,0.044224452,0.043067668,0.044462018,0.038900834,0.041545488,0.040672395,0.03943171,0.047088314,0.042066965,0.042598438,0.041369125,0.039561503,0.042624794,0.043298814,0.038779024,0.045157928,0.041745853,0.041241597
0.04245288,0.03775433,0.038975105,0.042043034,0.04012565,0.03797972,0.04488168,0.042053215,0.04260909,0.03908163,0.04291285,0.041570343,0.039289363,0.045205344,0.0424266,0.042032827,0.04154592,0.04067199,0.043857314,0.044544123,0.03989931,0.04483824,0.042200074,0.041049402
0.042093772,0.037781645,0.038997613,0.04264171,0.03960267,0.037638754,0.044617563,0.042221565,0.044223614,0.040385056,0.04138906,0.040909905,0.040396564,0.04406486,0.042561922,0.04047515,0.04189619,0.04018028,0.04526302,0.043314103,0.040391155,0.046285164,0.042309243,0.04035945
0.04243951,0.037509,0.041860756,0.04105733,0.040422346,0.036504734,0.044717863,0.041016534,0.044784717,0.039600026,0.04254831,0.04166615,0.038656022,0.04565553,0.04216647,0.039675646,0.04239455,0.03986386,0.044249315,0.043648306,0.041232802,0.04641027,0.042031538,0.039888408
0.042992026,0.037790477,0.041768182,0.042110905,0.04080902,0.038435653,0.042074807,0.041711055,0.044692647,0.039930556,0.042154025,0.041568205,0.03979853,0.045992997,0.04062346,0.04106846,0.04101185,0.040437426,0.043788552,0.044403665,0.039609414,0.044770047,0.0420129,0.040445164
0.043125313,0.0384178,0.04130956,0.04353967,0.040057756,0.03913626,0.04258447,0.04219818,0.04246742,0.039861552,0.04146006,0.041579105,0.040169533,0.047497474,0.04173789,0.042334333,0.041279763,0.03983945,0.043869287,0.04351075,0.038268402,0.043011244,0.04241977,0.04032493
