0,1,2,3,4,5,6,7,8,9,10,11,12,13,14,15,16,17,18,19,20,21,22,23
0.0018533246,0.05031223,0.0040646708,0.005811802,0.087345116,0.077271,0.016733268,0.060944833,0.085947976,0.07507476,0.04359736,0.08556513,0.023586169,0.016180867,0.002762591,0.040478546,0.044547953,0.004809355,0.061484702,0.057848386,0.07548124,0.058987256,0.0045734774,0.014738063
0.004475687,0.059984993,0.012436327,0.008940412,0.083206154,0.057111118,0.021326719,0.062692374,0.07871132,0.069362395,0.04278218,0.07704065,0.038337395,0.032739483,0.0056439377,0.048282497,0.03721229,0.012230165,0.040397227,0.053093422,0.07598316,0.062503695,0.0066571445,0.008849221
0.007613431,0.058760572,0.017071832,0.013074368,0.08181051,0.050910473,0.028241042,0.06846834,0.075993165,0.06272221,0.03704298,0.0763156,0.048314188,0.033623938,0.00680455,0.04977585,0.036487956,0.012533132,0.036118705,0.051437467,0.07543008,0.05373312,0.006897627,0.010818855
0.02687633,0.048045237,0.032716423,0.026355293,0.06411756,0.030997815,0.042167228,0.06467352,0.058084536,0.04164171,0.038860474,0.060146466,0.05778482,0.043799233,0.021080459,0.045769542,0.040472154,0.026833108,0.031104768,0.05120499,0.06405999,0.0393939,0.018230507,0.025583975
0.019274985,0.052068096,0.032760046,0.024206936,0.0733106,0.030372916,0.03928056,0.06662423,0.064220525,0.049060255,0.03788173,0.0676166,0.059903912,0.043669704,0.014265728,0.05251007,0.03981467,0.018811394,0.03413834,0.046385843,0.06265173,0.037994593,0.012567815,0.02060875
0.030147512,0.051253855,0.038207565,0.03061577,0.06521028,0.031629056,0.04076318,0.06320244,0.0610744,0.050768953,0.034192607,0.06097421,0.05738655,0.046559893,0.018355696,0.052064754,0.033214696,0.02065959,0.03214021,0.0446692,0.057413224,0.040737044,0.015755951,0.02300329
0.058540747,0.034469724,0.045809645,0.047016677,0.03028034,0.029787393,0.0537727,0.05512429,0.038380526,0.027461704,0.040183518,0.035432085,0.056639995,0.045897126,0.04131637,0.039728753,0.037085246,0.040289916,0.031951927,0.053134337,0.042105183,0.031894352,0.040341824,0.043355603
0.054611977,0.03206969,0.038513035,0.04606703,0.036482878,0.03474738,0.049350183,0.05536242,0.0344355,0.028493518,0.043409985,0.0355001,0.04799064,0.043641888,0.045187276,0.03082208,0.039697923,0.043599624,0.033047393,0.059050027,0.045781024,0.030486614,0.04494337,0.046708472
0.039491225,0.043694027,0.027244303,0.04037924,0.05460711,0.05110563,0.030819781,0.061656848,0.046480805,0.049623348,0.041202083,0.04503351,0.0342837,0.04548434,0.039396796,0.025171919,0.033594213,0.03915983,0.030124312,0.051625606,0.05746446,0.037651077,0.035463322,0.03924244
0.029912556,0.046935942,0.02756433,0.036365032,0.053744107,0.059560176,0.026354672,0.055960815,0.05385098,0.05347529,0.04091675,0.045010358,0.03474192,0.04441711,0.036271386,0.028986018,0.0333749,0.038224585,0.033869546,0.04675672,0.0577388,0.04181927,0.03461407,0.039534703
0.030104399,0.046568904,0.030040642,0.03327407,0.050424658,0.056696106,0.033478044,0.046502657,0.048472043,0.048512414,0.04164086,0.043566093,0.039510403,0.04305771,0.042237964,0.034283973,0.035183344,0.03871737,0.042011023,0.041470714,0.053671543,0.04224801,0.038139764,0.040187217
0.03338585,0.04587048,0.030890338,0.031200502,0.049238656,0.051949296,0.037419178,0.041905817,0.042300623,0.0449347,0.0417809,0.041390453,0.041952625,0.043374885,0.04887716,0.03681013,0.03611695,0.04006859,0.046978068,0.038688976,0.052635588,0.04083762,0.040737763,0.04065488
0.035809506,0.04540721,0.031190826,0.030216267,0.048530724,0.049968287,0.03771766,0.040333334,0.03851451,0.044085164,0.04045454,0.039982557,0.04271902,0.043609798,0.0517396,0.03809218,0.03683104,0.041351974,0.049642768,0.038133375,0.052508276,0.040192116,0.042117983,0.040851247
0.04048565,0.04468504,0.031228652,0.028300041,0.048259072,0.046009235,0.038028125,0.038224462,0.032329928,0.042880483,0.04027548,0.038308166,0.043420363,0.044793516,0.05666706,0.039344102,0.03684177,0.043281868,0.053232286,0.03677634,0.05320433,0.03821958,0.04409663,0.041107822
0.04339894,0.04391977,0.031856127,0.027344642,0.047958508,0.043452468,0.038404033,0.03723749,0.03165421,0.04199003,0.039993513,0.037879646,0.044044137,0.044484682,0.05761577,0.040569603,0.037268534,0.04357062,0.05488052,0.03631716,0.053725008,0.037438292,0.043718264,0.0412781
0.04334514,0.0455803,0.031269222,0.026075445,0.047474463,0.043938223,0.03796709,0.037748437,0.031661924,0.042339306,0.040163305,0.03795854,0.043897662,0.044782408,0.058014773,0.04020373,0.036617547,0.043882165,0.054977234,0.03645814,0.05400665,0.037363827,0.04324012,0.04103439
0.042874433,0.045970682,0.030678457,0.02575427,0.04688631,0.0434416,0.036806766,0.037707865,0.032154556,0.04394662,0.039982077,0.0385207,0.04414998,0.04515764,0.05796531,0.040515866,0.036195084,0.043217953,0.055276558,0.037170585,0.05351473,0.03791179,0.042756725,0.04144347
0.049716156,0.042751044,0.029418373,0.023404827,0.047819953,0.036379665,0.036835544,0.03252612,0.0236853,0.042688653,0.039022025,0.036275774,0.044311132,0.048194192,0.065664105,0.042920757,0.03577565,0.04818434,0.059377786,0.03453519,0.056647953,0.03564367,0.046487063,0.041734774
0.057340138,0.038376547,0.026648669,0.021772549,0.05044705,0.024875902,0.04055073,0.026318863,0.011063446,0.039416052,0.042006034,0.030976044,0.042271096,0.055844463,0.074385986,0.043469563,0.033464376,0.05915466,0.060686152,0.030394012,0.061196133,0.03160798,0.05477512,0.042958397
0.056525458,0.039479923,0.025138427,0.021821816,0.04919418,0.023886593,0.04135893,0.026835509,0.012222167,0.041946836,0.044601828,0.031043742,0.041092556,0.056844894,0.07470509,0.04121307,0.030936092,0.059381414,0.059204224,0.030500082,0.061772868,0.03260707,0.05358668,0.044100545
0.055118807,0.040029425,0.025817012,0.023171121,0.047136165,0.025934631,0.04010587,0.028355762,0.015653083,0.04400739,0.044905897,0.032838196,0.04116455,0.056015115,0.0732167,0.040235203,0.030478368,0.05682095,0.057728734,0.03188342,0.059644017,0.03448776,0.05057347,0.044678353
0.061269507,0.03540185,0.027280629,0.024012025,0.047984228,0.020821407,0.041677985,0.024641132,0.00930597,0.03968122,0.045727134,0.030506711,0.040798195,0.059981108,0.07530303,0.042200234,0.03123234,0.062073566,0.05825376,0.029956482,0.0593446,0.032225553,0.05526989,0.04505147
0.06313971,0.033782605,0.025907377,0.02358218,0.049750384,0.017189365,0.0425645,0.02246978,0.0051950417,0.03845472,0.046762735,0.028042713,0.039752994,0.06299705,0.076964796,0.04272998,0.030815836,0.06599181,0.058774278,0.02906292,0.06066682,0.030068602,0.06004037,0.04529338
0.0646715,0.03267683,0.023730021,0.022948813,0.051663794,0.013590413,0.043947577,0.020611862,0.0029569385,0.0377919,0.048877906,0.025635265,0.038445193,0.06618442,0.07805642,0.042297225,0.029247131,0.069356225,0.05887549,0.027805317,0.06260152,0.028226886,0.063874,0.04592733
0.068154916,0.030704819,0.024058139,0.022470282,0.052659318,0.011295036,0.04557088,0.018515531,0.0019312158,0.034898352,0.050052244,0.023895588,0.038057536,0.06804021,0.07839315,0.04275303,0.029009407,0.07149337,0.060243495,0.025410205,0.064063236,0.026309976,0.06594521,0.046074808
0.06664138,0.03426018,0.02464025,0.021517806,0.05094949,0.01477936,0.043897476,0.020655768,0.003127552,0.036877435,0.048259754,0.025727855,0.038360454,0.06516412,0.07801779,0.04181154,0.029613055,0.06907365,0.060707178,0.026397945,0.064246066,0.027580075,0.06284125,0.044852603
0.06560404,0.03371857,0.026614271,0.023103613,0.048929065,0.01656009,0.0435296,0.021916341,0.0053331004,0.037324235,0.047757044,0.0278739,0.039265513,0.063813426,0.077110894,0.042017836,0.030257996,0.066917606,0.058619425,0.027663633,0.06165054,0.030009216,0.059140544,0.04526953
0.06602712,0.03197105,0.028145872,0.023258803,0.047883816,0.016771974,0.044155166,0.020888884,0.0065579773,0.036335263,0.046871353,0.028384555,0.040419836,0.06328526,0.076738104,0.044044044,0.031511653,0.0669331,0.058361903,0.027605684,0.05959365,0.0305495,0.057566028,0.046139345
0.06490335,0.032652617,0.026661564,0.022235913,0.047220882,0.01674051,0.04316307,0.02062115,0.0076781684,0.038861673,0.04634279,0.029131865,0.04073683,0.06320337,0.07679569,0.044558562,0.03077008,0.06634615,0.058543358,0.028367484,0.059622265,0.031843223,0.056428842,0.046570547
0.061904587,0.035335198,0.027345646,0.022721373,0.044766717,0.021058548,0.040380463,0.023593431,0.0142046,0.04202909,0.045158885,0.032688033,0.041708495,0.060392577,0.074711956,0.04352721,0.03038011,0.06102533,0.057504844,0.03052052,0.057360165,0.035149354,0.050445132,0.046087746
0.060378898,0.03574042,0.027653363,0.024551874,0.044379298,0.02190742,0.039443683,0.025647923,0.016597124,0.04313931,0.045957822,0.03405527,0.041482456,0.060332425,0.07348653,0.04188708,0.029585036,0.05846911,0.05565646,0.03175107,0.05632569,0.036770064,0.048965737,0.045835987
0.064437725,0.03237306,0.02597818,0.023730503,0.046475798,0.015975296,0.04090309,0.021723228,0.009296282,0.041641593,0.04696867,0.031128928,0.040635046,0.06408837,0.0763245,0.043164004,0.028820511,0.063760154,0.05768911,0.029538145,0.05959364,0.034663614,0.054943807,0.046146758
0.067946576,0.028025765,0.02595321,0.023655994,0.04885983,0.011432668,0.04429819,0.017806116,0.004452242,0.03740627,0.04813421,0.027296355,0.039886896,0.067073055,0.077549726,0.045406975,0.029676719,0.06906466,0.058591127,0.027139671,0.061064947,0.031271186,0.060940005,0.047067624
0.06804141,0.028147839,0.02517633,0.023635883,0.051289473,0.010437762,0.04629751,0.0176361,0.0026173752,0.0352425,0.049546678,0.024763526,0.038569856,0.06798658,0.07792988,0.044628467,0.029803118,0.07101911,0.058385275,0.026455307,0.0625725,0.028433245,0.06450593,0.046878353
0.06676667,0.03126469,0.024474787,0.023332348,0.05232901,0.011786027,0.046615824,0.01980715,0.0025600453,0.034988765,0.050692253,0.024468921,0.037828796,0.06725937,0.0779347,0.042034592,0.028813636,0.070487946,0.058230173,0.026407478,0.063787915,0.027378691,0.06471719,0.046033084
0.06675083,0.030165268,0.026856214,0.026472652,0.050550267,0.012701318,0.0463057,0.021448696,0.0042025987,0.034593716,0.051511176,0.02676054,0.038491637,0.066728756,0.07709578,0.040821046,0.028336648,0.06825305,0.055901643,0.026899654,0.061390977,0.029867256,0.061496943,0.046397626
0.06522624,0.030463506,0.028586853,0.029299846,0.04994435,0.014569538,0.045818955,0.024153737,0.0060389587,0.0344101,0.051856335,0.028495513,0.038746733,0.065551266,0.07603891,0.039109588,0.02839591,0.0654949,0.053756107,0.027854223,0.059514426,0.031413507,0.059137955,0.04612258
0.06642753,0.029155962,0.02847429,0.029757477,0.053543873,0.012175978,0.04997474,0.023108233,0.002968923,0.02942926,0.054139048,0.024555098,0.03708432,0.06729762,0.07679451,0.03848751,0.028836943,0.06928826,0.053102914,0.025973503,0.061806805,0.027187146,0.06432546,0.046104584
0.06891232,0.025860658,0.030699676,0.03058919,0.056172196,0.010203788,0.054028187,0.020466022,0.0012921654,0.023577219,0.054090757,0.020512195,0.0359046,0.06776419,0.07687484,0.04017634,0.032309357,0.072021455,0.054251403,0.023777569,0.0636945,0.022799745,0.06832148,0.045700233
0.06668329,0.031340487,0.03104471,0.029355591,0.052240863,0.015530692,0.050074115,0.024956295,0.0040603196,0.028373942,0.052623022,0.025297057,0.037152562,0.064228736,0.07595099,0.03752504,0.030613968,0.06745631,0.054170668,0.025434963,0.06244448,0.027044747,0.061844278,0.044552907
0.06359282,0.035156295,0.031926557,0.029167783,0.04836758,0.02184693,0.045418203,0.028969036,0.0105796205,0.033288915,0.050372593,0.030549224,0.039028592,0.060396515,0.07357621,0.036730245,0.030185243,0.060730293,0.05350184,0.02813135,0.05926815,0.031611424,0.053704116,0.043900464
0.06295219,0.03511944,0.033225458,0.029129803,0.04775453,0.024155907,0.04376281,0.029384432,0.012222139,0.033656504,0.048153687,0.031778652,0.040338792,0.05838692,0.07227145,0.038333483,0.031878117,0.05864517,0.054529663,0.029094119,0.057583965,0.032053914,0.052206565,0.0433822
0.06095698,0.036306884,0.03170546,0.027500035,0.048055362,0.024891779,0.043104555,0.029159864,0.012448637,0.035346236,0.046976935,0.03182551,0.040660284,0.057501994,0.072371975,0.039433684,0.03219681,0.0583907,0.05527582,0.03007961,0.057875898,0.032121252,0.052412488,0.043401297
0.059315752,0.03684258,0.030012965,0.026425006,0.048034027,0.023929644,0.044437066,0.028415667,0.01366852,0.036480352,0.047690995,0.03145091,0.040340703,0.057824917,0.072859235,0.039651737,0.031346023,0.05926722,0.054363843,0.030199353,0.058424342,0.032599278,0.05193097,0.04448886
0.061330814,0.034129158,0.031943783,0.028181449,0.04686012,0.022994803,0.044112537,0.027507596,0.015586582,0.03537145,0.047812313,0.032600205,0.041409586,0.058680493,0.07213971,0.040586084,0.031415306,0.058558397,0.054072317,0.029671755,0.05572412,0.033698,0.050278522,0.045334853
0.060311846,0.033459608,0.032574415,0.029388556,0.045868408,0.023756461,0.042975966,0.02805981,0.018716525,0.0363165,0.04791402,0.03425541,0.042340066,0.05888481,0.07089595,0.04097154,0.031091226,0.056850947,0.05293165,0.030630557,0.052406345,0.035128526,0.04812711,0.046143778
0.058830157,0.035076942,0.03153571,0.029625086,0.047399804,0.023726208,0.044777177,0.029525777,0.016152706,0.03574342,0.04964184,0.032883495,0.04069483,0.05914879,0.07168948,0.038673095,0.03043708,0.0580532,0.05137307,0.030488016,0.054777835,0.033870537,0.050149746,0.04572602
0.060510293,0.034034356,0.03200891,0.030844953,0.05015675,0.021431532,0.04823655,0.02942811,0.010286263,0.031547144,0.051670853,0.029897423,0.038871422,0.06043429,0.073275104,0.037098207,0.03070046,0.06166537,0.05024825,0.029037435,0.057937667,0.03078662,0.055100452,0.04479161
0.062439386,0.031087318,0.032316666,0.03287758,0.053250745,0.017584052,0.05048656,0.028316524,0.005623145,0.028137974,0.053109843,0.026978107,0.03712061,0.06317573,0.07459101,0.03592841,0.031454768,0.065195784,0.04899025,0.027570805,0.060665704,0.028357306,0.060533356,0.044208393
0.061075397,0.031756714,0.032623794,0.033360805,0.053733345,0.019339086,0.049564783,0.029546745,0.0062843245,0.028192548,0.05227849,0.027894545,0.03711063,0.06261368,0.07404241,0.035134036,0.032030825,0.06380789,0.048404895,0.027853522,0.06096661,0.02892984,0.060116757,0.043338314
0.057590105,0.035457075,0.03457348,0.032747682,0.050203104,0.026777707,0.047111373,0.03338988,0.015396815,0.030940808,0.049802035,0.032582633,0.03964293,0.05642909,0.06928384,0.035983715,0.032473326,0.055801827,0.049388584,0.030239435,0.057557087,0.03249509,0.051770754,0.04236164
0.055198085,0.03720343,0.03546433,0.033756882,0.04749901,0.030969305,0.04463795,0.035971913,0.02324377,0.034176525,0.049074333,0.03572712,0.04055614,0.05419455,0.06480176,0.035600115,0.03213677,0.050544582,0.04816182,0.032366857,0.054407846,0.03561098,0.046392523,0.042303387
0.050858937,0.03892991,0.034745067,0.03424381,0.0466462,0.034420773,0.0435476,0.037518308,0.027381197,0.037140742,0.048220783,0.036966465,0.0406274,0.052236706,0.061409015,0.035501655,0.03259808,0.04756698,0.047050994,0.034451544,0.053263478,0.037516173,0.044908945,0.042249233
0.053124838,0.037270434,0.033457566,0.032853447,0.049750857,0.029822322,0.047055956,0.03413569,0.016131708,0.033456035,0.048925962,0.032169007,0.039266467,0.05436741,0.06809446,0.036293775,0.033334576,0.05520162,0.048565377,0.03218521,0.056581724,0.032726325,0.052295625,0.04293366
0.0621233,0.026749676,0.0343321,0.033346493,0.054179754,0.015757719,0.05174921,0.024348944,0.0037039018,0.02671963,0.04971298,0.024298491,0.037541233,0.062591225,0.07473611,0.04193966,0.03759347,0.06801935,0.04881584,0.028927771,0.058144785,0.026225252,0.06352916,0.044913918
0.06257085,0.024927236,0.035059966,0.03233393,0.05381838,0.014894812,0.050195042,0.022059292,0.002953773,0.02762546,0.046726998,0.023849433,0.037838485,0.06318171,0.0751379,0.04551414,0.04085949,0.0693199,0.049391977,0.029991904,0.056317944,0.025939217,0.06461603,0.044876136
0.051426932,0.03494761,0.032947663,0.029975643,0.051145468,0.026744656,0.045386866,0.030817568,0.011449719,0.034659218,0.045044012,0.031101877,0.04138422,0.053830814,0.06905574,0.04380262,0.037221856,0.05791162,0.05111056,0.035944417,0.05377128,0.031080505,0.055907637,0.043331504
0.04739263,0.040037334,0.032341752,0.029232923,0.047683883,0.03298479,0.04286952,0.0349702,0.022923028,0.039801784,0.04527107,0.035108883,0.041631192,0.05065322,0.06351811,0.040859368,0.03497202,0.0508209,0.049779177,0.037555113,0.05304778,0.035350848,0.047751904,0.043442648
0.052238546,0.03764548,0.030199789,0.028301826,0.049652334,0.026144816,0.04607642,0.031092769,0.013648651,0.0366177,0.048216484,0.031107904,0.039947372,0.056046814,0.07103209,0.04017057,0.03290337,0.05886716,0.049965594,0.034081157,0.055913053,0.032095008,0.05349497,0.0445401
0.054949872,0.03421679,0.031222014,0.03007597,0.05178246,0.023357052,0.047435313,0.02902937,0.007905328,0.03272815,0.048554666,0.028460607,0.03978703,0.05832022,0.07309894,0.041115828,0.034355003,0.06287261,0.05054008,0.03253125,0.054918677,0.028998975,0.058715127,0.045028687
0.058551278,0.030768238,0.03380437,0.032013144,0.051645927,0.021061048,0.050116323,0.027438058,0.008723545,0.029144995,0.049665995,0.027993368,0.03999797,0.05941317,0.07295833,0.041536517,0.035010774,0.064037725,0.0490612,0.030332204,0.054258466,0.028795874,0.057680584,0.045990888
0.060971435,0.027959088,0.03370678,0.031064622,0.054429892,0.016861867,0.0549245,0.023819078,0.004650962,0.024660176,0.05117725,0.023464294,0.038613927,0.061935816,0.075203836,0.043199573,0.036758423,0.06957547,0.04801283,0.02814,0.05650442,0.024824733,0.062609285,0.04693172
0.06461837,0.02480408,0.033062458,0.030827573,0.056535125,0.013105279,0.056087993,0.02012992,0.0017758992,0.022215426,0.051095963,0.019876223,0.037527084,0.06451018,0.07652844,0.044691835,0.038046014,0.07241749,0.051045466,0.026089065,0.058726314,0.021524688,0.067795694,0.04696337
0.065704994,0.02637592,0.031844486,0.031559963,0.0552104,0.012995886,0.05382413,0.02181728,0.0023345249,0.024580574,0.052984457,0.021874048,0.037499003,0.065617666,0.07649881,0.041250303,0.03378267,0.07102613,0.05165754,0.025440803,0.05952306,0.023694096,0.066042945,0.046860345
0.068937376,0.022495713,0.033210795,0.03455301,0.05851352,0.009057,0.057645548,0.019270742,0.0007524311,0.019862652,0.055943143,0.017436897,0.034549464,0.06936902,0.07703024,0.040131368,0.035520248,0.07402155,0.04951192,0.022541048,0.061822977,0.019719357,0.07050695,0.04759704
0.06845151,0.021818187,0.034878533,0.03593034,0.05681674,0.010422048,0.053917464,0.020111939,0.0010049696,0.021478271,0.05370017,0.0196388,0.03600952,0.06890108,0.07685834,0.040918693,0.036503527,0.07285928,0.050045155,0.023863956,0.057764206,0.021464463,0.06946838,0.047174394
0.06361975,0.026551839,0.03413443,0.034033302,0.05357215,0.016503893,0.049131665,0.024236018,0.0035692009,0.026187815,0.05024609,0.025485558,0.039774694,0.06400022,0.07533634,0.042077467,0.035058558,0.06762574,0.051435903,0.027936235,0.0535244,0.02602315,0.06363643,0.046299167
0.059695467,0.029338356,0.030917412,0.030083733,0.05360227,0.01717373,0.049527198,0.024055505,0.004694101,0.029545445,0.0493092,0.0256136,0.04001664,0.06250387,0.07551321,0.04352851,0.03481694,0.067552514,0.051459804,0.029554488,0.05533187,0.02696424,0.06250367,0.046698164
0.061170712,0.026584968,0.030979529,0.028398173,0.054451592,0.014399034,0.051415265,0.020647438,0.0032872697,0.027991876,0.04801474,0.023424832,0.04015926,0.06334109,0.07632799,0.047261395,0.037277132,0.07030613,0.052287295,0.029149296,0.05566417,0.025339713,0.06488083,0.04724031
0.062203463,0.025394391,0.033566255,0.030297408,0.05392337,0.015270164,0.051598594,0.020857643,0.0035071506,0.026702723,0.047597483,0.023656549,0.039827194,0.06274914,0.07556424,0.046859097,0.03911006,0.06974389,0.051603887,0.02866578,0.054717768,0.025380284,0.06422802,0.046975385
0.056410253,0.028301755,0.033098433,0.029057028,0.053279255,0.020117663,0.04810527,0.022958236,0.005347106,0.030794658,0.043629285,0.02599381,0.04142648,0.05845216,0.07394669,0.048467897,0.041403186,0.06686857,0.052395776,0.032190885,0.05268833,0.02695354,0.062059924,0.046053864
0.04295679,0.037457928,0.033722617,0.030131819,0.051630054,0.034560774,0.041894585,0.03364314,0.018889427,0.037897732,0.040854294,0.03427503,0.045041084,0.0477576,0.061592914,0.046477713,0.040870517,0.051509425,0.051963348,0.039152887,0.049238503,0.032836393,0.051923666,0.043721773
0.035471987,0.04037967,0.034462955,0.033565287,0.050249822,0.042748794,0.039152395,0.040310934,0.037523557,0.04239386,0.03986617,0.039924692,0.04595989,0.041599184,0.046062082,0.044015497,0.041542146,0.039259285,0.04844624,0.043895055,0.04866718,0.038679507,0.043177076,0.042646725
0.034937195,0.04156812,0.032652453,0.032109834,0.049187575,0.045993023,0.037726283,0.04150116,0.043853883,0.044302233,0.040001564,0.041507564,0.045692887,0.04080702,0.04214347,0.0421406,0.040333536,0.036847193,0.049087536,0.044603907,0.049938884,0.040547565,0.04015826,0.042358223
0.029941306,0.043631956,0.03358263,0.033920296,0.04805399,0.050068602,0.037452463,0.045964748,0.05310364,0.045977663,0.039922506,0.043475825,0.045526188,0.039308768,0.034811657,0.040195376,0.04137072,0.033129893,0.04491851,0.046428863,0.04733417,0.043090627,0.036321785,0.04246778
0.028783761,0.043464713,0.035135042,0.036227018,0.047614668,0.049931884,0.03793895,0.04714197,0.053871103,0.046040576,0.040163036,0.04390701,0.044987306,0.039187983,0.033545043,0.040109437,0.04207305,0.032367475,0.0424358,0.04720944,0.0457225,0.043579195,0.035805512,0.042757537
0.029430704,0.043623354,0.036003537,0.036687523,0.047313534,0.04761896,0.038808707,0.046440285,0.051633444,0.04617419,0.041663736,0.04347905,0.044285037,0.04052581,0.035951298,0.0401787,0.04061731,0.033080895,0.04200049,0.046562735,0.04552935,0.043097507,0.036245625,0.043048203
0.030880304,0.042455602,0.033891678,0.035732888,0.047508728,0.04194992,0.039295193,0.04377399,0.04720409,0.047179766,0.04345089,0.042206917,0.043455776,0.044533245,0.043461334,0.03989477,0.03785847,0.036001727,0.04224263,0.044956297,0.047204237,0.04274704,0.038096223,0.04401822
0.030903924,0.042616412,0.034767296,0.0366657,0.04658256,0.042991526,0.039423812,0.044463217,0.048351716,0.04724243,0.04316793,0.042185724,0.043641344,0.043838695,0.04204492,0.039284986,0.038044184,0.035272744,0.0423483,0.044804875,0.045753777,0.04306774,0.037930697,0.04460554
0.029877547,0.043562748,0.037855733,0.038115386,0.045952637,0.048364,0.03984109,0.046940945,0.051550075,0.045595177,0.041501027,0.042673048,0.044259988,0.039774653,0.034925554,0.039626386,0.04128445,0.03325692,0.041803703,0.04595517,0.043415364,0.043012835,0.036767837,0.044087794
0.03149148,0.04193975,0.03838719,0.03842328,0.045693748,0.04772255,0.040157888,0.04591203,0.05036882,0.044686243,0.04024622,0.04225412,0.0442008,0.039329402,0.0346998,0.040774878,0.04285105,0.034214333,0.04199962,0.04618593,0.04387188,0.043376897,0.03756409,0.043648027
0.033477634,0.0408324,0.03877637,0.03873411,0.045017704,0.046410244,0.040088393,0.044616543,0.048937935,0.044621885,0.03964843,0.0420735,0.043860983,0.039649446,0.035507794,0.0414054,0.04331467,0.034875892,0.04229161,0.046139147,0.04447268,0.043781217,0.03795292,0.043513123
0.035904292,0.038312115,0.039665964,0.0394737,0.044563144,0.045605913,0.039911292,0.04292585,0.048153978,0.04440631,0.038635265,0.042156972,0.044285025,0.03934233,0.034807187,0.042456873,0.044238675,0.034791656,0.043982033,0.04592591,0.04442415,0.04406396,0.03834895,0.043618415
0.038144328,0.035580393,0.039943386,0.0391187,0.044171248,0.04566798,0.040207505,0.040642597,0.04775868,0.044263516,0.03764268,0.041968726,0.045060504,0.038469624,0.03330034,0.04378403,0.045008473,0.0348459,0.04713955,0.04558201,0.044310324,0.044236224,0.03922659,0.043926675
0.035325907,0.037561085,0.038752787,0.038103607,0.04470963,0.047122955,0.040697243,0.04196169,0.04901232,0.044581693,0.03849588,0.041654393,0.04492033,0.0384056,0.033147976,0.042716403,0.044267237,0.034946278,0.046195026,0.045789246,0.044426214,0.044180132,0.03908832,0.043938074
0.0369645,0.036017705,0.038804825,0.0382003,0.04365046,0.04661991,0.040719192,0.04060488,0.04900786,0.04475774,0.03772262,0.041461118,0.04483745,0.03845234,0.03310971,0.043236602,0.044896983,0.035390753,0.04647556,0.046096716,0.044754293,0.044869084,0.03924505,0.044104338
0.0389652,0.034519173,0.039073274,0.038364697,0.042678084,0.046138246,0.039959535,0.039177604,0.04867805,0.044875957,0.035973225,0.04166497,0.04490081,0.03845598,0.033254724,0.044328794,0.046067424,0.03558145,0.04703511,0.046407863,0.045275696,0.045812506,0.03909109,0.043720473
0.036014244,0.03762035,0.038601875,0.03822803,0.043374658,0.04682908,0.039371468,0.041558366,0.04949328,0.045131,0.036509212,0.04189016,0.04454313,0.038806636,0.03440505,0.043190077,0.04567388,0.035270207,0.04453075,0.046640147,0.045357626,0.04548707,0.038181078,0.043292593
0.035736308,0.03830245,0.03799641,0.038008973,0.042930093,0.047470625,0.039117273,0.042298503,0.04970141,0.04527331,0.036624435,0.041691337,0.04426901,0.039358184,0.035133086,0.042398825,0.045355264,0.035738844,0.043348264,0.046906807,0.045506798,0.04546168,0.037915163,0.043456927
0.03715957,0.03833292,0.03756138,0.037573382,0.04172922,0.047520276,0.03951152,0.041967258,0.047533035,0.044735383,0.036969278,0.040981356,0.043826163,0.040681828,0.037326314,0.042055286,0.044819415,0.037853107,0.04256476,0.046546847,0.04521972,0.045081764,0.038643043,0.043807246
0.03785418,0.038498286,0.036879867,0.037393305,0.04054229,0.04816451,0.03954602,0.042017642,0.046671387,0.04460372,0.037152246,0.040503953,0.04366121,0.041850645,0.0383178,0.041418932,0.04436592,0.039330617,0.041792665,0.046386454,0.0445235,0.045034073,0.039221413,0.044269357
0.037610237,0.03864459,0.036701296,0.03764984,0.040380526,0.048732508,0.039638143,0.042523626,0.046557628,0.044929825,0.037843637,0.040259823,0.043398235,0.04184925,0.038210735,0.040655434,0.043760087,0.039253317,0.04146387,0.046545103,0.044505194,0.044918742,0.039299294,0.044669107
0.03552456,0.04052703,0.036137935,0.037514415,0.040809244,0.049840186,0.040172767,0.044122726,0.0473884,0.045328658,0.03945994,0.040229805,0.043122128,0.042350885,0.038037412,0.03893514,0.042286906,0.038833167,0.040286705,0.046371438,0.044377208,0.04519745,0.03876172,0.044384137
0.033305977,0.043912925,0.036043916,0.036697455,0.041550506,0.049409334,0.042352837,0.044741288,0.04777711,0.045718145,0.041953396,0.040919196,0.042972732,0.04346766,0.03825221,0.03727268,0.039950754,0.038001094,0.04033034,0.04397882,0.04465881,0.047272105,0.03780808,0.04165259
0.03154798,0.046421822,0.037001405,0.03602719,0.043195,0.047270447,0.044694412,0.045372088,0.048570983,0.04641969,0.043979224,0.041519422,0.043123398,0.043416694,0.0370539,0.036278926,0.038618714,0.03581098,0.04162857,0.042329393,0.04619146,0.049160495,0.036409903,0.037957884
0.032815285,0.043877486,0.036117256,0.036817607,0.041619938,0.04957131,0.04187926,0.04509785,0.04856573,0.046227124,0.04137747,0.040898632,0.0432428,0.04331662,0.03751584,0.037151217,0.040421885,0.03751419,0.040372755,0.04436619,0.045099903,0.04783416,0.037414175,0.04088528
0.032739066,0.04362813,0.03475961,0.0372703,0.040657546,0.051812366,0.039500695,0.045801252,0.049216595,0.046318524,0.040171385,0.040811345,0.04292777,0.043457128,0.03718753,0.037225634,0.041057404,0.038679272,0.038786683,0.0457701,0.04500384,0.04717335,0.037890945,0.04215356
0.032480188,0.04469652,0.034640055,0.037389476,0.040509757,0.052005995,0.039103143,0.046123926,0.049415667,0.046682335,0.040629603,0.04093561,0.042549472,0.04395786,0.037322998,0.036624324,0.040477987,0.03902668,0.03824105,0.04525944,0.045168243,0.047235988,0.037655942,0.041867748
0.032982506,0.043255605,0.0349225,0.03747351,0.040439438,0.052096687,0.039297327,0.045386665,0.0491407,0.046180803,0.040455993,0.04114135,0.04274769,0.043022186,0.037612453,0.037588824,0.04113411,0.038813777,0.03900625,0.04586849,0.04383185,0.04573618,0.038232177,0.04363287
0.032477878,0.0432042,0.035364084,0.037097156,0.04131917,0.05166444,0.039642062,0.045570146,0.05010542,0.04632423,0.040725715,0.041475896,0.04273137,0.04175726,0.036594547,0.03807572,0.041223772,0.037541542,0.039903454,0.04643735,0.043838605,0.045031544,0.037847493,0.04404686
0.032386664,0.043208197,0.035270862,0.037039172,0.04117284,0.051838268,0.039601233,0.045321453,0.05009095,0.046438932,0.040577527,0.041481134,0.042746045,0.0416437,0.03683779,0.03824762,0.04122194,0.03765287,0.040045325,0.046338737,0.043747373,0.04515715,0.037854552,0.044079635
0.032090247,0.043335,0.03494558,0.037111357,0.040890437,0.05253372,0.039009523,0.04541236,0.05039649,0.04669391,0.04020571,0.041654397,0.04279596,0.04199082,0.036802836,0.038174536,0.041116185,0.03784766,0.039758794,0.046359733,0.043742407,0.045676857,0.037724923,0.043730583
0.03124761,0.0433855,0.03554862,0.036748603,0.042293444,0.05172317,0.039154522,0.0458001,0.052007526,0.04676108,0.040158466,0.042270742,0.04334847,0.04056651,0.03504782,0.038716126,0.04144073,0.035752118,0.04102786,0.046855897,0.043988783,0.045272946,0.037037965,0.0438454
0.030798396,0.04349631,0.035467878,0.03643662,0.042967286,0.051357463,0.038907707,0.045873843,0.052238345,0.046412673,0.03989821,0.042557754,0.043624945,0.04056602,0.03492903,0.039226323,0.041786987,0.035557404,0.041181266,0.04690412,0.044004783,0.04516493,0.03704464,0.043597076
0.031343795,0.04474733,0.034728073,0.037130974,0.04112838,0.05265173,0.03751719,0.046262603,0.050812673,0.047701906,0.040645793,0.041284047,0.042796228,0.043547936,0.037438747,0.036358,0.040230192,0.038943805,0.03832801,0.045620628,0.04513649,0.0469366,0.03686163,0.04184727
0.03065742,0.04636957,0.03622408,0.037445866,0.04220044,0.051203057,0.03744214,0.047471978,0.050690904,0.048905533,0.04210021,0.040977005,0.042055923,0.04365263,0.03731232,0.034806646,0.03841158,0.038305786,0.038464807,0.044921845,0.04625655,0.046822537,0.03602749,0.041273687
0.030442515,0.044772208,0.03509859,0.03759107,0.041467734,0.05331505,0.03617872,0.047236368,0.051562697,0.048233274,0.039636504,0.041227728,0.042934034,0.043667827,0.03695802,0.03624745,0.040029556,0.038645513,0.038005337,0.046097156,0.045439478,0.0474074,0.036255475,0.041550215
0.029817354,0.044128604,0.034171943,0.037436225,0.042374175,0.0541247,0.035200145,0.047455683,0.05279077,0.047718175,0.03830757,0.042081464,0.04373151,0.043295354,0.03554557,0.03747444,0.041030522,0.037991684,0.03816227,0.046874207,0.045700252,0.047320597,0.036148846,0.04111796
0.029921196,0.043981355,0.033915043,0.03739548,0.042816468,0.053747352,0.03518488,0.04751522,0.05265205,0.047475144,0.037991308,0.04233382,0.043884035,0.04311853,0.03492628,0.037968963,0.04110389,0.037943956,0.03812028,0.04698577,0.046467077,0.047578707,0.036344487,0.04062869
0.02974933,0.04395439,0.034172356,0.03721173,0.043022234,0.05406955,0.035931632,0.046935894,0.052516755,0.04732509,0.038004667,0.04262877,0.043764554,0.042370025,0.034481887,0.038503304,0.040913887,0.03708347,0.039354023,0.04648103,0.04655272,0.047970667,0.036291376,0.040710665
0.030571342,0.04406247,0.03562835,0.03585598,0.04466598,0.051632274,0.038751338,0.04537117,0.050996527,0.046104014,0.03922547,0.04263084,0.044432007,0.04038624,0.035869163,0.04000417,0.041173507,0.03465091,0.043308027,0.045084994,0.045424633,0.045416154,0.036798034,0.04195641
0.031399786,0.04366989,0.035613734,0.03534897,0.044596545,0.051124267,0.03877128,0.045118082,0.050661087,0.046212472,0.03896816,0.042212427,0.044628598,0.04011565,0.03665104,0.03993122,0.041234195,0.034831963,0.04420266,0.044922147,0.04562949,0.044774517,0.036998235,0.042383675
0.031991467,0.04109532,0.03596014,0.03709901,0.043077666,0.051420122,0.03875921,0.044743318,0.05202693,0.0465227,0.037432667,0.042128194,0.044631924,0.040035203,0.0342141,0.04025628,0.04297235,0.035273634,0.04249878,0.046282593,0.045290746,0.046925228,0.03703701,0.0423254
0.033473317,0.040409323,0.035933614,0.037649356,0.041636813,0.051218145,0.03870782,0.044043757,0.050433304,0.046233963,0.03760831,0.04163899,0.044266786,0.041311704,0.035710618,0.039776396,0.04282456,0.037209712,0.041592654,0.046053067,0.04466601,0.0470242,0.037877683,0.042699903
0.0343155,0.040988803,0.035531532,0.037968032,0.04058671,0.0516608,0.03832182,0.04423583,0.0485838,0.046311393,0.038392495,0.040947862,0.043951254,0.042711582,0.03780529,0.03831225,0.04191485,0.039098803,0.040146273,0.045633394,0.044457737,0.046823397,0.038477834,0.04282277
0.03496836,0.042019784,0.035597794,0.038144216,0.040302586,0.05145906,0.03858546,0.044257734,0.046998218,0.04690028,0.039384704,0.040642895,0.043449335,0.04351975,0.039147012,0.036863346,0.040438678,0.039711397,0.039756883,0.0447548,0.045001954,0.04691728,0.038644478,0.042533994
0.03492555,0.04205136,0.03596825,0.038686167,0.0406878,0.05061736,0.039848235,0.044483017,0.045938745,0.04604618,0.040991496,0.040710505,0.04281053,0.04353028,0.039797217,0.0372166,0.040088776,0.038873248,0.039629683,0.044785846,0.043897722,0.045262937,0.03912783,0.044024706
0.03544256,0.041141428,0.036919985,0.038741082,0.04162754,0.048806112,0.040418904,0.04415392,0.045823,0.045611218,0.041137107,0.04093362,0.042763922,0.042612433,0.038966727,0.03841774,0.04073896,0.037729178,0.040761907,0.04525403,0.044051796,0.044452883,0.03902737,0.04446651
0.036950815,0.039548837,0.03683147,0.03876069,0.041042224,0.048523426,0.039768573,0.043459184,0.045718245,0.045612093,0.039927136,0.040878873,0.043086223,0.042587616,0.038658738,0.03896127,0.04164244,0.038002536,0.041163746,0.045801267,0.04436698,0.044848558,0.039251775,0.044607334
0.036419608,0.040172428,0.036154266,0.038460422,0.040663626,0.049223863,0.03963606,0.044172756,0.04581825,0.045608457,0.04026603,0.04060933,0.042781547,0.042934828,0.03897251,0.038293958,0.041317206,0.03868772,0.040379412,0.046176717,0.04409389,0.04460929,0.039482065,0.04506575
0.036193,0.040686343,0.03661518,0.038746,0.04141401,0.04828014,0.040079366,0.04461538,0.04583105,0.045478903,0.041628532,0.040524777,0.042388193,0.04251929,0.038705558,0.03803167,0.040809408,0.038154006,0.04033413,0.04618531,0.04418032,0.043781936,0.03940747,0.045409977
0.037025925,0.040552296,0.03731237,0.03884834,0.04178258,0.04685172,0.04044572,0.04436108,0.045200046,0.045072712,0.042305913,0.040502302,0.04219718,0.042924818,0.039091207,0.0382403,0.040467165,0.03834738,0.040212944,0.04591025,0.044290103,0.04354664,0.03940552,0.045105454
0.037035417,0.040501863,0.036877345,0.03873174,0.041256588,0.04757447,0.04023054,0.044520576,0.04504908,0.044946853,0.04188222,0.040365472,0.042265587,0.043492593,0.039581057,0.03819253,0.040448286,0.03909253,0.03946415,0.046006646,0.044109162,0.0437733,0.039527074,0.04507491
0.035832863,0.041194625,0.037476562,0.03901797,0.042192962,0.047076385,0.040712904,0.044663645,0.04572655,0.04539917,0.04246813,0.04068956,0.04224115,0.0424424,0.03857691,0.038216952,0.04040911,0.037651505,0.040281184,0.045744747,0.044197075,0.04375989,0.039137408,0.044890374
0.035613205,0.040575825,0.038834352,0.03967085,0.042629935,0.046578936,0.040560234,0.0441269,0.04738553,0.045826055,0.04178375,0.04136892,0.042759538,0.04080902,0.036132067,0.039493084,0.041468937,0.03573856,0.04162776,0.045957223,0.043774247,0.044140805,0.038413484,0.044730805
0.03541673,0.04090644,0.03898333,0.039357673,0.042684782,0.046649307,0.040686905,0.04415183,0.047650844,0.045750424,0.041969668,0.04137989,0.04281048,0.04069665,0.035969995,0.039696682,0.041383967,0.035848677,0.041599035,0.045991853,0.04347597,0.04392722,0.038230754,0.0447809
0.036791477,0.040142424,0.03940529,0.039333537,0.042377394,0.045680072,0.041147135,0.043212846,0.04685429,0.045222644,0.042059354,0.041025575,0.042683646,0.04096438,0.03675033,0.040129956,0.04151124,0.036691222,0.04179955,0.04561502,0.043485075,0.043635286,0.03849508,0.044987146
0.040026613,0.03736943,0.04080595,0.0397451,0.04160086,0.04407924,0.041357335,0.040633284,0.046169966,0.044325296,0.040573005,0.04082972,0.043158907,0.040556643,0.03690583,0.04216872,0.043085214,0.037333675,0.043381743,0.044994745,0.0433148,0.04371724,0.038719058,0.04514765
0.04025269,0.03688739,0.041035052,0.039999302,0.041352484,0.044333674,0.04147401,0.04007919,0.04628355,0.044366818,0.04000579,0.040721197,0.043287978,0.039775565,0.036521174,0.04255282,0.043750353,0.037040118,0.044144265,0.044830535,0.043333817,0.04372647,0.038809113,0.045436643
0.04027776,0.03693492,0.04067003,0.040059622,0.04141923,0.04417963,0.04132788,0.040100615,0.045341652,0.044719473,0.03988833,0.040609162,0.04303014,0.03976905,0.036963616,0.042280708,0.04372211,0.036950648,0.04437412,0.044926092,0.044125758,0.04380683,0.039294697,0.04522792
0.0407456,0.036414944,0.040858533,0.04002519,0.041303396,0.043942243,0.04126942,0.03952578,0.045199744,0.044641513,0.039330587,0.040618286,0.043211296,0.03958318,0.03699012,0.04285025,0.0441858,0.037015073,0.04486345,0.044829767,0.04411797,0.043905124,0.039364707,0.045208056
0.04222156,0.034705505,0.04167065,0.04025884,0.04089354,0.04340371,0.041085973,0.038142387,0.045661986,0.044267602,0.037997026,0.04080421,0.043789964,0.039022055,0.036259092,0.04430202,0.04549818,0.036950048,0.04581554,0.04477429,0.043769754,0.044305973,0.03919893,0.04520116
0.043037552,0.034081854,0.042287927,0.04036474,0.040735405,0.043054696,0.041022573,0.03779666,0.046532497,0.043756664,0.037914425,0.041043967,0.04414695,0.039253604,0.035817575,0.044811986,0.045647185,0.03698858,0.0457375,0.044626422,0.04302819,0.044407967,0.03866346,0.045241624
0.0405986,0.036692787,0.041780725,0.039354812,0.04136001,0.04470699,0.041464172,0.039915856,0.048153516,0.043227542,0.039862406,0.04110763,0.04418287,0.04004478,0.03585033,0.043440662,0.044004966,0.037478436,0.043902863,0.044511683,0.041528933,0.043558955,0.03769505,0.045575444
0.044849508,0.03307909,0.044169005,0.039011717,0.040259395,0.0430295,0.041513897,0.036384106,0.049367253,0.041233893,0.037823778,0.04139542,0.04587029,0.0400875,0.03552794,0.04713016,0.04595706,0.038808852,0.04576421,0.04341198,0.03896659,0.04351536,0.036717203,0.04612633
0.04913295,0.031121109,0.044694297,0.03666411,0.039421905,0.04120556,0.041013636,0.032656472,0.048740156,0.040024325,0.036131255,0.041253064,0.047264867,0.04069258,0.038336914,0.05002192,0.046496626,0.040735707,0.049157377,0.041461524,0.03815325,0.04282177,0.03624625,0.04655236
0.04731374,0.035017762,0.041283917,0.033498533,0.04058088,0.042133726,0.040444445,0.0336989,0.04570309,0.040998798,0.03767649,0.040386792,0.046683993,0.041828196,0.04336724,0.04780807,0.04372222,0.041962296,0.050383728,0.04028611,0.04032418,0.041210532,0.037160225,0.046526186
0.039106935,0.038378473,0.041312173,0.037611026,0.041480046,0.046296634,0.041646637,0.040365312,0.049954735,0.04272217,0.040715657,0.041160095,0.044953648,0.04043788,0.036229797,0.04347833,0.04303188,0.03834445,0.04379978,0.04389867,0.039290916,0.04268289,0.03661787,0.046483986
0.03623929,0.04066644,0.039975908,0.03846588,0.0422898,0.046879187,0.041847177,0.04319928,0.049039375,0.043900896,0.042649176,0.04099525,0.04352229,0.041001257,0.036262475,0.04064254,0.041440073,0.03761555,0.04139597,0.044936072,0.04085389,0.042866636,0.037342835,0.04597274
0.03671598,0.04017177,0.04030363,0.03825609,0.04219028,0.046790708,0.0417333,0.04261078,0.049255416,0.0436908,0.042019196,0.041068528,0.043882314,0.04072164,0.036080405,0.041420996,0.041982807,0.03769264,0.04195123,0.044835515,0.0405769,0.04286185,0.037204627,0.04598257
0.039169032,0.03887535,0.040795423,0.037337795,0.04195344,0.04597556,0.041072138,0.040625364,0.048170105,0.04318248,0.04042281,0.041059103,0.04465051,0.040453263,0.03711481,0.043200348,0.042946994,0.038146455,0.044349156,0.044041082,0.040779557,0.042547505,0.03735553,0.045776203
0.04017792,0.039193813,0.03999504,0.036455963,0.04220062,0.045499563,0.04010809,0.04010646,0.04588959,0.043873765,0.039698962,0.040937472,0.044535298,0.040357027,0.038835365,0.04320308,0.04276769,0.0379386,0.046269685,0.043689422,0.042744778,0.04228792,0.038149066,0.045084793
0.041081175,0.03876763,0.03953285,0.03605557,0.042497586,0.04472925,0.03910902,0.039526097,0.04433122,0.04453751,0.038396887,0.041056693,0.044549163,0.040032666,0.03952885,0.04370304,0.043311037,0.037438903,0.047721643,0.043855965,0.044688143,0.042614743,0.038821466,0.0441129
