0,1,2,3,4,5,6,7,8,9,10,11,12,13,14,15,16,17,18,19,20,21,22,23
0.041964907,0.040435188,0.04082695,0.04229302,0.042509466,0.039541468,0.040774446,0.04037885,0.042967692,0.04024996,0.040146433,0.04082693,0.042920522,0.041846264,0.040443722,0.04260257,0.039584756,0.0414525,0.044387236,0.042669944,0.040540133,0.0436276,0.045532625,0.041476846
0.04302548,0.04126467,0.041820332,0.04201074,0.041155063,0.039854318,0.041559484,0.041811045,0.041273896,0.0397624,0.040430047,0.04189854,0.041761763,0.041994512,0.03996266,0.043521248,0.039411455,0.040577017,0.042555876,0.04169478,0.041075666,0.044436507,0.0460435,0.041099027
0.043639544,0.041743245,0.04250822,0.041781053,0.040317025,0.040017232,0.0421772,0.04268426,0.040290948,0.039534956,0.040599883,0.042516675,0.04109259,0.04207931,0.039712153,0.044061795,0.039316192,0.040085196,0.041411966,0.041049052,0.04136259,0.044869717,0.046322558,0.04082662
0.04393415,0.04190721,0.04292893,0.041720573,0.03996222,0.040086195,0.04252603,0.04309006,0.03988251,0.039446406,0.040724125,0.042806044,0.040885486,0.042124495,0.0395457,0.044168778,0.039262958,0.03982316,0.040803593,0.040703073,0.04156068,0.04499952,0.04638337,0.040724777
0.044095,0.042107545,0.04323609,0.041637216,0.039566208,0.04030016,0.042687062,0.043417484,0.03958278,0.039364804,0.040760215,0.043233547,0.040598962,0.042145018,0.039455783,0.04431583,0.039215583,0.03962332,0.040346608,0.040407255,0.04181897,0.04509628,0.046416104,0.040572226
0.044220276,0.04226068,0.043399513,0.041618533,0.039324924,0.040433362,0.042872336,0.043737784,0.03933444,0.039243545,0.040710036,0.043503076,0.040397696,0.04201213,0.03947196,0.044452783,0.039147414,0.03950279,0.040008727,0.04027868,0.041927673,0.045231335,0.046469677,0.04044063
0.044319965,0.0423149,0.043474022,0.041517988,0.039249822,0.040480863,0.04300121,0.043865677,0.039075226,0.03917251,0.040707093,0.04362577,0.040283144,0.04201053,0.039461587,0.04456552,0.039249904,0.03932613,0.03977426,0.04011587,0.04202124,0.045352604,0.046573155,0.04046098
0.04440144,0.042410024,0.043673933,0.041335776,0.038993727,0.040617086,0.04323687,0.044063,0.03880231,0.039190687,0.040834427,0.04388617,0.04006895,0.04196291,0.039441504,0.04462917,0.03922038,0.03901892,0.039433792,0.039946094,0.0421467,0.045608465,0.046609927,0.0404677
0.04455176,0.04256822,0.043749373,0.04118913,0.03873615,0.04065794,0.04315028,0.04434571,0.038807396,0.03917548,0.040753357,0.044124316,0.039986335,0.04182915,0.03939451,0.044699095,0.03923803,0.03896979,0.039452758,0.039848264,0.042159162,0.045678403,0.046532072,0.04040328
0.044346858,0.042554185,0.043717757,0.040994428,0.038884114,0.04067399,0.042934828,0.04423366,0.03907704,0.039286587,0.040717695,0.044082772,0.040270653,0.0418864,0.039428346,0.044626955,0.0392998,0.039161623,0.039668616,0.039739233,0.04199068,0.045467682,0.046514012,0.04044205
0.04411646,0.042482864,0.0437123,0.040932786,0.038929384,0.040827107,0.042755242,0.044135686,0.03930423,0.039299075,0.040779717,0.043995824,0.04030719,0.0418812,0.039531767,0.044582877,0.03933891,0.039198123,0.03966063,0.039735362,0.042000066,0.04542314,0.046526313,0.04054367
0.044020597,0.042389333,0.043537185,0.040854998,0.03896106,0.040791612,0.042716954,0.04399621,0.039381795,0.039356675,0.04081261,0.04403649,0.04016298,0.041836154,0.039702088,0.044629417,0.039403677,0.039280634,0.03981864,0.039784864,0.042155974,0.04525044,0.04644896,0.04067065
0.044012323,0.042296804,0.043403894,0.040820375,0.03889372,0.040873747,0.042839725,0.0436796,0.039325662,0.03949298,0.04091384,0.044006575,0.040329784,0.04192389,0.039877884,0.04438807,0.039460164,0.039222043,0.04003246,0.039905604,0.04200812,0.045132704,0.046424475,0.04073554
0.043786068,0.042298336,0.04328921,0.04078781,0.038889624,0.040823597,0.0427152,0.043457475,0.03958146,0.039658412,0.040931858,0.043851897,0.040605552,0.041862976,0.039954033,0.044276144,0.039645415,0.039254867,0.0404143,0.040065017,0.04167929,0.04514696,0.046266947,0.04075757
0.04366802,0.042252332,0.04307408,0.040720865,0.038881008,0.0409403,0.042414416,0.043393042,0.039829917,0.040034495,0.04096058,0.043820467,0.040656734,0.041877136,0.039791245,0.04422619,0.039686065,0.039401673,0.040630694,0.040210847,0.041671306,0.045046985,0.04599181,0.04081982
0.043517753,0.04224125,0.04288592,0.04066667,0.039085828,0.041129176,0.04232588,0.043578688,0.039853673,0.040189534,0.041130982,0.043944694,0.040542603,0.041900687,0.039451152,0.044235084,0.039558295,0.03948824,0.04039374,0.040070817,0.041907422,0.044939358,0.04601173,0.04095076
0.043446865,0.04226835,0.042843424,0.040787242,0.039187964,0.041006994,0.042372882,0.043582443,0.03984931,0.0401016,0.04109403,0.043923408,0.04067556,0.041859664,0.039511938,0.044345368,0.039625466,0.039279882,0.04042303,0.04012571,0.041818526,0.044883814,0.04592927,0.0410573
0.043379594,0.042115446,0.042734515,0.04087667,0.039277177,0.040795106,0.042468447,0.043093737,0.039874278,0.04021287,0.041123137,0.04365675,0.040794473,0.041851457,0.039851632,0.04418662,0.03974313,0.03933652,0.040793534,0.040264636,0.0416959,0.044742234,0.04595298,0.041179087
0.043439336,0.041922137,0.04271922,0.040827196,0.039178014,0.040886164,0.042522196,0.042912807,0.03978736,0.040329557,0.04117392,0.043510478,0.040831536,0.042088892,0.040074516,0.04393902,0.039776932,0.039521847,0.040917676,0.040321168,0.04185231,0.04449369,0.045860663,0.04111337
0.04336256,0.0419642,0.04273026,0.040888023,0.039022222,0.041051265,0.0425103,0.042874083,0.039938673,0.040398642,0.04107828,0.043532398,0.040996224,0.042116746,0.040113445,0.04383922,0.03972381,0.039544977,0.041129734,0.040419348,0.04177698,0.04432226,0.045575768,0.041090548
0.043247603,0.041951906,0.042618874,0.04085038,0.039171215,0.04115236,0.042411063,0.042600263,0.040188007,0.040384896,0.04105609,0.04351927,0.041103806,0.041990936,0.040190082,0.04370096,0.039756324,0.039515994,0.041162007,0.040535826,0.0416899,0.04441786,0.0456627,0.041121654
0.043233976,0.041915096,0.042569254,0.04071892,0.03926621,0.04114927,0.041980013,0.042581584,0.04036623,0.040535174,0.041143965,0.043539695,0.041058253,0.041993063,0.040169172,0.043637577,0.03997118,0.0396855,0.041112795,0.040532522,0.04171213,0.04440995,0.045701806,0.04101671
0.043144915,0.04191565,0.04238803,0.04070868,0.039416432,0.041238513,0.041879695,0.042598277,0.040418405,0.040712487,0.041346,0.043450125,0.04090945,0.042022455,0.039943058,0.043594167,0.04009968,0.039787814,0.041246157,0.04048251,0.0418116,0.044230763,0.04554858,0.0411066
0.043104365,0.04192558,0.04226236,0.040585786,0.039314423,0.041282758,0.042006206,0.04270598,0.04047011,0.04088874,0.041240554,0.043456294,0.041078307,0.042026047,0.03988999,0.04358002,0.040057637,0.03971689,0.041331496,0.04050386,0.041652013,0.0442144,0.04544057,0.041265603
0.04339072,0.041797925,0.04237038,0.040436476,0.039150685,0.041324873,0.04207204,0.042721853,0.040471733,0.04066663,0.0412999,0.043327313,0.040996056,0.042108823,0.04013885,0.04357168,0.04004048,0.03973638,0.04113053,0.040664062,0.041786723,0.04414092,0.045552876,0.0411021
0.043588404,0.04179439,0.042318147,0.04053836,0.039190564,0.04136962,0.04220732,0.042712584,0.040176928,0.04067919,0.041499726,0.04312859,0.040963,0.042211335,0.040074512,0.04349027,0.039931312,0.039658643,0.040955704,0.040584527,0.041891932,0.0441906,0.045611516,0.04123288
0.04359332,0.041813485,0.042358246,0.040679406,0.0392381,0.04113255,0.042472247,0.042760085,0.039931163,0.040673953,0.041449692,0.043073364,0.041041076,0.04213168,0.040168297,0.04342849,0.03992626,0.039585363,0.041064713,0.04046712,0.041873194,0.04424203,0.045545932,0.041350305
0.04368703,0.041981503,0.042650823,0.040563706,0.03918464,0.041131113,0.042385947,0.042881336,0.040000316,0.040413316,0.041271232,0.0432114,0.04105829,0.042124353,0.04011027,0.04353302,0.03985684,0.039638363,0.0412973,0.04059371,0.041694645,0.044158686,0.045490827,0.041081313
0.043691956,0.041921422,0.0428375,0.04024417,0.03907014,0.041298866,0.042469986,0.042954043,0.0400296,0.04029213,0.041309718,0.04347602,0.04095596,0.04249038,0.04001552,0.0435457,0.03964109,0.039755538,0.04105007,0.04042209,0.041796062,0.04407363,0.04565881,0.0409996
0.04354464,0.041817926,0.04279675,0.040544234,0.039073806,0.041159026,0.042523753,0.042945303,0.04007105,0.040174313,0.041308694,0.043523975,0.04105059,0.04239428,0.040113486,0.043484367,0.039565213,0.03981833,0.04109781,0.04042417,0.04180332,0.043901335,0.04571888,0.041144714
0.043481544,0.04195257,0.0425691,0.04064342,0.03908289,0.041169222,0.0423556,0.042822205,0.040137395,0.040381223,0.041430034,0.043571196,0.040891044,0.04216811,0.040179897,0.04346272,0.03967185,0.03988365,0.041249074,0.04040894,0.04176408,0.043863393,0.045645323,0.041215524
0.04355072,0.042089444,0.042593557,0.040363416,0.038721606,0.041402057,0.04243452,0.04291613,0.040033616,0.040591616,0.04134709,0.043675184,0.04080303,0.042044614,0.040272996,0.043451156,0.039763547,0.039914064,0.04117388,0.040306892,0.04176327,0.04413578,0.045539603,0.041112166
0.04351128,0.042189773,0.04269082,0.040310226,0.038829416,0.041352194,0.04227558,0.043053173,0.040067527,0.040445775,0.04119892,0.043521293,0.0410044,0.041897237,0.03998782,0.043509405,0.039789982,0.039936237,0.041269045,0.040367182,0.04166171,0.044389687,0.045546714,0.04119463
0.04347933,0.042248506,0.042639688,0.040127132,0.03901489,0.041569848,0.042273723,0.043160748,0.0401583,0.04036835,0.041284442,0.043382652,0.04094676,0.04183318,0.03983679,0.04344766,0.039542124,0.039926212,0.041082267,0.04034863,0.041903377,0.044533808,0.045608945,0.041282564
0.043583855,0.04213863,0.04267945,0.040294625,0.038860288,0.04173733,0.04242866,0.043135505,0.04021365,0.040165525,0.041145302,0.043461937,0.040851794,0.041838475,0.040186472,0.043413408,0.03966521,0.04001683,0.040909003,0.040344317,0.04197176,0.044250216,0.045556962,0.041150752
0.043832485,0.042081285,0.042711116,0.04041126,0.03892191,0.041523017,0.04238641,0.043134596,0.039990913,0.04005309,0.041079115,0.043523543,0.040708043,0.042022932,0.040144283,0.043574676,0.039671317,0.04014685,0.04075782,0.040354438,0.041935112,0.04419372,0.045674343,0.041167736
0.043706357,0.042190075,0.04277196,0.04023862,0.039220832,0.04132516,0.042581566,0.042961225,0.03981716,0.040251173,0.041285805,0.043698207,0.040491235,0.042127226,0.03998559,0.043662984,0.03952251,0.03993349,0.04067621,0.040143035,0.042204693,0.044462465,0.045738366,0.04100406
0.043642413,0.0421565,0.043088812,0.04024029,0.03895592,0.041422475,0.042935185,0.04281288,0.039682325,0.040196795,0.04139696,0.043544624,0.040398065,0.042122006,0.040228732,0.04354588,0.039486513,0.039861605,0.040560137,0.040258054,0.042075247,0.04469054,0.045790937,0.04090708
0.043708466,0.041968778,0.04296233,0.040147245,0.038816884,0.04137426,0.042945806,0.0427545,0.03982391,0.040448807,0.04153683,0.043325666,0.04032927,0.04221563,0.040374644,0.043276712,0.03970771,0.04007002,0.04070383,0.04035399,0.042217378,0.04447456,0.04550032,0.040962525
0.043489657,0.042034086,0.042888086,0.04016245,0.039084513,0.041493416,0.043032523,0.04276769,0.039899584,0.040564798,0.041616924,0.043263275,0.040318385,0.04204678,0.04047726,0.043096,0.03964044,0.040282678,0.040558983,0.040203,0.04210319,0.04454986,0.045480315,0.04094614
0.043677393,0.042243246,0.043072376,0.040398974,0.039108284,0.041730374,0.042783853,0.04309012,0.03983853,0.040236544,0.041225366,0.043388337,0.040413093,0.0419904,0.040176574,0.043188535,0.039293874,0.04024411,0.040481057,0.040312868,0.041780964,0.04483504,0.04555629,0.040933847
0.044066254,0.042340025,0.04321027,0.040382583,0.03895369,0.04159028,0.042599227,0.04334931,0.039630376,0.03993461,0.041087233,0.04356605,0.040561087,0.042054262,0.040072277,0.043421123,0.039071333,0.04006594,0.04040132,0.040302042,0.041845966,0.04473185,0.045794055,0.04096879
0.04418001,0.042404268,0.043365233,0.040440585,0.038992796,0.04152591,0.042712573,0.043156125,0.039259624,0.039657652,0.040953692,0.04352303,0.040701486,0.04203785,0.040229805,0.043524247,0.038966,0.039992243,0.040374048,0.040248636,0.04202031,0.04466175,0.04604904,0.04102301
0.04379935,0.042145483,0.043304,0.04029056,0.038942732,0.04152658,0.042998273,0.04283676,0.039260376,0.04003894,0.04091324,0.04355103,0.040916454,0.041960336,0.04030627,0.043389063,0.039396286,0.039946977,0.040442903,0.040182624,0.04208817,0.044690326,0.04592224,0.041151036
0.043347154,0.042047717,0.043144133,0.039973866,0.038729843,0.041770495,0.04297528,0.042940713,0.039885923,0.04022036,0.04107073,0.04361477,0.041366335,0.041567918,0.040364638,0.043296106,0.0394848,0.03978658,0.040541854,0.040057648,0.04184169,0.044576455,0.04591835,0.041476697
0.042804617,0.041891564,0.042771243,0.040135376,0.038954243,0.041843846,0.042489454,0.043084558,0.040499285,0.040526997,0.04133064,0.043588877,0.04127558,0.041668165,0.039633878,0.04345401,0.03965934,0.039555877,0.040720694,0.039954394,0.04194266,0.044843476,0.04570553,0.04166562
0.043068916,0.042036247,0.042745847,0.040745325,0.039052565,0.041794088,0.04225687,0.04325261,0.040293843,0.040464588,0.041272406,0.043733146,0.041066993,0.04175183,0.039304856,0.04349437,0.039918527,0.039203357,0.040849905,0.04007413,0.04199026,0.044924755,0.04549571,0.041208863
0.04360193,0.042248588,0.043180015,0.040739924,0.03919769,0.04129107,0.042201247,0.043472424,0.04019339,0.039954238,0.041301783,0.043721005,0.040886093,0.042003363,0.03932163,0.04402431,0.039732147,0.03915594,0.040656395,0.0403251,0.041893918,0.044479765,0.04555312,0.0408649
0.04356697,0.042071175,0.0431636,0.040303253,0.039024886,0.04113998,0.042536143,0.043224473,0.039919827,0.039940085,0.041330047,0.043826126,0.04078744,0.042228792,0.039813712,0.04414805,0.03948038,0.039671205,0.040844224,0.040300462,0.041848965,0.043951627,0.04574848,0.041130092
0.043539632,0.041715752,0.04305469,0.040406417,0.039044812,0.04123276,0.04294555,0.043281198,0.039511677,0.03986104,0.0411894,0.043674856,0.04117382,0.042035706,0.040281463,0.04391823,0.039182518,0.039567593,0.04073966,0.04016093,0.041856606,0.04398804,0.04616069,0.04147698
0.04356275,0.04153817,0.042786404,0.040357847,0.039188355,0.040898394,0.042934075,0.043143317,0.03983163,0.040095262,0.041383486,0.043249328,0.04161514,0.042028975,0.040374063,0.04352014,0.039280396,0.039501794,0.04071682,0.0403166,0.041780386,0.043987654,0.04596546,0.04194362
0.043346792,0.041692425,0.04222924,0.040209703,0.03919271,0.040918373,0.042765517,0.042876408,0.04016222,0.040613394,0.04158786,0.04311203,0.04149906,0.042022955,0.040166065,0.04335511,0.039548494,0.039896928,0.041150026,0.040489003,0.041839868,0.043797605,0.045544527,0.04198368
0.04303197,0.0419648,0.041907456,0.040251516,0.039476655,0.04114718,0.042146012,0.042770445,0.040671024,0.040958717,0.041401196,0.04316306,0.04135667,0.04177469,0.039897263,0.04361845,0.039721146,0.04003039,0.041681044,0.040696084,0.04151544,0.0438364,0.045368582,0.041613817
0.042821683,0.041857537,0.041985072,0.040424973,0.039874177,0.041311674,0.04168487,0.042794522,0.040769953,0.04105658,0.04104766,0.043226212,0.041726552,0.041757915,0.039958373,0.043441292,0.03975087,0.039698448,0.041795135,0.04051455,0.041261572,0.044191346,0.045436554,0.041612457
0.04312461,0.042066265,0.042134486,0.040026125,0.039395418,0.041769337,0.041475773,0.042912107,0.04055458,0.04082716,0.04062097,0.0435495,0.041375946,0.042137362,0.040417995,0.043543696,0.039524592,0.039527744,0.041521333,0.040339056,0.041344978,0.044289414,0.045869477,0.041652024
0.043489967,0.04221534,0.042041477,0.04016574,0.039301194,0.041574553,0.04144305,0.042791393,0.040540528,0.040607523,0.040614918,0.043617874,0.041316066,0.042085666,0.040530156,0.04358605,0.039936148,0.039836,0.041532964,0.04070084,0.041423827,0.043939866,0.045400146,0.041308716
0.042908512,0.04186237,0.04172259,0.040494554,0.039915785,0.04122153,0.0422968,0.042333756,0.04038517,0.040828303,0.041281108,0.043405198,0.041485455,0.041590005,0.040164728,0.043579362,0.040526256,0.039582286,0.041391887,0.04069527,0.041712563,0.044012893,0.04519016,0.04141352
0.042579055,0.041669972,0.04158194,0.04034533,0.039808005,0.0413728,0.04210011,0.042231996,0.040740505,0.04109233,0.041357923,0.043361563,0.041628744,0.04162019,0.039972216,0.04349742,0.04073366,0.039249882,0.041752,0.040562224,0.041461702,0.04433167,0.045236554,0.04171222
0.04314188,0.041700665,0.04155726,0.040718745,0.03944452,0.041641936,0.041774258,0.042560603,0.040643264,0.040825162,0.040832862,0.043697525,0.041449066,0.04196643,0.039820384,0.043322485,0.040580258,0.039585795,0.042107034,0.040918324,0.041223414,0.044061795,0.045014914,0.041411426
0.043337725,0.042080447,0.041980367,0.04054314,0.039411116,0.041449834,0.041875776,0.043364253,0.04051675,0.040435974,0.040738266,0.04415587,0.04127875,0.04147909,0.039618663,0.043691654,0.04027405,0.03980262,0.04154968,0.040423147,0.04150052,0.04375307,0.045230877,0.04150841
0.04288983,0.04198894,0.042158283,0.04026089,0.039694935,0.04107789,0.04217889,0.043457817,0.04048276,0.04042872,0.041396104,0.04368741,0.041531123,0.041156586,0.039459262,0.043884654,0.039941583,0.03961787,0.041300528,0.040431518,0.041591056,0.04392451,0.045530964,0.041927874
0.04295025,0.04184026,0.042055037,0.039776523,0.039396048,0.041177638,0.04211536,0.04278578,0.040581673,0.04032964,0.0416096,0.043424122,0.041227967,0.041521646,0.040059205,0.043612998,0.039657373,0.03967388,0.041233256,0.04052642,0.04176152,0.044036683,0.046356674,0.04229045
0.042946413,0.04188649,0.042021267,0.03982016,0.039060026,0.04102827,0.041972637,0.04247272,0.040866077,0.040597748,0.0411963,0.043451555,0.04191198,0.04159716,0.040654138,0.0431279,0.03975643,0.039950237,0.041741587,0.040430136,0.041182008,0.043699116,0.046224646,0.042404998
0.04271616,0.0418854,0.041602373,0.040138658,0.03869346,0.04084554,0.042428814,0.042611662,0.0407018,0.041107655,0.04105912,0.04356513,0.041851453,0.04166289,0.04081855,0.04341192,0.040042493,0.03996031,0.041685037,0.04042485,0.04121678,0.043536846,0.045885235,0.0421478
0.04277057,0.041950196,0.041404698,0.040088017,0.03887282,0.041338038,0.04198864,0.04286116,0.04119065,0.041310877,0.040806442,0.043991018,0.041218914,0.041715715,0.04044087,0.0439588,0.039705478,0.040046845,0.04114682,0.040325783,0.04148366,0.043820255,0.046133228,0.04143051
0.042983707,0.04160539,0.041606452,0.040571027,0.039300848,0.04112474,0.041562684,0.04293366,0.040972624,0.041528497,0.04088301,0.043894596,0.04151624,0.041813448,0.039853223,0.04407938,0.039448652,0.04001914,0.041252367,0.04040974,0.04165008,0.043742243,0.045986407,0.04126188
0.042911414,0.04188234,0.042323027,0.040580757,0.03904953,0.040672377,0.04178954,0.04320054,0.040317878,0.04108272,0.04124807,0.044156674,0.041391872,0.04167697,0.039537594,0.044627402,0.039453972,0.039875783,0.041362848,0.039844207,0.041725814,0.043615628,0.046132114,0.041540936
0.04308944,0.042075623,0.042443354,0.040757656,0.03871779,0.041004162,0.041986544,0.04307694,0.040506896,0.04056387,0.040859643,0.043912675,0.041537266,0.041682214,0.03976292,0.044599097,0.039828595,0.039782822,0.041865468,0.040369604,0.040856555,0.043682683,0.045996632,0.041041538
0.043113537,0.04210065,0.042584676,0.040013235,0.038400836,0.041002978,0.042758472,0.043295186,0.040184554,0.040606163,0.04147855,0.0437586,0.041146908,0.041655805,0.03982105,0.04416821,0.04037312,0.039796952,0.04124234,0.04012761,0.04145165,0.04386228,0.045809433,0.04124723
0.04283427,0.042165183,0.042963497,0.04012736,0.038346343,0.041023716,0.043113444,0.04347052,0.039972518,0.040467393,0.04227972,0.043550357,0.0411808,0.04139032,0.040215857,0.043724272,0.040310748,0.03961765,0.04042178,0.039767265,0.041931722,0.04378146,0.045877215,0.04146655
0.043491237,0.04216585,0.04295914,0.040918708,0.03843787,0.040795784,0.04321786,0.043148685,0.039828807,0.040057167,0.042032786,0.04311429,0.041249648,0.041377623,0.041062344,0.04323091,0.040456712,0.039631493,0.0402882,0.040334035,0.041525163,0.043617222,0.04574789,0.04131065
0.043783564,0.042410266,0.04307901,0.040140893,0.0385053,0.04115904,0.042650253,0.043111075,0.0399888,0.040165998,0.041528225,0.04378496,0.04097679,0.041474923,0.040736135,0.043538596,0.040756747,0.039699376,0.040502876,0.04024762,0.04114712,0.044087563,0.04593432,0.04059054
0.042924266,0.042615365,0.04270777,0.039518405,0.038874492,0.041165505,0.042373054,0.042812794,0.04009149,0.040469117,0.041717105,0.044051513,0.040824138,0.04167972,0.040768825,0.043862354,0.040701658,0.0396763,0.040697515,0.03990196,0.041204143,0.044339743,0.046389118,0.040633697
0.042423025,0.042646874,0.04228554,0.04005155,0.039090216,0.040990736,0.04225445,0.042683076,0.040308192,0.04058667,0.041756794,0.044218242,0.04109226,0.041408848,0.04061257,0.043741178,0.040375255,0.039765064,0.041378748,0.039838202,0.04140362,0.04392223,0.046218876,0.040947746
0.042413555,0.042528383,0.041764922,0.040593244,0.03887546,0.040886678,0.041885816,0.042424913,0.04065917,0.040809345,0.041572686,0.04442957,0.041003197,0.04107993,0.041077584,0.043968126,0.0405843,0.03992418,0.0418403,0.03972552,0.041712377,0.04323865,0.04602382,0.040978234
0.042558424,0.042610295,0.041517563,0.040429235,0.038886867,0.04096594,0.041600183,0.04272914,0.040684614,0.040851578,0.04122722,0.044367135,0.04087723,0.040966865,0.041069444,0.0440343,0.040482122,0.04022859,0.041668516,0.039674085,0.041640714,0.043609828,0.04626172,0.041058354
0.043134246,0.042665217,0.041733317,0.040126048,0.039110858,0.040923234,0.041498095,0.043188,0.04079175,0.040818587,0.041063447,0.044322032,0.040547468,0.041469045,0.040520083,0.04367082,0.040150147,0.04004459,0.04150821,0.039815526,0.041774508,0.04412718,0.045985702,0.041011896
0.043183777,0.04237352,0.041783944,0.040557645,0.039437927,0.040878385,0.041434154,0.043041825,0.041000515,0.04064637,0.041361738,0.04380638,0.040614635,0.04158299,0.040347427,0.043648258,0.039702114,0.039761554,0.04126329,0.040226653,0.042072345,0.04411742,0.045892943,0.0412642
0.04324384,0.04212552,0.04218172,0.040893044,0.039698116,0.040586032,0.041875735,0.0429426,0.040826634,0.040306907,0.04129609,0.043633323,0.041002307,0.041566253,0.040198717,0.04359517,0.039822135,0.03982283,0.041013476,0.040389374,0.041989475,0.044067692,0.045726314,0.04119669
0.04365433,0.042210743,0.042724032,0.041087095,0.03959796,0.04036855,0.042866264,0.0425668,0.04017976,0.039927375,0.04160535,0.043781918,0.041053448,0.04179333,0.040439412,0.04302894,0.040201925,0.039787214,0.04060665,0.040366106,0.041919474,0.04374877,0.04541852,0.04106607
0.04342534,0.042145096,0.043085545,0.040865615,0.03943111,0.040531,0.04286304,0.042839736,0.040382404,0.039883222,0.042030286,0.043606713,0.04119923,0.041739825,0.040000018,0.04301298,0.039969366,0.039967135,0.04065325,0.04044137,0.041697413,0.04373673,0.045309268,0.041184288
0.043500587,0.04196109,0.043173578,0.04046418,0.03863227,0.04087829,0.042809084,0.043275837,0.04005514,0.04057438,0.04167417,0.04403652,0.04104393,0.041906234,0.03973753,0.043213308,0.039735075,0.039764743,0.040720563,0.040240455,0.041774686,0.044177994,0.045340154,0.041310247
0.043607514,0.04190128,0.043065954,0.04089765,0.038900897,0.04112482,0.042547915,0.04323574,0.03985133,0.040407915,0.041409038,0.043919977,0.041004766,0.041789602,0.039588057,0.043508172,0.039471727,0.039563533,0.04061349,0.040133663,0.041992642,0.044634815,0.04563363,0.041195836
0.043137234,0.042253915,0.042907085,0.040580083,0.039146006,0.041055825,0.04238131,0.04309924,0.03996184,0.04039681,0.041276507,0.04382484,0.04089159,0.041619573,0.039509695,0.044058945,0.039664403,0.039898843,0.04104877,0.039974213,0.0417587,0.044666555,0.0457393,0.04114872
0.0431611,0.042338606,0.042557478,0.04009733,0.03901267,0.0411274,0.041990194,0.04294248,0.040165115,0.040628184,0.04114908,0.043975282,0.04080413,0.041831594,0.040147956,0.044092182,0.039810825,0.040011905,0.041450996,0.039883867,0.041501943,0.04423684,0.04601475,0.041068055
0.04343926,0.042413652,0.042740375,0.04039515,0.038700785,0.041346017,0.04159731,0.04334863,0.040345203,0.040251415,0.04083044,0.04402117,0.041130297,0.041718356,0.040135466,0.04404809,0.0395613,0.039857768,0.041457772,0.039933942,0.041256137,0.04407796,0.0463962,0.040997304
0.043564547,0.042438112,0.04301251,0.040605452,0.03866526,0.04126222,0.042160526,0.043863405,0.039778277,0.039971277,0.040710002,0.0441545,0.041176338,0.041676797,0.039676998,0.044395886,0.03942692,0.039585333,0.040872652,0.03987467,0.041540932,0.044280123,0.046488527,0.040818773
0.0435361,0.042276356,0.04283516,0.04053417,0.039055474,0.040936477,0.042456698,0.043483853,0.039974127,0.03982744,0.041412022,0.0437026,0.04103469,0.04182333,0.03970119,0.044194285,0.03965067,0.039735597,0.040415853,0.03998972,0.041747905,0.044296555,0.046491887,0.04088784
0.043472,0.04206949,0.042957116,0.04043098,0.039115872,0.040899493,0.04268445,0.043325953,0.039841995,0.040027924,0.04160829,0.043451443,0.041037854,0.04186351,0.039888714,0.043833632,0.04000535,0.0398309,0.040314972,0.04002796,0.04202304,0.044297013,0.04616662,0.040825374
0.043444835,0.041867077,0.04294205,0.040205926,0.039041348,0.041122876,0.043061256,0.043241706,0.039686166,0.040224705,0.04150128,0.043344963,0.040956847,0.041740872,0.040321864,0.043574072,0.040015165,0.039752368,0.040252473,0.03997287,0.042077504,0.04445963,0.046097472,0.041094664
0.043393876,0.041912805,0.042896897,0.04026444,0.03904284,0.04100061,0.042833187,0.043170523,0.04007466,0.040182658,0.04149079,0.043147676,0.041043516,0.04161517,0.04028625,0.043478847,0.040005036,0.039894715,0.04052645,0.040238693,0.041882608,0.04437182,0.04589361,0.04135235
0.043279964,0.042139057,0.04292432,0.040268973,0.039121814,0.04078236,0.042663798,0.043271203,0.040138688,0.040424533,0.041387625,0.043369092,0.041039053,0.041663792,0.04021359,0.043684125,0.04000431,0.039822306,0.040825304,0.040158097,0.041842494,0.044163913,0.045707993,0.041103568
0.043046735,0.042249028,0.042701606,0.04021004,0.039097354,0.040762927,0.042551007,0.043282643,0.04011316,0.04050995,0.041200597,0.04356062,0.040949017,0.041523024,0.040197972,0.044097334,0.03988636,0.039796263,0.041157555,0.04001385,0.041806836,0.04426149,0.045894258,0.0411303
0.043299124,0.04228097,0.043028835,0.040183228,0.038792003,0.040925585,0.04249885,0.04342705,0.040043935,0.04024185,0.041168664,0.043711297,0.04084228,0.04151959,0.0399049,0.04434634,0.03967093,0.03979659,0.0410111,0.039983142,0.04168662,0.044367213,0.04617878,0.04109112
0.043384172,0.04226464,0.04314459,0.04011176,0.03875467,0.040899936,0.04254799,0.04330099,0.0399856,0.040184557,0.04138158,0.04400601,0.040933415,0.041745525,0.039911177,0.04426414,0.03948637,0.039794214,0.040901855,0.03973041,0.041674614,0.04405131,0.04636802,0.04117245
0.04335151,0.04219874,0.042955372,0.040456433,0.038729783,0.040881556,0.04271504,0.043266594,0.03983893,0.040212948,0.041226607,0.044010345,0.040949997,0.04178655,0.040240448,0.044110704,0.039286856,0.039505456,0.04092353,0.03989855,0.04173217,0.04404555,0.046350658,0.041325692
0.043262865,0.042144403,0.042767845,0.040730707,0.03911936,0.04089461,0.042424943,0.043152794,0.04005915,0.04028512,0.04099938,0.043867655,0.041172843,0.041793704,0.040011447,0.044159845,0.039484378,0.039370157,0.041106667,0.040165834,0.041679967,0.044178847,0.046048556,0.04111896
0.043417238,0.042176396,0.04289288,0.040746726,0.03908365,0.041250333,0.042043254,0.04328786,0.040179435,0.040026415,0.0410487,0.04389294,0.04121635,0.041679233,0.03962492,0.04431905,0.03940385,0.03924389,0.040907502,0.040112197,0.04196521,0.04442024,0.046104714,0.040957034
0.043603644,0.042228576,0.042874023,0.040649716,0.03910465,0.0409044,0.042329557,0.043513075,0.03991451,0.039749414,0.041021284,0.04390606,0.04106651,0.041644838,0.039859973,0.044422492,0.03965858,0.039160997,0.040587153,0.040063724,0.0421328,0.044465687,0.046146113,0.040992156
0.043376908,0.042107813,0.042797394,0.040378,0.039207462,0.04070359,0.042602766,0.043352496,0.039996535,0.039893664,0.04109506,0.043701436,0.04095753,0.041836232,0.040165275,0.044240512,0.039710525,0.039384983,0.04066954,0.0402131,0.041961815,0.044342734,0.04613823,0.041166466
0.043132763,0.04223302,0.042744145,0.04028082,0.039054487,0.04112904,0.042160638,0.04316168,0.040310875,0.040212378,0.040863693,0.04383539,0.040781233,0.041757174,0.040108822,0.044175707,0.039684758,0.039556276,0.04107502,0.040377855,0.041663095,0.04432454,0.04619395,0.04118265
0.043023802,0.042221654,0.042782553,0.04061917,0.039003044,0.041022282,0.04196211,0.042885628,0.040265456,0.04028136,0.041043647,0.0437948,0.041255824,0.041653205,0.04016557,0.04398816,0.039617598,0.03949975,0.04130361,0.040254027,0.041612532,0.044073574,0.04624258,0.041428123
0.0428501,0.042386565,0.043042406,0.04055191,0.03887253,0.040765658,0.042386256,0.042983443,0.04012811,0.040487006,0.041414134,0.043843154,0.041050456,0.04128348,0.04014655,0.044410273,0.039256226,0.039299965,0.04107618,0.03978653,0.0419889,0.044092495,0.046313256,0.041584384
0.04276653,0.042661365,0.042977616,0.040656716,0.03879125,0.0409802,0.04241412,0.043108914,0.04005653,0.040475566,0.0410513,0.04403123,0.040843915,0.04103374,0.039999597,0.04476904,0.039542932,0.039299846,0.04120146,0.039712913,0.041747577,0.044223886,0.046290483,0.04136328
0.042883735,0.042294037,0.042643037,0.04075004,0.039118703,0.040922593,0.042069282,0.04326081,0.040205225,0.04053445,0.040722653,0.043868303,0.04120669,0.041387103,0.039674014,0.044418942,0.0396696,0.03928896,0.04142718,0.040037666,0.041744623,0.044470113,0.04606099,0.0413412
0.04289654,0.042128146,0.042605523,0.040543117,0.03901362,0.04071253,0.0421465,0.043188874,0.040235404,0.040463265,0.040911894,0.043772157,0.041209955,0.0412596,0.04018967,0.04434964,0.039390594,0.03958552,0.04114913,0.04014517,0.04188448,0.04428128,0.04657995,0.041357458
0.042933892,0.0422224,0.042776085,0.040951718,0.039407223,0.040718917,0.041924294,0.043061968,0.040208012,0.040182177,0.041068725,0.043619256,0.04121677,0.041126497,0.04031589,0.04422449,0.039533045,0.039660037,0.041235097,0.040359166,0.04136162,0.044287134,0.046594847,0.04101074
0.0431088,0.042335454,0.042922,0.04065884,0.03936547,0.0411878,0.0413996,0.042838022,0.040392637,0.040003695,0.040974572,0.043840677,0.04105764,0.04163241,0.040324356,0.044273414,0.039533492,0.03941828,0.04155444,0.0404584,0.041193523,0.044322908,0.046427723,0.04077584
0.042784043,0.042370792,0.04261821,0.040028326,0.03911708,0.041251466,0.04157149,0.042478442,0.040604714,0.040080212,0.04101644,0.04397111,0.041046552,0.041782998,0.040706147,0.04428685,0.039575074,0.039599326,0.04159319,0.040333524,0.04134391,0.044092715,0.0466981,0.041049324
0.0427589,0.042009156,0.042632725,0.040985387,0.03983937,0.040754057,0.041865055,0.0425858,0.04068341,0.04006929,0.041239772,0.04367444,0.04144568,0.041669436,0.04009831,0.04372733,0.03959433,0.039688334,0.041351,0.040372323,0.041549318,0.043950092,0.04619796,0.041258547
0.043146428,0.041842304,0.042937018,0.04085567,0.039522585,0.04075897,0.04228115,0.04278099,0.04037017,0.040056996,0.041654695,0.04356695,0.04139527,0.041921683,0.039752237,0.043809816,0.039502695,0.039637245,0.040850252,0.040024947,0.04204534,0.04379354,0.046088368,0.04140463
0.04343046,0.041984882,0.04281409,0.040656045,0.039180975,0.04089415,0.042543862,0.04288514,0.040154886,0.040336207,0.04177219,0.04367345,0.04128544,0.04191079,0.039764706,0.043814022,0.039782636,0.039564285,0.04078877,0.039898507,0.04230028,0.043614034,0.045766767,0.04118345
0.043290254,0.04211378,0.04275767,0.040835954,0.039407384,0.040849723,0.042106543,0.04276176,0.0405728,0.040493734,0.04144185,0.04381052,0.041394804,0.041769385,0.039855838,0.043782357,0.03996188,0.039445877,0.041241437,0.04015105,0.042040598,0.043588914,0.045504406,0.040821504
0.04331977,0.042128522,0.0427604,0.040951416,0.039354593,0.040815033,0.041507814,0.04275946,0.040977687,0.04050775,0.0414458,0.043364946,0.04140528,0.041663654,0.040193766,0.043838155,0.04005538,0.03933959,0.041289892,0.04047433,0.04200928,0.04348013,0.045578223,0.040779144
0.04346332,0.04199789,0.042718064,0.040897604,0.039290402,0.04098526,0.04161774,0.04296445,0.04084081,0.04056269,0.04152247,0.043264456,0.04116122,0.041723117,0.040157415,0.043805625,0.04030683,0.039309703,0.040985603,0.04060007,0.041936293,0.04364735,0.045447644,0.040794022
0.043195814,0.04210485,0.042611975,0.040710285,0.039557647,0.041085,0.04171507,0.042957395,0.040794574,0.04083063,0.041402794,0.043778453,0.041063264,0.04177575,0.039700333,0.043828882,0.039906453,0.039282653,0.040942263,0.040318657,0.041598774,0.04396053,0.04568885,0.04118909
0.04275378,0.042162463,0.04270635,0.04060823,0.039267015,0.041172072,0.041844472,0.042846333,0.040754013,0.04058721,0.041407317,0.043972783,0.041036252,0.041607644,0.039870825,0.044030093,0.039456483,0.039601658,0.04106838,0.040168513,0.04127241,0.04397006,0.04630422,0.041531425
0.042940084,0.04197867,0.042785216,0.040903993,0.03897952,0.04127367,0.041915726,0.043062903,0.04020777,0.040597506,0.041230913,0.043946054,0.041042775,0.04174785,0.04009319,0.043799967,0.039216552,0.039403953,0.041075915,0.040333923,0.041538265,0.044318616,0.046339396,0.041267563
0.04359634,0.041836508,0.042595696,0.0408444,0.0392329,0.041337784,0.042187624,0.04314128,0.0399712,0.04060747,0.041417714,0.043800145,0.040624,0.042310722,0.039712276,0.0435913,0.039474297,0.039167933,0.0405022,0.04023875,0.042290483,0.044470977,0.045968723,0.04107929
0.043528154,0.042202417,0.042442486,0.040652804,0.03956172,0.040965486,0.042183746,0.04296359,0.04012102,0.040314686,0.04137561,0.04383646,0.040432744,0.04207979,0.03967346,0.044155676,0.039837103,0.03930579,0.0408462,0.0399745,0.042402398,0.044243056,0.04584093,0.041060217
0.043574084,0.042316414,0.04255287,0.040360063,0.039364908,0.040728804,0.041865405,0.042886272,0.04017589,0.040449418,0.04100746,0.044298816,0.040359836,0.042150624,0.040057637,0.044267897,0.039950613,0.03926998,0.040987104,0.03995689,0.04209523,0.044336468,0.04586619,0.041121114
0.04367264,0.04241784,0.042851754,0.040598437,0.03905938,0.04113769,0.041698404,0.04326333,0.04018904,0.04029236,0.040681254,0.044451937,0.04047449,0.041921727,0.039857175,0.044162158,0.039701547,0.03928367,0.04082134,0.03992969,0.04171541,0.04445442,0.046194937,0.041169383
0.04355702,0.04247786,0.043311596,0.041164834,0.03887778,0.041399468,0.04181486,0.04364388,0.03999078,0.040169828,0.040581472,0.04421265,0.041138504,0.0415279,0.039728533,0.043893255,0.039237153,0.039259188,0.041072033,0.03993735,0.041262195,0.044566046,0.046206973,0.04096881
0.04329369,0.042405106,0.043356497,0.04101555,0.039040744,0.04094404,0.041972917,0.043461576,0.04007883,0.040191706,0.04094953,0.044125058,0.041456576,0.041323256,0.040079698,0.04361152,0.039391518,0.039199285,0.040966462,0.040151913,0.041303,0.04440035,0.045974027,0.041307114
0.043094214,0.042408846,0.043449562,0.04097243,0.039073143,0.041115236,0.04170846,0.04335874,0.040342055,0.040419634,0.041260965,0.04394284,0.04136187,0.04135697,0.039764095,0.043621376,0.039257787,0.03943611,0.040932175,0.040185932,0.04140961,0.044343986,0.045887597,0.04129639
0.043399617,0.042508245,0.043366827,0.040800847,0.038386997,0.04148087,0.041928064,0.04341245,0.04009528,0.0406662,0.040977463,0.0439868,0.040851705,0.04165108,0.039586674,0.044080798,0.03899423,0.039665807,0.04097463,0.039948866,0.04168919,0.0444132,0.046037626,0.04109652
0.043410804,0.042459995,0.042670727,0.04099755,0.038586654,0.041235954,0.041746467,0.04337591,0.04029616,0.040540323,0.040675092,0.044051513,0.040877093,0.0415227,0.039473105,0.044366088,0.039373077,0.039770458,0.041002218,0.039973345,0.041737054,0.044595182,0.04613612,0.041126452
0.043530203,0.042249277,0.04280619,0.041137226,0.038866192,0.041320607,0.041648537,0.043564428,0.040041875,0.04026369,0.040541466,0.04386798,0.040877268,0.041498564,0.03923697,0.044622693,0.039378304,0.039750837,0.040730506,0.040121537,0.041798033,0.045112725,0.046343565,0.040691372
0.043616004,0.04209852,0.0430995,0.04101073,0.039120667,0.041163176,0.04182716,0.043604143,0.039736453,0.04002926,0.040718414,0.043949883,0.04084469,0.041733783,0.03934774,0.044566236,0.039379183,0.039334662,0.04048034,0.04000522,0.042137552,0.04506468,0.046430543,0.0407014
0.043591563,0.041891996,0.043320842,0.04098337,0.038812753,0.041051354,0.041908056,0.04351811,0.039992686,0.0397345,0.040791996,0.044017557,0.04110324,0.04192181,0.03953299,0.04448025,0.039292317,0.03905412,0.04038041,0.040153388,0.04219382,0.04466502,0.046481427,0.041126408
0.04344299,0.041899566,0.043239918,0.040879462,0.038832236,0.04082036,0.04187936,0.043336682,0.040332366,0.039888598,0.040917214,0.043599818,0.04121678,0.041684348,0.03986099,0.044268783,0.039347537,0.039466657,0.0409168,0.040493537,0.041895222,0.044396356,0.04637158,0.041012853
0.0433512,0.04209295,0.04303044,0.04054075,0.039165653,0.040841457,0.041811958,0.043090668,0.040519457,0.040159773,0.041151386,0.043296576,0.041190445,0.0416678,0.04024058,0.043932986,0.039670404,0.039583493,0.041327212,0.04044413,0.041578267,0.044204455,0.04624716,0.04086081
0.043298364,0.042142827,0.04309508,0.040685605,0.0392996,0.0408672,0.04191213,0.04310104,0.0403857,0.040188733,0.04125866,0.043294843,0.041272484,0.041742466,0.04003881,0.043713495,0.039578196,0.039658684,0.041356135,0.040389746,0.04162144,0.044172544,0.04616329,0.040762957
0.0433529,0.042377517,0.0432079,0.04069329,0.03940307,0.040832788,0.042040426,0.043101154,0.04037981,0.040107816,0.041203234,0.043574233,0.041215315,0.041666653,0.040130705,0.043632038,0.039521378,0.039647363,0.041182596,0.04025582,0.041730635,0.044087704,0.046040807,0.04061486
0.043249976,0.04221463,0.04321692,0.04045013,0.03924705,0.040840764,0.042149924,0.04286469,0.040366266,0.040140517,0.04132755,0.043595735,0.04117558,0.0417851,0.040242355,0.043943264,0.039537467,0.03968936,0.04115088,0.040163197,0.04180967,0.043928474,0.046134166,0.04077633
0.04334757,0.04196076,0.043175276,0.04072363,0.038848728,0.0409225,0.042599693,0.042879924,0.040128183,0.040418353,0.041502208,0.04350867,0.041476548,0.041777518,0.0400398,0.043782562,0.039644193,0.03954263,0.040958647,0.04009365,0.0418936,0.04403854,0.04583832,0.04089853
0.043165922,0.042003278,0.04299968,0.041035246,0.039147582,0.04077716,0.04243115,0.04279964,0.040297735,0.04054377,0.041316018,0.043437354,0.041534655,0.04153647,0.04002505,0.04382623,0.03977033,0.039287254,0.041218884,0.040124334,0.041877273,0.044253908,0.04564324,0.04094788
0.04304568,0.042008337,0.042873025,0.041039307,0.0394741,0.040629525,0.042111628,0.04273903,0.040254973,0.040332284,0.04121628,0.043449372,0.041228972,0.041516237,0.039844755,0.044345398,0.039941493,0.03931063,0.041389756,0.040206265,0.0419919,0.044450797,0.045900404,0.04069984
0.043007568,0.04180121,0.04272665,0.040867835,0.03953455,0.04056132,0.04219642,0.04280575,0.04019464,0.04026322,0.041148532,0.0435919,0.041031778,0.04179271,0.040018667,0.0443842,0.040069293,0.03923549,0.04122099,0.040088076,0.042235233,0.0443978,0.04595551,0.04087068
0.042743362,0.04177705,0.042487126,0.040940825,0.039993152,0.040578943,0.042038854,0.04273737,0.040348113,0.040221006,0.041038394,0.043701146,0.040798325,0.04174363,0.039926164,0.04434964,0.039938323,0.039345935,0.041346308,0.040150683,0.0420601,0.044446696,0.04610802,0.041180838
0.04297509,0.041914534,0.042520184,0.041079815,0.03980764,0.04082144,0.042241182,0.04258939,0.040070258,0.040146887,0.040968426,0.04366745,0.040739603,0.041873407,0.040037762,0.04404381,0.039829597,0.039463203,0.041323874,0.04011875,0.04187817,0.044439275,0.046251606,0.041198608
0.042968523,0.041771073,0.04261422,0.04073469,0.039539825,0.040846672,0.04245225,0.04257502,0.04020607,0.040237386,0.04120954,0.043513183,0.04091804,0.04176202,0.04037099,0.043747075,0.039983574,0.03959409,0.041247275,0.040131304,0.04193258,0.0443595,0.04595447,0.04133061
0.04311519,0.041877158,0.042692754,0.040578075,0.039716933,0.04082814,0.042440813,0.04249539,0.04033125,0.04027823,0.041472934,0.04333174,0.040901124,0.04169746,0.040207077,0.04363671,0.039958525,0.039797276,0.04112156,0.04019864,0.042029314,0.04420508,0.04580386,0.041284766
