0,1,2,3,4,5,6,7,8,9,10,11,12,13,14,15,16,17,18,19,20,21,22,23
0.0010172294,0.00086190866,0.07084627,0.07102065,0.0008820583,0.00075366284,0.00080124615,0.07085772,0.00056169985,0.07083215,0.00084137666,0.000758877,0.07088563,0.07066503,0.07107082,0.0009561012,0.07070289,0.07096774,0.070744745,0.00066087156,0.070915475,0.071040064,0.07061831,0.070737466
1.4311003e-05,1.7174338e-05,0.07141767,0.07141945,1.8847633e-05,1.3917161e-05,1.4147079e-05,0.071415834,9.8616565e-06,0.07141387,1.3140122e-05,1.7962022e-05,0.07141831,0.071412094,0.07142161,1.749367e-05,0.07141877,0.07142237,0.071420975,1.7991826e-05,0.07142056,0.0714157,0.0714153,0.07141275
1.4906795e-05,1.5524156e-05,0.07141663,0.07141852,1.6241573e-05,1.5181414e-05,1.2058418e-05,0.0714182,1.2358583e-05,0.07141538,1.4016943e-05,1.600953e-05,0.07141785,0.07141744,0.071418926,1.3978624e-05,0.071420595,0.07142017,0.0714194,1.515374e-05,0.071419775,0.07141581,0.07141723,0.071418606
1.6292615e-05,1.5892396e-05,0.07141607,0.071417764,1.5788084e-05,1.6603424e-05,1.1932781e-05,0.07141857,1.4432022e-05,0.07141504,1.537722e-05,1.5713575e-05,0.07141739,0.07141851,0.07141719,1.3586879e-05,0.071420535,0.07141879,0.071418345,1.4657678e-05,0.07141893,0.07141548,0.071417354,0.07141977
1.8229837e-05,1.6626833e-05,0.071415216,0.07141647,1.5679505e-05,1.8131912e-05,1.2203135e-05,0.071418494,1.673966e-05,0.07141457,1.6907838e-05,1.6094626e-05,0.07141692,0.07141877,0.07141552,1.3872133e-05,0.07142006,0.07141719,0.07141731,1.5130268e-05,0.071417876,0.07141482,0.071416825,0.07142038
2.0497097e-05,1.8153254e-05,0.07141364,0.07141477,1.657579e-05,1.9898896e-05,1.31547595e-05,0.07141816,1.959873e-05,0.07141349,1.9170835e-05,1.7563569e-05,0.07141583,0.07141836,0.071413375,1.4913173e-05,0.07141929,0.07141536,0.07141602,1.610319e-05,0.07141662,0.07141346,0.07141574,0.07142033
2.3094335e-05,1.9509374e-05,0.07141232,0.071413234,1.763174e-05,2.1587119e-05,1.4055294e-05,0.07141745,2.2523807e-05,0.071412265,2.138275e-05,1.8881368e-05,0.07141497,0.0714177,0.07141127,1.600318e-05,0.07141834,0.07141375,0.0714147,1.7218745e-05,0.071415365,0.07141203,0.07141469,0.07142007
2.5399728e-05,1.941773e-05,0.07141156,0.07141206,1.731232e-05,2.2926033e-05,1.3527269e-05,0.0714179,2.6000058e-05,0.07141277,2.309634e-05,1.896216e-05,0.07141467,0.07141877,0.0714092,1.577531e-05,0.071417995,0.0714112,0.071413614,1.6337319e-05,0.07141414,0.07141144,0.07141452,0.07142139
2.8056556e-05,2.0150084e-05,0.071410894,0.071410775,1.7474145e-05,2.4384326e-05,1.399138e-05,0.07141765,2.8582377e-05,0.07141216,2.473984e-05,2.0196918e-05,0.071414135,0.07141904,0.07140709,1.6198976e-05,0.07141757,0.071408786,0.07141249,1.6884458e-05,0.07141311,0.07140981,0.07141393,0.07142187
3.671147e-05,2.9232644e-05,0.07140552,0.071404524,2.5149413e-05,3.2072596e-05,2.1300362e-05,0.071412176,3.440587e-05,0.07140468,3.2166266e-05,2.8161807e-05,0.07140887,0.07141306,0.07140101,2.5372947e-05,0.07141254,0.07140479,0.07140761,2.629689e-05,0.071407236,0.07140219,0.071408145,0.07141677
3.9339244e-05,3.2635216e-05,0.07140391,0.0714024,2.8626424e-05,3.3676268e-05,2.472195e-05,0.07140948,3.488763e-05,0.07140197,3.3978577e-05,3.1047028e-05,0.0714074,0.07140882,0.07140035,3.063827e-05,0.07140946,0.07140538,0.07140629,3.1006577e-05,0.07140474,0.07140049,0.07140572,0.07141307
3.9688595e-05,3.3618962e-05,0.071403466,0.07140302,2.9456864e-05,3.3582768e-05,2.5607724e-05,0.07140952,3.493891e-05,0.07140117,3.4327903e-05,3.155601e-05,0.07140679,0.07140751,0.07140054,3.2047796e-05,0.07140851,0.07140639,0.071405485,3.1983927e-05,0.07140338,0.07140045,0.07140535,0.07141165
3.9016086e-05,3.3757547e-05,0.071403585,0.07140384,2.9005703e-05,3.3231692e-05,2.5641943e-05,0.07140979,3.441114e-05,0.07140086,3.4673e-05,3.1215564e-05,0.071406744,0.0714075,0.071400836,3.19458e-05,0.07140822,0.071407005,0.07140583,3.203096e-05,0.07140369,0.071400076,0.071405426,0.07141163
3.9840135e-05,3.3949273e-05,0.07140255,0.07140265,2.9868039e-05,3.449642e-05,2.6302014e-05,0.07140895,3.5211753e-05,0.07140125,3.5030793e-05,3.333826e-05,0.07140644,0.071407296,0.071400285,3.1843723e-05,0.07140742,0.071406506,0.07140492,3.242919e-05,0.071404174,0.07139923,0.071404584,0.07141148
3.8468865e-05,3.2556745e-05,0.071402,0.0714034,2.852237e-05,3.4253524e-05,2.4949977e-05,0.07141043,3.5381872e-05,0.07140296,3.4051274e-05,3.3131564e-05,0.07140668,0.071409255,0.07140042,2.96273e-05,0.07140867,0.071406215,0.07140424,3.0529976e-05,0.071405455,0.0714006,0.07140528,0.071412906
4.023111e-05,3.215182e-05,0.07140112,0.071401685,2.7604425e-05,3.5702873e-05,2.3380626e-05,0.07141176,3.9283736e-05,0.07140376,3.6296846e-05,3.2977845e-05,0.0714067,0.07141182,0.071397446,2.8232458e-05,0.071409665,0.07140263,0.07140298,2.8243103e-05,0.07140454,0.07140018,0.071405634,0.07141596
3.7797054e-05,2.7284588e-05,0.07140334,0.07140371,2.3011902e-05,3.3322125e-05,1.9678058e-05,0.0714145,3.882744e-05,0.071407706,3.346476e-05,3.0386384e-05,0.07140946,0.071415596,0.07139801,2.2905459e-05,0.07141272,0.07140319,0.07140498,2.3454713e-05,0.07140675,0.07140188,0.07140872,0.07141932
2.8178061e-05,1.93604e-05,0.071409754,0.07141097,1.6531169e-05,2.5536168e-05,1.4089387e-05,0.071418665,3.031329e-05,0.07141356,2.4542e-05,2.2232207e-05,0.07141491,0.07141981,0.07140485,1.5045237e-05,0.07141728,0.07141001,0.07141007,1.6096885e-05,0.07141269,0.071408704,0.07141452,0.07142231
3.321764e-05,2.4146479e-05,0.07140543,0.071406394,2.1404481e-05,3.0409645e-05,1.8213288e-05,0.0714157,3.4137316e-05,0.071410045,2.975608e-05,2.7275933e-05,0.07141189,0.071417145,0.07140142,1.9848268e-05,0.07141397,0.0714072,0.07140602,2.0574218e-05,0.071409516,0.071405016,0.07141139,0.07141988
4.6818088e-05,3.8414804e-05,0.07139458,0.071395345,3.4701778e-05,4.1144223e-05,3.078862e-05,0.07140692,4.185106e-05,0.07139972,4.086745e-05,4.3251963e-05,0.07140347,0.07140618,0.071393415,3.680526e-05,0.071404114,0.07140206,0.07139704,3.612397e-05,0.07140107,0.0713942,0.07140133,0.07140982
4.208824e-05,3.946309e-05,0.07139793,0.071399696,3.7110465e-05,3.6390837e-05,3.3165292e-05,0.07140408,3.252018e-05,0.07139879,3.7157304e-05,4.2597087e-05,0.07140489,0.07139878,0.07140129,4.207759e-05,0.071401305,0.07140869,0.07140128,3.863488e-05,0.07140396,0.07139673,0.07139978,0.071401596
3.358072e-05,3.5269088e-05,0.07140403,0.071408,3.6440088e-05,2.9422607e-05,3.1485695e-05,0.07140443,2.2239057e-05,0.0714023,2.9678096e-05,3.8369042e-05,0.071408965,0.071394615,0.071411796,3.9320745e-05,0.07140176,0.07141638,0.07140695,3.5162633e-05,0.07141004,0.071403325,0.0714014,0.07139505
3.625745e-05,3.8314174e-05,0.07140153,0.07140653,3.997063e-05,3.276144e-05,3.4773453e-05,0.07140268,2.4204517e-05,0.07140084,3.108795e-05,4.2150845e-05,0.07140754,0.07139124,0.07140986,4.1622825e-05,0.07139993,0.07141537,0.07140498,3.6706693e-05,0.0714095,0.07140138,0.07139932,0.07139149
4.271101e-05,4.3896933e-05,0.071394615,0.071399756,4.3649954e-05,4.0066632e-05,3.9029746e-05,0.07140059,3.092416e-05,0.0713981,3.64386e-05,4.790821e-05,0.071403675,0.07139088,0.07140248,4.5229768e-05,0.07139774,0.07141061,0.071399756,4.0496718e-05,0.07140607,0.0713962,0.0713968,0.07139236
5.180122e-05,5.147333e-05,0.07138793,0.07139208,4.9465525e-05,4.8598955e-05,4.538178e-05,0.07139692,3.738676e-05,0.07139292,4.4193708e-05,5.5124852e-05,0.07139885,0.0713898,0.07139454,5.1130533e-05,0.07139441,0.0714045,0.07139167,4.6227062e-05,0.07140134,0.0713898,0.07139331,0.07139116
5.9116857e-05,4.8384143e-05,0.07138702,0.07138701,4.4873286e-05,5.34833e-05,3.9418574e-05,0.071401,4.829898e-05,0.071394004,4.746651e-05,5.401983e-05,0.07139828,0.0713994,0.07138436,4.546517e-05,0.07139785,0.07139569,0.07138664,4.2663298e-05,0.0713983,0.071386516,0.07139649,0.07140423
5.3180906e-05,4.002797e-05,0.071392044,0.07139259,3.4149813e-05,4.921246e-05,3.071361e-05,0.071408585,4.8974012e-05,0.07140021,4.187168e-05,4.5508004e-05,0.071402036,0.07140777,0.071386024,3.4230714e-05,0.07140481,0.07139448,0.07139228,3.2932025e-05,0.07140213,0.07139103,0.071402274,0.071413
4.940116e-05,3.5328718e-05,0.07139635,0.07139585,2.7821996e-05,4.5517932e-05,2.672558e-05,0.07141206,4.67357e-05,0.071402855,3.839868e-05,4.1055628e-05,0.07140572,0.071411796,0.07138865,2.8030634e-05,0.0714079,0.07139422,0.071396984,2.845004e-05,0.07140509,0.07139318,0.07140517,0.07141667
4.5468034e-05,3.1055253e-05,0.071401104,0.071398556,2.4647208e-05,4.0469335e-05,2.3163353e-05,0.07141428,4.26238e-05,0.07140557,3.46659e-05,3.582616e-05,0.071409315,0.07141399,0.071392365,2.401492e-05,0.071410306,0.07139613,0.0714007,2.4732366e-05,0.0714075,0.07139681,0.071408086,0.07141866
4.676265e-05,3.269681e-05,0.07139938,0.071396746,2.5907657e-05,4.180437e-05,2.4302444e-05,0.07141361,4.4244123e-05,0.07140523,3.6328765e-05,3.8212867e-05,0.07140818,0.07141194,0.07139145,2.5918302e-05,0.07140919,0.07139518,0.07139961,2.4804871e-05,0.07140749,0.07139639,0.07140742,0.07141722
5.4755998e-05,3.851187e-05,0.07139345,0.07139157,3.1760865e-05,4.8503178e-05,2.899319e-05,0.07140869,5.1611492e-05,0.071401104,4.3059372e-05,4.5394867e-05,0.0714044,0.07140721,0.071386665,3.1969506e-05,0.07140391,0.07139178,0.07139405,2.9712786e-05,0.07140443,0.07139153,0.07140328,0.07141364
5.2622087e-05,3.7742822e-05,0.07139518,0.07139312,3.1302734e-05,4.7078287e-05,2.7396103e-05,0.07140844,5.063364e-05,0.071401514,4.1538748e-05,4.202415e-05,0.07140411,0.0714078,0.07138915,3.1077067e-05,0.07140507,0.071392044,0.07139668,2.8837405e-05,0.071404934,0.07139389,0.07140327,0.07141455
4.4950382e-05,3.2264248e-05,0.07140009,0.07139905,2.7027145e-05,4.133125e-05,2.241594e-05,0.07141281,4.285767e-05,0.07140519,3.49786e-05,3.530645e-05,0.07140734,0.071412,0.07139419,2.4717285e-05,0.071410425,0.07139539,0.07140074,2.284385e-05,0.071409404,0.0713997,0.07140739,0.07141764
6.032166e-05,4.3628177e-05,0.07139213,0.071387865,3.8454706e-05,5.4000662e-05,3.2218868e-05,0.07140684,5.2806296e-05,0.07139528,4.6314974e-05,4.772863e-05,0.071400486,0.07140601,0.0713821,3.767975e-05,0.07140298,0.071386844,0.07138954,3.4205223e-05,0.07140094,0.07138817,0.07140087,0.071412556
5.3820346e-05,4.7149846e-05,0.07139692,0.07139495,4.6123612e-05,4.605974e-05,3.9423307e-05,0.07140041,3.6225385e-05,0.071392745,4.0983945e-05,4.624923e-05,0.07140111,0.07139011,0.07139654,5.3153934e-05,0.071393445,0.07140308,0.07139334,4.4462908e-05,0.071398884,0.07139246,0.071396194,0.07139621
5.5930792e-05,5.3550248e-05,0.071395926,0.071398854,6.011911e-05,4.468388e-05,4.993471e-05,0.07139208,3.0737025e-05,0.07138903,4.5143806e-05,5.581581e-05,0.07140122,0.07136679,0.07140698,6.632386e-05,0.071381785,0.07140831,0.07139386,5.1425213e-05,0.07140022,0.07139469,0.07138369,0.07137292
0.0014603148,0.0011210681,0.0705699,0.070738435,0.0012578062,0.0010308973,0.0011995645,0.07064421,0.00083602243,0.07064704,0.001277714,0.0012063846,0.07072545,0.07033058,0.07084524,0.0014471329,0.07034678,0.07071371,0.070407026,0.0009881716,0.0705699,0.0708247,0.07042868,0.07038328
0.013177257,0.009627111,0.063031666,0.06470362,0.010157386,0.009781022,0.010618587,0.064690195,0.009246833,0.0646675,0.012241892,0.010076682,0.0645252,0.06410099,0.06508136,0.011903049,0.0626732,0.06328275,0.061682407,0.008644834,0.06291033,0.06585991,0.063241094,0.0640751
0.017112143,0.012552514,0.060162436,0.06234457,0.013398839,0.0130973095,0.013856676,0.0626197,0.012650192,0.062410478,0.016087834,0.013195046,0.062360283,0.062042244,0.06290962,0.015412621,0.05992567,0.060555622,0.05866701,0.011615538,0.060335085,0.06402051,0.06069048,0.061977647
0.022206541,0.016522173,0.0565891,0.05920849,0.017559262,0.017503696,0.018345503,0.05962226,0.017217105,0.059330624,0.021008417,0.017397663,0.059383933,0.05946261,0.059826512,0.019984968,0.056642123,0.056920815,0.054772343,0.015588223,0.05682792,0.061367624,0.05740944,0.05930263
0.018509472,0.0133516295,0.05920538,0.061635293,0.01418342,0.014083329,0.015025799,0.06188684,0.013630273,0.06165968,0.017275587,0.01429144,0.061739884,0.061450146,0.062201988,0.016419299,0.059274238,0.059903774,0.05762043,0.012570659,0.059333246,0.06346446,0.0599769,0.06130689
0.044040732,0.0364987,0.040281396,0.042842716,0.038432233,0.039629947,0.03974135,0.04516952,0.040288594,0.043483052,0.043458346,0.03800433,0.04470417,0.046543952,0.043633718,0.04017105,0.042393528,0.04004755,0.037957978,0.03618885,0.041818224,0.046366204,0.041087355,0.047216494
0.04627917,0.039014287,0.038507953,0.040164948,0.041210804,0.042919524,0.04253389,0.043566566,0.043492027,0.041172333,0.04618685,0.040240984,0.043126132,0.04509989,0.041599322,0.042143803,0.0405555,0.03777837,0.035777077,0.03852958,0.040532198,0.044450216,0.03837497,0.046743587
0.044989612,0.03763746,0.039511308,0.04146186,0.03960484,0.041451395,0.041074514,0.04490375,0.042027663,0.04247166,0.04481821,0.03853337,0.044080254,0.046005614,0.042660985,0.040635407,0.041353077,0.038717043,0.036644883,0.03679312,0.041442182,0.045887135,0.03956767,0.047727015
0.042192854,0.034396317,0.041802466,0.044431854,0.036034346,0.037526503,0.03763532,0.047364164,0.038168643,0.04535137,0.041476477,0.035199463,0.046180815,0.048150398,0.04543702,0.037691295,0.043378588,0.04126233,0.0390445,0.03315883,0.043415252,0.048702862,0.042494975,0.04950333
0.041018594,0.03321926,0.042827975,0.045590177,0.034775443,0.03619689,0.036240164,0.048188835,0.036577433,0.046433713,0.040074524,0.03393208,0.047071945,0.048864573,0.04650403,0.036745936,0.0439919,0.042254996,0.04002942,0.031841673,0.04431174,0.04975184,0.043553133,0.05000378
0.041049007,0.033404786,0.042878464,0.04560392,0.034952868,0.036386214,0.036151424,0.04784856,0.036490355,0.046315357,0.040119912,0.034121107,0.046993855,0.048762824,0.0464463,0.037183218,0.043925058,0.042268362,0.03997922,0.03211406,0.044335365,0.049474385,0.043648116,0.049547266
0.036577918,0.028688109,0.046396054,0.049496993,0.030024284,0.03112448,0.031370606,0.051059168,0.031200137,0.05008118,0.03520318,0.029547038,0.050191868,0.05181463,0.05017628,0.032665633,0.04742476,0.04597501,0.04359284,0.027197573,0.04753985,0.05297312,0.047479544,0.05219974
0.032591302,0.025150988,0.049297124,0.052417036,0.026339896,0.027236305,0.02748578,0.05346462,0.027154487,0.052891146,0.031227294,0.026036343,0.052866485,0.05410891,0.052944932,0.029134095,0.050041866,0.04910351,0.04669866,0.023790548,0.05008032,0.05543806,0.0503478,0.054152507
0.031720873,0.024819143,0.04992891,0.052715134,0.025836553,0.026716463,0.026937393,0.0535568,0.026579678,0.053332735,0.030624678,0.02568645,0.053330306,0.054493446,0.05313113,0.028838009,0.050509445,0.049577925,0.047364876,0.023433253,0.05028361,0.055588916,0.0507449,0.054249376
0.036138237,0.029056981,0.046689235,0.049394112,0.03009523,0.03133528,0.031321492,0.050492883,0.03126291,0.050231464,0.035071205,0.029859612,0.050149918,0.051920235,0.04976097,0.033019677,0.047712002,0.04600464,0.043935556,0.027608223,0.047200605,0.052581754,0.04751719,0.051640555
0.02910487,0.022203507,0.051936593,0.054794267,0.023055786,0.02400461,0.024337089,0.0556038,0.023632396,0.05522479,0.02766686,0.023063902,0.055073593,0.05602828,0.055162374,0.026201155,0.052350186,0.05179689,0.04950522,0.020901408,0.052086987,0.057546396,0.052854314,0.05586472
0.016150083,0.011215864,0.06108961,0.06310715,0.011867267,0.011988425,0.012759192,0.063458264,0.011552398,0.063163266,0.014898844,0.012222254,0.063183546,0.06288538,0.06362022,0.014282925,0.06068375,0.061507802,0.059553236,0.010558965,0.06088618,0.06479148,0.061792925,0.06278097
0.03419246,0.026488794,0.04791733,0.05099857,0.02754262,0.02867176,0.029279187,0.052760813,0.02905653,0.0519267,0.03304689,0.027354293,0.051826693,0.053347424,0.05188728,0.030477881,0.048538167,0.047830522,0.04552669,0.025135566,0.048575036,0.054641142,0.0492241,0.05375348
0.04465667,0.037771847,0.039647948,0.041050825,0.039637752,0.04170119,0.041129198,0.04453347,0.042053703,0.042834453,0.04471935,0.038432684,0.044096034,0.046330184,0.042781178,0.04091306,0.041160394,0.03827046,0.03697725,0.036841083,0.04150308,0.045566592,0.039533917,0.047857665
0.043946005,0.036822736,0.04026099,0.041997094,0.038966708,0.041079253,0.040329553,0.045424666,0.04145002,0.04327801,0.044141002,0.037357483,0.044649057,0.046737056,0.043243837,0.03990195,0.041548293,0.03914465,0.03736725,0.035718847,0.04186447,0.046492074,0.039866794,0.048412226
0.045986656,0.038932875,0.038398284,0.040229097,0.041538317,0.043151442,0.042916752,0.043463297,0.043985497,0.041290417,0.046388347,0.040165916,0.042911895,0.045088377,0.04141633,0.042232055,0.04040963,0.037445873,0.036029518,0.038650546,0.040450484,0.044005696,0.03811913,0.04679364
0.0492831,0.043212913,0.035474062,0.036423393,0.045979444,0.04758216,0.047088,0.040116817,0.04820297,0.038086418,0.05002133,0.04471351,0.040071636,0.042368814,0.038212184,0.046221,0.03825068,0.034177035,0.03379856,0.04363556,0.038277064,0.0399214,0.035105642,0.043776266
0.046109453,0.039584816,0.038212974,0.039966203,0.041746207,0.04352167,0.04296613,0.042833194,0.043859225,0.041739997,0.046261128,0.040478837,0.04277955,0.044929605,0.041296247,0.042871147,0.0401705,0.03711907,0.03626888,0.03919143,0.04020939,0.04349193,0.03850258,0.045889765
0.04317181,0.036040816,0.04073267,0.043083277,0.03775228,0.039485496,0.039357606,0.04570442,0.040028397,0.044700943,0.042772036,0.036716573,0.04515365,0.04722755,0.044076625,0.039370034,0.04235765,0.039782513,0.038404074,0.03504193,0.042381007,0.046971932,0.04138352,0.048303153
0.045138847,0.038495153,0.039143734,0.040830143,0.040422704,0.042277448,0.04177487,0.043962788,0.042838354,0.04245203,0.045195173,0.039210085,0.043609086,0.045511708,0.041996494,0.0415568,0.041047364,0.038106304,0.036376473,0.037959732,0.04076518,0.044934176,0.039289583,0.047105737
0.04451514,0.037805147,0.039601833,0.04158523,0.03994933,0.04165993,0.04104164,0.044522155,0.042178214,0.04306409,0.04471425,0.03845955,0.04402297,0.045766257,0.04232607,0.04072564,0.04141936,0.03904893,0.036731955,0.03744733,0.040834017,0.045542534,0.039723095,0.047315333
0.04672272,0.040599637,0.03764201,0.039095357,0.043212544,0.04513772,0.04400808,0.042549122,0.04544974,0.040543977,0.04748599,0.04129636,0.042113606,0.043723475,0.03987971,0.043344878,0.039496157,0.037026644,0.035085768,0.040850725,0.039161388,0.042773616,0.037205532,0.04559527
0.047548797,0.04194848,0.036448672,0.03719552,0.045371916,0.047656976,0.046043526,0.041400325,0.047897186,0.038354754,0.049648136,0.043155618,0.041250948,0.042677,0.038267363,0.044711687,0.038706794,0.03543324,0.03374116,0.04315886,0.03862289,0.040440682,0.03484105,0.04547844
0.04521062,0.03932371,0.038365997,0.039212804,0.042487144,0.044847924,0.043291487,0.043673158,0.04512826,0.040420864,0.047271132,0.04005228,0.04346619,0.044464104,0.040472273,0.041925684,0.04027068,0.03731687,0.035332475,0.03973766,0.040266577,0.043208178,0.036699716,0.047554187
0.043931928,0.037776403,0.039686926,0.040784817,0.0404608,0.04265633,0.041384894,0.044657364,0.04315112,0.04211111,0.045481816,0.037869822,0.04485604,0.04559703,0.042011607,0.04058627,0.041067354,0.038786955,0.036495052,0.0375575,0.041018978,0.04522155,0.038581494,0.048266813
0.04628106,0.04051286,0.03777496,0.038365074,0.043827876,0.04580997,0.044609316,0.042083997,0.046089202,0.039624408,0.048116904,0.04116364,0.042708643,0.043565217,0.039817493,0.043606687,0.039398782,0.036580257,0.034823745,0.041087124,0.03948073,0.042159602,0.036289833,0.04622264
0.04651943,0.04038045,0.037726864,0.039134737,0.043479994,0.045177575,0.04472501,0.04203657,0.04543735,0.0401106,0.047741886,0.041236363,0.042615708,0.043712273,0.039966498,0.043788657,0.039359562,0.03672577,0.03529213,0.040584132,0.03934291,0.04224795,0.03691314,0.045744434
0.04415798,0.037424248,0.039387245,0.042100873,0.040315703,0.041432373,0.041923404,0.04375544,0.042203635,0.042601753,0.044995807,0.038751177,0.04462471,0.045343943,0.042263485,0.041479193,0.04122474,0.03897979,0.03751149,0.037778262,0.040795147,0.044449378,0.03980805,0.046692163
0.041128933,0.03462375,0.04168319,0.044489615,0.036813784,0.038053494,0.038819168,0.04575909,0.03857096,0.04513787,0.041577477,0.035847273,0.04672326,0.047173847,0.044967663,0.0387407,0.043296803,0.041140858,0.040302295,0.034690436,0.042969346,0.04693053,0.042504095,0.04805562
0.034926835,0.028474234,0.04669898,0.049726844,0.03003285,0.031490568,0.032249898,0.05004944,0.03125285,0.05022507,0.03470087,0.029260917,0.05123545,0.051240765,0.050154272,0.0326509,0.04753449,0.04643869,0.045318827,0.027917664,0.04706287,0.05199615,0.04770354,0.051657073
0.039237935,0.033174373,0.04300703,0.04617148,0.03477433,0.036150962,0.036964726,0.047157366,0.036163125,0.046845023,0.03940417,0.033840694,0.047628228,0.04829281,0.046297997,0.03717724,0.044606283,0.042832404,0.042114265,0.032819983,0.044041377,0.048287828,0.044185773,0.0488246
0.03881676,0.032515634,0.043572314,0.046682708,0.033695556,0.034898512,0.036273967,0.048166115,0.035251588,0.047454406,0.039046578,0.033005763,0.04785558,0.04919605,0.047036,0.03616042,0.045210768,0.04306865,0.042246915,0.031521525,0.044718247,0.04917666,0.044780843,0.04964841
0.03821681,0.03172114,0.044324897,0.047112998,0.032907017,0.034351896,0.035008296,0.04885904,0.03467261,0.048093632,0.038008355,0.031968284,0.04875598,0.049940683,0.04755207,0.035255443,0.04569631,0.043710217,0.042207398,0.030676933,0.045034964,0.050212637,0.045265935,0.05044647
0.039978236,0.03347061,0.04293762,0.045372333,0.034734625,0.036545012,0.036514178,0.048124667,0.037076272,0.0465942,0.039884493,0.033470772,0.047531303,0.048852768,0.046077915,0.03667074,0.04422918,0.0422834,0.04054859,0.03216789,0.043976832,0.049440783,0.043618776,0.04989882
0.043724738,0.037666388,0.040188447,0.04156816,0.03950452,0.041682884,0.040967785,0.044905134,0.04204337,0.042888146,0.044326633,0.037668664,0.044706658,0.046016295,0.042542104,0.040573668,0.041400373,0.038727686,0.03717053,0.03662838,0.041381463,0.045950413,0.03982763,0.047939934
0.046762586,0.04126278,0.03791951,0.038553175,0.04316622,0.045409437,0.04441908,0.04214769,0.045519922,0.040224005,0.04750882,0.041355547,0.04231532,0.043714155,0.039682887,0.043742537,0.039609276,0.03604875,0.03466139,0.040606257,0.039497707,0.042874414,0.03716424,0.04583433
0.04524556,0.03908115,0.03920285,0.04057489,0.04077986,0.042644423,0.04201174,0.043988325,0.04297361,0.042184092,0.045325387,0.03914126,0.043720048,0.045047823,0.04169885,0.04160736,0.041030418,0.037858047,0.03600429,0.038078308,0.040745057,0.04493459,0.039033797,0.047088232
0.046095215,0.03963323,0.038673926,0.040010586,0.04148944,0.043422237,0.042695444,0.04330982,0.043521773,0.041630693,0.045944296,0.04000695,0.043163158,0.04464993,0.041225053,0.04235925,0.040590584,0.037413333,0.035681583,0.039111927,0.040400565,0.04408688,0.038570374,0.04631375
0.045960788,0.03915476,0.038787216,0.040423747,0.041083347,0.04302149,0.04260168,0.043578982,0.043094926,0.04186597,0.045851234,0.039767906,0.043135025,0.04493037,0.041542415,0.042075332,0.040555585,0.03768744,0.035974238,0.03873922,0.040879384,0.0441517,0.03877456,0.04636269
0.038995627,0.031872943,0.043996554,0.047063094,0.033017498,0.03487042,0.03504315,0.048915345,0.034751657,0.048072644,0.038444676,0.03229311,0.04826887,0.049714096,0.047538545,0.03527482,0.045067847,0.04371593,0.041638587,0.030588169,0.045311417,0.050292887,0.04500663,0.0502455
0.03748924,0.03140594,0.04475619,0.047606602,0.03228823,0.034237046,0.034444198,0.049133394,0.033834655,0.04870878,0.037529908,0.0317162,0.0490265,0.05025684,0.048004784,0.034977946,0.04543214,0.044262838,0.04306502,0.03018821,0.04565165,0.050263893,0.04571043,0.050009355
0.039838005,0.033891346,0.042804528,0.045371994,0.035000376,0.036892366,0.03717843,0.047343317,0.036897387,0.04657398,0.04038632,0.034126338,0.047199607,0.04894496,0.045921367,0.037557404,0.043601025,0.042172644,0.040986676,0.03283863,0.043930717,0.04823268,0.04355814,0.048751768
0.046849344,0.041940633,0.037115447,0.038464583,0.043750305,0.046066146,0.045176834,0.04151395,0.046217494,0.040034615,0.04847471,0.042208828,0.041744027,0.04387703,0.039019346,0.045006473,0.038753815,0.035469197,0.034580577,0.042099547,0.038956594,0.041363757,0.037070703,0.044246048
0.04640663,0.042101696,0.037281126,0.038521256,0.044098277,0.046060402,0.04544136,0.041378487,0.046248123,0.04017702,0.048594303,0.042468887,0.041652255,0.043512825,0.038875263,0.045062933,0.03854878,0.03516865,0.034562256,0.042485695,0.038876355,0.041166037,0.03731585,0.043995563
0.050355747,0.046719775,0.034256775,0.034783304,0.048966166,0.051010046,0.049946737,0.037257046,0.051143106,0.036444932,0.052680902,0.047699705,0.038392894,0.04040108,0.035273094,0.0498205,0.036160138,0.03165649,0.031929836,0.048075914,0.03582159,0.03665462,0.03443879,0.040110804
0.019564014,0.015402199,0.05840756,0.06065249,0.015755385,0.016459784,0.017613363,0.060387287,0.01573948,0.060633972,0.019138142,0.015843695,0.060255174,0.060407083,0.060638066,0.018366683,0.057701588,0.057656135,0.05676203,0.014497251,0.05809366,0.061607186,0.05873512,0.0596827
3.6794292e-05,3.900859e-05,0.07140137,0.07140735,4.047344e-05,3.2606284e-05,3.653667e-05,0.0714024,2.4170653e-05,0.07140152,3.0515474e-05,4.1638075e-05,0.071408905,0.07138847,0.07140955,4.3877924e-05,0.07139858,0.071415424,0.071402945,3.8978786e-05,0.07140902,0.07140199,0.07139736,0.07139056
4.130347e-05,3.5280507e-05,0.071396515,0.07140143,3.057753e-05,3.666436e-05,2.7085955e-05,0.07140911,3.655791e-05,0.07140525,3.1569645e-05,3.9572587e-05,0.07140716,0.07140606,0.07139723,3.2453183e-05,0.07140656,0.071406685,0.07139897,3.389665e-05,0.071407095,0.07139821,0.071404025,0.07141075
4.2255386e-05,3.7000962e-05,0.071395375,0.07139889,3.1691186e-05,3.878508e-05,2.85083e-05,0.071408026,3.7954764e-05,0.071404316,3.1797637e-05,4.1214294e-05,0.07140617,0.07140696,0.07139497,3.281744e-05,0.071406804,0.07140378,0.0713989,3.4927296e-05,0.071407236,0.07139717,0.071403034,0.0714114
4.2636777e-05,3.822116e-05,0.07139522,0.07139844,3.304973e-05,3.9006773e-05,2.9536823e-05,0.07140695,3.7141737e-05,0.071403205,3.2100183e-05,4.1423227e-05,0.07140562,0.07140498,0.07139582,3.455283e-05,0.07140602,0.0714043,0.07139906,3.7346123e-05,0.07140687,0.07139657,0.07140198,0.07140995
4.0713032e-05,3.9627197e-05,0.07139596,0.071400866,3.5213612e-05,3.6853005e-05,3.1513264e-05,0.07140526,3.266297e-05,0.071400456,3.279497e-05,4.2052223e-05,0.07140561,0.07140021,0.07140073,3.858395e-05,0.071403906,0.07140744,0.07140013,4.020418e-05,0.071407214,0.07139747,0.07139967,0.07140487
4.0302388e-05,3.9427327e-05,0.07139645,0.07140048,3.6078258e-05,3.7102356e-05,3.27739e-05,0.0714029,3.159651e-05,0.07140006,3.2948486e-05,4.3159635e-05,0.07140599,0.071398124,0.07140144,3.9844632e-05,0.071403004,0.0714079,0.07140134,4.16863e-05,0.071407646,0.07139682,0.07139896,0.07140399
4.4132412e-05,3.970817e-05,0.07139474,0.07139738,3.714901e-05,3.9925337e-05,3.298239e-05,0.07140279,3.6669964e-05,0.07139825,3.5760844e-05,4.4898883e-05,0.07140486,0.07139992,0.07139729,3.8660663e-05,0.07140306,0.07140498,0.071398504,4.3176453e-05,0.07140519,0.07139388,0.07139853,0.0714076
4.644479e-05,4.2508094e-05,0.07139253,0.07139582,3.992976e-05,4.3095723e-05,3.519465e-05,0.0714018,3.9535877e-05,0.071397424,3.910793e-05,4.595297e-05,0.071403,0.07139818,0.0713947,4.114973e-05,0.071402244,0.071403086,0.07139714,4.5180106e-05,0.07140297,0.07139154,0.07139594,0.07140553
4.1913627e-05,4.0382823e-05,0.07139512,0.07139816,3.916074e-05,3.9079834e-05,3.2328546e-05,0.07140239,3.4421424e-05,0.07139973,3.4519362e-05,4.2667318e-05,0.07140588,0.07139843,0.07139895,3.9137318e-05,0.07140378,0.07140634,0.0714,4.2671578e-05,0.07140608,0.07139534,0.071398854,0.07140468
4.0553947e-05,4.0920153e-05,0.07139468,0.071400635,4.2020907e-05,3.698129e-05,3.442423e-05,0.07140064,3.0868607e-05,0.071399085,3.372162e-05,4.4586486e-05,0.071405396,0.071394585,0.07140258,4.0937186e-05,0.071402535,0.07140999,0.07139923,4.3436765e-05,0.07140784,0.07139755,0.0713978,0.07139905
3.9317114e-05,3.8970065e-05,0.071395755,0.07140132,4.1493076e-05,3.4914086e-05,3.449039e-05,0.07139965,2.8820534e-05,0.07140062,3.3398148e-05,4.467612e-05,0.07140627,0.07139329,0.07140449,4.109919e-05,0.07140245,0.07141188,0.07140079,4.2836553e-05,0.07140982,0.071398206,0.07139784,0.07139756
4.42594e-05,4.64355e-05,0.07139319,0.07140178,5.0642906e-05,3.8516802e-05,4.3188385e-05,0.071391515,2.852421e-05,0.071397245,3.8299615e-05,5.3353448e-05,0.07140419,0.07138022,0.07140641,5.1183735e-05,0.07139409,0.07141303,0.07139879,4.8092057e-05,0.0714087,0.07139522,0.07138988,0.07138321
0.038598478,0.032193918,0.043330763,0.046710756,0.034173593,0.035421647,0.036341973,0.048014402,0.03605685,0.047262553,0.039199084,0.03280604,0.048370395,0.049233902,0.04721369,0.035683513,0.044469975,0.043112177,0.04127862,0.031546116,0.044610962,0.04981104,0.04432848,0.050231077
0.05205391,0.050145753,0.030417822,0.029008182,0.05567141,0.05706952,0.055920757,0.0325587,0.05639668,0.029434044,0.057862777,0.05402254,0.037375774,0.036841445,0.032052804,0.0533918,0.035240736,0.02895465,0.028637772,0.054941908,0.03605234,0.029969703,0.026745481,0.0392335
0.049379993,0.04639254,0.033223066,0.03243387,0.051176872,0.053060725,0.051737912,0.0363606,0.05258105,0.033189923,0.05409711,0.048735097,0.03988005,0.039625145,0.034905333,0.049181137,0.037158474,0.031706154,0.030762497,0.049777992,0.037530567,0.03465583,0.029789058,0.042658955
0.050592393,0.048488,0.031741712,0.030208414,0.054275837,0.055977188,0.054480515,0.033910576,0.05510799,0.030320914,0.056663346,0.052137747,0.03842993,0.037579317,0.03311758,0.051714245,0.036174666,0.030169703,0.029447466,0.053300332,0.036992565,0.031336244,0.027103078,0.04073023
0.050140537,0.047938112,0.0321673,0.030857494,0.05366153,0.055447552,0.053877883,0.03442861,0.054414432,0.030673958,0.056206122,0.05169094,0.038517978,0.038075376,0.033574883,0.051376496,0.03612868,0.030750949,0.02944648,0.052708343,0.037474528,0.031662576,0.02742916,0.041350044
0.048708614,0.046254665,0.03347082,0.031818107,0.05231192,0.05395123,0.052609082,0.03555451,0.052630924,0.031562503,0.055011302,0.050243028,0.03971214,0.039117664,0.03495623,0.04994603,0.037045248,0.032080892,0.03031132,0.050849188,0.038554553,0.032678604,0.027997296,0.04262411
0.040124148,0.035947744,0.04063594,0.039951667,0.04150962,0.044077005,0.04258485,0.044528864,0.042548172,0.038791068,0.046166804,0.038235504,0.047031056,0.04643864,0.04306272,0.040086765,0.042603012,0.03944048,0.036018882,0.038155388,0.044695634,0.042457886,0.03384816,0.051060002
0.03675849,0.030970795,0.044240415,0.045775313,0.034558713,0.037697025,0.035913847,0.05088988,0.036892597,0.044600096,0.039692845,0.030072939,0.050396472,0.05038635,0.04727483,0.034108087,0.04488953,0.043735888,0.039446495,0.030463312,0.046213154,0.050280586,0.03984721,0.054895137
0.03805583,0.03273968,0.042980447,0.043893524,0.03679238,0.03964825,0.037827924,0.049342383,0.038775858,0.043370657,0.04159516,0.032332733,0.049190216,0.048819687,0.045542624,0.0358,0.044021547,0.04250144,0.03841685,0.032772247,0.045130074,0.0482602,0.03859551,0.05359487
0.03989496,0.034402836,0.041555956,0.04256653,0.038641308,0.040966593,0.039624665,0.047797583,0.040535543,0.042373054,0.043197826,0.03434994,0.047864106,0.047599066,0.044092428,0.037476145,0.043229822,0.041213594,0.037281852,0.034786608,0.04386361,0.04670901,0.037757717,0.052219238
0.04193464,0.035712905,0.04046063,0.041919753,0.039781563,0.04159202,0.04094313,0.046420626,0.041824292,0.041858368,0.044195108,0.035782978,0.046790726,0.04676612,0.043050636,0.038835388,0.04268169,0.040324,0.036150787,0.036093216,0.042416938,0.045940302,0.037674446,0.05084975
0.042235866,0.035505,0.040307585,0.042061392,0.039746303,0.041459695,0.040853743,0.046291906,0.04192517,0.041906856,0.044284783,0.035748888,0.046703584,0.046729505,0.04314126,0.038864378,0.042636696,0.040290225,0.0360734,0.036088295,0.042370535,0.04614078,0.03791868,0.05071544
0.042040825,0.03528639,0.040383432,0.04272427,0.039193112,0.040911548,0.040405948,0.04659615,0.0415332,0.04264243,0.043845605,0.03541354,0.046791673,0.04678651,0.043274693,0.03841753,0.042638645,0.040477287,0.036411326,0.035774477,0.042251423,0.046784375,0.0388066,0.05060903
0.04137869,0.034973983,0.04068939,0.04323315,0.038457707,0.040374048,0.039588604,0.047245346,0.040882494,0.04329368,0.043046508,0.034730613,0.047362387,0.047046367,0.043510664,0.037735675,0.0428518,0.04094779,0.03660424,0.035434127,0.04259791,0.047538716,0.039459836,0.05101631
0.041109707,0.035240605,0.040294576,0.04205576,0.039252795,0.04168878,0.039957177,0.047180045,0.041701026,0.042229306,0.043617517,0.035180893,0.04759816,0.04676894,0.043067504,0.038000748,0.042574257,0.040495593,0.036516037,0.036536258,0.04319692,0.04659095,0.037812017,0.051334403
0.04103554,0.035125334,0.04043411,0.04189514,0.03935942,0.041896924,0.040069427,0.04696897,0.041660566,0.041930705,0.043766573,0.035182253,0.047721796,0.046905506,0.043228347,0.038217127,0.04241011,0.040499475,0.03677461,0.03655658,0.043293603,0.04633565,0.037515573,0.05121668
0.041016378,0.03580743,0.040088773,0.041053228,0.04072802,0.043121155,0.041257493,0.045632895,0.042644806,0.040375482,0.045176964,0.036371298,0.047619082,0.046607934,0.04246544,0.039280213,0.042271078,0.040037565,0.036019478,0.037897613,0.043240495,0.04462249,0.035724003,0.050940704
0.041222673,0.03594252,0.039895643,0.041198965,0.040686175,0.042929336,0.041513342,0.045524735,0.04295495,0.040227495,0.04535005,0.036510266,0.04753585,0.046741053,0.042450346,0.03933647,0.042408295,0.03967478,0.03580475,0.03758192,0.043100137,0.044818755,0.03581537,0.050776143
0.041617952,0.035090644,0.04038475,0.043060042,0.038693618,0.040546555,0.04027373,0.046440758,0.04117221,0.042665,0.04350669,0.035437062,0.047448806,0.04730497,0.04363322,0.038413744,0.042525426,0.040613137,0.03712309,0.03549875,0.042339157,0.04699214,0.03904516,0.0501733
0.04333055,0.036911454,0.038922522,0.04144534,0.04059821,0.04249253,0.0421482,0.044869162,0.043012522,0.041346297,0.045199856,0.037678257,0.045979183,0.04604237,0.042041626,0.040326912,0.041582122,0.039215576,0.03601323,0.037653174,0.041324705,0.045141175,0.037730448,0.048994545
0.043436028,0.03690049,0.03896062,0.04192031,0.04027593,0.04209814,0.041963387,0.045116045,0.042725384,0.04183549,0.044755943,0.037592053,0.045656044,0.045859627,0.042092126,0.04027923,0.0416524,0.03912015,0.036167517,0.037536353,0.041407697,0.045567725,0.03850302,0.04857828
0.04544126,0.03917907,0.037241623,0.040394507,0.042744208,0.044402182,0.044431888,0.04307173,0.04508689,0.0401058,0.046974007,0.040316775,0.043769233,0.04401153,0.04010559,0.04267321,0.04025627,0.03719696,0.034915887,0.040704407,0.04006777,0.04326631,0.037020493,0.046622407
0.04966001,0.044767354,0.033251274,0.035583,0.04887349,0.050574996,0.04989727,0.038498748,0.051030647,0.035464104,0.05236349,0.046665933,0.040214416,0.04005607,0.035503287,0.048114132,0.037211414,0.033015788,0.031708404,0.047765505,0.036803916,0.03763191,0.032723565,0.042621262
0.04974158,0.044460904,0.03341236,0.036116965,0.04838062,0.05010583,0.049575184,0.03844645,0.050481737,0.035704404,0.051933035,0.04649742,0.040299326,0.04005799,0.03606302,0.048151515,0.037223093,0.033415474,0.0325165,0.047513053,0.036590435,0.03787858,0.03347635,0.0419581
0.04505497,0.038460314,0.03760438,0.04099331,0.04195106,0.04366581,0.043887064,0.0430736,0.044378236,0.040470663,0.046432026,0.039893318,0.044220373,0.044370044,0.040960543,0.042351007,0.04027095,0.037714534,0.036111172,0.04035276,0.040284943,0.043475688,0.037760105,0.046263173
0.039081085,0.031912968,0.042819522,0.04665668,0.03420993,0.03591119,0.036594544,0.04878392,0.036724187,0.046446446,0.039370414,0.032220468,0.04871089,0.04920011,0.046844386,0.03556911,0.04407596,0.043112982,0.04070483,0.031882882,0.04461584,0.050168816,0.04359018,0.050792683
0.040659808,0.03385304,0.04185728,0.04463303,0.036221888,0.038234603,0.038305864,0.04790391,0.038931787,0.044869825,0.04134248,0.03361854,0.04752773,0.04836894,0.045282397,0.037188318,0.042874653,0.04163479,0.038635775,0.03339241,0.043581687,0.048880383,0.041639876,0.050561037
0.04225498,0.036344115,0.040496092,0.042147823,0.038862184,0.041130614,0.040609617,0.046126746,0.041722625,0.042790316,0.043841157,0.03593386,0.04601325,0.04716243,0.043240946,0.0392636,0.041701123,0.039620396,0.036710043,0.03584331,0.042441465,0.046689946,0.0392387,0.049814623
0.041854914,0.035852678,0.040990833,0.04277118,0.038142808,0.040368173,0.0399037,0.04676432,0.041073415,0.043324683,0.043147802,0.035064276,0.046330377,0.047720328,0.043682892,0.038638905,0.042263173,0.040123194,0.03695631,0.034742657,0.042666323,0.04756417,0.039799638,0.05025329
0.042503685,0.037065275,0.04034568,0.041347396,0.03981279,0.042114936,0.041326128,0.04585372,0.042578455,0.041763395,0.04457619,0.03637418,0.04563622,0.047095854,0.042595875,0.039766144,0.04174022,0.038923286,0.035684556,0.03615329,0.042680636,0.04597516,0.037915874,0.05017107
0.041005217,0.03587324,0.041217588,0.04174579,0.038954206,0.041721206,0.040300336,0.046594936,0.041749448,0.041775256,0.043965884,0.03526963,0.046686992,0.047891915,0.043617774,0.03872176,0.04238102,0.03954836,0.036067836,0.035191815,0.044115074,0.046431724,0.037590496,0.05158251
0.041470766,0.036393177,0.040533468,0.04128464,0.039768767,0.042432968,0.041065942,0.04591115,0.042469546,0.041060627,0.044640165,0.036202542,0.04646915,0.047326393,0.042987,0.039321974,0.04221124,0.039223056,0.03553933,0.03634893,0.043637834,0.045623135,0.036907706,0.051170487
0.044462703,0.039364807,0.038091697,0.038850483,0.04314831,0.045334067,0.044348843,0.043015137,0.045641154,0.039106634,0.047521863,0.039946724,0.04449571,0.04492854,0.04024877,0.04226096,0.040742766,0.03676399,0.03390306,0.040208746,0.0413382,0.042657237,0.03517961,0.048439957
0.046518303,0.04209207,0.036054708,0.036142368,0.04671262,0.048682906,0.047640674,0.040109478,0.048621066,0.036102764,0.050507706,0.04377729,0.042788524,0.04281161,0.03790362,0.045370348,0.03936626,0.034776002,0.032388464,0.04420704,0.03998367,0.03895366,0.032366727,0.046122093
0.048152916,0.043754987,0.034697462,0.03542997,0.04823482,0.049839493,0.048921015,0.039141316,0.0499199,0.035706196,0.051618632,0.045433056,0.041308463,0.04150968,0.036613453,0.046782408,0.038196556,0.03397731,0.031852886,0.046015587,0.038180098,0.03804983,0.032321334,0.04434261
0.04718577,0.042549837,0.035460297,0.03688786,0.04650949,0.047951773,0.0473241,0.040513206,0.048381533,0.03734127,0.050043307,0.043823283,0.041953724,0.04226774,0.037795767,0.0453638,0.038755786,0.03521209,0.033067517,0.0442475,0.038243875,0.04004847,0.034166373,0.044905562
0.04787592,0.043847658,0.0346315,0.03544696,0.0480093,0.049655754,0.048593912,0.039367612,0.049667526,0.03600503,0.0513191,0.045294452,0.04126754,0.0414853,0.03680662,0.046626896,0.037993293,0.03429635,0.032317434,0.04608193,0.037822887,0.038447887,0.03279306,0.044346057
0.048184633,0.044302855,0.03437788,0.034909252,0.04860919,0.050288804,0.049086537,0.038766187,0.05024632,0.035478435,0.051895145,0.04587349,0.041148573,0.04118351,0.036280174,0.04712516,0.037916023,0.03399372,0.031826213,0.046825476,0.037589118,0.03775114,0.032256614,0.044085585
0.049515467,0.046069775,0.0334474,0.03349987,0.050303616,0.05190231,0.050768502,0.037321474,0.051727846,0.033989757,0.053220246,0.047813255,0.040028024,0.040009532,0.03504691,0.04885027,0.037112787,0.032956038,0.030916594,0.04872982,0.036764093,0.036184877,0.031069253,0.042752303
0.049547046,0.04615971,0.03349398,0.033334263,0.050365888,0.051913284,0.050867382,0.037277766,0.05178896,0.03402063,0.053220604,0.04788107,0.039872136,0.039974645,0.035047222,0.048892688,0.037036344,0.03272009,0.030915214,0.04882306,0.036908876,0.03609121,0.031082144,0.042765815
0.051659856,0.04947641,0.031163042,0.029807132,0.05487266,0.05597247,0.054949448,0.033333205,0.05540857,0.029827273,0.057008415,0.052874167,0.037932537,0.037385605,0.032531943,0.05283715,0.035639063,0.030433496,0.028875306,0.053947415,0.03574168,0.03106288,0.027353315,0.039906956
