0,1,2,3,4,5,6,7,8,9,10,11,12,13,14,15,16,17,18,19,20,21,22,23
0.042852048,0.043156013,0.03602515,0.05100443,0.041026,0.03968209,0.043456685,0.03719997,0.037102148,0.043414775,0.040547036,0.04381584,0.040298134,0.040418,0.038640935,0.04249613,0.041992527,0.033339694,0.05064417,0.030557012,0.038619064,0.043483403,0.049629923,0.050598796
0.043519847,0.043936644,0.035686914,0.052579064,0.040338036,0.036944527,0.043231614,0.036490172,0.037283886,0.044228416,0.04128512,0.043169465,0.0401413,0.04123915,0.039081894,0.042121448,0.04153844,0.035786323,0.05011349,0.030019157,0.040327262,0.04390305,0.048374638,0.048660167
0.043603998,0.04189043,0.03649101,0.051544324,0.04137679,0.037134588,0.041893277,0.035672646,0.038049895,0.044214882,0.04076889,0.04400565,0.041106798,0.04183437,0.0399497,0.043988433,0.043784413,0.035836086,0.04955213,0.029354556,0.039714236,0.042457998,0.04678278,0.048992056
0.041576203,0.041739244,0.035703845,0.05433134,0.041073065,0.035500135,0.04184262,0.0371434,0.036905177,0.046557203,0.041011937,0.042393506,0.041299067,0.04127725,0.041010596,0.043764204,0.042732526,0.03622864,0.04919776,0.028412824,0.044905964,0.04300594,0.045861024,0.04652649
0.042789698,0.042236805,0.03301853,0.053797007,0.043715656,0.035265274,0.043776665,0.035971526,0.04104252,0.041807655,0.03999497,0.04393124,0.04142817,0.043338887,0.042256575,0.04167158,0.04114502,0.034302153,0.049789395,0.029664703,0.042216316,0.04172941,0.04760039,0.047509898
0.040445156,0.04232894,0.033482824,0.053524457,0.043966036,0.03812334,0.04281146,0.036934316,0.038596675,0.04293707,0.040451027,0.042611636,0.04285978,0.044186477,0.040142626,0.042040568,0.03922846,0.0355968,0.048665274,0.029747084,0.04362602,0.04355691,0.04827132,0.045865696
0.040570416,0.040000908,0.03296184,0.04914591,0.04032062,0.0378554,0.044425137,0.0396308,0.03994073,0.043852992,0.03871356,0.041285977,0.042508196,0.046829384,0.043314252,0.042877346,0.03994017,0.03507861,0.04801184,0.032985065,0.04413586,0.04051654,0.048768915,0.046329506
0.0416541,0.040490482,0.034085143,0.05008811,0.03929517,0.0396339,0.044653405,0.040801104,0.03866132,0.04181738,0.04013504,0.040069602,0.042486988,0.04417599,0.041746203,0.04388909,0.04159647,0.036673162,0.045371167,0.031326808,0.045214977,0.042332746,0.046499785,0.047301814
0.04207175,0.039946154,0.035100445,0.0487371,0.041513667,0.040670592,0.04280412,0.042144954,0.03929968,0.04272204,0.03978919,0.040579464,0.04248662,0.0422349,0.041380093,0.04172531,0.03971603,0.03805771,0.0472969,0.032311786,0.044319853,0.04134417,0.045665246,0.048082225
0.04159004,0.03969224,0.035843592,0.04777841,0.039086122,0.03899874,0.04419769,0.04256895,0.039570916,0.04189036,0.043343343,0.04067368,0.03857123,0.04452328,0.04615137,0.04181946,0.042060502,0.036296915,0.050945286,0.032324344,0.04168259,0.040622372,0.04614014,0.043628465
0.04168038,0.03728322,0.037935313,0.04793869,0.03567609,0.037461136,0.04421814,0.041346885,0.03928258,0.042860616,0.040380258,0.04175844,0.039367497,0.048538126,0.040753026,0.042866122,0.044730157,0.037289213,0.04498138,0.035216417,0.042219102,0.043405224,0.04711974,0.045692258
0.043127,0.04025996,0.03429863,0.053447142,0.03889659,0.03542633,0.041465204,0.038554244,0.04035337,0.039058458,0.040762153,0.04211579,0.040740162,0.04438447,0.04340448,0.044545278,0.04509393,0.03536865,0.047842883,0.03036048,0.041492205,0.043592423,0.04637385,0.04903629
0.04390322,0.039139654,0.03337153,0.055834047,0.03856297,0.03733267,0.042175673,0.043704584,0.03648885,0.04019193,0.040903002,0.03917115,0.042307075,0.045082808,0.0449067,0.04117202,0.04775405,0.037979443,0.047243524,0.029441524,0.041213796,0.040133163,0.04671595,0.045270603
0.04539275,0.0400126,0.036679737,0.05083163,0.036125097,0.04142644,0.041916173,0.044731367,0.035350647,0.041722856,0.043263935,0.038811065,0.038135618,0.047364656,0.044017814,0.03834183,0.043348707,0.039867986,0.048190027,0.031198481,0.04029826,0.039627604,0.047538526,0.045806225
0.043109454,0.038563512,0.035178307,0.05029909,0.039184105,0.042315632,0.042159796,0.040561497,0.03697318,0.041538164,0.038397335,0.040167205,0.042431846,0.04192535,0.04202723,0.041421585,0.040188096,0.039177615,0.043817416,0.03341018,0.044854317,0.04204051,0.05087028,0.0493883
0.039427552,0.040329266,0.034623872,0.049767137,0.039504133,0.0373146,0.043666247,0.04322265,0.039271057,0.042059474,0.040250707,0.03969534,0.042066667,0.044082973,0.041476544,0.039839465,0.040306404,0.036625873,0.044703547,0.03383644,0.04636539,0.041748382,0.050861586,0.048954647
0.041314133,0.037309892,0.03623506,0.044779994,0.04035831,0.042267393,0.04515935,0.040659226,0.039453473,0.042892903,0.038652178,0.039733086,0.040465772,0.040785734,0.04124276,0.04471225,0.04141524,0.04015742,0.04542358,0.032997582,0.0446494,0.045267787,0.047059793,0.04700769
0.040320598,0.039133403,0.036933757,0.05018105,0.038774174,0.038297396,0.041230835,0.039438866,0.03647943,0.043769646,0.041610237,0.038452666,0.040680602,0.044800617,0.042500675,0.03973493,0.044253558,0.040893503,0.04539954,0.032872535,0.044679377,0.048395693,0.04550233,0.045664545
0.041353486,0.04223972,0.035728946,0.04835243,0.038108923,0.038100813,0.041530725,0.037696384,0.038724177,0.04267295,0.040565256,0.04010937,0.044536382,0.04400861,0.042945947,0.044572037,0.043456566,0.03785779,0.044144318,0.033675615,0.04209234,0.045159332,0.04554046,0.0468274
0.04308726,0.04116274,0.03332335,0.04573445,0.038096137,0.03701953,0.043798555,0.03769624,0.039408937,0.047983646,0.04040881,0.03926281,0.04626834,0.04388512,0.04290582,0.0453751,0.0447358,0.037121687,0.044967107,0.030191077,0.04078211,0.044201147,0.045408767,0.04717547
0.04199148,0.037426107,0.036160905,0.044782277,0.03714637,0.0400765,0.04781594,0.038253337,0.039365117,0.04557276,0.040266745,0.036742084,0.041247822,0.043767832,0.044314317,0.045840587,0.047563728,0.039025556,0.041901283,0.03337409,0.04311721,0.045846958,0.043461286,0.04493969
0.04335301,0.038035035,0.036465406,0.04564625,0.036739495,0.03844154,0.049395017,0.0438766,0.040810104,0.043943066,0.042173643,0.03726718,0.04332691,0.04174371,0.03828201,0.04711632,0.041484814,0.038214575,0.044070095,0.032128163,0.043510348,0.04258705,0.04478806,0.046601586
0.042351436,0.039788548,0.032018937,0.04723263,0.040543295,0.037948135,0.04607774,0.040241037,0.038332477,0.0422606,0.040485192,0.038269468,0.04298468,0.043281753,0.043157544,0.047972657,0.041659415,0.03884407,0.045897886,0.031426694,0.043972816,0.042871337,0.0466959,0.045685716
0.04098225,0.037382495,0.03624631,0.045749087,0.041778132,0.037906762,0.044597182,0.040968303,0.042390645,0.046292715,0.039231885,0.039910793,0.041696716,0.043610346,0.044416092,0.04340137,0.040381085,0.036341622,0.04472472,0.032646906,0.045089692,0.04443269,0.047082704,0.04273952
0.03791455,0.040441655,0.041611534,0.047418702,0.04200283,0.035006188,0.041891504,0.042099968,0.043080773,0.04390822,0.039457727,0.038149983,0.042727143,0.04783383,0.042603485,0.042352304,0.042548265,0.03642245,0.043120667,0.033673313,0.044256207,0.043188293,0.04385688,0.04443355
0.03789119,0.04120767,0.036976896,0.04738564,0.04356194,0.0351859,0.04561835,0.04221087,0.038399164,0.04796807,0.038212262,0.037424374,0.041471247,0.04709617,0.041358277,0.043464128,0.04103529,0.036066804,0.04430883,0.031240642,0.046036925,0.04014412,0.051556937,0.044178367
0.040504586,0.043229777,0.033677254,0.049087804,0.044847704,0.03741777,0.046354383,0.044043437,0.035789877,0.04417666,0.034332246,0.037627947,0.042105913,0.042393725,0.042747427,0.044060107,0.043773405,0.036904246,0.04822446,0.031294316,0.04441452,0.037956964,0.048924442,0.046111062
0.040102597,0.040191785,0.034550253,0.047706194,0.04208198,0.036863595,0.04586939,0.040863395,0.040834498,0.04369244,0.037026547,0.040325135,0.046101518,0.04098613,0.039096076,0.04561769,0.04103242,0.038110513,0.04604894,0.031762112,0.04565719,0.043733705,0.04469906,0.047046807
0.0399113,0.034219857,0.036673352,0.04731837,0.03815365,0.041143153,0.044074174,0.0410596,0.042675477,0.04517989,0.039000288,0.041443758,0.043272838,0.042322602,0.038107686,0.04309565,0.043502085,0.041214243,0.043241862,0.03281697,0.044892102,0.04564127,0.042832825,0.04820698
0.038160846,0.03661972,0.036169842,0.05040715,0.0402695,0.03731626,0.04663493,0.041795887,0.036991004,0.045843784,0.04040815,0.039112136,0.04394113,0.04327846,0.03872982,0.04415371,0.045156203,0.040593535,0.039807953,0.032065738,0.04647135,0.043273658,0.046798818,0.046000384
0.038847815,0.035444938,0.03886706,0.052440587,0.039314017,0.040436,0.04720993,0.04383086,0.04016982,0.04888238,0.038581826,0.038151283,0.044580847,0.041706305,0.03469172,0.04263632,0.043095417,0.038943652,0.039377507,0.0329454,0.046338852,0.040401883,0.048242226,0.044863284
0.03965188,0.035882432,0.03933475,0.0480603,0.037951417,0.036286682,0.04216669,0.04592057,0.04039157,0.04460183,0.040019754,0.038493954,0.044971813,0.044251747,0.03840154,0.04446989,0.04614862,0.04217664,0.042121727,0.032194287,0.045171842,0.04336666,0.04380275,0.0441606
0.039551906,0.035252806,0.039450865,0.052010633,0.03705262,0.037013445,0.044719353,0.040440936,0.039790988,0.045585364,0.038616717,0.039538004,0.042260695,0.043345973,0.03940235,0.046584476,0.04888027,0.039850883,0.045294654,0.029105693,0.041554533,0.04496599,0.0427626,0.04696824
0.03789388,0.03607299,0.038269952,0.051773258,0.036527198,0.036548138,0.04086379,0.038987078,0.040511735,0.04793646,0.04186552,0.041111484,0.04029604,0.046644274,0.041474182,0.044692,0.047209416,0.03727692,0.043127965,0.02853582,0.047090337,0.04571195,0.04337973,0.04619987
0.037501253,0.036496375,0.0382839,0.05039794,0.03803715,0.039331064,0.043996323,0.038686637,0.039397594,0.049807806,0.038763396,0.0378916,0.04127343,0.044491116,0.042813268,0.04464422,0.042903047,0.03699606,0.040043943,0.0314921,0.046955764,0.0444229,0.04640406,0.048969135
0.041058578,0.03858133,0.03277286,0.04786125,0.038437136,0.03721298,0.044398677,0.038671695,0.037839822,0.041850965,0.040823653,0.038688388,0.043842446,0.044673223,0.043388017,0.04364554,0.047363095,0.03831621,0.048845157,0.03137764,0.04407233,0.041813895,0.04553029,0.048934832
0.038129807,0.03502301,0.035344087,0.049852304,0.039541982,0.03659932,0.049292892,0.038268495,0.04013009,0.0473414,0.04301709,0.038928762,0.039796922,0.044916887,0.04179665,0.043077268,0.045046434,0.036864523,0.045339655,0.030830624,0.047641438,0.038084965,0.043997716,0.05113765
0.038027916,0.036944475,0.03643293,0.051732607,0.03492533,0.03559388,0.050195966,0.038663354,0.04096599,0.049054746,0.04333681,0.039960504,0.04271785,0.044424687,0.043533266,0.040802047,0.043737814,0.03839849,0.044876397,0.030850442,0.046841037,0.03980391,0.04225276,0.045926794
0.03646482,0.03270703,0.034364875,0.051952012,0.035906676,0.038578056,0.05054949,0.039078325,0.042700905,0.043173637,0.04092825,0.040933225,0.048889775,0.04318141,0.04468492,0.03938395,0.04122535,0.036446262,0.044764753,0.031163368,0.048671506,0.040511418,0.04520402,0.048535928
0.03630432,0.03378271,0.035426952,0.05108606,0.03811956,0.038056504,0.047773216,0.038572375,0.045727734,0.04352892,0.039889514,0.04251855,0.046525665,0.042468224,0.03888506,0.042370714,0.040851336,0.03928922,0.041747905,0.031791735,0.04535096,0.04318685,0.047066115,0.049679812
0.038599525,0.04076959,0.032936573,0.053502172,0.038745172,0.039589036,0.046019305,0.036165852,0.038721666,0.041721415,0.040727887,0.041918986,0.038288433,0.037776418,0.043442965,0.04459896,0.046295818,0.037486285,0.04416978,0.031110035,0.045997884,0.044934176,0.047259875,0.04922219
0.03840244,0.03581228,0.037467487,0.04964616,0.036397576,0.041196328,0.045148447,0.03646499,0.039714407,0.04271932,0.03839852,0.04305533,0.037518352,0.039751403,0.04077531,0.04239648,0.045095097,0.039984312,0.044373304,0.03399773,0.047682527,0.043294944,0.050025098,0.050682172
0.042056065,0.037186667,0.034977656,0.051326647,0.0376404,0.042319734,0.044051144,0.038110375,0.03454111,0.042846292,0.038411066,0.039262403,0.041250773,0.04361652,0.039978433,0.044405,0.042288292,0.0415169,0.041783918,0.03178772,0.045726594,0.04567265,0.05043395,0.04880972
0.039895795,0.03655796,0.034794908,0.051106147,0.039033435,0.04056263,0.046012565,0.038729448,0.036477096,0.043107778,0.039421514,0.038595572,0.042500615,0.044623278,0.04248673,0.044749554,0.04565781,0.038357254,0.042777706,0.03366086,0.041997112,0.043255784,0.048430223,0.047208235
0.04136268,0.034844425,0.03342136,0.04987042,0.037160233,0.041202515,0.045974202,0.041134752,0.039562605,0.04345124,0.03896725,0.039001353,0.03977356,0.043241695,0.041277368,0.045280416,0.045374967,0.037124794,0.04378492,0.034116037,0.041790664,0.041581236,0.049352862,0.051348437
0.040053766,0.037897576,0.037300736,0.04745655,0.036973912,0.039113,0.046513643,0.041008294,0.03722508,0.04527285,0.041606326,0.03864426,0.039845783,0.04774605,0.041700635,0.043515075,0.042641103,0.0368167,0.042676743,0.033286158,0.043680567,0.041032664,0.048289403,0.049703106
0.03884215,0.037648953,0.038212106,0.045447238,0.03771393,0.041313823,0.04645763,0.043441083,0.03854683,0.04692197,0.03945373,0.038478743,0.039958157,0.04563705,0.040307507,0.044025213,0.043246344,0.035556514,0.04494187,0.034433074,0.043617982,0.041609876,0.047618665,0.04656948
0.03935274,0.039015926,0.0359326,0.04766823,0.037182733,0.039404307,0.045568753,0.042379025,0.038852952,0.04410999,0.03875415,0.039191086,0.040092275,0.044357814,0.041348908,0.044156276,0.046799973,0.037162136,0.045702234,0.034387346,0.043129917,0.041619893,0.04873787,0.045092918
0.039628975,0.03886923,0.034858998,0.048728697,0.03755825,0.038567286,0.044244703,0.04094416,0.039337333,0.043805365,0.03766756,0.038308896,0.041567918,0.04548778,0.039842375,0.044672914,0.04528944,0.038707588,0.045758992,0.033466946,0.0454834,0.04355098,0.046402223,0.047250003
0.039747197,0.038405523,0.035789892,0.047634542,0.03690739,0.03732808,0.04261476,0.040295735,0.03938298,0.044873238,0.039413165,0.039823595,0.04138265,0.04619402,0.039508473,0.044718623,0.044025075,0.039545465,0.04359781,0.03175997,0.046277072,0.046785902,0.045435745,0.048553094
0.04077893,0.0394328,0.03417424,0.049669486,0.037730902,0.03675384,0.045085933,0.040594775,0.037251696,0.044408694,0.038093556,0.039671928,0.046818048,0.045008507,0.04131591,0.043253362,0.043742448,0.037272807,0.043753944,0.030782115,0.04539396,0.045297086,0.046599533,0.047115453
0.040948477,0.038895644,0.032706548,0.05181352,0.039006237,0.037341934,0.043653443,0.042552017,0.03801365,0.042542525,0.038360223,0.039911088,0.04521367,0.046158887,0.040811628,0.040403545,0.044947054,0.04079007,0.041554194,0.03209722,0.044292927,0.04486143,0.04700643,0.046117727
0.043273754,0.040404446,0.039030794,0.05252811,0.037092686,0.0337784,0.04258316,0.04400302,0.04148648,0.04580543,0.038411506,0.03798107,0.045981746,0.047014304,0.04177245,0.041196104,0.041532625,0.0349869,0.04502126,0.03270366,0.043947466,0.04137384,0.043987695,0.044103067
0.04081783,0.03960272,0.036591318,0.049296554,0.039415,0.038498726,0.043846775,0.04195902,0.036483914,0.043840595,0.038622227,0.039481726,0.04495573,0.048677113,0.04366174,0.043193225,0.047561835,0.036806855,0.0388022,0.034693606,0.04086954,0.042302914,0.043807283,0.046211608
0.044120807,0.038534544,0.035170116,0.0503969,0.039137937,0.04263927,0.046071257,0.038993917,0.037444655,0.043288127,0.03788094,0.037128262,0.041420117,0.047024217,0.04419681,0.04363174,0.048368476,0.036852278,0.041212577,0.032908365,0.037996333,0.046043355,0.042429034,0.047109976
0.042957094,0.040465258,0.03647521,0.051847335,0.03794199,0.0394396,0.041195028,0.040065248,0.03984056,0.039816223,0.039116576,0.03833768,0.043581605,0.04810269,0.043232705,0.044156212,0.04966329,0.036977366,0.044442777,0.031706452,0.036396097,0.046040762,0.03963467,0.04856762
0.042714313,0.038499415,0.03604067,0.047777984,0.0381491,0.040995635,0.04257363,0.04158835,0.04032918,0.042749133,0.03972566,0.040019482,0.044009604,0.042665225,0.04110924,0.042409495,0.045235425,0.038007285,0.044378377,0.0326907,0.039798792,0.043285955,0.043958288,0.051289078
0.04354747,0.0395887,0.03285123,0.049793847,0.03872828,0.04126612,0.044378877,0.042527925,0.039276283,0.041646708,0.03993699,0.038222592,0.042374913,0.041787367,0.040558986,0.04125803,0.044765208,0.03768701,0.044465866,0.033851884,0.042975035,0.041634593,0.046360955,0.05051516
0.04121317,0.036965787,0.035844393,0.047460932,0.0377533,0.04119472,0.04400459,0.04275389,0.041988652,0.044448793,0.038936198,0.040056758,0.0416869,0.04163043,0.03885455,0.041012477,0.044975422,0.038175583,0.04436977,0.035555225,0.044466805,0.039654404,0.048307374,0.04868989
0.03859449,0.03790266,0.036478482,0.048571397,0.038200047,0.040902793,0.043288857,0.04246708,0.042504,0.044839196,0.036923174,0.039805617,0.04307717,0.042262804,0.04020759,0.044683956,0.044212226,0.037227288,0.04506172,0.034088388,0.04533643,0.04096351,0.04574347,0.046657637
0.041483156,0.036933493,0.03414168,0.04711441,0.03697995,0.04315718,0.045752995,0.041670218,0.040767796,0.045165792,0.039309658,0.039366327,0.04283591,0.043099158,0.041063942,0.046521373,0.040368296,0.03817132,0.044560198,0.03360386,0.04232065,0.04335964,0.043484062,0.048768908
0.038588613,0.039068196,0.032360453,0.051584736,0.039621975,0.039231107,0.04636064,0.03955802,0.039364222,0.04389493,0.040899478,0.04172771,0.04228286,0.04093012,0.041032176,0.047341153,0.040177654,0.037647996,0.043635804,0.034154635,0.043465935,0.04377229,0.04348144,0.049817856
0.039350595,0.037843153,0.03359797,0.050155815,0.040260315,0.04245332,0.044492073,0.039393097,0.03780982,0.041267082,0.040083893,0.0416834,0.042613387,0.041614372,0.04332551,0.047141124,0.042882428,0.038419705,0.041879125,0.03407411,0.041775454,0.04400739,0.044900376,0.048976526
0.03987642,0.040226102,0.03403141,0.048631184,0.039914083,0.04132063,0.042928696,0.038490303,0.03864848,0.039609022,0.039538123,0.04051105,0.042780805,0.04231472,0.040886838,0.046155088,0.045227937,0.038511124,0.043315817,0.033770755,0.042769253,0.04522736,0.046353824,0.048960984
0.04002059,0.038562126,0.03598164,0.04655622,0.04025215,0.041870225,0.042036217,0.040125698,0.040666115,0.0451502,0.039741542,0.038508546,0.042349894,0.04058241,0.041377846,0.041377876,0.042183567,0.040956765,0.0439298,0.034871075,0.04500623,0.043237526,0.045998413,0.048657365
0.04082257,0.04090809,0.034195013,0.04767006,0.039095413,0.037494924,0.042542282,0.043823276,0.036530435,0.043740835,0.038647383,0.03876718,0.04288,0.044398226,0.044279385,0.043849047,0.044237394,0.037402853,0.043857835,0.032746386,0.04333256,0.042844586,0.048073757,0.047860544
0.041243695,0.04244271,0.035273958,0.046884567,0.0402839,0.03741084,0.040419515,0.042112872,0.037205517,0.041125625,0.03927462,0.03782705,0.042303354,0.043021556,0.0468261,0.045279115,0.044454,0.03906582,0.04450468,0.03233913,0.041502718,0.04641751,0.04617549,0.046605658
0.039743282,0.045062784,0.03343923,0.050307255,0.04154476,0.039800398,0.041176293,0.040082376,0.037033767,0.038040854,0.03955838,0.03871621,0.04194837,0.04195903,0.043524906,0.045199435,0.04477183,0.037137758,0.046634227,0.033195432,0.042209897,0.044662874,0.047837585,0.046413038
0.040422454,0.0427488,0.033335578,0.049757604,0.040248264,0.03749508,0.043779306,0.04014147,0.036978196,0.040158965,0.039484084,0.038172707,0.0427178,0.045007475,0.044428535,0.044509716,0.043689635,0.036406837,0.045862395,0.03254218,0.04604207,0.043251567,0.04647674,0.04634253
0.03798761,0.04196124,0.035120778,0.046068918,0.0405169,0.038629778,0.042978287,0.041598007,0.03896892,0.04153663,0.03743767,0.0388881,0.04396378,0.044396825,0.04316699,0.04449041,0.043133132,0.03610838,0.04443343,0.03311191,0.045224052,0.043242272,0.04857598,0.04846005
0.04259213,0.041522406,0.032965995,0.04682998,0.03893293,0.041059252,0.045001574,0.038837917,0.03878523,0.044129714,0.038295407,0.040141072,0.042513773,0.041959114,0.04372482,0.04214738,0.04131765,0.037035815,0.045383982,0.030415671,0.042667553,0.042651452,0.049106784,0.051982407
0.04126048,0.039888594,0.034773495,0.04638318,0.041681264,0.040725097,0.044293594,0.040014133,0.038436063,0.047623597,0.03978332,0.040522527,0.04235457,0.044021145,0.045242693,0.041611847,0.03711178,0.03810798,0.045380123,0.028730543,0.045345854,0.04072122,0.04567138,0.050315548
0.03995104,0.04159267,0.035963845,0.045588855,0.043774642,0.038023178,0.041885372,0.04181653,0.03801697,0.042825833,0.03990357,0.04012107,0.04337625,0.04645011,0.0445959,0.04341174,0.04067074,0.035476614,0.045280464,0.029529968,0.042884283,0.042739138,0.04771599,0.04840522
0.041114133,0.03955109,0.037603453,0.04454668,0.041973274,0.038173873,0.041007377,0.04356729,0.038541924,0.04083214,0.038651235,0.040209483,0.043388706,0.046005882,0.042867105,0.046958033,0.041581687,0.03699446,0.04609434,0.028507538,0.043085057,0.04260419,0.0480793,0.048061747
0.041441675,0.039035395,0.03503741,0.050191067,0.041291256,0.0376888,0.04315254,0.03941633,0.035061926,0.040476605,0.037164133,0.040397413,0.045344435,0.047175303,0.043302983,0.044283222,0.041444976,0.03756946,0.042437546,0.028527318,0.046755195,0.045559973,0.049113996,0.048131004
0.04013456,0.041721467,0.032553773,0.05156456,0.041140445,0.03498159,0.049979486,0.035941903,0.035551,0.03995121,0.039929405,0.040855218,0.043381255,0.045060888,0.04248778,0.046503015,0.042604525,0.035423998,0.04736376,0.028117495,0.047044046,0.045094855,0.047175974,0.04543775
0.03713836,0.03877707,0.034254335,0.052649263,0.04059224,0.036328528,0.049428497,0.036490712,0.036505595,0.0413106,0.040745575,0.03829788,0.042544246,0.046413142,0.04281782,0.04706862,0.043012597,0.039097346,0.043041,0.03083846,0.045543417,0.04499975,0.04532242,0.04678253
0.03544965,0.03706543,0.03664311,0.051356472,0.039707907,0.037106507,0.048685066,0.037167713,0.0358378,0.04573344,0.040536776,0.041273523,0.04182408,0.0469722,0.041788034,0.043671403,0.043630537,0.040520538,0.041570034,0.033992503,0.04778192,0.040605772,0.04687059,0.04420897
0.037149835,0.036501206,0.036908496,0.049738623,0.038017593,0.039938275,0.048167627,0.037844352,0.035900313,0.04454152,0.040857885,0.040751353,0.045236986,0.048626192,0.041116547,0.044690058,0.042055737,0.0388378,0.042896744,0.034478728,0.0446726,0.040827256,0.044209667,0.04603459
0.038059924,0.03617275,0.034675326,0.051452707,0.04006495,0.0422357,0.04577665,0.036199104,0.036744755,0.042084448,0.040325884,0.03961985,0.042357598,0.046484772,0.042840235,0.04505006,0.04301988,0.03774364,0.04230889,0.03226644,0.047183014,0.043068677,0.047430456,0.046834268
0.03703174,0.03785531,0.03237024,0.05079168,0.042184055,0.039337657,0.047331933,0.039732356,0.03807434,0.041254144,0.041262995,0.038567856,0.042141974,0.045994267,0.047939382,0.041094318,0.04398809,0.035005316,0.044579018,0.032539513,0.046456415,0.040970456,0.048499785,0.04499713
0.03935351,0.038816117,0.034090973,0.049884956,0.03890444,0.03941863,0.046421874,0.039398987,0.036356222,0.042166352,0.041997265,0.03890298,0.04210102,0.045179114,0.046643384,0.044505306,0.043665726,0.039050397,0.043297213,0.031089488,0.044009916,0.040727656,0.04808254,0.04593592
0.041786082,0.036817055,0.035867434,0.04999914,0.037812863,0.042660873,0.045934528,0.039434373,0.038550206,0.040937066,0.039641283,0.040090047,0.042167474,0.047844984,0.043160696,0.043800417,0.040772453,0.039782606,0.041502282,0.033297397,0.043562397,0.040601335,0.048960928,0.045016117
0.04000615,0.035538506,0.03718344,0.051799566,0.036910538,0.040871114,0.046777353,0.039643906,0.037618596,0.045754686,0.0417912,0.041014828,0.04366354,0.046403263,0.041000564,0.04138599,0.03949412,0.039156053,0.040756032,0.033025324,0.04615137,0.04119763,0.04850502,0.044351168
0.040823594,0.038114138,0.035899915,0.05102815,0.03951271,0.039576456,0.042949773,0.04130868,0.03704544,0.04307314,0.038460165,0.04103164,0.041142605,0.043910705,0.039767094,0.042232126,0.0424485,0.03867569,0.042591076,0.03694488,0.047941133,0.04212583,0.046976257,0.04642028
0.040963866,0.036365144,0.03406457,0.051444117,0.036960777,0.04133777,0.04374567,0.03961397,0.03784161,0.041494787,0.038991295,0.040152438,0.043069556,0.043900046,0.044001676,0.04239181,0.043381583,0.040525183,0.0412303,0.03596746,0.0444398,0.042327166,0.04919659,0.04659281
0.03853044,0.035681404,0.038217064,0.0461302,0.037734676,0.04129368,0.04498265,0.03747692,0.040284954,0.044780698,0.0410559,0.039187577,0.045544643,0.040517487,0.046237558,0.04242229,0.046232548,0.040217783,0.04042281,0.035442296,0.043555927,0.04313418,0.046165604,0.044750746
0.038212515,0.034957692,0.03567923,0.05338786,0.041102994,0.04165716,0.0434493,0.040196158,0.03844151,0.042745024,0.041853,0.040866207,0.0415988,0.04078479,0.044623878,0.040678654,0.04419784,0.039094545,0.04301891,0.033866797,0.045911197,0.041926544,0.047704518,0.044044908
0.038275313,0.03755621,0.03479805,0.048555125,0.042503685,0.041592322,0.043625977,0.041883543,0.038220316,0.0416795,0.04047428,0.040070403,0.041653905,0.044636346,0.043781888,0.04348767,0.043096673,0.037822705,0.04418066,0.036397748,0.044413812,0.04394425,0.042412058,0.04493752
0.037999857,0.03829041,0.03538845,0.049757976,0.041285537,0.038462438,0.045719434,0.04040922,0.041389603,0.04218783,0.04041005,0.040327452,0.045735847,0.04213444,0.041346062,0.041406844,0.044785805,0.036912777,0.04522624,0.03651648,0.04723232,0.03919127,0.043482143,0.044401508
0.03939634,0.038340155,0.03743681,0.04819395,0.039398924,0.039256044,0.04242123,0.0425802,0.042609937,0.04265703,0.041354053,0.04017986,0.04435687,0.042051945,0.04250878,0.040103097,0.043910567,0.038091727,0.04459326,0.033991907,0.047647517,0.04399117,0.04200632,0.04292237
0.040089864,0.04077394,0.034937855,0.04985055,0.041191734,0.03728334,0.042764954,0.040287565,0.040940735,0.04034569,0.041458216,0.040433403,0.043975357,0.04500018,0.045051992,0.038416408,0.045487154,0.036072865,0.044896074,0.031795695,0.046209544,0.045426816,0.04409791,0.043212175
0.04036547,0.03788995,0.036216155,0.051450416,0.038424492,0.03769114,0.04399797,0.039094858,0.043071635,0.041062333,0.042643446,0.042536013,0.043798935,0.04235236,0.04313098,0.0389937,0.04590533,0.033771366,0.04553858,0.03312878,0.043494627,0.04440746,0.043897014,0.047137003
0.03940903,0.03753527,0.039204836,0.051902555,0.03763909,0.03768927,0.046128653,0.040285088,0.041215632,0.047224034,0.04034409,0.041269492,0.043144435,0.041438486,0.04080749,0.042578246,0.044173706,0.035443485,0.04475482,0.031373672,0.043382507,0.042051394,0.04440873,0.046595983
0.037851915,0.039309386,0.035097428,0.05310282,0.03874359,0.037474122,0.04495871,0.038117714,0.03860249,0.04526858,0.042646557,0.042492542,0.04080883,0.04136861,0.043005366,0.045463227,0.043231055,0.037115816,0.040175635,0.02972156,0.04778976,0.04440821,0.046254188,0.0469919
0.038792983,0.037300263,0.03550567,0.053045236,0.04188516,0.039157417,0.045633562,0.03872572,0.039309338,0.044922132,0.039219983,0.043838996,0.041619267,0.04198357,0.04006233,0.04329022,0.04076836,0.03651996,0.046072025,0.03064413,0.046813812,0.04359528,0.044644315,0.04665029
0.039130706,0.038679782,0.037026454,0.05186995,0.041056525,0.037229884,0.04627581,0.03815302,0.03989069,0.043583363,0.04006932,0.040972244,0.04363635,0.04252772,0.0408097,0.044766735,0.04208745,0.03812645,0.04293398,0.03088034,0.047528114,0.044742562,0.0449194,0.04310341
0.037182838,0.041005816,0.03558792,0.048550896,0.038731173,0.043018512,0.041193295,0.038905043,0.037322998,0.04250144,0.041917283,0.037811015,0.043853704,0.044595413,0.0454537,0.04483208,0.042540204,0.035749413,0.043901578,0.032123137,0.044072095,0.048142817,0.04321052,0.047797095
0.037762333,0.040417954,0.03433,0.05129203,0.041048806,0.041046992,0.04455687,0.03966159,0.037682805,0.042457398,0.042725943,0.03653948,0.044860553,0.04149384,0.044518817,0.04359002,0.04059405,0.036822885,0.043795764,0.031816464,0.046492286,0.042477593,0.045232013,0.048783507
0.04249107,0.040113274,0.034238126,0.04799737,0.043398634,0.041343637,0.044696458,0.038542263,0.038228165,0.043710776,0.0426516,0.03762683,0.043532718,0.044131402,0.043414503,0.044133764,0.040558446,0.036287423,0.043512624,0.03083874,0.04507442,0.043138944,0.044236246,0.046102572
0.04543125,0.039943673,0.03126807,0.05070422,0.040195078,0.03768251,0.04136057,0.03892931,0.035443094,0.044881247,0.042007823,0.037219774,0.048074998,0.044651613,0.04567568,0.043759525,0.043754183,0.039011307,0.041688472,0.027497113,0.04739474,0.04497914,0.04281685,0.0456298
0.039988417,0.036585588,0.03286069,0.054626595,0.041320227,0.041533172,0.043020744,0.037121624,0.035274383,0.042770404,0.040112402,0.038017347,0.04195872,0.043338362,0.0434813,0.047028966,0.04298604,0.03822707,0.041708004,0.02980501,0.047223885,0.04637601,0.046668958,0.047966078
0.040611327,0.03709021,0.034019496,0.055688094,0.03861355,0.040916603,0.04310964,0.037648983,0.035208207,0.04034956,0.038472258,0.037748516,0.038215067,0.042795837,0.044721976,0.04686879,0.044324715,0.037570745,0.044513423,0.029362421,0.048673846,0.046836816,0.04668685,0.049953092
0.041828427,0.04107647,0.03337938,0.048182555,0.041177664,0.041825794,0.043745756,0.038357377,0.03749424,0.04264398,0.04067983,0.0379756,0.041057695,0.041635573,0.04682728,0.046674166,0.04016042,0.03587118,0.044706732,0.030324318,0.04442312,0.042627294,0.049024615,0.048300527
0.038713858,0.040261015,0.03469745,0.050452333,0.0422718,0.04106183,0.044990476,0.03778287,0.03783435,0.042150337,0.041514486,0.04049842,0.042738613,0.043316245,0.04324692,0.0448857,0.040540088,0.034798127,0.04415083,0.032306775,0.044138692,0.041674163,0.047610857,0.048363786
0.04296928,0.038369805,0.03310912,0.049942072,0.040717833,0.040807944,0.041469406,0.04001321,0.037009176,0.042262338,0.0403657,0.040239844,0.043673564,0.04354499,0.044275746,0.042806327,0.041490044,0.036833983,0.046379898,0.029607806,0.044887494,0.042729728,0.046695583,0.049799144
0.04083237,0.043067124,0.034953017,0.05158647,0.039377518,0.03697937,0.041724276,0.04021668,0.037494525,0.040349506,0.04134609,0.03948454,0.043537155,0.04366518,0.044329472,0.04373802,0.04319793,0.03556271,0.05021589,0.029992588,0.046066537,0.040959604,0.04357605,0.047747348
0.040316377,0.03801645,0.034233224,0.04713239,0.039674703,0.03785441,0.0467774,0.03897334,0.03991735,0.041305616,0.04330513,0.039194018,0.045429453,0.04915302,0.046000585,0.043669157,0.043254394,0.038511645,0.043635387,0.02979171,0.041064046,0.044712797,0.041465674,0.04661173
0.04085784,0.03611643,0.037410725,0.04499311,0.039851017,0.040717553,0.04595396,0.038552776,0.042835224,0.041911412,0.04160588,0.039018355,0.04462383,0.043102525,0.041175883,0.0430691,0.04203636,0.040491953,0.043630283,0.031488214,0.043762125,0.04382723,0.045375347,0.047592923
0.042253856,0.043467317,0.035335697,0.04908652,0.041414075,0.037898835,0.041434947,0.038536835,0.038113404,0.040397376,0.042912185,0.036692813,0.04617173,0.042882778,0.042692572,0.041817866,0.04108869,0.040099826,0.04402568,0.030447656,0.046460874,0.04468787,0.046992462,0.04508816
0.039152216,0.042010862,0.038627185,0.04807149,0.039877817,0.038765974,0.042720363,0.037349742,0.03986,0.045619916,0.042827886,0.04187573,0.044245828,0.04467876,0.041285835,0.04006321,0.039041355,0.03751824,0.042194374,0.03158999,0.04361337,0.041756004,0.050009698,0.047244217
0.04257945,0.036020394,0.03626658,0.04604616,0.039778385,0.043363255,0.043437477,0.04152873,0.036990818,0.04581944,0.03912153,0.04112927,0.043217752,0.04471536,0.041195754,0.043426476,0.040690146,0.039894298,0.040839437,0.03255886,0.041897476,0.044606507,0.048017476,0.046858937
0.04136062,0.033790696,0.03402032,0.051924948,0.039768606,0.040900793,0.048232768,0.03926729,0.03534621,0.043755535,0.040226646,0.039812457,0.044427764,0.04445613,0.044086926,0.04416516,0.042437863,0.03933637,0.04097444,0.03204915,0.04412061,0.04380805,0.045298442,0.046432238
0.04165109,0.036444515,0.032852,0.048701093,0.03996552,0.038316246,0.045669436,0.040538732,0.039333794,0.04309254,0.039491788,0.04163204,0.043973222,0.04048489,0.044558782,0.045368202,0.041656997,0.039385926,0.043002017,0.03309426,0.044249695,0.04273208,0.046905644,0.04689952
0.042419955,0.038019937,0.03156243,0.048463695,0.039622933,0.03952047,0.04615714,0.038577806,0.03741331,0.044679426,0.04088066,0.038531188,0.041765213,0.043060105,0.04542286,0.042718086,0.0409566,0.036514223,0.044938073,0.033020414,0.045742776,0.04300643,0.04945466,0.047551606
0.041899268,0.039201997,0.033131763,0.048606135,0.039206427,0.03667441,0.04292928,0.03999989,0.040197268,0.040679663,0.042145804,0.040190753,0.04469039,0.046177678,0.043428667,0.04256851,0.042397965,0.03564832,0.046097495,0.03232404,0.045968205,0.042489987,0.04744419,0.045901835
0.03786932,0.039374743,0.037547253,0.04744784,0.040411863,0.037440583,0.045527812,0.042927384,0.042183895,0.043685008,0.041339356,0.038814154,0.041178223,0.045262214,0.042853188,0.044410888,0.04067689,0.037825372,0.04151504,0.034030054,0.044777825,0.043115743,0.045211915,0.044573437
0.038200594,0.03920891,0.035366423,0.04643468,0.039792262,0.04061134,0.046464164,0.042537663,0.040859234,0.043305967,0.039900642,0.03720017,0.039438438,0.044073272,0.04324961,0.046159163,0.044128414,0.037517443,0.04139657,0.036520507,0.044068806,0.042575676,0.044791814,0.04619824
0.042130902,0.039373428,0.033115245,0.046795744,0.040695984,0.042971704,0.041536376,0.0390005,0.039031476,0.041176535,0.03796075,0.041350834,0.041289084,0.039031554,0.04244497,0.046924368,0.046655007,0.040371444,0.04150751,0.034763545,0.042717803,0.04298963,0.04680661,0.049358994
0.04513887,0.040071152,0.034912243,0.04791029,0.03960495,0.04081044,0.04548585,0.039093878,0.04063612,0.041243806,0.039107345,0.03932075,0.044341996,0.03764628,0.043579496,0.04693734,0.042790644,0.03837454,0.045609374,0.032744486,0.044437613,0.040306043,0.044371337,0.045525193
0.039136764,0.038491275,0.036072567,0.051374257,0.037008613,0.035436388,0.044392645,0.038106635,0.039404277,0.045137078,0.0397181,0.042124946,0.046018906,0.045089092,0.04210363,0.041097827,0.043720268,0.03683554,0.042276323,0.030230977,0.04596177,0.04249757,0.047043808,0.050720662
0.03985764,0.03659733,0.03357679,0.047268596,0.03957961,0.039623156,0.046564188,0.03887845,0.040790096,0.044496,0.0416204,0.04190772,0.049407806,0.044933528,0.043750066,0.04217974,0.04130749,0.03666612,0.04348892,0.030910984,0.045691192,0.040718995,0.04478211,0.04540304
0.039197847,0.036726657,0.033255797,0.046414316,0.04086995,0.037518453,0.045417573,0.036713623,0.04236054,0.04355286,0.042401757,0.03895182,0.04878474,0.045939635,0.043344494,0.04427419,0.04046825,0.03413856,0.042550813,0.028799778,0.045889188,0.045693215,0.04711408,0.04962187
0.038128264,0.037133638,0.035998154,0.04950145,0.0396528,0.04036552,0.043693423,0.03510862,0.0393509,0.04261813,0.040637396,0.04246295,0.044991877,0.045360915,0.041457556,0.04587797,0.04342588,0.03481028,0.041711114,0.030339936,0.047032323,0.04475551,0.046945106,0.04864026
0.037182163,0.036758307,0.0367507,0.05767303,0.037716646,0.03389621,0.0456718,0.038158517,0.038477376,0.0472452,0.040925898,0.04171387,0.042979557,0.044510398,0.041809306,0.043565664,0.04373902,0.03684319,0.04258268,0.029090831,0.049371667,0.04114173,0.046493314,0.045702893
0.04106397,0.03791576,0.037196174,0.05350397,0.035793588,0.033884484,0.044092562,0.039286733,0.039213948,0.0450917,0.040126592,0.040784605,0.044239618,0.045709558,0.043641116,0.044770617,0.04453676,0.03708381,0.04382093,0.027569992,0.045741513,0.043445803,0.044616926,0.046869293
0.04015944,0.042023636,0.03543788,0.05289815,0.038689747,0.03542157,0.044221517,0.037522957,0.03815129,0.045870487,0.040185258,0.04076375,0.042891063,0.044073224,0.03953778,0.0398974,0.042883478,0.039909266,0.04517892,0.029689236,0.048349787,0.042021025,0.045791116,0.04843207
0.041102607,0.040659387,0.037067637,0.048299626,0.03889908,0.040120956,0.042232104,0.040113486,0.036571305,0.042040456,0.039704792,0.038505577,0.042341806,0.040255386,0.041696616,0.043912258,0.042846408,0.040627606,0.043678045,0.032039482,0.04460911,0.04541171,0.047682036,0.049582534
0.039685063,0.03871951,0.03483865,0.04781943,0.03734888,0.041240007,0.04404309,0.038297623,0.038415305,0.04381297,0.040829543,0.039934177,0.04061352,0.039796907,0.042578124,0.045461964,0.04611344,0.0381821,0.043568213,0.03027305,0.047372617,0.04596595,0.04471092,0.050378952
0.03957749,0.036629982,0.035630483,0.048332933,0.039081536,0.040072296,0.043798063,0.039789494,0.042004798,0.044866346,0.03715756,0.037496224,0.041377302,0.0432007,0.043739744,0.042609397,0.0470949,0.037289005,0.045945447,0.031987786,0.0456688,0.04263884,0.043699626,0.050311256
0.038162563,0.032824688,0.03690454,0.04952148,0.04074425,0.03869408,0.045860354,0.03945226,0.04333455,0.045855206,0.041378528,0.03870537,0.043358196,0.041304998,0.042176694,0.040989656,0.043598495,0.039647073,0.040858574,0.034679335,0.043955073,0.04297715,0.044890296,0.05012661
0.038487315,0.035443254,0.03838814,0.047394287,0.038615596,0.03803076,0.04859824,0.03833067,0.041014314,0.04681297,0.040104453,0.036612388,0.04392177,0.04514068,0.042318955,0.03837565,0.04170763,0.039779324,0.0401248,0.03121547,0.04607372,0.043660667,0.04983578,0.05001324
0.041088182,0.040920377,0.03573707,0.048995957,0.038383577,0.034551628,0.044142105,0.036733896,0.03974362,0.045435436,0.03945511,0.03915808,0.04038249,0.04494841,0.043427058,0.040837076,0.046622384,0.037196767,0.043839958,0.030708438,0.046954773,0.042476345,0.049051233,0.049210064
0.040966988,0.03815504,0.039241202,0.049711753,0.036269795,0.038514253,0.04307898,0.036934387,0.040262442,0.042370666,0.039287608,0.03966921,0.040443357,0.042949863,0.04140066,0.04257773,0.04518162,0.038248237,0.044732112,0.033742707,0.044037875,0.043822955,0.049283266,0.049117297
0.041250028,0.040639058,0.036915734,0.04908233,0.038602717,0.039278757,0.044658534,0.04043589,0.038463652,0.04186698,0.041114874,0.038331673,0.044700988,0.042924345,0.043066695,0.042370707,0.042666297,0.03615874,0.043261223,0.03221523,0.044222306,0.040199697,0.048053637,0.049519915
0.04141838,0.037463214,0.03533813,0.04912723,0.03946819,0.0400519,0.046112496,0.041407827,0.036407907,0.042316735,0.041236997,0.04119444,0.043428577,0.041877236,0.043557487,0.04151195,0.04291485,0.03746866,0.0416295,0.031978115,0.044086,0.04351687,0.047861326,0.048625953
0.04150326,0.038936757,0.035298035,0.050396707,0.039750014,0.036438152,0.046754528,0.039435696,0.035956364,0.043511935,0.04002436,0.0409394,0.044916444,0.04459326,0.04451753,0.04393698,0.044119187,0.036001533,0.04239807,0.029448666,0.044544328,0.04367053,0.046074238,0.046833992
0.045870624,0.041794408,0.03305741,0.048709247,0.03873242,0.03631319,0.04302506,0.039831173,0.03731764,0.042272653,0.038260918,0.039922234,0.04361594,0.041781165,0.04486529,0.04874143,0.0447936,0.035697788,0.04652803,0.030636147,0.042863704,0.04577039,0.04476582,0.04483366
0.045091253,0.037310503,0.032433968,0.049535405,0.038386162,0.040558442,0.045181647,0.039798807,0.037716415,0.04370417,0.03929128,0.041240063,0.042251013,0.041020583,0.04588591,0.04317099,0.04128332,0.037208382,0.045547638,0.031174742,0.04560635,0.04379034,0.046213783,0.046598807
0.042245477,0.042255465,0.033638448,0.049760785,0.03917904,0.03775495,0.0417234,0.041995183,0.03828399,0.043060396,0.039201893,0.040013712,0.044459008,0.04486006,0.043005083,0.04095211,0.042994604,0.035838775,0.045643058,0.032364465,0.04227307,0.043716606,0.046093483,0.048686977
0.040563088,0.04108937,0.035907812,0.04749772,0.03992267,0.037358686,0.043839402,0.042380504,0.038832173,0.044458836,0.039953407,0.039414063,0.043666027,0.04476454,0.04439567,0.04414353,0.040730104,0.03609713,0.04427671,0.03147682,0.04394677,0.045426108,0.045273688,0.044585183
0.041220278,0.03901572,0.035295293,0.04858043,0.041010946,0.038836814,0.043308333,0.038307507,0.038608335,0.044380065,0.041435402,0.037940152,0.0438664,0.044200428,0.04378335,0.044122506,0.039641492,0.03753084,0.04386736,0.03112707,0.04658905,0.04401218,0.046872225,0.046447802
0.043684643,0.03872933,0.031989925,0.054587148,0.040517975,0.03670702,0.046123516,0.03566932,0.03694579,0.04404968,0.03937584,0.040376335,0.042859,0.041410096,0.0415798,0.043322135,0.044832017,0.036272995,0.045386996,0.029492995,0.046665687,0.044464305,0.045556292,0.04940114
