0,1,2,3,4,5,6,7,8,9,10,11,12,13,14,15,16,17,18,19,20,21,22,23
0.045435067,0.046646677,0.03266992,0.038528502,0.03193833,0.039033473,0.030509576,0.031574544,0.040184494,0.043928687,0.048299536,0.038231105,0.039690863,0.053419016,0.042302947,0.04462005,0.05225378,0.04846658,0.034417376,0.04964886,0.045122188,0.03597427,0.055283017,0.031821147
0.04332312,0.043838922,0.035239767,0.04118242,0.036722142,0.041594997,0.03448106,0.034586597,0.04197659,0.042802207,0.046434607,0.039571956,0.04021721,0.05005835,0.041481853,0.042400427,0.04755892,0.0458776,0.036549777,0.046027232,0.04313689,0.038115278,0.051426914,0.03539514
0.043847743,0.04464907,0.03434275,0.04144306,0.034981437,0.041421317,0.033587594,0.033737406,0.041812625,0.043460943,0.046481665,0.038496543,0.039999723,0.05141457,0.04158964,0.042530548,0.0489035,0.04648919,0.035964195,0.046870463,0.043626975,0.037671965,0.052791666,0.033885416
0.04295015,0.043095343,0.03592741,0.043074742,0.037275046,0.042219404,0.03547788,0.034657948,0.04240908,0.042894453,0.045170378,0.038983885,0.040409375,0.049100224,0.041466605,0.04225492,0.046974782,0.045179937,0.036634643,0.046233777,0.043451764,0.038018875,0.050657306,0.035482083
0.042892303,0.042813316,0.0357792,0.04253997,0.036504656,0.041204087,0.03470647,0.0346033,0.042182747,0.04339224,0.046025183,0.03792885,0.040732414,0.04906217,0.041979946,0.042690724,0.047304373,0.04600165,0.037024446,0.046479966,0.04351074,0.038202174,0.05100531,0.035433754
0.042633664,0.04257608,0.035984963,0.042159818,0.036360607,0.040917587,0.03509311,0.03524016,0.042501926,0.043983467,0.046076614,0.037648663,0.04037321,0.048304763,0.042398978,0.04247716,0.0477028,0.04617923,0.03768642,0.046691656,0.043533392,0.03772365,0.050774697,0.03497741
0.042025317,0.04184865,0.036396027,0.04242012,0.036514264,0.04165742,0.03599114,0.03510424,0.042884707,0.04399475,0.045168635,0.03835541,0.040636957,0.047905933,0.041793577,0.042222623,0.047479633,0.0462595,0.037438236,0.046753112,0.04300478,0.038172096,0.050623443,0.035349466
0.04144171,0.041398548,0.03702525,0.043966092,0.038700346,0.042702194,0.03700062,0.03605061,0.04345956,0.043539565,0.04452384,0.039141513,0.040598296,0.046746973,0.04133381,0.04187874,0.045637168,0.0448547,0.038073435,0.04565151,0.04201915,0.038732436,0.04857889,0.036945067
0.042312946,0.04180487,0.035943,0.042842872,0.036264617,0.04237247,0.03567141,0.034241594,0.043305863,0.044275507,0.045092735,0.038242858,0.040832732,0.047444858,0.041627146,0.042468946,0.04705043,0.04654616,0.038144715,0.047034778,0.04300648,0.038017813,0.050632544,0.034822747
0.04335187,0.04168536,0.03502318,0.04217224,0.03438816,0.04178224,0.03460474,0.03278257,0.043100458,0.045019716,0.045837034,0.03770924,0.041501567,0.04884753,0.041580286,0.043778837,0.048107468,0.046907257,0.037772946,0.04809266,0.04348403,0.037003085,0.05207851,0.033389013
0.04238385,0.041222695,0.034855932,0.042090807,0.035002653,0.041119292,0.034485828,0.03318042,0.043765854,0.04496766,0.045294218,0.038020723,0.042123266,0.048762042,0.041995645,0.04395776,0.047678277,0.04694376,0.037984025,0.047951177,0.04325112,0.037488166,0.051460978,0.034013823
0.04147132,0.04024775,0.03517836,0.04095941,0.03398695,0.040328898,0.03497003,0.033937596,0.043478686,0.04592754,0.04470986,0.03680002,0.042491537,0.049298156,0.0428012,0.043295663,0.04862229,0.047675032,0.037785973,0.0483893,0.043825407,0.037940625,0.052063923,0.03381443
0.04144322,0.03969149,0.035199545,0.039084192,0.031897593,0.039986577,0.03459468,0.03221292,0.04389234,0.047054347,0.044303544,0.03652264,0.043447588,0.050398696,0.042772878,0.043539084,0.048962828,0.049878765,0.039786626,0.049789432,0.042984057,0.037396695,0.053111818,0.0320484
0.041851547,0.040959794,0.033821896,0.039653342,0.028305812,0.040044375,0.032981116,0.028529668,0.044344142,0.047700282,0.044716604,0.03329892,0.044352863,0.051451214,0.042624462,0.044137478,0.050911248,0.05185015,0.040101193,0.050728302,0.044634867,0.03711331,0.05569894,0.030188488
0.042065337,0.041677024,0.03353166,0.03895143,0.028107028,0.039763886,0.031241698,0.029120635,0.043357957,0.048748568,0.04470079,0.031560905,0.04381318,0.051745493,0.04174255,0.044007096,0.053489428,0.050953466,0.038533617,0.05084986,0.045619648,0.03856823,0.05755355,0.03029696
0.042301096,0.04621498,0.029279806,0.03688768,0.022631895,0.038768478,0.026984222,0.02449593,0.041642345,0.049439717,0.048697878,0.03154043,0.04190744,0.05656072,0.04211377,0.04425964,0.05875178,0.0532676,0.037529185,0.054587852,0.047685113,0.03652286,0.062223587,0.025705997
0.044253804,0.049309514,0.027421508,0.03590134,0.020746598,0.037348967,0.024582343,0.02309372,0.03946743,0.04904464,0.050548814,0.031711824,0.04178553,0.05925559,0.04179715,0.045623895,0.0596348,0.054029625,0.035610486,0.05696424,0.050120708,0.034452192,0.06374279,0.023552421
0.045500282,0.051132716,0.02648137,0.03591489,0.019432848,0.036463723,0.024193788,0.022703152,0.03838104,0.04682132,0.052727625,0.03387356,0.04105638,0.060733486,0.038991638,0.047536466,0.059190907,0.053867906,0.036221657,0.056065924,0.051195934,0.033485055,0.06561263,0.022415722
0.043636657,0.04981299,0.02623877,0.036685795,0.019218551,0.03554096,0.023930369,0.022731723,0.03914131,0.047243953,0.0531486,0.034942113,0.04177386,0.060635444,0.040123884,0.046637602,0.05824622,0.05438605,0.037120312,0.055534538,0.049743447,0.033953223,0.06645356,0.023120096
0.045172624,0.048892763,0.027785523,0.038172286,0.022517955,0.036742527,0.02587881,0.026542893,0.038754128,0.045302834,0.0519365,0.038704004,0.040576763,0.059429344,0.038382504,0.045327645,0.055821635,0.05116114,0.03570516,0.05333409,0.0490449,0.035969567,0.06317537,0.025669033
0.04811442,0.048933644,0.026952082,0.037930388,0.024385845,0.03901105,0.026169151,0.027105298,0.036648892,0.04246083,0.055383135,0.04347009,0.039040998,0.060314186,0.036941018,0.045008186,0.056046706,0.04768058,0.0323745,0.052471593,0.04893865,0.035087317,0.06355011,0.025981355
0.049085446,0.04909406,0.026800795,0.037324704,0.025595665,0.038649797,0.026644781,0.029062122,0.037637424,0.043173548,0.055927787,0.04363358,0.039405506,0.060322832,0.039421663,0.044684067,0.056904707,0.044897027,0.03092819,0.05130306,0.047311638,0.032913107,0.064214475,0.02506403
0.04746385,0.046822023,0.03135063,0.04035315,0.029798763,0.040175177,0.030478414,0.031439424,0.041097336,0.043031976,0.053248342,0.042349808,0.03816198,0.056650013,0.039592378,0.04192279,0.05378636,0.043319046,0.033381768,0.0476875,0.044148173,0.03530841,0.06005385,0.028378896
0.046739586,0.049345326,0.030040693,0.03868949,0.026758626,0.038039546,0.02798832,0.029044086,0.040928364,0.042449754,0.054303374,0.04296906,0.039078057,0.05773907,0.03993962,0.04419186,0.055911545,0.046214096,0.033018347,0.049904596,0.045284107,0.03367011,0.06145131,0.026301032
0.045092937,0.046703797,0.0299328,0.037899606,0.026928771,0.03699325,0.028436752,0.029937759,0.040374395,0.042561684,0.054357972,0.043588035,0.03984328,0.05691254,0.040970255,0.04574463,0.055813584,0.045814767,0.033280853,0.052852582,0.04658322,0.031463694,0.059695117,0.02821766
0.042135138,0.04439221,0.031769503,0.041826546,0.03192731,0.040795133,0.03164828,0.030098753,0.03958929,0.042106494,0.05169456,0.04334191,0.03988095,0.054158334,0.040056434,0.044684738,0.05281982,0.04404065,0.034789383,0.050500166,0.045751292,0.03417416,0.055798616,0.032020304
0.045276847,0.045192625,0.030304095,0.039695323,0.030071285,0.041477393,0.031143777,0.029662974,0.03816559,0.043005392,0.054543227,0.044585373,0.039164845,0.056254193,0.038387313,0.04266763,0.055351987,0.043469563,0.03195996,0.05198117,0.046908267,0.03283557,0.058968663,0.028927011
0.05074197,0.05133084,0.023786204,0.033672884,0.019773705,0.03688859,0.022105994,0.026282575,0.033680785,0.047310825,0.059495408,0.040546685,0.038273003,0.062349077,0.038763393,0.048223253,0.06501857,0.04920924,0.028376112,0.058483373,0.051672846,0.027627952,0.06517699,0.021209782
0.049066477,0.052269034,0.023052305,0.03494182,0.019155942,0.037490763,0.021497311,0.023739636,0.035252694,0.048636474,0.05678201,0.034935705,0.041654162,0.06003519,0.041666456,0.050824255,0.0650178,0.052899715,0.030083254,0.059244856,0.04894746,0.027682202,0.064783335,0.020341132
0.049912572,0.05173377,0.024203276,0.03434615,0.020254245,0.036852803,0.021606652,0.023962859,0.03642953,0.047960512,0.05374115,0.030723508,0.043151125,0.060158733,0.043563142,0.04973719,0.06359152,0.053719085,0.031099876,0.05876975,0.048561037,0.029615568,0.06506168,0.021244254
0.051726334,0.05147076,0.024427138,0.03159869,0.018590134,0.036394794,0.021180458,0.023706963,0.034559943,0.05002791,0.05555683,0.032571163,0.042312108,0.060506124,0.044299677,0.047657996,0.06411724,0.05588943,0.029830215,0.058492873,0.049986947,0.02848934,0.066263884,0.020343078
0.05083346,0.05010366,0.025909245,0.032515004,0.017868355,0.037130438,0.021993093,0.02441111,0.03376154,0.05029952,0.05538768,0.03590762,0.04277093,0.059727624,0.041371386,0.04772757,0.06311101,0.05432623,0.028817257,0.057769697,0.05079234,0.030171422,0.06518758,0.022106223
0.05246063,0.053935833,0.022779044,0.028389856,0.012296031,0.03357159,0.016227452,0.022047896,0.03276383,0.052864134,0.057869375,0.030262277,0.04132448,0.06284519,0.04150774,0.051998906,0.06823214,0.057182766,0.029001191,0.061903894,0.052646972,0.029676653,0.068358295,0.019853812
0.049779955,0.05371567,0.02333934,0.029563548,0.014373816,0.034145378,0.015400662,0.020620298,0.035457995,0.05567527,0.055138085,0.028555486,0.04370083,0.060147326,0.043540467,0.053960446,0.06704492,0.056239802,0.030051555,0.06257615,0.05072354,0.028418805,0.06663375,0.021196887
0.04552375,0.05051391,0.025827333,0.03365114,0.01859258,0.03643665,0.018889483,0.0245347,0.036698382,0.05178237,0.05356714,0.033668943,0.04380742,0.058721308,0.04337185,0.05256648,0.06272559,0.053001676,0.032213125,0.060058445,0.05031897,0.0273243,0.06214549,0.024058912
0.047690142,0.053996973,0.019105483,0.0285426,0.009493261,0.030684996,0.013527353,0.018699985,0.032488212,0.056656543,0.056544624,0.030762617,0.046431143,0.06589557,0.04544833,0.05797275,0.06863284,0.05996268,0.030268377,0.06617775,0.05399049,0.021781156,0.06978991,0.015456206
0.050219,0.055686995,0.017062979,0.026647585,0.0075165173,0.028945198,0.012722159,0.014894798,0.033023983,0.05909205,0.05828731,0.028293822,0.04837564,0.067988984,0.04408175,0.056596287,0.071022436,0.06149839,0.02852946,0.06824133,0.055401284,0.020519895,0.073309265,0.01204288
0.05467925,0.06270054,0.0124474885,0.020367127,0.0043509593,0.025677606,0.008162338,0.0097587705,0.028783074,0.062121358,0.06312524,0.024673298,0.048003808,0.07250035,0.046104874,0.058708422,0.07546148,0.06626659,0.023291977,0.071549736,0.057657447,0.019818133,0.07662503,0.007165187
0.057494387,0.06762205,0.009423603,0.01936399,0.0032958454,0.02555738,0.0064366465,0.008479462,0.025748134,0.060351484,0.06578656,0.025468528,0.042835277,0.074885264,0.048013806,0.06082298,0.077389844,0.06545719,0.021059746,0.073278695,0.059429616,0.017729366,0.078476965,0.0055932095
0.05237645,0.05922515,0.014808518,0.027682463,0.00875503,0.03293569,0.012225779,0.015210212,0.03045828,0.055167243,0.058662284,0.030930433,0.042717252,0.069653645,0.045348644,0.052119095,0.07249831,0.058988646,0.028295167,0.06738562,0.05506768,0.02304096,0.07441956,0.012027866
0.051037505,0.057249326,0.015971638,0.028647004,0.009214755,0.032238383,0.013366872,0.014955878,0.03032472,0.05552563,0.05955629,0.03570767,0.042619206,0.06908389,0.0438493,0.050173488,0.07069072,0.060363453,0.027332034,0.067645274,0.05488109,0.023589145,0.07429156,0.011685128
0.049172845,0.056061793,0.01711097,0.030457024,0.009150814,0.033506215,0.014765632,0.016301673,0.032209985,0.051777057,0.061867237,0.036796283,0.042680603,0.06985898,0.043099456,0.047627054,0.07049806,0.06004768,0.027175553,0.06697914,0.053541705,0.022825034,0.07468184,0.01180737
0.047735784,0.052823924,0.01932451,0.03319405,0.012416337,0.0352367,0.017978422,0.019033724,0.035224758,0.049172338,0.060228158,0.03596067,0.043366607,0.068281874,0.041313406,0.046238117,0.06621574,0.056121707,0.032016784,0.06264703,0.05147761,0.02613137,0.07169749,0.016162878
0.05151837,0.056625243,0.017893383,0.030106302,0.010373812,0.031806085,0.013608909,0.017393582,0.031424038,0.05200758,0.061374515,0.0336303,0.044511173,0.06953473,0.041869853,0.05014166,0.06997969,0.05919373,0.029267613,0.063712515,0.05354327,0.025053648,0.07216689,0.0132631045
0.055625323,0.062199954,0.012950633,0.024075322,0.0057134284,0.02982035,0.007924768,0.012758771,0.024665592,0.055534154,0.064240046,0.032839205,0.04277022,0.07375267,0.0424633,0.056868814,0.07542867,0.06348081,0.023929292,0.07012267,0.05931222,0.019663993,0.07589972,0.007960097
0.05716738,0.06574358,0.009873402,0.020584967,0.0035075073,0.025259353,0.005209289,0.010018819,0.022497827,0.059403513,0.06821767,0.033110213,0.04063092,0.07571874,0.04350135,0.061057694,0.07802292,0.06588348,0.020758227,0.07264967,0.06215826,0.0154154925,0.07764725,0.0059624417
0.057388436,0.068933144,0.008492333,0.020224521,0.0033124816,0.025102846,0.004752978,0.009330028,0.021499729,0.058191847,0.0705335,0.035104312,0.038475543,0.07696917,0.043113068,0.06158904,0.079107985,0.06514051,0.018611453,0.07276678,0.06260594,0.014439588,0.0788946,0.0054200995
0.06105439,0.071369804,0.0068070446,0.018254299,0.0024389909,0.023277774,0.0039541577,0.007786998,0.019561853,0.059315518,0.07157991,0.032032292,0.038111158,0.0778985,0.044202697,0.06451564,0.079492524,0.066215746,0.01664896,0.07431525,0.06457128,0.0127163865,0.07971514,0.0041637165
0.0604601,0.07078929,0.007052668,0.018493617,0.0030042331,0.02305325,0.004781232,0.009196511,0.022586197,0.05943618,0.0700954,0.02984003,0.038753208,0.07685014,0.047049083,0.064068675,0.078883566,0.06601217,0.01881816,0.073685944,0.06158677,0.01197915,0.07876514,0.0047593033
0.058970906,0.06649573,0.008308195,0.02254478,0.004902719,0.02654984,0.006654509,0.013129055,0.024536412,0.055185392,0.068897724,0.032515496,0.038603444,0.076525114,0.04768211,0.05859076,0.07832329,0.059049387,0.0236023,0.07112334,0.060525347,0.013195305,0.07797861,0.006110237
0.059082367,0.06824954,0.007216827,0.02134672,0.0027487518,0.025035618,0.0046601486,0.010223878,0.020493776,0.055990517,0.07169675,0.029199025,0.040569503,0.078034125,0.04697431,0.059888877,0.07951818,0.062618494,0.021759056,0.07347602,0.0646702,0.013257649,0.07966615,0.003623565
0.062779665,0.07256939,0.0056968615,0.016444923,0.0013706881,0.021096593,0.0031718758,0.007440981,0.019961411,0.058899842,0.07374226,0.023170423,0.04124364,0.07920795,0.04922735,0.063246235,0.080431804,0.06763993,0.01733538,0.07636203,0.06557177,0.010382518,0.08064186,0.00236457
0.0650378,0.0716849,0.0057892916,0.017555512,0.0014770178,0.020168912,0.003337455,0.007941641,0.021155348,0.059161205,0.07362895,0.024878977,0.037054725,0.079205565,0.051556468,0.061702367,0.08038544,0.06525579,0.017149476,0.07680121,0.06509268,0.0106474,0.080551974,0.0027798782
0.056040786,0.064554065,0.011537233,0.026107803,0.0039585824,0.02659415,0.007673771,0.013432678,0.026008671,0.05466254,0.06808459,0.028741496,0.039757706,0.07473972,0.048097678,0.057241157,0.07636352,0.0599111,0.02378128,0.07232159,0.05926787,0.01716316,0.07699916,0.0069597173
0.053879812,0.06262451,0.012360177,0.024858566,0.0042912136,0.027102435,0.008813682,0.015372344,0.026171932,0.054449722,0.06677279,0.029222813,0.03988012,0.07309755,0.049731795,0.05827648,0.075158626,0.06227832,0.026684016,0.070067875,0.057428353,0.01740874,0.07572517,0.008342962
0.05696021,0.06373439,0.010799226,0.019335173,0.0029661492,0.024317179,0.0068484126,0.010585799,0.025685545,0.05854646,0.06761801,0.024626873,0.040917635,0.07436482,0.053091872,0.060773987,0.076816015,0.06632715,0.025666159,0.07244834,0.05855472,0.015881123,0.07705846,0.006076287
0.057365455,0.06359477,0.010023982,0.020128101,0.0023861984,0.024112528,0.005897674,0.009873495,0.024406353,0.060001172,0.06835333,0.023179376,0.042843625,0.07467508,0.051368687,0.059724085,0.077239096,0.06649704,0.02670328,0.07280968,0.05866128,0.016689029,0.077751555,0.0057151485
0.06277531,0.07137817,0.003937749,0.015001358,0.0004841369,0.016992971,0.0016832374,0.0045390665,0.017454628,0.067942016,0.07214306,0.01631985,0.046738394,0.07697187,0.056001913,0.06511532,0.07865572,0.07236126,0.02214183,0.07673586,0.06452099,0.009527454,0.07856264,0.0020152025
0.065877125,0.0737121,0.0024064132,0.011415441,0.00023818643,0.015823487,0.0009532899,0.0028356037,0.0137481745,0.06996156,0.07449418,0.015381511,0.04880848,0.078031,0.0576448,0.0685792,0.07922836,0.07332655,0.015964517,0.078128286,0.06712022,0.0061916946,0.079085015,0.0010448081
0.06683735,0.074106045,0.0022370447,0.011120629,0.00026664705,0.019084448,0.001170873,0.0034111529,0.013782311,0.06743268,0.07492806,0.018826477,0.045356248,0.0786994,0.055870205,0.06659772,0.07970732,0.07185232,0.015381859,0.078405745,0.0689294,0.00547005,0.07961848,0.0009075471
0.06746495,0.074394576,0.0017948721,0.011314145,0.00022174764,0.01802878,0.0009600495,0.0028107103,0.012747841,0.0681476,0.07518179,0.018569821,0.047657155,0.0788299,0.054374494,0.06629825,0.07941416,0.072697476,0.014229037,0.0783372,0.0706088,0.0056797443,0.07946911,0.0007677863
0.06753224,0.07432962,0.0020678963,0.012552741,0.0002183015,0.019645989,0.00090378855,0.0029602498,0.013660793,0.06804395,0.074734576,0.016860537,0.047882397,0.07829511,0.053946715,0.06772383,0.07881451,0.07261517,0.013469456,0.0775895,0.07033183,0.0061123003,0.07890719,0.0008013427
0.063888155,0.07310138,0.0024364349,0.01663866,0.00030806923,0.021234864,0.0010263986,0.00303556,0.014359786,0.06570458,0.074587844,0.01952366,0.04310427,0.07827052,0.05433041,0.06990327,0.078864336,0.07191153,0.015503722,0.07729713,0.06843686,0.0063955053,0.078999646,0.0011374566
0.063074075,0.07250567,0.0025198073,0.017090572,0.00031342445,0.019634392,0.0009427157,0.0030842451,0.0142320525,0.067719266,0.07330424,0.020361291,0.04386965,0.07756678,0.053490613,0.06995573,0.078266434,0.07242879,0.01667548,0.07705957,0.06935449,0.0069607585,0.07838428,0.0012056773
0.06307162,0.0736661,0.0022471673,0.014832797,0.00025825258,0.018977992,0.0007684226,0.0026606931,0.014606786,0.06970014,0.0718043,0.015290931,0.046327915,0.07725121,0.054487918,0.07060192,0.077936485,0.073334545,0.019076334,0.077140875,0.070622094,0.006260071,0.07795956,0.0011158506
0.06411722,0.0743409,0.0024487625,0.013438085,0.00019555842,0.016343141,0.0006540758,0.0022217836,0.015826834,0.07025491,0.07214411,0.013165649,0.045501873,0.07782,0.055953305,0.07157322,0.07844061,0.07402968,0.017344616,0.077718325,0.07073821,0.0061924816,0.0785094,0.001027186
0.065115005,0.07422093,0.0029564663,0.0142904315,0.00029790742,0.016989337,0.0010333394,0.0032321578,0.017314374,0.069056526,0.072364956,0.014484362,0.04270287,0.07839045,0.055177666,0.0695312,0.07900047,0.07314466,0.016305674,0.07774874,0.06905952,0.0071742362,0.07923422,0.0011745318
0.06762036,0.07658121,0.0014523196,0.011785801,0.0001295903,0.014174306,0.0005500506,0.0017470482,0.01256785,0.0711483,0.0743078,0.011023772,0.045650605,0.07890403,0.057043012,0.07218841,0.07935707,0.07513926,0.013401058,0.078565426,0.07127559,0.0053897602,0.07941243,0.0005849718
0.06722395,0.07642337,0.0014527236,0.012709317,0.0001362876,0.014578021,0.0005403113,0.0015720443,0.011982641,0.06968575,0.07486463,0.011738353,0.045014817,0.07901967,0.056950804,0.07227804,0.07953377,0.07537077,0.012847119,0.0786163,0.07128197,0.0060362252,0.07958664,0.0005565117
0.065774694,0.075302385,0.0018967161,0.014107165,0.00025527566,0.01887104,0.00096579466,0.0019776442,0.012830008,0.067065716,0.07519198,0.016990501,0.042942453,0.07951505,0.05297171,0.06971093,0.08006047,0.07412328,0.013531758,0.07847668,0.06924772,0.0071016443,0.08018229,0.0009070249
0.06629559,0.075775184,0.0015623937,0.013108307,0.00018810417,0.0177882,0.0008735362,0.0018280342,0.013195722,0.06841932,0.07495164,0.015854852,0.042976875,0.07934504,0.05308703,0.06911058,0.079806454,0.07416451,0.014320433,0.07865935,0.07082868,0.0070567345,0.08001083,0.0007926319
0.06330057,0.07264695,0.002709728,0.016330004,0.0003744486,0.020899052,0.0014946087,0.0034889232,0.017882545,0.06699903,0.07212286,0.015844414,0.04285203,0.07761046,0.054240398,0.0656285,0.07818374,0.071789995,0.021502959,0.07690407,0.06858339,0.008796313,0.078601465,0.0012135017
0.06302524,0.07183346,0.0026499159,0.018726964,0.00038385158,0.022655906,0.0014756806,0.0034601989,0.018168319,0.065190084,0.07224165,0.015720775,0.042333607,0.07715624,0.055823524,0.067635946,0.07786584,0.07189783,0.01967823,0.07654859,0.06811931,0.007780304,0.07816193,0.0014666511
0.062357858,0.07247221,0.00285794,0.018545896,0.00042138217,0.021787217,0.0014674438,0.0037849196,0.017533356,0.06320779,0.0719627,0.015962936,0.04455597,0.07654812,0.05589217,0.069219835,0.07738917,0.07194075,0.019873882,0.07610081,0.06754563,0.009019489,0.077734455,0.0018180694
0.059696894,0.072050825,0.0029779777,0.018182976,0.00038478777,0.019358708,0.0014027406,0.0031487253,0.018154293,0.06344574,0.0719659,0.018259972,0.048278235,0.07613761,0.056338627,0.06916153,0.07684468,0.07270728,0.020672897,0.075609334,0.06723409,0.009139631,0.07733426,0.0015122549
0.06286076,0.07427442,0.0022726583,0.0153635,0.0002392503,0.017295258,0.0009005969,0.0017948892,0.017107202,0.06569885,0.07314622,0.015887948,0.044799414,0.07771648,0.05523985,0.07131291,0.07840944,0.074588045,0.016802074,0.07727577,0.06931193,0.007901135,0.07877946,0.0010219185
0.06488131,0.075521365,0.0017060803,0.013266893,0.00018235548,0.016061554,0.00066019275,0.0017324006,0.016513497,0.067755684,0.07326742,0.011600896,0.043612067,0.077931106,0.05669242,0.072606236,0.078504615,0.07522672,0.017091867,0.077746354,0.07106013,0.006894463,0.078679,0.0008053618
0.068012334,0.076818295,0.00097217795,0.008939962,6.5136104e-05,0.011889537,0.00029922038,0.0011126705,0.012592808,0.07007645,0.075667106,0.009818053,0.045801748,0.07860135,0.06088206,0.07448359,0.07899406,0.07675365,0.0121607,0.07857933,0.0735997,0.004517311,0.07901421,0.00034856956
0.068226516,0.076441124,0.0009161744,0.009151493,5.991725e-05,0.0109793935,0.00021580972,0.00088264025,0.011529889,0.07099735,0.074966274,0.009012386,0.049354415,0.078295596,0.06143752,0.07441671,0.07871283,0.07681498,0.012019111,0.07836631,0.074074574,0.004121377,0.078737326,0.00027032674
0.06872325,0.07658474,0.00088325737,0.0089526065,5.288075e-05,0.010896014,0.00022022691,0.0010429935,0.01086248,0.07068611,0.07502496,0.008442348,0.05113227,0.07826397,0.06069113,0.07432595,0.078636415,0.07680793,0.012864346,0.07826883,0.07360945,0.0040956596,0.07864313,0.00028907423
0.0709252,0.077251054,0.0007124549,0.007701268,5.0539114e-05,0.012718118,0.00020027992,0.0012215873,0.009235203,0.070172794,0.07614482,0.008643557,0.048447195,0.07880503,0.060151298,0.07485497,0.07910454,0.07712305,0.010105002,0.078733884,0.07419655,0.0041317516,0.079104595,0.00026520112
0.069938004,0.07677103,0.0009776871,0.0089263655,8.882715e-05,0.015972292,0.00031159687,0.0016573695,0.010614785,0.06813174,0.07545,0.009176726,0.045574002,0.07870782,0.05951374,0.073869474,0.07914515,0.076641515,0.012025014,0.07856826,0.073393956,0.0050148116,0.07914212,0.0003877297
0.068455465,0.07618398,0.0011009614,0.010106656,8.7619264e-05,0.016028997,0.00033546714,0.0017321241,0.012049395,0.06816372,0.07536889,0.007568789,0.046336576,0.07808745,0.061056435,0.0732965,0.07856645,0.07634736,0.014058082,0.07799262,0.07245972,0.0055778716,0.07855169,0.0004871713
0.07147513,0.0773104,0.00058812427,0.0074048573,2.7786875e-05,0.011044458,0.00013276369,0.00080267777,0.008966094,0.07092974,0.07659408,0.0056011816,0.047910996,0.07838504,0.06419761,0.07581269,0.07860612,0.077536635,0.010668592,0.078364894,0.075229414,0.003604163,0.07860458,0.00020200579
0.07215532,0.0775768,0.0005815671,0.0069380538,2.6843836e-05,0.0110176215,0.0001292716,0.00072446157,0.008285137,0.071168266,0.07650899,0.00593873,0.048442975,0.07861372,0.06273207,0.07621554,0.07880271,0.07767501,0.00983288,0.078567214,0.07591574,0.0031634313,0.07880953,0.00017815742
0.07090241,0.07701873,0.0006064108,0.0075405883,2.9442863e-05,0.01048912,0.0001706027,0.00081722636,0.00978845,0.071337365,0.07561099,0.0066192253,0.051302202,0.07808872,0.06254672,0.075324796,0.07831753,0.07705774,0.011547792,0.07810643,0.07460187,0.0036186422,0.07832951,0.00022751388
0.07101229,0.07753732,0.00052565825,0.007859405,2.5762634e-05,0.010787511,0.00017423838,0.00084431114,0.009811465,0.07123479,0.076274194,0.007799708,0.049634755,0.07850013,0.06042238,0.07541909,0.07871812,0.07715331,0.010763092,0.07854353,0.07440539,0.0035520936,0.07873312,0.0002684054
0.06807389,0.07668341,0.00092611084,0.011221405,6.266209e-05,0.012820877,0.00035092418,0.0014931167,0.013145837,0.068647735,0.07531011,0.008421766,0.047954258,0.07845242,0.05823339,0.07388456,0.078789935,0.07650713,0.01332022,0.07845441,0.072626345,0.0052435333,0.07884757,0.0005283208
0.06760612,0.076031595,0.0009176934,0.010369531,5.719189e-05,0.012691623,0.00031710468,0.0011555671,0.014080008,0.06950488,0.07495291,0.00738964,0.049444612,0.07824741,0.05933259,0.07396526,0.07854372,0.077044114,0.013355161,0.0781375,0.072462775,0.005382668,0.07857999,0.0004303622
0.07015208,0.076499514,0.0007801842,0.0073019015,3.7656657e-05,0.0119259665,0.00022665905,0.0008550298,0.012307173,0.071049966,0.076212846,0.0077159484,0.04914997,0.078526326,0.0593268,0.07515844,0.07874312,0.07756544,0.010974253,0.07839437,0.07395525,0.004077452,0.0787675,0.00029613022
0.069847986,0.075878866,0.000861784,0.0077598384,4.2879696e-05,0.012591346,0.00024438943,0.0009799397,0.012891204,0.07108484,0.07609794,0.00789894,0.050260156,0.07820665,0.059324767,0.074455775,0.07847654,0.07703124,0.010834817,0.07807671,0.073875666,0.004452029,0.07849467,0.00033104353
0.07161542,0.07677354,0.0004844342,0.005937537,2.1105569e-05,0.011268644,0.00013339591,0.00060265494,0.00995838,0.07318903,0.07652599,0.0074700606,0.051231146,0.07844889,0.06077781,0.07546713,0.07859512,0.07732378,0.008859543,0.078326404,0.07502999,0.0031783967,0.07859635,0.00018526442
0.07207819,0.07695304,0.00042249865,0.0057239654,1.6797707e-05,0.010208601,0.00011526694,0.0005059882,0.007891488,0.07348443,0.07676802,0.008267829,0.051592417,0.078432485,0.061923523,0.07558483,0.07855998,0.07745409,0.0087553,0.07835812,0.07531842,0.002852239,0.07856487,0.00016760222
0.0717287,0.07743263,0.0004532907,0.0069356523,2.0376105e-05,0.009421304,0.00011694379,0.0006161866,0.007953006,0.073119745,0.07712006,0.007527385,0.049829066,0.07870896,0.06216666,0.07526275,0.07889063,0.077799425,0.008739479,0.07864606,0.075207986,0.0032089518,0.078888655,0.00020617277
0.07250005,0.0780156,0.0005501552,0.0073925373,2.3251665e-05,0.008621796,0.00014819531,0.0006878651,0.008601337,0.07364225,0.07733687,0.0070244707,0.04579959,0.07920766,0.060626566,0.07591971,0.07939363,0.0782363,0.00866288,0.07911689,0.07527126,0.003621587,0.07940915,0.00019041874
0.07137686,0.07738936,0.0007140705,0.008126944,3.9471983e-05,0.010384023,0.00021779527,0.00088515907,0.009535787,0.07208855,0.07668604,0.009355344,0.045935992,0.07890996,0.05982369,0.075248666,0.07916266,0.077764615,0.00927949,0.07880403,0.0746496,0.004170546,0.07917479,0.00027651887
0.06933479,0.07635868,0.00086598465,0.0091036325,6.7495144e-05,0.01074543,0.00031048286,0.001137464,0.012608536,0.07153977,0.07522686,0.010864857,0.047236517,0.07854867,0.060130008,0.073910676,0.07889685,0.07702952,0.010580813,0.078521356,0.073035166,0.0046457294,0.07889178,0.00040895087
0.05828705,0.06760204,0.004708991,0.023647211,0.0009508699,0.021570327,0.0026729438,0.0048534162,0.024263782,0.06544853,0.06558229,0.016946862,0.048054624,0.075395875,0.053301886,0.06526517,0.0765979,0.0722023,0.020825256,0.07561137,0.06333253,0.012800727,0.07712933,0.0029487286
0.055331178,0.06618127,0.0057674246,0.02589094,0.0010952381,0.024384622,0.0032086787,0.006298238,0.025641358,0.06397144,0.063716605,0.01550778,0.04936684,0.07373792,0.05368266,0.064880654,0.07521281,0.07137593,0.02359105,0.07387372,0.06169559,0.016117135,0.075549036,0.00392192
0.06608961,0.0740905,0.0016456106,0.013027742,0.00014723706,0.016942242,0.00066922477,0.0019961088,0.015380551,0.06854951,0.072511755,0.009585945,0.047654252,0.07700385,0.060418874,0.07187968,0.077553794,0.075543,0.015459342,0.07692309,0.070348635,0.008129943,0.07759976,0.00084975874
0.0691247,0.07580799,0.0010797236,0.012223667,8.2441875e-05,0.014870682,0.00043115712,0.0013310037,0.012709384,0.06841731,0.07532013,0.008572266,0.045594558,0.07804054,0.06021724,0.07356673,0.07840243,0.07662508,0.012012621,0.07792807,0.07294452,0.0057741175,0.078447945,0.0004756848
0.07230475,0.07779881,0.00047832922,0.0069481563,1.9200765e-05,0.0096262675,0.000120754405,0.000594134,0.008289879,0.07183379,0.07726836,0.005708864,0.04819975,0.07876231,0.063504286,0.07655851,0.07892059,0.0780018,0.00874934,0.078713186,0.075382285,0.0031429566,0.07892554,0.00014818575
0.07303964,0.0778249,0.0003354812,0.0049017393,9.2062555e-06,0.0073864604,6.478589e-05,0.0003507984,0.007728594,0.073597096,0.07689515,0.0042746034,0.0525476,0.078486495,0.06557609,0.076940954,0.078597754,0.07799656,0.008128538,0.07847649,0.075720884,0.0024347159,0.078591816,9.364419e-05
0.06392304,0.07284046,0.0017021593,0.014716263,0.00012133945,0.013466322,0.00055754895,0.0013880996,0.017099844,0.069142796,0.071269274,0.007285007,0.05455118,0.07614987,0.062761575,0.07253642,0.07677733,0.07558593,0.017325563,0.07635255,0.07058479,0.0064447266,0.07678156,0.0006363612
0.058397148,0.06916282,0.0027187339,0.016325675,0.00025724675,0.016906856,0.0011407201,0.0021724706,0.022740452,0.06715782,0.068543546,0.0074238097,0.054916114,0.07470099,0.061943028,0.07001066,0.075810455,0.074460596,0.02565731,0.07525259,0.06821221,0.009249442,0.07584642,0.0009929185
0.06710835,0.0747768,0.0007106834,0.008071152,2.6411317e-05,0.008983398,0.00021593487,0.00066133315,0.014715872,0.07187137,0.073525235,0.003838077,0.05660742,0.07671303,0.066386454,0.07391034,0.077031784,0.076345064,0.017303543,0.07684834,0.07309193,0.004026022,0.077044174,0.00018726458
0.07003012,0.07600128,0.00047813499,0.006474245,1.4343332e-05,0.0072513022,0.00011533021,0.00042271608,0.0113074705,0.07377811,0.0748294,0.00280279,0.057098847,0.077466585,0.06718339,0.07502675,0.07766666,0.07712292,0.012200182,0.077545226,0.074781775,0.002626409,0.07766402,0.00011198636
0.06981406,0.07660694,0.00043715193,0.0065904413,1.4464021e-05,0.008520805,0.00011654327,0.00034512975,0.010116243,0.0744804,0.07564777,0.00324858,0.054297257,0.077940084,0.065881155,0.0755835,0.07808144,0.07741739,0.010753535,0.07791682,0.07528888,0.0027264925,0.078076795,9.8182136e-05
0.07244045,0.0776258,0.0002922783,0.005574844,6.806045e-06,0.007221932,8.066579e-05,0.00026876034,0.008056495,0.07429945,0.07713506,0.0036384666,0.051133186,0.07844154,0.06590748,0.076255724,0.07853983,0.07797011,0.008786446,0.078415416,0.07640174,0.0028933159,0.07854291,7.1361625e-05
0.07162842,0.07760022,0.00033698062,0.005978256,6.9629036e-06,0.0062981015,9.6786236e-05,0.00027356375,0.008660433,0.073797725,0.07697775,0.0037107375,0.05065454,0.07858401,0.066488005,0.07558274,0.07868748,0.07811148,0.009736793,0.07857637,0.076080784,0.0033485186,0.07869849,8.4885025e-05
0.0665105,0.07650132,0.0005097246,0.008946959,1.6764394e-05,0.0067106723,0.00019135315,0.0003449484,0.010538532,0.073507704,0.07547013,0.0034916652,0.05399933,0.07825967,0.06439332,0.074702956,0.078402944,0.07781231,0.014128435,0.07825311,0.07382101,0.004900078,0.07843329,0.0001532631
0.06682325,0.07618058,0.0006213707,0.010145863,2.5524272e-05,0.0069337576,0.00018893952,0.00047583363,0.010838271,0.072289996,0.07507553,0.003988885,0.05227763,0.07814615,0.064465426,0.074665785,0.07842109,0.07765899,0.014187921,0.07824432,0.07360944,0.006068818,0.07845221,0.00021444976
0.06795268,0.07635039,0.00060688844,0.008270006,2.6336345e-05,0.007767582,0.00017929234,0.000559231,0.010658307,0.07140003,0.075464666,0.0065904646,0.05246259,0.07829426,0.063242115,0.07476488,0.07849711,0.07761445,0.012551996,0.07830317,0.07431947,0.005392202,0.07852587,0.00020601755
0.066567495,0.075669065,0.0006799019,0.009068863,4.2581418e-05,0.009542198,0.00027753462,0.0008706692,0.01200271,0.070258,0.075366504,0.009229994,0.05317685,0.078242235,0.061398987,0.07380394,0.07845765,0.07724309,0.013229478,0.078115374,0.07325478,0.0047094966,0.0784994,0.00029323532
0.06973175,0.07691463,0.00068667514,0.007908032,4.251766e-05,0.009924078,0.00021977321,0.0009190379,0.011891567,0.070895836,0.07607314,0.008553609,0.048292313,0.07873154,0.063198626,0.07388194,0.07901141,0.07756407,0.010583403,0.078574374,0.07332384,0.0038355521,0.079038836,0.0002034745
0.07089589,0.078245826,0.00052918884,0.005278807,2.0237885e-05,0.0075864354,0.00013754323,0.0004947728,0.011199494,0.07144991,0.07719273,0.0064669647,0.048263624,0.07925065,0.06387646,0.07523076,0.0794235,0.07837686,0.008659479,0.07915944,0.0750741,0.0036494238,0.079441726,9.619569e-05
0.069757685,0.07806934,0.00038918332,0.0055196094,1.4045735e-05,0.0066722496,0.000102318,0.00036316298,0.010240167,0.071630165,0.07724859,0.005957593,0.05081784,0.079231635,0.06330682,0.07635193,0.079378515,0.07841467,0.00877465,0.07922646,0.07563934,0.003400339,0.07938825,0.00010543296
0.0734969,0.07899256,0.00013007541,0.004178877,3.1237657e-06,0.005249626,3.2236978e-05,0.00015741073,0.005075267,0.074716315,0.07863828,0.0056678923,0.04858975,0.0795873,0.06333107,0.078038804,0.0796367,0.07900335,0.00631398,0.07957467,0.07778644,0.0021224634,0.079638615,3.8249513e-05
0.07364441,0.07898865,0.00014153698,0.0048404406,3.8763274e-06,0.005374296,4.313334e-05,0.00020024447,0.00460972,0.07511073,0.078737155,0.00681507,0.048031982,0.07957855,0.0628791,0.07737925,0.07963494,0.07891517,0.00635744,0.07955142,0.07752097,0.0019659055,0.07963941,3.6591293e-05
0.07002152,0.07807993,0.00044997956,0.007679136,2.4836056e-05,0.00896389,0.00016966318,0.0005893208,0.008889639,0.07271915,0.07758159,0.0086006615,0.04903158,0.07942602,0.058807645,0.07433438,0.07961292,0.078022584,0.009507427,0.07933481,0.07509999,0.0032777563,0.079632126,0.00014342598
0.07011574,0.077510536,0.00067347864,0.008372864,4.1702264e-05,0.010651482,0.00023653681,0.0007324692,0.010827832,0.070799135,0.07645371,0.008593162,0.04936463,0.079240985,0.057701487,0.073556654,0.07953961,0.07776008,0.010871503,0.07916486,0.07406892,0.0039393622,0.0795771,0.00020616775
0.07162391,0.077979796,0.0005249115,0.0067143952,2.6490627e-05,0.008819082,0.00017658123,0.0005533687,0.0098977,0.07193242,0.07694246,0.007466815,0.046570934,0.079274826,0.06136102,0.075512044,0.079495214,0.078254,0.009572595,0.07925475,0.07493742,0.003429389,0.0795195,0.00016032676
0.07333827,0.07851715,0.00039633462,0.0058483575,1.8679588e-05,0.0076542967,0.00012289228,0.00044068557,0.007968848,0.07326482,0.077939436,0.007510553,0.045244448,0.07962176,0.06113866,0.0764792,0.0797631,0.07857892,0.00778046,0.079527885,0.07624938,0.0027059186,0.07977502,0.000114975104
0.074232385,0.07899964,0.0003297113,0.0053401254,1.0151354e-05,0.006957796,8.247617e-05,0.00036187714,0.006212225,0.0749864,0.078867234,0.007098198,0.04340994,0.079975836,0.061351288,0.07725784,0.08007261,0.07893546,0.006135713,0.079891615,0.07703412,0.0022893094,0.08008027,8.779775e-05
0.072400115,0.07852845,0.00040084022,0.005877246,9.032365e-06,0.007901719,7.813588e-05,0.00043867895,0.007337175,0.07498644,0.078072526,0.005679413,0.04591342,0.07938358,0.0629594,0.076733254,0.07951021,0.07835812,0.0074613495,0.07935297,0.07589151,0.0030832486,0.07951476,0.00012832122
0.07251812,0.07832916,0.00035984564,0.004929468,7.194172e-06,0.0079454,5.5582954e-05,0.0003815699,0.0074592154,0.07553573,0.07787295,0.004870308,0.047665782,0.07914591,0.06364086,0.07694808,0.07925255,0.0783416,0.0070397938,0.07912475,0.076306656,0.0029162646,0.07925185,0.00010139412
0.07406999,0.07840208,0.00027138018,0.0035422544,5.3173803e-06,0.007379198,4.6783494e-05,0.00028497848,0.0067274007,0.07561756,0.07814203,0.005207651,0.047736812,0.07919367,0.06417573,0.077616215,0.07928248,0.07861813,0.0059681945,0.07918798,0.076936245,0.0022346987,0.07927741,7.583293e-05
0.064227946,0.073768616,0.0020775867,0.013944288,0.00013472597,0.014788182,0.00070780393,0.0020055668,0.016963277,0.06840843,0.07291821,0.00976954,0.048310343,0.077466525,0.058823656,0.072165266,0.078150794,0.07559796,0.01646762,0.07762364,0.070085,0.006599839,0.07819289,0.0008023279
0.05834993,0.06888108,0.0046420856,0.020235732,0.0005241793,0.016850432,0.0020655785,0.003684023,0.025557423,0.065218866,0.06857555,0.012246824,0.050189152,0.07553516,0.057374883,0.067966044,0.076911144,0.07362479,0.021892449,0.07585278,0.0643252,0.0104259765,0.07718622,0.0018844388
0.0657354,0.07530979,0.0013239671,0.008263226,5.874921e-05,0.009967359,0.00034125778,0.0010204175,0.013836633,0.07320548,0.07414405,0.0067540105,0.05462288,0.07769868,0.06202452,0.0739453,0.07818064,0.07689087,0.013183493,0.077736974,0.07134135,0.00581733,0.07817086,0.00042675322
0.066354305,0.07617411,0.00095579034,0.008101768,3.717704e-05,0.011729574,0.00025659535,0.0008990723,0.012154035,0.07284077,0.07479358,0.0056786262,0.052818406,0.07784189,0.06242727,0.0739373,0.07818477,0.07693008,0.012997279,0.077852555,0.07213587,0.006348063,0.0781781,0.00037299597
0.07012388,0.07757968,0.0005953087,0.0066371146,2.9507688e-05,0.012219687,0.00017535768,0.0005644687,0.009834007,0.07246252,0.07656496,0.0071764453,0.04772872,0.0787885,0.061125726,0.07460849,0.07903471,0.07762717,0.010286841,0.07878049,0.07453456,0.004298025,0.07902941,0.0001943975
0.07213552,0.078838944,0.0003663752,0.005146352,1.8008595e-05,0.010348464,0.00014067843,0.00043466614,0.0072690616,0.07278076,0.078400075,0.009194476,0.042515185,0.07987342,0.06040123,0.07525191,0.07999905,0.07856031,0.00875867,0.07976656,0.07695654,0.0027243346,0.07999909,0.000120379395
0.07090347,0.078795046,0.00042940187,0.0057174647,1.6896985e-05,0.010730473,0.00014572518,0.0005301447,0.008464369,0.07260511,0.07807257,0.007497149,0.041805904,0.079837866,0.061172545,0.07630377,0.07994459,0.07854212,0.009690367,0.07967359,0.076011285,0.0030212363,0.079957776,0.00013113645
0.069458246,0.07779051,0.00066470756,0.007536024,2.7083293e-05,0.010351964,0.00020736686,0.0006037583,0.01097675,0.071952775,0.0766999,0.008401957,0.04351709,0.0794829,0.0599571,0.07510359,0.07963207,0.077788524,0.012002895,0.07933412,0.074594736,0.004039301,0.07966102,0.00021561353
0.066203326,0.07525495,0.0012409502,0.011589569,9.1427755e-05,0.013427669,0.00044441933,0.0013123656,0.013198471,0.06861839,0.07490034,0.011010826,0.04759491,0.07880653,0.056943003,0.07159005,0.079106666,0.07643324,0.014739522,0.078427926,0.072812386,0.0065359916,0.079122156,0.00059494516
0.06530516,0.07526308,0.0014074155,0.00983613,0.00013264891,0.01655432,0.000563956,0.001417207,0.014489738,0.06844928,0.07477721,0.013831324,0.045423195,0.07870026,0.05569827,0.07230469,0.079081856,0.075813085,0.014233567,0.07825295,0.07229811,0.0064521716,0.07902102,0.0006933829
0.067777805,0.07654122,0.0011166045,0.007185741,0.00010016007,0.0140162455,0.00043170998,0.00096026395,0.014483602,0.06888762,0.0763331,0.012954725,0.04246331,0.07927182,0.056530155,0.07323644,0.07962942,0.076633446,0.012951359,0.078901954,0.07360529,0.005931417,0.07958755,0.00046902886
0.07112164,0.07840842,0.00074925064,0.0065999767,6.2693434e-05,0.011161369,0.0002430973,0.0008230307,0.010387284,0.070436336,0.07765999,0.010543709,0.040596463,0.07982358,0.060044196,0.0747677,0.08010836,0.07781932,0.009127525,0.079498164,0.074875936,0.0047696824,0.080068156,0.00030419088
0.07416096,0.07933725,0.00043704454,0.0041843336,2.012458e-05,0.007992619,9.774728e-05,0.0005550528,0.006656217,0.073303245,0.07869881,0.007672666,0.04249514,0.08004181,0.06231355,0.07711446,0.08022597,0.07889412,0.005874669,0.07995018,0.07654083,0.0031033098,0.08019674,0.00013315908
0.07353317,0.079198375,0.0009954117,0.0065258727,6.115687e-05,0.009384048,0.00023570264,0.0011204245,0.0093624955,0.06997723,0.07799376,0.011987077,0.037667364,0.08044151,0.058220267,0.07583928,0.08081221,0.07811679,0.0082848715,0.08037803,0.074932456,0.0038105645,0.08077646,0.00034547094
