Stock_1,Stock_2,Stock_3,Stock_4,Stock_5,Stock_6,Stock_7,Stock_8,Stock_9,Stock_10,Stock_11,Stock_12,Stock_13,Stock_14,Stock_15,Stock_16,Stock_17,Stock_18,Stock_19,Stock_20,Stock_21,Stock_22,Stock_23,Stock_24
0.006446650808856127,0.06779268819797749,0.06551194388565705,0.0192382801200897,0.07376091450126886,0.06671537419224813,0.07263369769230468,0.0021768980684247173,0.06804859368325987,0.003375140252422018,0.012348148405713785,0.026106418756678035,0.05344052560984048,0.0679787809649658,0.07696547980336145,0.07352408101084217,0.005273122615751885,0.07507629094705683,0.012251966804124605,0.07696217932878183,0.04761324679501399,0.00799206195364126,0.014479265772794032,0.004288249828925207
0.006430663317284063,0.06782283555808002,0.0655442639088198,0.01921902782604739,0.0737752826339772,0.06671901255238792,0.07265129490666805,0.0021654011057896713,0.06805935210242069,0.00335847115847245,0.012330941390982932,0.026095572611238935,0.053487501288078616,0.06798478173300584,0.07696633586538605,0.07353085753422856,0.0052529728214394,0.0750799429154978,0.01221074903713396,0.07696357089663247,0.04763905706885034,0.007970541445700453,0.01446655624247263,0.004275014079404759
0.00654361766340262,0.06760934252100449,0.06531574659564059,0.019354393848108966,0.0736729327851647,0.06669347629350458,0.07252616276340654,0.0022473187703251594,0.06798358325434124,0.003477101276684141,0.01245208690387294,0.026171734771488694,0.0531567366982948,0.06794257529184854,0.07695987511971754,0.07348287396467701,0.005395844096798089,0.07505395951203672,0.01250233632691149,0.07695322983667449,0.04745778946014708,0.008122636104710363,0.014555945329372825,0.004368700811866384
0.006675643630178412,0.06735817228063741,0.06504807770392922,0.019510827394518714,0.07355074331809217,0.0666641296149884,0.07237749047862489,0.0023451545311871875,0.06789560294497654,0.003618338723962463,0.012592540924564685,0.026259526185658008,0.05277331508171895,0.0678938045207335,0.07695110696692872,0.07342640977055377,0.0055644550636167415,0.0750230843592637,0.012844371569022371,0.07693965482498728,0.04724897512880841,0.00830058516158921,0.014659247200671131,0.004478742620788113
0.006709602159148824,0.06729330951877298,0.06497913830095486,0.01955075876834786,0.0735188738399342,0.06665666581813924,0.07233883211553428,0.002370681984207148,0.06787307666491942,0.003655115438099035,0.01262846597415928,0.026281902817665022,0.052675252182411196,0.06788135698913078,0.07694863352132411,0.07341182606947406,0.005608097702289945,0.075015049675643,0.012932538397667845,0.07693589850383978,0.04719578840809921,0.008346382746076424,0.0146856163012343,0.004507136102927198
0.006692641087320297,0.06732572368148676,0.0650135767170216,0.019530827439204094,0.07353481885727758,0.06666039026452915,0.0723581646903987,0.0023579118466467534,0.06788432828646597,0.0036367215988840824,0.012610526797476028,0.02627073607359131,0.052724210175514964,0.06788757124696264,0.07694987991273017,0.07341911599082131,0.0055862813508051525,0.07501906503161103,0.012888487185277353,0.07693778404283162,0.04722233199700452,0.008323505419626497,0.014672455596549677,0.004492944709962741
0.006743361947596053,0.0672287150903293,0.06491056645681793,0.019590332855472428,0.07348701362648884,0.06664928045870919,0.07230022912330294,0.002396208778601508,0.06785071696763617,0.0036918533969611594,0.012664105114849996,0.02630405757962366,0.052577990933703286,0.06786902265419821,0.07694608934063762,0.07339729805316764,0.005651598777443911,0.07500702873352696,0.013020273750590814,0.07693206181605725,0.04714312207133336,0.008391919977138583,0.014711753209164995,0.00453539928664818
0.006583173476322063,0.06710856334294318,0.06554076528089635,0.019146476571013864,0.07358093088987401,0.06683265115291749,0.07238999361376128,0.002229326902380714,0.06776848073164227,0.003623071887057696,0.013025903819559072,0.026215206971937115,0.053762311321660046,0.06764571233541869,0.07689369820367714,0.07328801928231356,0.005642139281406863,0.07491025739684361,0.012430172039834023,0.07690116397526843,0.047562819356472004,0.008199648089701632,0.014195545250006684,0.004523968827092213
0.006380561741548863,0.06645101170996856,0.06664107567923123,0.01830011164036081,0.07363881015227143,0.06723088268007155,0.07240263580872659,0.0019816246645941245,0.06744625314423776,0.003654603629531213,0.014152810844928533,0.02612070508399525,0.056027579183815464,0.0670208359801881,0.07675305403392253,0.07293580335582085,0.005860287104371892,0.07462495372013084,0.011510511221119957,0.07680864641864443,0.04829508147423242,0.007982407490625695,0.013127872206314554,0.004651881031347353
0.006402356259188008,0.06735367017374541,0.06597402299297477,0.01886639920802976,0.07373276749412065,0.06690983516805443,0.07257039300960517,0.0020893228979205225,0.06784306896352384,0.0034537581044021184,0.012964646520049236,0.026097562561414246,0.054464513396075984,0.0676418436551679,0.07689055647477684,0.07332277721140044,0.00545569766952042,0.07492034401038623,0.0119250033703936,0.07690773946669215,0.04789495573492338,0.00796155686265543,0.013955877567347614,0.00440133122763183
0.0064371072456573,0.06615028655981227,0.06664884856783306,0.01826898413416443,0.07356593386668919,0.0672773330171788,0.07230208995202475,0.002002566010108615,0.0673297637415656,0.0037620999728376356,0.01445229830329377,0.02616660869489042,0.05614147352943484,0.06687943855854664,0.07672058870785049,0.07283216904410297,0.0060229817912921145,0.0745510533693968,0.011585286310517301,0.07678278968174794,0.0482718470872446,0.008068431702659218,0.013025902386051561,0.004754117765099691
0.006512001082341754,0.06517050520468949,0.06699937593293859,0.01793563076947577,0.07340698439874255,0.06751431245519418,0.07205924447456072,0.0019795599498953625,0.0669408724834457,0.004045827376152303,0.015587672307157732,0.026249683842614033,0.0570958091886992,0.0663247516283757,0.076590304974026,0.07245375627453163,0.006510478428092776,0.07426809892554276,0.011486454308318185,0.07668837415181727,0.04844728671685442,0.008211045746016592,0.012467714171302352,0.005054255209214964
0.006453819492207801,0.06561387378873385,0.06692078048140707,0.01802638324344907,0.07349542304160962,0.06743022559763258,0.0721869103091954,0.001968706790475448,0.0671101721359679,0.0039008377715446315,0.015114293364288593,0.026197799393639927,0.056817254298491465,0.06654912891977303,0.07664475059405024,0.0726150805041502,0.006278495814740737,0.07438670527005857,0.011450914387437717,0.07672898155948195,0.04842763786493608,0.0081163359698555,0.0126544247071031,0.0049110646997695025
0.00644941539560479,0.06393031505730913,0.06786854742347882,0.017159193637009924,0.07330749193523402,0.06788806173684479,0.07191320541755232,0.0018042360625912198,0.06653040179778033,0.004267354854072214,0.017357239245474883,0.026254653563807646,0.05924336987994454,0.06541485527430843,0.07636215231601697,0.07189919812534855,0.007012192924246369,0.07381098170265685,0.010866246538365286,0.0765435628102612,0.04901456453245289,0.008152269665819873,0.011492950667268832,0.00545753943655013
0.006303718522800401,0.06484857495961223,0.06780968032077268,0.017284566819584995,0.07351581805199768,0.0677750468565438,0.0721728361537635,0.0017739461367514012,0.06680530520560066,0.0039692653128653,0.016384915595644582,0.026135633862590497,0.05877926041246739,0.06587962305307875,0.07649156493813508,0.07223021585746245,0.006548346442255404,0.07406951614144965,0.010714990863993155,0.07663488625269325,0.049056278227869746,0.007950671413600736,0.011759045116682125,0.005106293481784532
0.006509309091989061,0.06442619123250633,0.06742540749184843,0.01755401241843687,0.07332594169377601,0.06772211985599094,0.07193449481323086,0.0019071429343410229,0.0666737175433425,0.004212374957239916,0.016566563728616833,0.026274988092507223,0.05816150919158514,0.06583214311955342,0.0764683500734845,0.07213897116813082,0.006841226946230435,0.07401784214517601,0.011225578196450472,0.07660745844081648,0.0487091668758717,0.008230524850691912,0.011947981070030558,0.005286984068152539
0.006653189277940482,0.06453826820703391,0.06692594348733324,0.017946383533500917,0.07323766455133661,0.06758022523991208,0.07183078522448645,0.0020458133557829435,0.0667159023877694,0.00429609296251332,0.016156971280402062,0.02635684523524142,0.05714016220559034,0.0660712607202615,0.07652171864573513,0.07224803457116219,0.006870338134766637,0.07412188260079823,0.011726879271684072,0.0766330991356436,0.04833486004511448,0.008418871732457289,0.012351986837374727,0.005276821356158967
0.006788662060518568,0.0638930892475993,0.06687408555638188,0.017934083476963944,0.07306319881632846,0.06764254015457784,0.07160786266126314,0.0021016666146676214,0.06651028881241099,0.004544135400992534,0.01675310648455447,0.02645801176527257,0.0572654777684151,0.0657982379304689,0.0764399721561719,0.07203278557496051,0.0072264097219979515,0.07396163976218181,0.011941655975394852,0.07656922659346879,0.04823711639345529,0.008611156152993833,0.012227245533327637,0.005518345385632089
0.006956070563108813,0.06434035950345629,0.06610064770537945,0.018524648316926733,0.07298437970220506,0.06738304797103009,0.07154599065688735,0.002297789684565228,0.06669500595771626,0.00455875471014653,0.015907720917027628,0.026537035470769108,0.055694011670933,0.06625122088822841,0.07654581797351595,0.07228627615371756,0.007100355869548843,0.07417675325072481,0.012636266631409779,0.07662776560908877,0.047706412184180445,0.008808967336459845,0.012908110000371115,0.005426591272602933
0.0073341939042427225,0.061188368011806805,0.06668758142373186,0.01786846057453436,0.0723123637391562,0.06787596335856785,0.0706910877283855,0.002314885816466732,0.06574873474589067,0.005604953679226574,0.019222092046052353,0.026851379414538773,0.057867533992269814,0.06467064843186535,0.0760362601093398,0.0711218139232656,0.008718411654476222,0.07325464445271966,0.012784295933181757,0.07626207015082748,0.047865103676131504,0.009364912096651539,0.011765032081392459,0.006589209055278412
0.0075848654412247925,0.06091011959414402,0.06608400550504323,0.01828695394211481,0.07206822111111758,0.06776322739398229,0.07039795991114962,0.0025309082503832004,0.06566747377095031,0.005895600191343447,0.019090415802345235,0.026995745131890587,0.05681886824028961,0.06478867618092293,0.07603186215220296,0.07111309397792875,0.008996272166317272,0.0732746965052995,0.013505593911191266,0.07622961464304534,0.047410383335842264,0.00970684170677292,0.01212156966727091,0.00672703146722714
0.00770077831253163,0.061020580224006776,0.0656709260732347,0.01858624745616186,0.07198253850500277,0.06765839440326718,0.07029622626841815,0.002664444919551305,0.06569272463519868,0.0059745605307676124,0.018734960998283368,0.02705403664193691,0.05600799645552294,0.06499001460700161,0.076079227081665,0.07120931885482736,0.009018220420891912,0.07336924333326729,0.01392516608419808,0.07624511886380599,0.047133319494981736,0.009863802500630528,0.012421551904614846,0.00670060143023177
0.0075859033373296665,0.06188868239207725,0.06554121862949447,0.018741216041454508,0.07218962857766097,0.06754095884808596,0.07054502131554181,0.002653339560997386,0.06592780651321316,0.005665090387120059,0.01786384991955365,0.02696640125765086,0.05545369922278995,0.06540387573574324,0.07623387827124141,0.07152581082668634,0.0085629936442738,0.07362501333975825,0.013852416048822985,0.07635854285577989,0.04711461733314413,0.009703071075352043,0.012696059313292686,0.0063609055529355195
0.007363213692500821,0.06297766065792218,0.06561438996192774,0.018771156998508145,0.07250735520283268,0.06743705798054284,0.07093868914485742,0.0025537004448655436,0.06625029196768911,0.00521268914588535,0.01690719415394597,0.026811172703437875,0.05521252327506377,0.0658381660537,0.07639610083020916,0.07188789076186898,0.007944149378682945,0.07390082896629724,0.013501137289783848,0.07648988559445556,0.04725302734107157,0.009387405414500203,0.012901002640056065,0.005943310399394978
0.007551113217350279,0.06184708832543076,0.06567302396959833,0.018645564400288164,0.07221310092602994,0.06757484892537634,0.07057307955463894,0.002611279049152612,0.06591747498291495,0.005644306002214821,0.017978381188744966,0.026948952020788616,0.055716954755078735,0.06533866316470491,0.0762177666494278,0.07149357476634285,0.008560505870418981,0.07359403078288593,0.013721752486138652,0.07635203748701506,0.0472009993079616,0.009656044149149187,0.012597681362172247,0.006371776656175313
0.00785158308489073,0.061337767960623346,0.06502313718128129,0.019056377930809908,0.07189340170531293,0.06748270905240285,0.07019118367205272,0.0028690479772055678,0.06577238276680193,0.0060342765553579565,0.018071665326678876,0.027123787057004176,0.05469169755010021,0.0653543770788676,0.076177274175827,0.07140610603880186,0.00896773411098714,0.07355235856081302,0.014541258758940176,0.07628949763143414,0.04672492297727901,0.010067106859722626,0.012919191642726938,0.006601154344077999
0.007954577060210716,0.06031519758311362,0.06527875583966437,0.01880835518006222,0.07167195353419385,0.06764218283494147,0.06992655229143697,0.0028467645546527143,0.06550116136952938,0.00638015179557948,0.019139443749986256,0.027208218675606424,0.055525842238587836,0.06484093256712996,0.07598147926345229,0.07102032364418798,0.009491616258294318,0.07323521801002672,0.014518839719432007,0.07614947653336318,0.04681468500058763,0.010212643961149504,0.012535233147812502,0.007000395186998583
0.008054180247032042,0.05899659659098283,0.06568567992833652,0.018445102528423258,0.07142044915700212,0.0678632868259881,0.06962561474586289,0.0027878779634341617,0.06516516370379355,0.0068034019708966345,0.020574795504613268,0.027299834198385015,0.05670205629517455,0.06415398080773552,0.07571084209405804,0.07050704346243232,0.010156357277322552,0.0728041704071058,0.014394579099992913,0.07596636738865949,0.046990333180078295,0.010354971610931244,0.0120173152430578,0.007519999768701109
0.008228100311394846,0.059280925187873576,0.06500572067412526,0.018925097475579647,0.07129259196847548,0.06768577280863859,0.06947792249271917,0.003013915196362925,0.06522930099185546,0.0069006211861586415,0.019899138246389496,0.02737901226683951,0.05537609271158641,0.06452073635358295,0.07580723583459155,0.0707009023764452,0.010135254253277373,0.07298997379302027,0.015065391323461384,0.07599913465485078,0.0465582509600333,0.010590322369200239,0.012506684903806308,0.007431901659731621
0.00856134259529081,0.05770719201868258,0.06484104591107638,0.018940341633560856,0.07077770331757452,0.06780566995529343,0.068873198679683,0.003182541573158948,0.06483090387874538,0.007642885312318404,0.02118266750808911,0.027592032833533744,0.055583755648616055,0.0639597033015116,0.07550330815604327,0.07017754855438699,0.011083614386774306,0.07257093671371591,0.015626528824802734,0.07575437041008916,0.046340917782227424,0.011052357206576373,0.012319425721693228,0.008090008076555797
0.008868294669686727,0.05877290846808773,0.0632831193569759,0.02000641827798345,0.070610188922074,0.0673751181586254,0.0686879246759385,0.0037088542897271513,0.06507983679601202,0.00766506845087783,0.019371799493379274,0.027706819825218262,0.0524929786955363,0.0649080000375771,0.07580747427443003,0.07075116884594353,0.01077162468090539,0.07309876020330978,0.017039105511214403,0.07589288745874713,0.04545184004506846,0.011465102196017379,0.013476250197948285,0.007708456468715937
0.009446573214437363,0.058686727138566125,0.06144997454281162,0.02108963131205406,0.06999640008724305,0.06699485330688593,0.06803403405455231,0.004453439092220329,0.06508980943634175,0.008241242466150253,0.018562621267903423,0.02797299386096874,0.0495150399611407,0.06540006281428061,0.07586299101232656,0.07093283311900529,0.011127278687175227,0.07329606353939466,0.018979915874548472,0.07582735297294996,0.04439434331383139,0.012226116665354211,0.014556811485990383,0.007862890773867596
0.009666496846761694,0.05843269832899625,0.06087873057322095,0.021395833502927113,0.06972307446237264,0.06690048749543605,0.06774281740191977,0.004716355910561818,0.06503801802608518,0.008527146989416444,0.018517617420703226,0.028077300807206093,0.0487070226749145,0.06545490780279123,0.07582889336817468,0.070907917851185,0.011367875779867575,0.07328992373254654,0.019637784337162685,0.07576251624708412,0.04406557539476156,0.012516235306771782,0.014836577360843404,0.008008192378289704
0.010001303008927638,0.05881829441505577,0.05949540649282183,0.022170765259877448,0.06939481410932387,0.0665516429721596,0.06746159011119937,0.0052552391306592205,0.0652139374247405,0.008696919887720606,0.0176544557036128,0.02820448622579551,0.04653450303055646,0.06591195233023865,0.07593265197531958,0.07117242188204555,0.011306751542644244,0.07352000649053073,0.020935996946320323,0.0757759939084804,0.04335432211691243,0.012917735398769052,0.01573180568893509,0.007987003947353348
0.01004759589681507,0.05831129843170024,0.05967333152325605,0.02204660738845115,0.06927745345562882,0.06665371221356586,0.06729903618689737,0.005242724417591554,0.06505225736375282,0.008917904051225806,0.018115510737157156,0.02824214759751569,0.04693369561663757,0.06570037298761784,0.07583129163629469,0.07098813163256615,0.01160839262010771,0.07337659615153903,0.02090161569462535,0.07569154877833766,0.0434179512947239,0.013002275049000422,0.015508847134295513,0.008159702140696574
0.009870586009469787,0.057642755618623934,0.06069587877243028,0.021455860764197955,0.069397324315538,0.06695793000981921,0.06735074268682419,0.004886016383553623,0.0648075805816911,0.008989134918752298,0.01905936868442176,0.028192559277821,0.048633000568528165,0.06523170417495354,0.07567892306968696,0.07066317925640529,0.01189930801602078,0.07310699603456039,0.02004583227894927,0.07561483965246496,0.04392213389556757,0.012813359517890532,0.01476823613581294,0.008316749376016485
0.009754131526901622,0.05653843468728136,0.06175978271976038,0.02078417202072082,0.06938074370283588,0.06729494185047583,0.06728490894757548,0.004533938598374941,0.064501664758211,0.009224879397423285,0.020451007037895153,0.028178697268812104,0.05067202946071414,0.06454340880063565,0.0754035075721602,0.07016769952408185,0.012410528800813862,0.07268084269170856,0.019230729291735398,0.07545088097833627,0.0444349537331952,0.012684830629170153,0.013932368828605192,0.008700917172575677
0.00982163178300367,0.057148334046332176,0.06116253719079147,0.021171647670469394,0.06939301770989172,0.0671178307722506,0.067303680408409,0.004744354668776634,0.0646444501161631,0.009112886726825128,0.019655676016971085,0.028189484775073895,0.0494735635540829,0.06494507897124287,0.07556794448350365,0.07044722968475486,0.01214845121609721,0.07292939453690901,0.01969965829335848,0.07554569401585012,0.044147804024067094,0.012773503582966543,0.014393864774209147,0.008462280978000234
0.009963734814011568,0.058115561416214705,0.06008468379522467,0.021814112245676056,0.06934882115248245,0.06676695896971353,0.06734899459431755,0.005089559533532699,0.06497599344103662,0.008909881760738038,0.018433651431442672,0.028214427152113003,0.04759547130803021,0.06553848532752682,0.0757847839315393,0.07088288907654387,0.01167922945146562,0.07328794290333451,0.02053899767286887,0.07567359915748335,0.04362248160280625,0.012906816670789752,0.015226557012072218,0.008196365579035638
0.01017255896808647,0.05859370420735237,0.05905719691772678,0.02239083901823509,0.06917015790180703,0.06648565453390426,0.067223535683464,0.0054760269998205295,0.06516274059405111,0.008931405953585325,0.01765733658481936,0.028283188782399157,0.045953644375806145,0.06593459957494836,0.07589811752933275,0.07113978731910404,0.011506964716109217,0.07350411895953815,0.02144287450340113,0.07571710681152721,0.04311655677392226,0.013144534409840078,0.0159300987150095,0.00810725016620968
0.010086794917405379,0.05997159399989481,0.05839947030064933,0.022822133720825307,0.06945042721435096,0.06616762867627192,0.06762894822731438,0.005580211247314364,0.06561340997812447,0.008365743825550899,0.016364887538408573,0.028197426343297156,0.04461122343319251,0.06654149900031413,0.07617004907927616,0.07164863276405371,0.010708915268583028,0.07389977770686618,0.021694077358734527,0.07594076758735885,0.04286406792282502,0.012963354783669688,0.01665894578862391,0.007650013317094753
0.00998253003511291,0.05918546259255304,0.05931256838706051,0.022290181242107028,0.06946346988327015,0.06646564057516732,0.0675636136763252,0.005286982655684472,0.06533402806082296,0.008551094526204301,0.01730137425369121,0.028183286074914715,0.04616429006749875,0.06607735681183693,0.07600585262630115,0.07131016384538812,0.011096007809057243,0.07362774360475728,0.021013797174445778,0.07583453058755908,0.04328109022957879,0.012874890332543581,0.01592744908526107,0.007866595862858395
0.009969418230025957,0.057017006064569255,0.06075744156072502,0.02139124316778026,0.06920866552164123,0.0670477635950952,0.06710777502132359,0.0049338784180957855,0.06461821595756562,0.009302700341533037,0.019575720631706633,0.02825671637155577,0.048882132228521814,0.06500626657596302,0.07555110249367618,0.07044660756237747,0.01229570064689223,0.07293923748279907,0.020155886118521236,0.07550301599163467,0.04392111847562185,0.012969385747815533,0.014599053057242533,0.008543948737317043
0.010272522232149927,0.054974403320482,0.06102934966470058,0.021113331029054383,0.06857996895765817,0.06730992142020172,0.06638513310120772,0.005006934164603279,0.0641116845218998,0.010277397146822978,0.0213572090278337,0.02844992172809603,0.049993747402318815,0.06419623972795369,0.07505979812666572,0.06971008943848177,0.013529978479093983,0.07232963334080364,0.020412925773902035,0.07510265202774509,0.04394429006086194,0.013400139000255995,0.0140502197365427,0.00940251057066436
0.01047018655781705,0.05746690703224184,0.05879083539226015,0.022467826941092194,0.0686764605307163,0.06656989665006802,0.06663906688284131,0.0057451924634222195,0.06483293478801007,0.00961496691416222,0.018412127683159557,0.02844467050935035,0.04586899636707304,0.0656198719047938,0.0756773153537254,0.07079277028892919,0.012272128019732305,0.07324523255184302,0.022037230555524655,0.07549099155106076,0.04291963600356087,0.013577308314406468,0.01581621828484152,0.008551228459367708
0.010565971498824114,0.05672667237880277,0.0589527339878865,0.02234426524903343,0.06846737928259797,0.06669601646938825,0.06636548276871986,0.005769977769100006,0.0646065449688421,0.00997992661144616,0.019038975485746328,0.028509996227945478,0.04629433355188286,0.06534067900751431,0.0755196042545381,0.07053088581231806,0.012737228405566589,0.07304116369594597,0.022085314743044135,0.07535304765947402,0.04296241268587625,0.013736135698871308,0.015558656024197086,0.008816595762438336
0.010568723305108692,0.057179493805027744,0.05864542453905898,0.0225283217964714,0.06852178521401127,0.066574686541593,0.06646269837405051,0.005850409905199199,0.06475273083222127,0.009814263899694066,0.018572903875502655,0.028494387624584328,0.04573485005716538,0.06555804048934111,0.07561971609858816,0.07071104548639447,0.012479734854492481,0.07318546960587687,0.022266855475061197,0.07542689560951568,0.04283114032382614,0.013716106140948325,0.01583228290401855,0.008672033242248538
0.010358538510652583,0.058602817650761904,0.05840645662239907,0.02273285049533479,0.06895595346100657,0.06634508079444733,0.06701953126449653,0.005765441016264839,0.06519042698770497,0.009096800350715943,0.017404513893906407,0.028358146878572972,0.0450099206909296,0.06607984831180157,0.07591159286233065,0.07120237269804,0.011583219808009686,0.07356415020544264,0.022093385459499116,0.0756906625230298,0.042788764386633274,0.013377303261720413,0.01630450285753425,0.008157719008765094
0.010276927459741245,0.058570346832582096,0.05871228834655948,0.022571116186064215,0.06904654768547147,0.06641463583591181,0.06710281652946412,0.005632401280525036,0.06516896424241243,0.009034511080940723,0.01754378147596534,0.028326474945859118,0.04545941294406073,0.0660027615401601,0.07589990215744567,0.07116397521072862,0.011565806131239816,0.07352920477551035,0.02179639867624949,0.07569795618585276,0.042940405149824196,0.013276716311890998,0.016121976819894475,0.008144672195645688
0.010546770012280394,0.059423254424163886,0.0571579254672287,0.023426199151723854,0.06884728865703468,0.06597288309011128,0.06699980503602586,0.006220275691753439,0.06548704692907674,0.008965185823695893,0.016344252534950473,0.028402331932406794,0.04300940189757542,0.06661078312873363,0.07609025574398717,0.07157672766736989,0.011204440148195272,0.07386887921244464,0.023087920258200917,0.07579171052254993,0.0422226091247906,0.01356812881939628,0.017226115904489973,0.007949808821814277
0.01049133478580452,0.058617512579554554,0.057932073980717466,0.022979434751131872,0.06880245219595106,0.06624192198146091,0.06687487561074014,0.005979444554304695,0.06521236700128179,0.00921176821952118,0.017218930869748017,0.028410550609762306,0.04432862593344365,0.06618550063918623,0.07592229790939764,0.07124931846827469,0.01163228109008884,0.07360854616912797,0.022562703148868317,0.07567227216367932,0.04255435077010672,0.013542847258907094,0.016577934579666026,0.008190654729274998
0.010533340296284,0.05820660244982102,0.05807140513147826,0.022883183584925793,0.06869807864649946,0.06632382829272067,0.06673401857117897,0.005973193809184633,0.06508246980946321,0.009401236844667003,0.017578760209998254,0.028442422061303617,0.04463995260913108,0.06602037671490879,0.07583861870443168,0.07110256274077714,0.011881645207324347,0.07349484286578724,0.02254494715389781,0.07559965696035105,0.042600416767202866,0.013617502860019082,0.016397529290606186,0.00833340841803787
0.01057951194443517,0.05750993178665106,0.05838734692549646,0.022680288003127918,0.0685515839554989,0.06647866182126685,0.0665242991779469,0.005924218189231585,0.06486110727670887,0.009701787455816145,0.018222767934114488,0.028486431398229355,0.04527807171319532,0.06572327218014912,0.0756921749004206,0.07084455532107078,0.012296426802543288,0.07329252745336963,0.022431561339338393,0.07547895497858706,0.04271956961521467,0.013712337246567825,0.016053333393408586,0.008569279187611033
0.01050935229061738,0.05725042228446349,0.05880082192603086,0.0224509994055797,0.0686020104974346,0.06659893239535843,0.0665463406149446,0.005769643231879195,0.06476791574585201,0.009731729734259675,0.018580393603855296,0.028468233934152078,0.04594005363502074,0.06554651117458447,0.07563228852901059,0.07071997254799738,0.012412659024785647,0.07318932098774032,0.022089390772442482,0.07544903904413117,0.04291313598019005,0.0136378052348704,0.015761118083494317,0.008631909321305104
0.010497858509966733,0.05614020679436055,0.05955744922208089,0.021996774151497287,0.06847652046864901,0.06689654254490919,0.06631602948076895,0.005570662688613769,0.06440986732164702,0.010131739904727611,0.019736775615537022,0.02850450542801969,0.04731983751020525,0.06500836786165638,0.07538464199638284,0.07027433253672014,0.013042361082102546,0.07283110552515017,0.02163445904457039,0.07526917156749786,0.04324141478022718,0.013680323507706533,0.015094216125953078,0.008984836331049897
0.010675210385924333,0.055992598332474004,0.05906005190681845,0.022251762411301553,0.06824237472715906,0.06680884927103868,0.06607732164817767,0.005817824710431507,0.06438636184889969,0.010360985440513792,0.01964121697977934,0.02858018965867808,0.04663407527083336,0.06507705261368986,0.07535854822837665,0.07027394105593063,0.01321001453062293,0.07284062196326388,0.022184562877288913,0.07520988296777609,0.042979079569268386,0.013911343488385481,0.015340073367180608,0.00908605674618703
0.011002485079772098,0.05840287247391169,0.056275913279710134,0.02380431703241801,0.06816096893296722,0.06591728783777424,0.06624729583571937,0.006795379252016791,0.06520340928219648,0.00975622291708552,0.016794080554304945,0.028616198900451056,0.042082932706230564,0.06645028572093879,0.07590157964135488,0.07131880147871084,0.011969095705482926,0.07369003935947839,0.024265784831491874,0.0755501759358683,0.041745662075226425,0.014193299524508514,0.017455091204885448,0.008400820437495488
0.011307393185469092,0.05787809664841029,0.05557177202209193,0.02411948651628439,0.06771129137365316,0.06583554650447343,0.06577128016326715,0.007227887379540718,0.06506662030284423,0.010239098855566607,0.016935838402526212,0.0287496990648181,0.04127654016349702,0.06641754230127975,0.07580005453086537,0.07120478887427532,0.01239623241010084,0.07361521646124967,0.025116000213871194,0.07540341912966336,0.04138909847500488,0.014602634461754839,0.01771077272678253,0.008653689832709914
0.011295525352110522,0.05526806584517744,0.05744237165841299,0.023047101383040048,0.06737404414522466,0.06655707852115576,0.06518059565688733,0.006693537243968319,0.06423496739289374,0.011256484806092301,0.019533572978035055,0.028844670998138425,0.04452183299745585,0.06520796262747558,0.07520851181344763,0.07018321159363736,0.013918161801683392,0.07280016631921267,0.024031419820072016,0.07495062309596848,0.04214162150654879,0.014729003000759916,0.016072020510682728,0.009507448931918983
0.01160103356333018,0.05456427178423548,0.056875409033985996,0.023296922799051132,0.06688755676844226,0.06652518582553228,0.06465046049644649,0.007083318308002098,0.06405083426144423,0.01184759670156662,0.019832866153546846,0.02898386513780207,0.043913347042375254,0.06510873448139992,0.07504320151007766,0.06999692713118054,0.01447623861141305,0.07266483829415862,0.024805286754242536,0.0747488811592166,0.04183597701202755,0.015149495880844441,0.01622644780217464,0.009831303487503508
0.012721063193407382,0.05478473671892399,0.05280708939918545,0.02525933704163014,0.06544183263263531,0.06565385023384646,0.06333210986394919,0.009257301232122189,0.06422002791879977,0.012879891255127014,0.018196402791135623,0.029354041490223876,0.03848047542528394,0.06597767291641818,0.07512443655854883,0.07039551170957423,0.014824700104658708,0.07303958890137466,0.028734530161029982,0.07451649642865081,0.03996441586815264,0.016520867023720725,0.01843273059197515,0.010080890539625763
0.0140410922566778,0.05003322211207797,0.051399945531167474,0.026093243143358598,0.06337084414524825,0.06669345489163288,0.061918040496250375,0.011214890262480225,0.06203095919250428,0.016868229697509455,0.020890037757712407,0.02943399581257243,0.03472036503567957,0.06507347185671121,0.07633627325549341,0.06814498575902123,0.019859311936415085,0.07168762503748516,0.030852513308851665,0.07570832300244972,0.0357102852871793,0.017451823989950002,0.017654488144356308,0.012812578087215231
0.014613744674945852,0.049260373699203525,0.05000237739490476,0.02664455679436124,0.06223970812610422,0.06638039720054112,0.060801805902330926,0.012281861576031535,0.06192675763695555,0.017851562017837476,0.02091736186556218,0.029704305787444835,0.03362570700880877,0.06503204953952649,0.07588072228982466,0.06805766826710775,0.020468201350823032,0.071563345388762,0.032457994944351844,0.07512114264386895,0.03551273146591581,0.018282321139518193,0.01822004686328301,0.013153256421986287
0.01593066236465906,0.04221828298443993,0.04936972447052941,0.02630273246074792,0.06001616817647462,0.06687585526781482,0.05682437586868397,0.013660557471718578,0.060253925559620565,0.02246260267368691,0.02574365456110093,0.030542393887682807,0.036006641926281946,0.06307183348329398,0.0730070331191916,0.06547909627741837,0.024947814048840257,0.06932998548328713,0.034910626395105455,0.07201178085786139,0.036590793824090716,0.020632583782488688,0.01736959914389422,0.016441275911086725
0.01840439537503434,0.04269336285175681,0.04285378070209427,0.02911437537108952,0.0547431312838646,0.06504906077320485,0.05243610088223878,0.019466238423387877,0.060959639203109046,0.025555874122818133,0.02306943591786257,0.03145297233127298,0.02988723062777531,0.06419608316071942,0.07053798200168471,0.0667441755894016,0.02548728954015474,0.07018558695656622,0.041773697968613924,0.0686076774473017,0.03548899021945761,0.024220363656421495,0.020801359327623597,0.016271196266545905
0.026574966855785514,0.04609641250291816,0.018160348470301534,0.04368313118216683,0.03309095953599883,0.056804247388853375,0.03221319207905389,0.050229056001441307,0.06404609965919035,0.0421118967994204,0.016345726164210574,0.03949883752472448,0.01330627247187459,0.06677270950776018,0.057606745035810855,0.06687672409683365,0.0224595354387772,0.07010177003809856,0.05977611664416608,0.05090411189044055,0.033958040753167384,0.0378789468926837,0.033582317850092004,0.017921835216229996
0.040136442697340374,0.04351413799064374,0.00980639019157717,0.05447512266833604,0.014375687779024472,0.052149342630706856,0.015862882148254154,0.06713169105791951,0.06693042475087763,0.05969994576250959,0.014013520578243675,0.04504554893947431,0.008328612873992912,0.06812758597880536,0.02590531732013752,0.06741126904739464,0.031594829276755276,0.0692900264631664,0.06880388507509883,0.01877856493114344,0.03568527766647166,0.052645790870575325,0.04625343874740163,0.024034264554149483
0.050418016275231486,0.03890068718913705,0.00963377054929026,0.05533856201937304,0.010440433489726,0.04686947117616453,0.010897437446149112,0.06791012706600309,0.0654864800025711,0.06573230839284366,0.0110320708039473,0.04102473290002787,0.006049702594734507,0.06646210714481496,0.018067201524196306,0.06329045689356977,0.04507347981211871,0.0669410811059088,0.06978399651333446,0.011748711758713237,0.037224447307778824,0.05756442651918997,0.05330299004935763,0.03080730146581834
0.052534594025823694,0.039583672121604026,0.00834122432996258,0.05892392582964279,0.00903019293835535,0.04584245852004029,0.00801980882228406,0.06802720540060712,0.06607731256356765,0.06782048030229741,0.011196116776561646,0.044612703164877886,0.005830425379722757,0.06578868928500464,0.012472998435185378,0.05988681398925579,0.04602184711117753,0.06340150585986735,0.06810216033962845,0.008172753863187244,0.039762793493707316,0.057884336899986684,0.0545694090718506,0.038096571475801755
0.053340572851502746,0.03761310467191561,0.008067853865788198,0.06116749263820205,0.008523120282871622,0.04704616400987191,0.006196645635479004,0.06763742345294771,0.06612909312024375,0.06915919817106927,0.013806805382253741,0.04822129882587877,0.006564558604415651,0.06476909800474497,0.008710839924438172,0.054936870131036174,0.04837647455339585,0.05795377181378374,0.06619052186691382,0.0060823179648948076,0.04160490396491008,0.05725020714235254,0.05339171234883759,0.0472599507722522
0.05389219793279703,0.03833069372356958,0.007630545736894236,0.06177155949580666,0.008139929982190805,0.04652469564718542,0.005695027097367617,0.06765681577550894,0.06623528533281327,0.069160577363908,0.013441207117693399,0.04897973157900272,0.006360416730188681,0.06473370055365031,0.007878342816287133,0.05443448464969744,0.048190359599329616,0.05740468425533318,0.06591103218262039,0.00549688956707816,0.04230753263873484,0.05745767214575864,0.05404233246581173,0.04832428561077222
0.054493828682428656,0.037933882062915675,0.007004207851079631,0.06287720709266169,0.008092068672570698,0.04594667748076228,0.004854972274128029,0.06812649168112875,0.06709403771673679,0.0701451811744719,0.014045867821980468,0.05035280308098592,0.0065699434177516475,0.06482453020419252,0.006193938320990942,0.05036702413804462,0.048419409468734444,0.05380187068823713,0.06574978664117198,0.004492150375763691,0.0455692885724518,0.058918056974624204,0.05336338519452147,0.05076339041166507
0.056642243258740815,0.0416106362316146,0.006167275956488917,0.06340677579144789,0.0066942457260628216,0.041338915578456835,0.004881699325915331,0.06832986563377011,0.06711661656963215,0.06974538872956972,0.01195830093808083,0.052217480905218515,0.005535445869975465,0.06553618705656353,0.005797475085145274,0.045933039284452304,0.05202369990792265,0.047672600298784604,0.06648138015108396,0.004234871825956363,0.048599396160887945,0.06132929534995948,0.05534853615431757,0.05139862820995233
0.05864378841442645,0.044282157270890056,0.0058506236204042324,0.06480027097527702,0.005456756078617709,0.03568524022975653,0.00437639217716155,0.06911340888146143,0.06809594103072479,0.07054923430769418,0.011367102005629789,0.05475365184146793,0.005192690957739603,0.06594685538618494,0.004650113955106195,0.0373248776926827,0.05601519000675219,0.037626647679944565,0.06738011211105821,0.0036034817331520846,0.05405285943554168,0.06388268541685856,0.0564841396408267,0.0548657791506409
0.06135359231318018,0.04856540126955411,0.0052226585100843955,0.06629855610955279,0.004147419001033043,0.02870931430829611,0.0040516129831971205,0.07003704280154135,0.06905841427353908,0.07115998407870738,0.00988488007751523,0.05771532134187552,0.004457679535228669,0.0669012888105453,0.0037898569809762758,0.028100806106216923,0.06050104389762854,0.02595222952849502,0.06864627310840721,0.0030862993385074038,0.059176787039172056,0.06671221922698929,0.058682161337575964,0.057789158022181014
0.064030532793392,0.05242901340410884,0.004433352451622604,0.0676405352673092,0.0032768641355171873,0.022433324610032716,0.003726514867454276,0.0709545679032403,0.06992703522336803,0.071692491508166,0.008345871048820718,0.0608772551916951,0.00371400315821161,0.06784167672964779,0.002898453949622717,0.020566816119640934,0.06370881953388209,0.01652702483809721,0.06976562644404367,0.0024779125429845402,0.06266928091377273,0.06854639185087133,0.06106523782549568,0.06045139768900271
0.06505754152038759,0.05395874735006113,0.0038983919204140572,0.06783408834619228,0.0031239513307196147,0.020956295876246697,0.0037644426360977567,0.0711374124226208,0.06991542498441325,0.07156448598004765,0.007528927153389596,0.06221526767115375,0.0033025018824604816,0.06835202205204458,0.002672051042295293,0.019376206594446176,0.06423592066342244,0.014463628495222055,0.06993308562267586,0.002277605139332142,0.06272385966645226,0.06870180496792873,0.062168559118384814,0.06083777756359098
0.06619323530003911,0.055760226372589525,0.003546292145419794,0.0685240339798909,0.0026927969615484974,0.017612227133556067,0.003489817951457043,0.07153588068576874,0.07039477502231138,0.07178209572898946,0.006622034397207373,0.06341120783248602,0.002962436474142869,0.06863210686609142,0.0021958289081169167,0.016380176817107545,0.06538924079838727,0.011250824704353436,0.07049780474247422,0.0019210712217660082,0.0643345616759153,0.06945971556252341,0.06348737155264579,0.06192423716521193
0.06865416674528799,0.06027739063621841,0.0024645117403717665,0.06961609825849646,0.0019160564041408197,0.01125386486885454,0.003075266164763949,0.07208752845572627,0.0709346149964827,0.07181166515624685,0.004479602985485392,0.06645113837865416,0.002048601902211576,0.06952315306655346,0.0013648266501930448,0.01082627697450434,0.06746970582626907,0.005647980196092019,0.07128549309892063,0.0012456563956953339,0.06660218805574436,0.0705287453847193,0.06646773651951157,0.06396773113885598
0.06945607717229096,0.0624265700522891,0.0019254648606317167,0.06992094792425925,0.0016541524010778494,0.009309552776888198,0.0028726788423250457,0.07211463774712301,0.07095212389017354,0.07167394619104854,0.003631568616362145,0.0676886457854912,0.001633472077060432,0.06997990139898967,0.00108991281255481,0.009135136530236593,0.06793600005356622,0.004162099561197922,0.07129615555489838,0.0009990449874070699,0.06711141726422376,0.07068122936966183,0.06759196838884138,0.06475729574140138
0.06926763758115866,0.06251826945847506,0.0018857105749192954,0.0698766579154604,0.0016805462249059933,0.009954604563250624,0.002758090758778434,0.07198046735666573,0.0708498705671882,0.07162582802543536,0.00370427954941926,0.06755982736068637,0.0016366889368183242,0.06997542304376612,0.0011054066825963295,0.009792694982085957,0.06747829078975186,0.004688673735720728,0.07103663406696302,0.0009984704328713679,0.0669258199422905,0.07050912410710715,0.06748504075166162,0.06470594259202367
