0,1,2,3,4,5,6,7,8,9,10,11,12,13,14,15,16,17,18,19,20,21,22,23
0.03895659,0.042639684,0.041429594,0.03982097,0.042562827,0.04296146,0.040994287,0.040724576,0.04168959,0.04150689,0.04050613,0.043075822,0.04104765,0.040691886,0.041722097,0.041584417,0.04275485,0.042507622,0.0431361,0.0424048,0.03971347,0.042898167,0.041203253,0.04346718
0.03895659,0.042639684,0.041429594,0.03982097,0.042562827,0.04296146,0.040994287,0.040724576,0.04168959,0.04150689,0.04050613,0.043075822,0.04104765,0.040691886,0.041722097,0.041584417,0.04275485,0.042507622,0.0431361,0.0424048,0.03971347,0.042898167,0.041203253,0.04346718
0.038878053,0.04273574,0.041457314,0.039793935,0.042534955,0.043013014,0.04093194,0.040685195,0.041698247,0.041511312,0.0404508,0.043067843,0.04106397,0.04071635,0.04168062,0.041572813,0.042734046,0.042522646,0.04316138,0.042440455,0.039705563,0.042893138,0.04118272,0.04356792
0.0388615,0.042730387,0.04147237,0.03978551,0.04252087,0.043052822,0.040939234,0.04071332,0.041703142,0.0414943,0.04042658,0.043061145,0.041038416,0.04067632,0.041697245,0.041558765,0.042733207,0.042513594,0.043137923,0.042468753,0.03973428,0.04288827,0.041218277,0.043573707
0.038958073,0.042634074,0.041447423,0.03987317,0.04253134,0.042988632,0.04097272,0.040713646,0.04167639,0.04150954,0.040503524,0.043043092,0.041017223,0.04067669,0.041744314,0.041572064,0.042757135,0.042528216,0.04312627,0.04242809,0.039696347,0.042913176,0.041200794,0.04348802
0.039022382,0.042626522,0.041450396,0.039855283,0.042566888,0.042910896,0.04102549,0.040707543,0.041725237,0.041500453,0.040550523,0.04304873,0.041048896,0.040704288,0.041752294,0.041565847,0.042763177,0.04250062,0.043092325,0.0423859,0.039737944,0.04286234,0.04120129,0.04339476
0.0389395,0.042676408,0.041458387,0.039813675,0.04255172,0.04301471,0.04094194,0.040700067,0.041683692,0.04146027,0.04052408,0.043091986,0.041068587,0.04072449,0.04166124,0.04157091,0.042759106,0.042518534,0.04312881,0.04242742,0.039679155,0.042877533,0.041197486,0.04353025
0.03886225,0.0426875,0.041505262,0.03979889,0.042519387,0.043062806,0.040904727,0.040682398,0.041704543,0.04146766,0.040519197,0.043073706,0.04105413,0.04069606,0.04163664,0.04158366,0.042736594,0.042540435,0.043127354,0.04245946,0.039679505,0.042900227,0.041195333,0.04360229
0.038986225,0.04259161,0.04143165,0.039834812,0.042521484,0.042962573,0.040980022,0.04069209,0.041665442,0.04149537,0.040506836,0.043094255,0.041044943,0.04068099,0.041693028,0.041583747,0.042807337,0.042557668,0.04313822,0.04240818,0.039690368,0.042944197,0.04121558,0.04347335
0.038990736,0.04262844,0.04142079,0.03988164,0.04254734,0.042965222,0.04095726,0.040675636,0.041732922,0.04144276,0.040589806,0.043058913,0.041110463,0.040644176,0.041726965,0.041605055,0.042819146,0.042493667,0.043080207,0.042405367,0.03972126,0.0428707,0.041209795,0.043421745
0.03883603,0.042808585,0.04149886,0.039697923,0.042503897,0.043102536,0.040907957,0.040606976,0.041681312,0.041488025,0.040459394,0.04312637,0.041036956,0.040740818,0.04162464,0.04158583,0.042740565,0.042541135,0.04317821,0.042425353,0.03969412,0.042918205,0.041143373,0.0436529
0.038798004,0.04277245,0.041490752,0.039782565,0.042483922,0.04316033,0.040851526,0.040649425,0.04162596,0.04152223,0.040451866,0.04308119,0.04103324,0.04067899,0.041597843,0.041527506,0.042661294,0.0426153,0.04312932,0.042510632,0.039700694,0.042910565,0.04126975,0.043694627
0.038756248,0.042769805,0.041506503,0.039638508,0.04253959,0.043210343,0.040848467,0.040640183,0.041717753,0.041544855,0.04026211,0.043064196,0.041053325,0.040714815,0.041587584,0.041507784,0.04267141,0.04255381,0.043132957,0.042549573,0.03975599,0.042982735,0.04120668,0.04378473
0.038899764,0.042797547,0.041509327,0.0397673,0.042509053,0.043071855,0.040860433,0.04062551,0.041724592,0.041545153,0.04041899,0.043090615,0.041050594,0.040644787,0.041687112,0.04155617,0.042705316,0.042504415,0.04316796,0.042489752,0.0396661,0.042894483,0.04115975,0.04365336
0.03880578,0.042779252,0.041457787,0.039747167,0.04262677,0.04312357,0.0408284,0.04058539,0.041686185,0.041525893,0.040334184,0.043100774,0.041089013,0.04070305,0.041624963,0.041637626,0.042715397,0.04258321,0.043223895,0.042441152,0.039586503,0.042888172,0.041136462,0.043769438
0.03898325,0.042731352,0.041557927,0.039725624,0.042536687,0.04307104,0.04090708,0.040660657,0.041685313,0.041485496,0.04054101,0.043119624,0.04106682,0.04073057,0.041634012,0.041551616,0.04268048,0.042563897,0.04313308,0.042389877,0.039617356,0.042870693,0.041160118,0.043596398
0.03890052,0.042705182,0.0413755,0.03970701,0.042557865,0.043043386,0.04104409,0.040653843,0.041721255,0.04156926,0.040384192,0.043111484,0.04099393,0.040706787,0.041645758,0.041659843,0.0427129,0.04255821,0.0430667,0.042528145,0.039748956,0.0428805,0.041169625,0.04355513
0.03875617,0.04287218,0.041422434,0.03966667,0.042530905,0.043172184,0.040821165,0.040639278,0.041688982,0.041473374,0.04037887,0.043077342,0.041077636,0.04066487,0.041635137,0.041594345,0.042643484,0.042543493,0.04320743,0.04244963,0.03973168,0.042879727,0.041281667,0.043791365
0.038847815,0.04279377,0.04146039,0.039667882,0.042531036,0.04302356,0.040950283,0.040728435,0.0416855,0.041604772,0.040298425,0.043060895,0.04099042,0.040708166,0.04166913,0.041520566,0.042764153,0.042561624,0.04322368,0.042516313,0.0396636,0.042919606,0.041194472,0.04361552
0.03884176,0.0428878,0.04144717,0.039731808,0.0425272,0.043149356,0.04094922,0.04068417,0.04161845,0.041444782,0.04033909,0.043077312,0.04105927,0.040658522,0.041673895,0.041465126,0.042614974,0.042616695,0.04304293,0.042629033,0.039790366,0.042927425,0.04120943,0.043614227
0.03889461,0.04263313,0.041394904,0.03973303,0.042600278,0.043108087,0.040935256,0.040690947,0.041640982,0.04151519,0.040501524,0.04309245,0.041119095,0.040710133,0.041659012,0.041493498,0.042669285,0.042598862,0.04311621,0.042418074,0.03974731,0.04290726,0.04116346,0.043657463
0.038694873,0.042988077,0.041565947,0.03955243,0.04256663,0.043253444,0.040710203,0.04077254,0.041598085,0.04163828,0.040281042,0.042984392,0.04095855,0.04074783,0.041572202,0.041525614,0.042541638,0.042565443,0.04319944,0.04259775,0.0396413,0.042858507,0.041176554,0.044009276
0.03876224,0.042828478,0.041529935,0.039665926,0.042531554,0.043048065,0.040884905,0.040644694,0.04174905,0.04146235,0.04037457,0.043098953,0.041049644,0.04072364,0.041597217,0.041691873,0.042742565,0.042530388,0.043176968,0.042403605,0.03963393,0.042907592,0.041244183,0.043717686
0.038809814,0.042839613,0.041426085,0.039582085,0.042606458,0.04305855,0.040884312,0.04076004,0.041718144,0.0414664,0.04039413,0.04311836,0.041019045,0.040723424,0.041670274,0.041752275,0.042685628,0.042541582,0.04326193,0.042355757,0.039639864,0.04278768,0.04123741,0.043661084
0.038723182,0.04288725,0.041524995,0.039643005,0.042670544,0.04323662,0.040739074,0.040604774,0.04173791,0.041370377,0.04019663,0.0431088,0.041073613,0.04047826,0.04151876,0.04160564,0.04251268,0.04266296,0.043271832,0.042593956,0.0397076,0.04291483,0.041234955,0.04398172
0.038811773,0.042858493,0.041465636,0.039671436,0.04254401,0.04304128,0.040915564,0.040831707,0.041699853,0.041462217,0.040382516,0.043124396,0.04097483,0.040625323,0.041647833,0.041579403,0.04269656,0.042602245,0.04329979,0.042352863,0.039699074,0.042856216,0.04125736,0.043599676
0.03878399,0.042786006,0.04143196,0.03989749,0.042459324,0.043151017,0.040894892,0.0407165,0.041709088,0.041375343,0.04050698,0.043006863,0.040966827,0.0407256,0.041697267,0.04154999,0.042734724,0.042481393,0.04321034,0.042451166,0.039714757,0.042913437,0.04128362,0.043551434
0.03886757,0.042764246,0.041492365,0.039832894,0.042548798,0.043119594,0.040940125,0.04068465,0.04164092,0.0414796,0.04043625,0.043009866,0.04101969,0.040757395,0.041632395,0.04152675,0.04271708,0.042505257,0.043107945,0.042361975,0.03973281,0.04296331,0.041220184,0.04363836
0.038757127,0.042852197,0.041436438,0.03970473,0.04251106,0.04318577,0.040850002,0.040641308,0.04178221,0.041339632,0.04043661,0.043102566,0.04097406,0.04073956,0.04172911,0.041462105,0.042774316,0.04258722,0.043197382,0.04247109,0.03966681,0.042848766,0.04120823,0.043741684
0.038875774,0.04270565,0.04141269,0.039829068,0.04261524,0.04304736,0.040961195,0.040717043,0.04166838,0.041448392,0.040467553,0.043081652,0.041073367,0.040522642,0.041768536,0.041539654,0.042663217,0.042636916,0.043082364,0.042538773,0.03972013,0.042801466,0.04122212,0.043600783
0.038994107,0.04260011,0.0414071,0.039883118,0.042579252,0.042961646,0.041017268,0.040704574,0.041573264,0.041429877,0.04057022,0.043010518,0.041036986,0.04060026,0.041765925,0.041581105,0.042810597,0.042615745,0.043164898,0.04228872,0.039746452,0.04287719,0.04128667,0.04349446
0.038949683,0.04262908,0.041346066,0.03985293,0.042652488,0.043139327,0.040852867,0.040650036,0.041698094,0.041429766,0.040499773,0.043031435,0.041141275,0.04075055,0.041588333,0.041672237,0.042774197,0.04257712,0.043113,0.042309918,0.039754275,0.042841434,0.041092925,0.043653153
0.03870202,0.043030124,0.04158591,0.03957196,0.04240509,0.043126356,0.04085621,0.040650766,0.041632432,0.041511662,0.04041978,0.04314177,0.04095535,0.040730573,0.04150671,0.041566867,0.04265793,0.042498447,0.043354772,0.04242344,0.039673157,0.0429431,0.041206222,0.04384935
0.038925774,0.042660017,0.04138856,0.0397985,0.042483214,0.04306336,0.040950302,0.040697448,0.04175299,0.041513413,0.040523272,0.043101203,0.040985864,0.040718652,0.041714914,0.04164694,0.042739812,0.04256573,0.043142766,0.042449206,0.0396323,0.042843834,0.041206583,0.043495372
0.0385733,0.04299214,0.041444384,0.03977053,0.042579215,0.043299206,0.04066213,0.040581044,0.041664477,0.041421022,0.040368948,0.043083232,0.0410488,0.04046903,0.04166518,0.041510828,0.042563528,0.042691376,0.043233644,0.0425648,0.039720338,0.042804223,0.04139891,0.043889776
0.038994852,0.04259333,0.04143573,0.03974457,0.042539354,0.042916827,0.041033972,0.04087065,0.041669775,0.04146621,0.040539555,0.043072186,0.041124985,0.040634733,0.041638765,0.04141879,0.04266139,0.04272642,0.043243717,0.042395342,0.039675955,0.042838972,0.041265763,0.04349818
0.038735908,0.043011483,0.0415907,0.03963577,0.042526014,0.043111622,0.040823508,0.04067478,0.04165238,0.04148158,0.040445637,0.043080356,0.04103616,0.04063465,0.04165834,0.04149402,0.042760454,0.04259783,0.043144267,0.042482067,0.039676145,0.04287022,0.041243218,0.043632876
0.038841594,0.042676214,0.041479874,0.039819863,0.042452298,0.04317095,0.04097226,0.040671017,0.041626964,0.041484132,0.040660642,0.043083616,0.041067593,0.04071692,0.041600376,0.041496444,0.04267831,0.0426952,0.042959202,0.042419504,0.039688896,0.04295647,0.041200288,0.04358133
0.03873909,0.042800527,0.041641016,0.03968405,0.042525686,0.043165077,0.040957555,0.040720962,0.041455716,0.04148009,0.040412426,0.043172333,0.040947147,0.040661853,0.04160568,0.041514724,0.042618625,0.04271466,0.04322767,0.042511757,0.039550498,0.04286785,0.04127856,0.04374641
0.038986165,0.042763423,0.041453563,0.039765235,0.04256445,0.042966455,0.04082345,0.040656794,0.041681334,0.041621543,0.04053336,0.043051694,0.041149538,0.040537763,0.041624986,0.04159129,0.042623263,0.04263108,0.0431954,0.04245121,0.039675966,0.042880807,0.041164696,0.043606482
0.039005313,0.042682305,0.04156187,0.039822735,0.042466752,0.042985108,0.041008446,0.040705897,0.04172094,0.04154125,0.04049347,0.043186657,0.04103877,0.040703878,0.041552283,0.04162174,0.04264909,0.04234361,0.04320362,0.042423192,0.039708596,0.042937126,0.04113552,0.04350178
0.03874104,0.04287776,0.041485306,0.039769832,0.04248721,0.04334387,0.040820282,0.040507507,0.04169828,0.041519497,0.040365655,0.04304695,0.040999644,0.040669594,0.04166391,0.04147645,0.042626265,0.042508293,0.043146085,0.042454664,0.03981332,0.042863693,0.041268338,0.043846544
0.038848173,0.042924408,0.04156829,0.039691847,0.04246302,0.043098,0.04083897,0.040661342,0.041624285,0.04152832,0.040375486,0.04310617,0.041048363,0.040652744,0.04160483,0.041470747,0.042639345,0.04253304,0.043179072,0.04244506,0.039726667,0.04299967,0.041246407,0.043725815
0.038744193,0.042892892,0.04150261,0.039721556,0.042538363,0.04301726,0.0408577,0.0407395,0.04170795,0.041602045,0.04036082,0.04309183,0.040914245,0.040710386,0.041770592,0.041484807,0.042741887,0.042532384,0.04326303,0.04252338,0.0395845,0.042863376,0.041190885,0.043643814
0.038900882,0.04275956,0.041381232,0.039761953,0.042647086,0.043114904,0.0408305,0.040584322,0.041812204,0.041371614,0.040456675,0.043062452,0.041075952,0.04058475,0.041740432,0.041631214,0.04272341,0.042456012,0.043223493,0.04240715,0.03976926,0.04282432,0.04121631,0.04366432
0.03917679,0.04258831,0.041414592,0.03985509,0.042595476,0.042881023,0.040989567,0.04065777,0.041658487,0.041586675,0.040662333,0.043055523,0.041012935,0.0406745,0.041695163,0.04157983,0.042782698,0.04257344,0.043144837,0.042262565,0.039694633,0.042883325,0.04114428,0.043430135
0.038779404,0.042820193,0.04159018,0.039581466,0.042579785,0.04319854,0.04080804,0.040664375,0.041697927,0.041432224,0.04039782,0.043097876,0.041059792,0.040610336,0.041596625,0.041605763,0.04264013,0.042596933,0.04318972,0.04257178,0.0397068,0.04280199,0.04125608,0.04371623
0.03887498,0.04273849,0.04136378,0.039871812,0.04249531,0.04297896,0.041022513,0.04062414,0.04170297,0.041522175,0.04054793,0.043113038,0.04103736,0.040710557,0.04176829,0.041641723,0.042759784,0.042474784,0.043180656,0.042336002,0.039663106,0.04285675,0.041206785,0.043508112
0.03908579,0.042443033,0.04138011,0.039905444,0.042568427,0.042871185,0.041118186,0.04070332,0.041695308,0.041419286,0.040663164,0.043108404,0.040967338,0.040709283,0.04187319,0.041628163,0.04280266,0.04241481,0.043163516,0.04236459,0.039698146,0.042910315,0.0411956,0.04331075
0.03906632,0.04267159,0.041369054,0.039825015,0.042650893,0.042905953,0.04100784,0.040636957,0.041730687,0.04155254,0.040498253,0.04302138,0.04112109,0.040620506,0.041762494,0.04161379,0.042781692,0.042535026,0.043081503,0.04234971,0.039780445,0.042885747,0.041108713,0.04342283
0.039048072,0.04260307,0.041431848,0.03986413,0.04262003,0.04293551,0.040909402,0.040770054,0.041685615,0.041428085,0.04053054,0.04303536,0.04100576,0.040713694,0.041736793,0.041567136,0.042798825,0.0424819,0.043221492,0.04235507,0.03964744,0.04292672,0.041229274,0.043454137
0.038778722,0.042711973,0.041420143,0.039749604,0.042545635,0.043141518,0.04085574,0.040667843,0.04169018,0.041490555,0.04048935,0.043033957,0.041054834,0.04072508,0.041665297,0.04157122,0.042742673,0.042561974,0.043088816,0.04246156,0.03969587,0.0429004,0.041205734,0.0437513
0.03888045,0.042782318,0.04135053,0.039844926,0.042460505,0.042908978,0.04102801,0.040784445,0.041583363,0.0414593,0.04050631,0.043050516,0.041023545,0.040719558,0.04169474,0.041632216,0.04270439,0.042436793,0.04317456,0.04235926,0.03978454,0.042982474,0.041293595,0.043554604
0.038864255,0.042695522,0.041305125,0.039725948,0.042547878,0.04313113,0.040916014,0.040609285,0.04169613,0.041461915,0.040316045,0.04308505,0.041087635,0.0407206,0.041709423,0.041637197,0.042737883,0.042523228,0.04320195,0.042479336,0.039746545,0.04289015,0.041234255,0.043677457
0.038647164,0.04297881,0.041528612,0.039633818,0.042515893,0.043097697,0.040857606,0.040705755,0.041640166,0.041510604,0.04034833,0.04316958,0.040965296,0.04069497,0.041676372,0.04148873,0.042678576,0.042565845,0.04326126,0.042473685,0.039668217,0.042848147,0.041282453,0.043762483
0.03879466,0.042692732,0.04145617,0.03969404,0.042585928,0.043077968,0.040935475,0.040729214,0.041759625,0.041503083,0.040409636,0.04301317,0.04104017,0.04085589,0.041584753,0.041614745,0.042593997,0.042518012,0.04311901,0.042473663,0.03970147,0.04293455,0.041178115,0.043733932
0.038811725,0.042783953,0.04145994,0.039725535,0.042511348,0.0431395,0.04089002,0.040734544,0.041616272,0.041554775,0.040294264,0.043027382,0.04101003,0.04061548,0.041676853,0.041564286,0.042659607,0.042588443,0.043093994,0.042537104,0.039764587,0.042915188,0.041321527,0.04370363
0.038863197,0.042729985,0.04132707,0.03966578,0.04260856,0.043027595,0.040844277,0.040768124,0.041814726,0.041577287,0.04038069,0.0431236,0.041095495,0.040534053,0.041665334,0.04168971,0.042709082,0.0425383,0.043152947,0.04241539,0.039741617,0.04297591,0.041177347,0.043573957
0.038683154,0.04289415,0.04155362,0.03968891,0.04250245,0.04322276,0.040962,0.040725183,0.0416026,0.041399635,0.04045947,0.043115973,0.04095667,0.040652666,0.041612856,0.041498527,0.04257176,0.042643458,0.0431788,0.042590108,0.039649125,0.04287383,0.041315146,0.043647125
0.038910292,0.04274089,0.04145853,0.039804388,0.042539466,0.042971715,0.040960312,0.040786322,0.04158311,0.041607276,0.040493943,0.043018814,0.041057903,0.040647876,0.041692216,0.041477595,0.042758755,0.0426172,0.043097697,0.042314976,0.039695337,0.04300488,0.04125462,0.043505855
0.038609937,0.04301248,0.041563947,0.03956242,0.04246625,0.043368492,0.04082289,0.04064763,0.041657105,0.041484695,0.040307738,0.04308743,0.041002255,0.040711455,0.041575275,0.041450102,0.042549293,0.04253355,0.043277357,0.042665694,0.039705634,0.042801857,0.04122742,0.043909073
0.038994346,0.0427147,0.04160527,0.039859913,0.04240587,0.042954035,0.04096417,0.040764883,0.04159003,0.041627597,0.040573668,0.043126833,0.040945522,0.040656462,0.041710306,0.041547064,0.042750966,0.042544916,0.043048117,0.042368345,0.039630156,0.043012634,0.041162614,0.043441553
0.038939092,0.042611647,0.041442797,0.03977963,0.04259109,0.043021765,0.041029777,0.040750045,0.0417019,0.041461207,0.040474292,0.043021478,0.04108758,0.04067392,0.04178612,0.041597847,0.0426368,0.042535115,0.04318454,0.04243927,0.03964792,0.042836595,0.041279927,0.043469623
0.039049145,0.04269418,0.041468028,0.03988054,0.042557932,0.04292323,0.040910613,0.040556047,0.04171589,0.04138924,0.040576987,0.04313272,0.041030925,0.040752757,0.041709576,0.041730087,0.04281458,0.042408764,0.04323371,0.042315178,0.03963417,0.042818364,0.041001968,0.043695394
0.038876034,0.042718492,0.041437108,0.03971968,0.042493027,0.042955436,0.041037988,0.040846605,0.041611984,0.041406132,0.04057923,0.043159377,0.04110256,0.04071644,0.041652407,0.041526582,0.042707644,0.042598028,0.04305604,0.042435486,0.0397239,0.042801484,0.041305397,0.04353292
0.03902389,0.042495523,0.04128881,0.039898407,0.042576574,0.042851202,0.041078094,0.040860925,0.04167544,0.041441984,0.04052079,0.042946637,0.041050415,0.04086751,0.04183762,0.04166038,0.042683546,0.04237076,0.043198053,0.042290125,0.039724875,0.042971298,0.041202165,0.04348496
0.03876685,0.042884976,0.041471034,0.039567083,0.042466052,0.043094937,0.04096158,0.040734135,0.04173834,0.041604243,0.040248957,0.043105848,0.041084364,0.04055683,0.04153556,0.041558675,0.042563636,0.042507816,0.043087516,0.042612195,0.039857585,0.042921897,0.041252144,0.043817755
0.03885024,0.042668555,0.04141104,0.039842263,0.04252145,0.04304024,0.040904786,0.0406792,0.041503362,0.041431095,0.040472202,0.04318912,0.041005682,0.040665988,0.04167356,0.04157512,0.042763624,0.042663433,0.043305445,0.04243284,0.03969505,0.042880986,0.04129583,0.04352893
0.038662463,0.04281883,0.041519757,0.039732035,0.042471945,0.04319247,0.04088417,0.040695522,0.04163921,0.041448183,0.04044066,0.04302785,0.041004688,0.040746212,0.04165247,0.041365698,0.04262317,0.042636417,0.04320064,0.042556606,0.0397461,0.042920824,0.041236155,0.04377784
0.03917204,0.0426825,0.041548617,0.040030528,0.042569593,0.0427961,0.040999074,0.04075915,0.04174921,0.041629083,0.040401045,0.04290665,0.040899828,0.040777005,0.0417224,0.041613713,0.042816516,0.042529274,0.042943977,0.042388566,0.03960764,0.04303052,0.04110008,0.043326937
0.038740434,0.04290811,0.041390155,0.039655637,0.04252409,0.04320592,0.040905528,0.040585462,0.041814413,0.041379005,0.04046146,0.04302492,0.041147,0.04063714,0.04178893,0.041547526,0.042744022,0.04254231,0.043020472,0.042367987,0.039811708,0.042813614,0.041210182,0.043773912
0.03915884,0.042604346,0.041384403,0.039871503,0.04251825,0.042716585,0.040969606,0.04087558,0.041641176,0.04154329,0.040576123,0.043022666,0.04088878,0.040707298,0.041722666,0.04187393,0.04275504,0.0424982,0.043165732,0.042254295,0.039607625,0.043052364,0.041234713,0.04335696
0.03866529,0.04299491,0.04151939,0.03963953,0.042479463,0.043090586,0.04085315,0.040533192,0.041822173,0.041336916,0.04025254,0.043252707,0.04103984,0.040566057,0.04169061,0.041533794,0.042765908,0.042490013,0.04320781,0.042582516,0.039709494,0.04287824,0.041344598,0.043751206
0.03908836,0.042571735,0.041292176,0.039977517,0.042586617,0.04308993,0.040809017,0.04061996,0.04181589,0.041449044,0.04075938,0.043007787,0.041230157,0.040462926,0.04170612,0.041742675,0.04275808,0.042540822,0.04302396,0.042307246,0.03965896,0.042844478,0.041123558,0.043533612
0.03883439,0.0425444,0.041606415,0.039740294,0.042545598,0.043116864,0.04099186,0.040739357,0.041722354,0.04148745,0.040581506,0.043228433,0.04092648,0.040733065,0.04154711,0.041557744,0.04265436,0.042486504,0.043128937,0.042499576,0.03980342,0.042883564,0.041131567,0.043508824
0.038713336,0.04290801,0.04156729,0.039938424,0.04241957,0.04320002,0.040692374,0.040585626,0.04152844,0.04154669,0.040527847,0.04313473,0.041041017,0.040691853,0.041547835,0.04140784,0.042706072,0.042561345,0.043243986,0.042381883,0.039603516,0.04301135,0.04131117,0.043729745
0.038501374,0.04314675,0.041484747,0.039502706,0.04242323,0.04317307,0.040934343,0.04066454,0.041823115,0.041511197,0.04019899,0.04309109,0.041107126,0.040701132,0.041619416,0.041296903,0.042665936,0.04236413,0.043127332,0.042618025,0.039880507,0.0429559,0.04128183,0.043926656
0.0386211,0.042913083,0.041683633,0.039714172,0.042573355,0.04321204,0.040655248,0.040658258,0.041631192,0.0416048,0.0403395,0.043042045,0.040965702,0.040525187,0.041540712,0.041441295,0.042614933,0.042754937,0.043224074,0.042596582,0.03965949,0.04293778,0.041216847,0.043874044
0.038743537,0.04307492,0.04160392,0.039517425,0.042421453,0.043047667,0.04071473,0.040589686,0.041677527,0.041476887,0.040375315,0.04306652,0.041020866,0.04066179,0.04165615,0.04149902,0.042784654,0.0425413,0.04345784,0.042653378,0.039648805,0.04280695,0.041205794,0.043753944
0.03924586,0.042465862,0.04149792,0.040037494,0.04239996,0.042888805,0.04118064,0.040786397,0.041476943,0.04154966,0.04092893,0.043052893,0.040909417,0.040787533,0.041918814,0.04148841,0.042752087,0.042513777,0.043082897,0.042450264,0.039443508,0.04286557,0.04110322,0.043173116
0.03888227,0.042624,0.041450936,0.039711338,0.042520802,0.042963766,0.04118553,0.04074034,0.041650638,0.041483287,0.0405919,0.043019097,0.040995494,0.040805954,0.04163207,0.041569386,0.042657018,0.042634863,0.042983,0.042488568,0.0397048,0.042985853,0.0411488,0.043570276
0.03887146,0.042734392,0.041456077,0.039630957,0.042601325,0.043201067,0.04079473,0.040650077,0.041602794,0.04154969,0.040367283,0.043040838,0.04111714,0.040801372,0.04168055,0.041597266,0.04260763,0.042646896,0.043171894,0.04246729,0.039657637,0.042750567,0.041204695,0.043796353
0.03857221,0.042822994,0.041372772,0.03971547,0.042434286,0.043169133,0.040817562,0.04049083,0.04180217,0.041446228,0.04031773,0.043274693,0.041140243,0.040536284,0.041625336,0.041502863,0.042630013,0.042427197,0.04326525,0.042594958,0.03984958,0.04294643,0.041298214,0.04394757
0.03875547,0.04296767,0.041546855,0.039720923,0.04255899,0.04306598,0.040841274,0.040749844,0.04172326,0.041555088,0.040255927,0.043015126,0.04108686,0.040637936,0.04158554,0.041511305,0.042732123,0.042555448,0.043108143,0.04247124,0.03974773,0.043043107,0.04115137,0.043612782
0.038735192,0.042892557,0.041506458,0.03969733,0.042458314,0.043199487,0.0409458,0.040530093,0.04172616,0.04136126,0.040296648,0.043168347,0.040936146,0.04079809,0.041637894,0.04154842,0.042707678,0.04236991,0.043311883,0.04251124,0.03988481,0.04282561,0.04115706,0.04379364
0.03880156,0.042927515,0.04157052,0.039802007,0.042480882,0.043154396,0.040717833,0.04075032,0.041508004,0.041598175,0.040422212,0.043150973,0.041000463,0.04065046,0.0415337,0.041408677,0.042647183,0.042630628,0.043198895,0.042527433,0.039583974,0.042923905,0.041165277,0.043845017
0.039024632,0.04270026,0.041484136,0.039776165,0.042586684,0.042843692,0.04108868,0.040713843,0.0416939,0.04159215,0.040341027,0.04294342,0.040900208,0.040870115,0.041704524,0.04169242,0.042768925,0.042436186,0.043211482,0.04241507,0.039687555,0.042948198,0.041107286,0.043469366
0.039006453,0.042469162,0.04127339,0.039963365,0.042576343,0.043069646,0.040800657,0.0406357,0.041830216,0.041538175,0.04054796,0.042941917,0.041144386,0.04055672,0.04172629,0.041727077,0.042721223,0.04251971,0.043050975,0.04240786,0.0397159,0.042863637,0.041265424,0.043647844
0.03888343,0.042720012,0.04140624,0.039650116,0.042589635,0.043004353,0.04111238,0.0405852,0.0416457,0.04140921,0.04046115,0.04308594,0.04106582,0.040697463,0.04172953,0.04165082,0.042750865,0.04244239,0.043164823,0.04234571,0.039809242,0.042925283,0.041237958,0.043626767
0.039000783,0.042588186,0.041454766,0.03975756,0.0425745,0.04285429,0.040944863,0.040665783,0.041625615,0.041565135,0.040633112,0.043049105,0.041018143,0.040646043,0.041714013,0.0416426,0.0427474,0.04266206,0.043284807,0.042335767,0.039683398,0.042811457,0.04122786,0.043512754
0.038550332,0.043091152,0.041398115,0.039626554,0.04248702,0.043340147,0.04073161,0.040550843,0.041791607,0.04138754,0.04009797,0.043063633,0.04113241,0.040692728,0.04160103,0.04147274,0.04262604,0.042523794,0.043212477,0.04261036,0.039829567,0.042884327,0.04135231,0.043945737
0.038868472,0.04277443,0.04152084,0.039798964,0.042531673,0.043135762,0.04083104,0.040724475,0.04166158,0.041544046,0.040512726,0.043022133,0.040996507,0.04067413,0.041744567,0.041450743,0.042673867,0.04253811,0.043094948,0.042406354,0.03970226,0.04296143,0.04115179,0.04367913
0.038552333,0.042931538,0.041717384,0.039630603,0.042454995,0.04320475,0.04073782,0.040806886,0.041570473,0.0416335,0.040192805,0.043066062,0.04101555,0.040697195,0.041579146,0.041468795,0.042590868,0.04254293,0.04331282,0.042635247,0.039592244,0.04296498,0.041233134,0.04386799
0.039171644,0.042580847,0.04143109,0.04006653,0.04253263,0.04278302,0.041021813,0.040696047,0.041694097,0.04144205,0.040652152,0.04300853,0.041081022,0.040695004,0.04185531,0.04159984,0.042855997,0.042350043,0.04305032,0.042414308,0.03963033,0.042891223,0.04118384,0.04331235
0.038851984,0.042597942,0.041498277,0.03989855,0.042504385,0.04313399,0.041008655,0.04055466,0.041671317,0.041399956,0.040614873,0.043058015,0.041106742,0.040637802,0.04177923,0.04147863,0.04274303,0.04255323,0.043089416,0.042475946,0.03974081,0.04278288,0.04118812,0.043631505
0.03898716,0.04268795,0.041497216,0.039904464,0.04255666,0.043043423,0.040974457,0.04064513,0.041625045,0.041487906,0.0405061,0.042988427,0.04104786,0.04067788,0.041599695,0.04155297,0.042649847,0.042635363,0.043053087,0.042397346,0.039802805,0.042836566,0.04111702,0.043725587
0.039095648,0.0425534,0.041338947,0.039846785,0.04241458,0.042938147,0.041109364,0.040709212,0.0416456,0.041497014,0.04068059,0.043053824,0.041099966,0.040850937,0.04168175,0.041614413,0.0428494,0.04246707,0.0430426,0.04231319,0.039730005,0.04291311,0.04119255,0.043361906
0.0386968,0.042843472,0.04146076,0.03981087,0.042457808,0.04310513,0.040788636,0.040599752,0.041647207,0.041480444,0.040516403,0.04310634,0.041060958,0.04058277,0.041699078,0.041574802,0.042807404,0.04248863,0.04313146,0.0425003,0.03977588,0.042915482,0.041189004,0.0437606
0.038892288,0.0428699,0.0413725,0.03972483,0.04255495,0.043054737,0.04093358,0.04052256,0.041771654,0.041587494,0.04027425,0.04312774,0.0411191,0.040721945,0.04148805,0.041667067,0.04267116,0.042445764,0.04314442,0.042394113,0.039789606,0.043009054,0.041133758,0.04372948
0.038724236,0.042808827,0.041589547,0.039854042,0.042418987,0.04330038,0.04077049,0.040744845,0.041582678,0.041498933,0.040383935,0.043014627,0.040933505,0.040640827,0.04161552,0.041392367,0.04266473,0.04273197,0.04315384,0.042607132,0.039664764,0.042886697,0.04127375,0.043743346
0.038880322,0.04281493,0.041394394,0.03979489,0.042522896,0.043077007,0.040884532,0.040539216,0.041765224,0.041544266,0.040470574,0.043061912,0.041160166,0.04070797,0.041717943,0.041402243,0.04273758,0.042364083,0.04311662,0.04245791,0.03981209,0.0429372,0.04115075,0.04368522
0.038711354,0.043051664,0.04165334,0.039549228,0.042433962,0.04323358,0.040703632,0.04066614,0.0415934,0.041651204,0.040295053,0.043001022,0.040918004,0.040837295,0.041558318,0.04148285,0.04272884,0.042578343,0.043077447,0.042651083,0.03961429,0.04301853,0.041142933,0.043848537
0.03864376,0.0428696,0.041573897,0.03955415,0.042519104,0.043391634,0.04070176,0.04058425,0.041662276,0.041575287,0.040168416,0.04305612,0.04103352,0.04075706,0.041589078,0.041456275,0.04268918,0.04272909,0.04312229,0.042574704,0.039730143,0.042902682,0.041094597,0.04402116
0.039287355,0.042566475,0.041440215,0.039814655,0.04264153,0.04283414,0.041025832,0.040611815,0.041778352,0.041571695,0.04069679,0.043118663,0.040917546,0.040665004,0.041698385,0.041832894,0.042692207,0.04236042,0.043250866,0.042247068,0.03956579,0.042911615,0.04103149,0.043439146
0.039073184,0.04266459,0.041470375,0.03981028,0.04252718,0.043037042,0.0409241,0.040533107,0.041807584,0.04147703,0.040536366,0.04309733,0.041050132,0.040726107,0.041597307,0.041650653,0.042807356,0.042542487,0.04308103,0.04246971,0.03963665,0.042891946,0.04108273,0.04350569
0.038719714,0.04277274,0.041467097,0.03967989,0.04257476,0.04323439,0.040903144,0.04073334,0.041722316,0.041452557,0.04031193,0.042990062,0.041089643,0.040587112,0.041641217,0.04152465,0.042617485,0.04261829,0.043005645,0.042618077,0.039800253,0.042850096,0.041307516,0.043778114
0.039080407,0.042518258,0.04136643,0.03991773,0.042477924,0.042910095,0.0411756,0.040642213,0.041724134,0.041507564,0.04063889,0.043073773,0.04102672,0.0408492,0.04177404,0.041599065,0.042796563,0.04223586,0.04313727,0.042309072,0.03978196,0.043036193,0.041044634,0.043376356
0.038760602,0.042901453,0.041453585,0.03988219,0.042486664,0.043020196,0.04079602,0.040751014,0.041484185,0.041554485,0.04043528,0.04302286,0.040892337,0.040777937,0.041698772,0.04143538,0.0427307,0.042554278,0.043290883,0.04256941,0.0396834,0.042917177,0.04130714,0.043594047
0.038699664,0.04301251,0.041397512,0.039612427,0.042543195,0.043138325,0.040777355,0.04050998,0.041822076,0.04151438,0.040345065,0.043129,0.041155405,0.04076273,0.04164399,0.04132491,0.04271303,0.04246837,0.043083448,0.04250841,0.03974639,0.042941585,0.04125005,0.043900136
0.038891427,0.042785726,0.04165383,0.039592337,0.04256828,0.043136843,0.040946357,0.0407956,0.041616727,0.041584812,0.0402416,0.043014597,0.040944524,0.040794108,0.04153114,0.041631963,0.042498134,0.042634476,0.043146063,0.04259573,0.039692532,0.042768642,0.041246988,0.043687593
0.038816262,0.04266988,0.041380014,0.039869633,0.042623866,0.04309398,0.040729515,0.040621787,0.04148037,0.041605372,0.040330652,0.042964417,0.041177098,0.04068733,0.04177008,0.04153695,0.042713035,0.042617194,0.043173403,0.042474452,0.03964763,0.042948507,0.04125678,0.043811776
0.039179746,0.042737715,0.041311935,0.039704423,0.042537577,0.042939894,0.04106225,0.040729176,0.041684426,0.041586686,0.040436406,0.043007817,0.041094188,0.040693775,0.041749094,0.041719485,0.04280393,0.04238257,0.042912327,0.04242089,0.039780807,0.0430146,0.04100618,0.043504074
0.0388427,0.04272869,0.041487325,0.039678823,0.04265498,0.04300971,0.040946264,0.040707923,0.04175144,0.04146873,0.040404905,0.043157045,0.041013166,0.040700436,0.0416779,0.041648056,0.042830378,0.042593185,0.043244954,0.042371724,0.03960734,0.042798545,0.04109702,0.043578763
0.03866121,0.042866018,0.041386947,0.039788697,0.0426357,0.043151293,0.040732358,0.040672135,0.041764837,0.041537933,0.040321108,0.042956542,0.041037805,0.040694274,0.041668307,0.041602317,0.042676814,0.04249877,0.043279428,0.042412236,0.039714072,0.042859953,0.04117132,0.04390995
0.0390747,0.04258454,0.041350495,0.039988194,0.042509638,0.042952627,0.04089868,0.040817138,0.041611895,0.041579716,0.040373165,0.042938825,0.040962983,0.040730186,0.041781373,0.04158621,0.04279383,0.04247449,0.04316502,0.042372312,0.039671917,0.043066245,0.04112732,0.043588497
0.038860902,0.04268578,0.041373134,0.03966466,0.04261455,0.0429976,0.040963486,0.04081426,0.041866113,0.041462835,0.040482424,0.043020807,0.04112515,0.040531658,0.041713104,0.041564755,0.042748846,0.042520035,0.042979438,0.04248024,0.039818633,0.04293627,0.04126235,0.043512955
0.03905085,0.042710483,0.04129477,0.039914556,0.042554334,0.04284798,0.04100017,0.040688865,0.041827276,0.04148546,0.04035978,0.04303775,0.041037172,0.04077025,0.041790064,0.041714273,0.042928625,0.042329736,0.043157406,0.04239213,0.03975094,0.042927746,0.041110285,0.04331916
0.03886742,0.0428889,0.04159033,0.039728485,0.042458765,0.04314472,0.04090643,0.0406545,0.04163389,0.04137661,0.04053815,0.043054063,0.040989593,0.04069888,0.04164883,0.041393418,0.042637028,0.042612813,0.043121535,0.04245867,0.039767858,0.04279923,0.041301716,0.043728147
0.038837947,0.04269922,0.04143542,0.03964288,0.042509973,0.0431633,0.04098259,0.040672515,0.0417623,0.041541837,0.04032957,0.043027736,0.040989272,0.040850725,0.041591544,0.04161847,0.042755794,0.042469993,0.043037537,0.042426236,0.039835054,0.042995617,0.04108636,0.04373811
0.039016217,0.04265526,0.041451246,0.039828867,0.042571623,0.042972684,0.04101091,0.040671684,0.041723315,0.041534364,0.04062949,0.04314161,0.040944856,0.040751543,0.04173129,0.04163495,0.042758025,0.04235945,0.04312589,0.042329386,0.0396754,0.04292205,0.041135687,0.043424267
0.038747776,0.042869844,0.04147182,0.03976309,0.042588644,0.043057024,0.040793903,0.040717777,0.04174521,0.041464455,0.040321104,0.043084033,0.040998936,0.04061034,0.04161481,0.041609738,0.042773902,0.042574614,0.04329015,0.04247367,0.039637398,0.042826366,0.04125848,0.043706886
0.038958486,0.04261535,0.041427,0.039810598,0.042535912,0.04288369,0.041011263,0.040783137,0.041620918,0.041545603,0.04056618,0.043069758,0.04111175,0.040579442,0.04171894,0.0415698,0.042741023,0.04258522,0.043089822,0.042399786,0.039709657,0.042903233,0.041346468,0.043417044
0.03897504,0.042672895,0.0412884,0.039779507,0.042660818,0.043062646,0.040880702,0.04065092,0.041701224,0.04151588,0.04037941,0.04300368,0.04104621,0.040665537,0.041776508,0.041640475,0.042710863,0.04248417,0.04317754,0.042455178,0.039818764,0.042916536,0.04109704,0.043640085
0.03881831,0.042960472,0.041502554,0.03958285,0.04246474,0.04310892,0.040893983,0.04066353,0.041747794,0.04158314,0.040445853,0.04313219,0.041003324,0.040645573,0.04163461,0.04154168,0.042734977,0.042557497,0.04307513,0.04234828,0.039826818,0.042905807,0.04115903,0.04366292
0.03881963,0.042707257,0.041415744,0.03992663,0.04249337,0.043019265,0.040907282,0.040786836,0.041599505,0.041486636,0.040448543,0.043078206,0.040976938,0.04079774,0.04183302,0.0415435,0.042756025,0.04239513,0.04324775,0.042488474,0.03961929,0.042968597,0.041142914,0.043541722
0.039076116,0.0426164,0.04157534,0.03969137,0.042575378,0.042835765,0.0411005,0.040723078,0.041757025,0.04149228,0.04049053,0.043033175,0.041095253,0.04083039,0.041690458,0.041659717,0.042694792,0.04244151,0.043097243,0.04251097,0.03968102,0.04287734,0.041064907,0.04338948
0.039157443,0.042556774,0.04131362,0.039847273,0.042575117,0.043012094,0.040928412,0.040583204,0.041752636,0.04158244,0.04050184,0.04301032,0.04111197,0.040596463,0.041746866,0.041665997,0.042749085,0.042482175,0.04318567,0.04234829,0.039722655,0.042832386,0.041200396,0.043536887
0.038838863,0.042702034,0.041381974,0.039813314,0.042591564,0.04297071,0.04097148,0.040725436,0.041708004,0.04137994,0.040694676,0.043120686,0.041046016,0.040690262,0.041739203,0.041598883,0.04274849,0.042453125,0.04325658,0.042317796,0.03970734,0.042795364,0.041200165,0.043548107
0.03880668,0.042869937,0.041530095,0.039748047,0.042441092,0.042934418,0.040989954,0.040813264,0.04164443,0.04140959,0.040440377,0.04309269,0.041037492,0.04073853,0.041620687,0.041437835,0.04270583,0.042565625,0.04328095,0.04246002,0.039632924,0.042887833,0.041327402,0.043584235
0.038887795,0.042618856,0.0412803,0.039868683,0.04257567,0.04294212,0.041028846,0.04065695,0.04172655,0.041581783,0.040432524,0.042995457,0.041138083,0.040603306,0.04179083,0.04163766,0.042857714,0.04248886,0.0430613,0.04236159,0.039834186,0.042898536,0.041202527,0.043529883
0.03889659,0.042484473,0.041440442,0.03991799,0.04255475,0.042985007,0.040954143,0.040691864,0.041658934,0.04155379,0.040641934,0.04314489,0.04095391,0.04075997,0.041670907,0.041449886,0.04268389,0.042494,0.043202598,0.04243961,0.039720163,0.042949192,0.041220233,0.043530848
0.03905631,0.04272475,0.04145517,0.03982293,0.042512,0.042915743,0.04101028,0.040735964,0.041617755,0.04153606,0.040423647,0.042990074,0.04099238,0.04084548,0.041666016,0.04162645,0.04266734,0.042437233,0.043149114,0.042459242,0.039696205,0.042996243,0.04115222,0.04351141
0.03890313,0.042648315,0.041400254,0.039777562,0.042580687,0.042901605,0.040927973,0.040705286,0.041806236,0.041563798,0.040470194,0.043051094,0.041104905,0.040655416,0.041756656,0.041577972,0.04287303,0.042632516,0.043125853,0.042431545,0.039644595,0.042775523,0.041290306,0.043395575
0.039083507,0.042642068,0.041429877,0.03968471,0.04257664,0.043056164,0.040990897,0.040613025,0.041793264,0.041442275,0.040545244,0.043010864,0.041156147,0.040779535,0.04165574,0.041712083,0.042673193,0.04239334,0.04302441,0.042405155,0.039768595,0.04288599,0.041042935,0.0436343
0.038665183,0.0428906,0.041616086,0.039704744,0.04248336,0.04305303,0.040804677,0.040591136,0.041661672,0.04156384,0.040385567,0.043129202,0.04091257,0.04075394,0.041543774,0.041722856,0.042701505,0.042553533,0.043278355,0.04255261,0.039683092,0.042864952,0.041162953,0.04372085
0.038931083,0.042641215,0.041347552,0.03979314,0.042466085,0.043036386,0.040952228,0.040751737,0.041734166,0.041557137,0.04053894,0.043084964,0.04099839,0.040694583,0.041844267,0.041635726,0.042757504,0.042399716,0.043205246,0.042411532,0.03963228,0.04287881,0.041166488,0.04354083
0.03897541,0.04269137,0.041438952,0.039885145,0.04255332,0.042910434,0.04105544,0.040632132,0.041792292,0.041502386,0.040514983,0.04304453,0.0409693,0.04069018,0.04173861,0.04165558,0.042736687,0.042492725,0.043138135,0.04248795,0.039729454,0.042781662,0.04122221,0.043361116
0.039141882,0.04258617,0.041390352,0.039962903,0.04248834,0.04271921,0.041144494,0.040851902,0.041645784,0.041600153,0.040602814,0.042960547,0.04099891,0.04078243,0.041780695,0.041560505,0.042834163,0.042380802,0.043014694,0.042330705,0.039771326,0.042984135,0.04112764,0.0433395
0.039119188,0.04261005,0.041363012,0.039901387,0.04252436,0.04296613,0.04096263,0.040624443,0.041796647,0.041425873,0.04063868,0.04300047,0.041043945,0.04076285,0.04172648,0.04163148,0.04278978,0.04243336,0.04308104,0.042334974,0.03977798,0.04289897,0.04117937,0.043406915
0.03895265,0.04267313,0.041459966,0.039840028,0.042507604,0.04284033,0.041003,0.04077143,0.041738372,0.041530617,0.04052067,0.04306784,0.041017663,0.04071987,0.04170569,0.041535556,0.042909715,0.04248246,0.043093152,0.042314287,0.039662294,0.043027397,0.041134864,0.04349145
0.039037213,0.042534046,0.041430015,0.03984461,0.042513635,0.0428581,0.041050214,0.040622305,0.041660264,0.04140883,0.040713247,0.04310691,0.041031506,0.040741153,0.04173171,0.04157032,0.042799834,0.04251938,0.043151524,0.042417347,0.039755832,0.04280228,0.04130606,0.04339368
0.038813535,0.04264843,0.041394822,0.039886862,0.042536184,0.043059815,0.040947214,0.040794976,0.04151933,0.04158402,0.040370647,0.04306382,0.041098256,0.040694043,0.041645456,0.041649967,0.042656027,0.042529047,0.043110646,0.04247113,0.039707832,0.042999286,0.041230507,0.043588184
0.039002795,0.04266428,0.041545648,0.039724607,0.04247165,0.043008216,0.04101502,0.040642817,0.041641705,0.041439205,0.04066996,0.04316338,0.041026033,0.040725064,0.041612606,0.041517768,0.042690277,0.042566724,0.043161184,0.042336293,0.03965877,0.042889692,0.041254,0.043572288
