0,1,2,3,4,5,6,7,8,9,10,11,12,13,14,15,16,17,18,19,20,21,22,23
7.3600953e-10,0.07308504,0.069188185,0.05277959,0.0012230366,0.009990676,7.3600953e-10,0.07336698,0.073600955,0.07211707,0.00466275,0.07333122,0.073157765,0.057835426,7.3600953e-10,7.3600953e-10,7.3600953e-10,0.072441846,7.3600953e-10,0.073600955,0.073600955,0.073600955,7.3600953e-10,0.07241666
7.3600953e-10,0.07308504,0.069188185,0.05277959,0.0012230366,0.009990676,7.3600953e-10,0.07336698,0.073600955,0.07211707,0.00466275,0.07333122,0.073157765,0.057835426,7.3600953e-10,7.3600953e-10,7.3600953e-10,0.072441846,7.3600953e-10,0.073600955,0.073600955,0.073600955,7.3600953e-10,0.07241666
7.3955503e-10,0.073436335,0.07078564,0.047947127,0.0010659831,0.01018375,7.3955503e-10,0.07372419,0.0739555,0.07233823,0.0039682155,0.07380792,0.073490396,0.057498164,7.3955503e-10,7.3955503e-10,7.3955503e-10,0.07288027,7.3955503e-10,0.0739555,0.0739555,0.0739555,7.3955503e-10,0.073051766
7.330979e-10,0.07283671,0.069421634,0.05155273,0.0015404959,0.009073669,7.330979e-10,0.073073946,0.073309794,0.07184755,0.0060441266,0.07308866,0.07297488,0.06131102,7.330979e-10,7.330979e-10,7.330979e-10,0.071853556,7.330979e-10,0.073309794,0.073309794,0.073309794,7.330979e-10,0.072141826
7.3812684e-10,0.07351503,0.07052122,0.050908864,0.0010805769,0.011604465,7.3812684e-10,0.073515125,0.073812686,0.07247416,0.004649731,0.07365198,0.073160216,0.05446789,7.3812684e-10,7.3812684e-10,7.3812684e-10,0.07249531,7.3812684e-10,0.073812686,0.073812686,0.073812686,7.3812684e-10,0.07270467
7.325327e-10,0.07279633,0.06934597,0.04933753,0.0011312814,0.013845038,7.325327e-10,0.07303631,0.07325327,0.07084981,0.0058422107,0.07309667,0.07306151,0.060533177,7.325327e-10,7.325327e-10,7.325327e-10,0.07231082,7.325327e-10,0.07325327,0.07325327,0.07325327,7.325327e-10,0.07180026
7.4015133e-10,0.073533446,0.07179674,0.043928772,0.00088092475,0.010190894,7.4015133e-10,0.073758684,0.07401513,0.07291563,0.0033853103,0.07391643,0.07350776,0.06010044,7.4015133e-10,7.4015133e-10,7.4015133e-10,0.07291937,7.4015133e-10,0.07401513,0.07401513,0.07401513,7.4015133e-10,0.073105074
7.341828e-10,0.073119864,0.07104389,0.049121674,0.0008878639,0.012315953,7.341828e-10,0.07328995,0.07341828,0.071574345,0.0037819871,0.07330021,0.073240586,0.060505077,7.341828e-10,7.341828e-10,7.341828e-10,0.071808614,7.341828e-10,0.07341828,0.07341828,0.07341828,7.341828e-10,0.07233681
7.4052414e-10,0.073709115,0.07220261,0.046901193,0.0008500566,0.011035825,7.4052414e-10,0.07374912,0.074052416,0.07285858,0.00461579,0.07386132,0.07333086,0.055597506,7.4052414e-10,7.4052414e-10,7.4052414e-10,0.07213016,7.4052414e-10,0.074052416,0.074052416,0.074052416,7.4052414e-10,0.07294822
7.3688605e-10,0.07347289,0.07244037,0.05167123,0.0004728895,0.009978076,7.3688605e-10,0.07353965,0.073688604,0.072844036,0.0031846212,0.07354564,0.073507875,0.055567123,7.3688605e-10,7.3688605e-10,7.3688605e-10,0.07205062,7.3688605e-10,0.073688604,0.073688604,0.073688604,7.3688605e-10,0.07297054
7.4664885e-10,0.074023955,0.07029227,0.044024486,0.0009318178,0.011783814,7.4664885e-10,0.07437865,0.07466488,0.07207445,0.0041471752,0.07445365,0.074103825,0.05480455,7.4664885e-10,7.4664885e-10,7.4664885e-10,0.07289453,7.4664885e-10,0.07466488,0.07466488,0.07466488,7.4664885e-10,0.073427305
7.424775e-10,0.07378589,0.07234361,0.044475008,0.0005829025,0.015749162,7.424775e-10,0.07396047,0.074247755,0.07185043,0.0033798057,0.07401681,0.0739393,0.053200338,7.424775e-10,7.424775e-10,7.424775e-10,0.07237805,7.424775e-10,0.074247755,0.074247755,0.074247755,7.424775e-10,0.07334719
7.5144485e-10,0.07466197,0.07366264,0.044695113,0.00065800035,0.008556421,7.5144485e-10,0.07474996,0.075144485,0.07302254,0.0030662701,0.074772775,0.074380584,0.050467398,7.5144485e-10,7.5144485e-10,7.5144485e-10,0.07287259,7.5144485e-10,0.075144485,0.075144485,0.075144485,7.5144485e-10,0.073855825
7.486642e-10,0.07448717,0.07440593,0.04064899,0.00021446974,0.008807227,7.486642e-10,0.0744472,0.07486642,0.07345652,0.0029851343,0.074691735,0.07456977,0.055074155,7.486642e-10,7.486642e-10,7.486642e-10,0.072706364,7.486642e-10,0.07486642,0.07486642,0.07486642,7.486642e-10,0.07403969
7.5865525e-10,0.07539597,0.0743113,0.039701093,0.00051935663,0.009475757,7.5865525e-10,0.07500397,0.07586553,0.07481342,0.0027454637,0.07546847,0.07536588,0.046383917,7.5865525e-10,7.5865525e-10,7.5865525e-10,0.072613165,7.5865525e-10,0.07586553,0.07586553,0.07586553,7.5865525e-10,0.07474016
7.474775e-10,0.07417487,0.07312522,0.039103333,0.00031907245,0.013210279,7.474775e-10,0.074231125,0.074747756,0.07331633,0.0023946671,0.07443713,0.07449672,0.05575972,7.474775e-10,7.474775e-10,7.474775e-10,0.07286596,7.474775e-10,0.074747756,0.074747756,0.074747756,7.474775e-10,0.07357461
7.397629e-10,0.073404066,0.07258799,0.04370872,0.0004675044,0.013018656,7.397629e-10,0.07372071,0.07397629,0.07256729,0.0025160706,0.07341658,0.07359414,0.061046932,7.397629e-10,7.397629e-10,7.397629e-10,0.07161133,7.397629e-10,0.07397629,0.07397629,0.07397629,7.397629e-10,0.07243486
7.4873324e-10,0.07406149,0.07393688,0.04560084,0.00016761005,0.008773228,7.4873324e-10,0.07447317,0.07487333,0.07267092,0.0015400967,0.07464646,0.07430516,0.05558132,7.4873324e-10,7.4873324e-10,7.4873324e-10,0.071080126,7.4873324e-10,0.07487333,0.07487333,0.07487333,7.4873324e-10,0.073669404
7.55482e-10,0.07523747,0.074888155,0.03322529,0.00017099633,0.011369411,7.55482e-10,0.075230576,0.0755482,0.07526546,0.0016792525,0.075174,0.07507008,0.054000657,7.55482e-10,7.55482e-10,7.55482e-10,0.07169954,7.55482e-10,0.0755482,0.0755482,0.0755482,7.55482e-10,0.0747963
7.4320866e-10,0.07406762,0.0738689,0.04334788,0.00028842728,0.016554177,7.4320866e-10,0.07404649,0.07432087,0.07414733,0.0015362459,0.07403683,0.07397267,0.0511623,7.4320866e-10,7.4320866e-10,7.4320866e-10,0.071803555,7.4320866e-10,0.07432087,0.07432087,0.07432087,7.4320866e-10,0.073884115
7.3501616e-10,0.073191375,0.072579145,0.0488674,0.0004915488,0.014972695,7.3501616e-10,0.07331688,0.07350162,0.073165044,0.004203155,0.07302528,0.07340664,0.055159517,7.3501616e-10,7.3501616e-10,7.3501616e-10,0.07101127,7.3501616e-10,0.07350162,0.07350162,0.07350162,7.3501616e-10,0.07260363
7.329059e-10,0.072947636,0.07257865,0.048963897,0.0001710172,0.02024843,7.329059e-10,0.07311751,0.07329059,0.07251941,0.003521287,0.07315077,0.07301014,0.05235609,7.329059e-10,7.329059e-10,7.329059e-10,0.07150292,7.329059e-10,0.07329059,0.07329059,0.07329059,7.329059e-10,0.07274994
7.385242e-10,0.07368179,0.0730975,0.04125582,0.00013923433,0.012710599,7.385242e-10,0.07371606,0.07385242,0.07315233,0.0015764415,0.07358343,0.07374617,0.06298975,7.385242e-10,7.385242e-10,7.385242e-10,0.071696036,7.385242e-10,0.07385242,0.07385242,0.07385242,7.385242e-10,0.07324514
7.4445605e-10,0.0737806,0.070395745,0.047152467,0.0014867038,0.009730609,7.4445605e-10,0.073846765,0.074445605,0.07335876,0.0037226258,0.07352498,0.07357196,0.057099156,7.4445605e-10,7.4445605e-10,7.4445605e-10,0.07178586,7.4445605e-10,0.074445605,0.074445605,0.074445605,7.4445605e-10,0.072761334
7.307472e-10,0.07279693,0.07131341,0.041920803,0.0006632442,0.012849365,7.307472e-10,0.07299794,0.07307471,0.072527125,0.0015442542,0.07290004,0.0729803,0.07031909,7.307472e-10,7.307472e-10,7.307472e-10,0.07231288,7.307472e-10,0.07307471,0.07307471,0.07307471,7.307472e-10,0.07257578
7.3326184e-10,0.07315223,0.06982661,0.031819668,0.0006523777,0.02571966,7.3326184e-10,0.07323786,0.073326185,0.07295177,0.004490867,0.07321024,0.07314142,0.06371518,7.3326184e-10,7.3326184e-10,7.3326184e-10,0.07219788,7.3326184e-10,0.073326185,0.073326185,0.073326185,7.3326184e-10,0.07257952
7.305545e-10,0.07300192,0.07263272,0.03932257,0.00017379966,0.016131112,7.305545e-10,0.07297258,0.07305545,0.072804876,0.003713508,0.072874464,0.07290273,0.06771634,7.305545e-10,7.305545e-10,7.305545e-10,0.0711886,7.305545e-10,0.07305545,0.07305545,0.07305545,7.305545e-10,0.07234292
7.421032e-10,0.073401704,0.07093626,0.04159945,0.00052141695,0.0131171085,7.421032e-10,0.07395528,0.074210316,0.07233038,0.0034629444,0.074103385,0.07376044,0.060929082,7.421032e-10,7.421032e-10,7.421032e-10,0.07216009,7.421032e-10,0.074210316,0.074210316,0.074210316,7.421032e-10,0.07288114
7.271501e-10,0.07232362,0.0696333,0.052302048,0.0005543887,0.015151936,7.271501e-10,0.072568215,0.072715014,0.070454985,0.0032358118,0.07259572,0.07243176,0.066460766,7.271501e-10,7.271501e-10,7.271501e-10,0.07062805,7.271501e-10,0.072715014,0.072715014,0.072715014,7.271501e-10,0.07079928
7.342607e-10,0.07329815,0.07185135,0.037354745,0.00033760007,0.02283262,7.342607e-10,0.0732733,0.073426075,0.07278675,0.002230959,0.073341325,0.073019676,0.06353791,7.342607e-10,7.342607e-10,7.342607e-10,0.06997168,7.342607e-10,0.073426075,0.073426075,0.073426075,7.342607e-10,0.0724597
7.2429873e-10,0.07233291,0.07180477,0.049326792,0.00012621497,0.019534474,7.2429873e-10,0.07235154,0.07242987,0.07184221,0.0034827464,0.07228452,0.0723098,0.061818577,7.2429873e-10,7.2429873e-10,7.2429873e-10,0.0712248,7.2429873e-10,0.07242987,0.07242987,0.07242987,7.2429873e-10,0.07184112
7.3772494e-10,0.073658496,0.071369804,0.04488715,0.00022972279,0.013217204,7.3772494e-10,0.07364858,0.0737725,0.07353775,0.0022882137,0.073588826,0.073507264,0.059872985,7.3772494e-10,7.3772494e-10,7.3772494e-10,0.07171663,7.3772494e-10,0.0737725,0.0737725,0.0737725,7.3772494e-10,0.07338736
7.3142287e-10,0.07295139,0.06725759,0.043709297,0.0005005897,0.024787713,7.3142287e-10,0.07299142,0.07314228,0.07155002,0.0032966256,0.07300223,0.07297901,0.06111989,7.3142287e-10,7.3142287e-10,7.3142287e-10,0.07110882,7.3142287e-10,0.07314228,0.07314228,0.07314228,7.3142287e-10,0.07217622
7.4946926e-10,0.074711755,0.07267721,0.036292832,0.0008888231,0.014417088,7.4946926e-10,0.07454258,0.074946925,0.07476039,0.0026302794,0.074532345,0.0743119,0.054465994,7.4946926e-10,7.4946926e-10,7.4946926e-10,0.07229353,7.4946926e-10,0.074946925,0.074946925,0.074946925,7.4946926e-10,0.07368763
7.1985296e-10,0.07183621,0.071164906,0.057959333,0.00017328539,0.018785704,7.1985296e-10,0.07187098,0.0719853,0.07079216,0.002138984,0.07187757,0.07182968,0.062406626,7.1985296e-10,7.1985296e-10,7.1985296e-10,0.06999806,7.1985296e-10,0.0719853,0.0719853,0.0719853,7.1985296e-10,0.071225256
7.541826e-10,0.07502594,0.07345901,0.039294574,0.00021746436,0.014021322,7.541826e-10,0.075030506,0.07541826,0.07495972,0.003281444,0.075334676,0.07476191,0.04378092,7.541826e-10,7.541826e-10,7.541826e-10,0.074273795,7.541826e-10,0.07541826,0.07541826,0.07541826,7.541826e-10,0.074885696
7.398648e-10,0.07388848,0.07278796,0.04855336,0.00025121725,0.012553713,7.398648e-10,0.07389249,0.07398648,0.073275216,0.0023082988,0.07382769,0.07365238,0.053370357,7.398648e-10,7.398648e-10,7.398648e-10,0.072204985,7.398648e-10,0.07398648,0.07398648,0.07398648,7.398648e-10,0.0734879
7.6957557e-10,0.07608418,0.074687354,0.03647262,0.00042260365,0.006314306,7.6957557e-10,0.07617747,0.07695756,0.0733803,0.0018512863,0.07655884,0.075982146,0.04283779,7.6957557e-10,7.6957557e-10,7.6957557e-10,0.07563302,7.6957557e-10,0.07695756,0.07695756,0.07695756,7.6957557e-10,0.07576783
7.296137e-10,0.07223136,0.06925492,0.059351426,0.0006025516,0.011876071,7.296137e-10,0.07238199,0.07296137,0.0716798,0.0033835175,0.07274323,0.07268057,0.058574952,7.296137e-10,7.296137e-10,7.296137e-10,0.07174795,7.296137e-10,0.07296137,0.07296137,0.07296137,7.296137e-10,0.07164619
7.4715245e-10,0.07403759,0.07139403,0.048600428,0.0005795118,0.01363652,7.4715245e-10,0.07439861,0.07471524,0.07316329,0.0039550816,0.07460755,0.07377823,0.046121635,7.4715245e-10,7.4715245e-10,7.4715245e-10,0.07294145,7.4715245e-10,0.07471524,0.07471524,0.07471524,7.4715245e-10,0.07392507
7.3117434e-10,0.07286413,0.07224556,0.05236189,0.0002780805,0.008345222,7.3117434e-10,0.072853856,0.073117435,0.072802834,0.0034420982,0.07302052,0.07278091,0.06321412,7.3117434e-10,7.3117434e-10,7.3117434e-10,0.070909716,7.3117434e-10,0.073117435,0.073117435,0.073117435,7.3117434e-10,0.072411254
7.287549e-10,0.07266714,0.07247337,0.058441266,0.000478218,0.0068039894,7.287549e-10,0.07265867,0.07287549,0.07273813,0.0016839819,0.07275775,0.07150394,0.064173125,7.287549e-10,7.287549e-10,7.287549e-10,0.069719896,7.287549e-10,0.07287549,0.07287549,0.07287549,7.287549e-10,0.072398596
7.1959844e-10,0.071775205,0.07160822,0.062281072,0.00027199445,0.016701113,7.1959844e-10,0.07183439,0.07195984,0.071282275,0.0033346661,0.071820006,0.07187651,0.056765225,7.1959844e-10,7.1959844e-10,7.1959844e-10,0.07106371,7.1959844e-10,0.07195984,0.07195984,0.07195984,7.1959844e-10,0.07154626
7.397182e-10,0.07346673,0.072749734,0.04949842,0.00042301515,0.0077962885,7.397182e-10,0.07334975,0.07397182,0.07338557,0.0046899817,0.07378652,0.072550304,0.057907395,7.397182e-10,7.397182e-10,7.397182e-10,0.071713924,7.397182e-10,0.07397182,0.07397182,0.07397182,7.397182e-10,0.07279504
7.288851e-10,0.07278461,0.07218815,0.05419017,0.00025180544,0.013096251,7.288851e-10,0.072784774,0.072888516,0.07256142,0.0022289087,0.07282146,0.0726706,0.060036693,7.288851e-10,7.288851e-10,7.288851e-10,0.07019024,7.288851e-10,0.072888516,0.072888516,0.072888516,7.288851e-10,0.07264088
7.2937806e-10,0.07258813,0.0706919,0.047501102,0.00070974947,0.007217307,7.2937806e-10,0.072670445,0.07293781,0.07236071,0.007414248,0.07283124,0.072465,0.06757392,7.2937806e-10,7.2937806e-10,7.2937806e-10,0.07204122,7.2937806e-10,0.07293781,0.07293781,0.07293781,7.2937806e-10,0.07218374
7.2536244e-10,0.07246943,0.07233149,0.048392072,0.00021183047,0.013466191,7.2536244e-10,0.07244274,0.072536245,0.07231806,0.0023020837,0.07237806,0.07228919,0.06812536,7.2536244e-10,7.2536244e-10,7.2536244e-10,0.07094851,7.2536244e-10,0.072536245,0.072536245,0.072536245,7.2536244e-10,0.07218006
7.3443385e-10,0.07334313,0.072560176,0.046990547,0.00060303026,0.0077454834,7.3443385e-10,0.073221214,0.07344338,0.07326396,0.002840849,0.073250055,0.07318038,0.06378528,7.3443385e-10,7.3443385e-10,7.3443385e-10,0.072520494,7.3443385e-10,0.07344338,0.07344338,0.07344338,7.3443385e-10,0.07292194
7.2247247e-10,0.07218168,0.07214697,0.064102136,0.00030730915,0.010478477,7.2247247e-10,0.0721121,0.072247244,0.0720223,0.0028888523,0.07210564,0.07185907,0.059103344,7.2247247e-10,7.2247247e-10,7.2247247e-10,0.0700274,7.2247247e-10,0.072247244,0.072247244,0.072247244,7.2247247e-10,0.07167572
7.305153e-10,0.072809,0.07092137,0.050443534,0.0013888066,0.011131421,7.305153e-10,0.072896324,0.073051535,0.07245123,0.0036406892,0.0726396,0.07281482,0.06261015,7.305153e-10,7.305153e-10,7.305153e-10,0.07219337,7.305153e-10,0.073051535,0.073051535,0.073051535,7.305153e-10,0.07185356
7.2950396e-10,0.07262463,0.072144754,0.05086864,0.0012007991,0.009775156,7.2950396e-10,0.0727634,0.07295039,0.07264944,0.0033865261,0.07276711,0.07261231,0.063566945,7.2950396e-10,7.2950396e-10,7.2950396e-10,0.071988486,7.2950396e-10,0.07295039,0.07295039,0.07295039,7.2950396e-10,0.0718502
7.3022116e-10,0.07290357,0.072157465,0.05253948,0.001271965,0.006589399,7.3022116e-10,0.072937995,0.07302212,0.07278319,0.0023106313,0.072635554,0.07274298,0.065426454,7.3022116e-10,7.3022116e-10,7.3022116e-10,0.07175647,7.3022116e-10,0.07302212,0.07302212,0.07302212,7.3022116e-10,0.071856335
7.289725e-10,0.07248863,0.07236284,0.054309394,0.00048716593,0.009717235,7.289725e-10,0.07261945,0.07289725,0.07203191,0.0039823656,0.07235833,0.0719462,0.06308821,7.289725e-10,7.289725e-10,7.289725e-10,0.07069721,7.289725e-10,0.07289725,0.07289725,0.07289725,7.289725e-10,0.07232204
7.3455986e-10,0.07283152,0.068715475,0.050106484,0.0011969978,0.008683125,7.3455986e-10,0.07313414,0.07345599,0.07202251,0.004143919,0.07293795,0.072963186,0.065483294,7.3455986e-10,7.3455986e-10,7.3455986e-10,0.07252858,7.3455986e-10,0.07345599,0.07345599,0.07345599,7.3455986e-10,0.07142886
7.296354e-10,0.07259268,0.07092443,0.045571685,0.0003934321,0.016996019,7.296354e-10,0.07264784,0.07296354,0.072431184,0.00325762,0.0726711,0.07277638,0.06352761,7.296354e-10,7.296354e-10,7.296354e-10,0.07188625,7.296354e-10,0.07296354,0.07296354,0.07296354,7.296354e-10,0.072469614
7.355931e-10,0.07333954,0.07248485,0.041917454,0.0005891253,0.008489498,7.355931e-10,0.07328698,0.07355931,0.0731537,0.0029298482,0.07304714,0.072730735,0.06980666,7.355931e-10,7.355931e-10,7.355931e-10,0.07203372,7.355931e-10,0.07355931,0.07355931,0.07355931,7.355931e-10,0.07195352
7.275318e-10,0.07242879,0.07204141,0.05575899,0.00021802112,0.010842312,7.275318e-10,0.07247979,0.072753176,0.06962946,0.001463675,0.07260086,0.07243232,0.06652809,7.275318e-10,7.275318e-10,7.275318e-10,0.07078731,7.275318e-10,0.072753176,0.072753176,0.072753176,7.275318e-10,0.07177625
7.406658e-10,0.07388693,0.0725536,0.04069344,0.0002696911,0.009739943,7.406658e-10,0.07381376,0.07406658,0.07383333,0.0025161197,0.07385638,0.07357382,0.063692,7.406658e-10,7.406658e-10,7.406658e-10,0.072220355,7.406658e-10,0.07406658,0.07406658,0.07406658,7.406658e-10,0.073084235
7.310076e-10,0.07283356,0.07110464,0.050661284,0.0004309441,0.015362845,7.310076e-10,0.07294895,0.07310076,0.070473254,0.004198456,0.07239834,0.072446406,0.06558899,7.310076e-10,7.310076e-10,7.310076e-10,0.06737314,7.310076e-10,0.07310076,0.07310076,0.07310076,7.310076e-10,0.07177616
7.3854123e-10,0.07335739,0.07128806,0.045934085,0.0004817015,0.00958918,7.3854123e-10,0.0734164,0.073854126,0.07325096,0.0018367424,0.07351801,0.073272,0.06372998,7.3854123e-10,7.3854123e-10,7.3854123e-10,0.07182641,7.3854123e-10,0.073854126,0.073854126,0.073854126,7.3854123e-10,0.07308261
7.3661344e-10,0.073295,0.073391706,0.04291387,0.00020870812,0.009011865,7.3661344e-10,0.07343107,0.07366134,0.07307398,0.0017689983,0.07347291,0.073386654,0.06728258,7.3661344e-10,7.3661344e-10,7.3661344e-10,0.071090415,7.3661344e-10,0.07366134,0.07366134,0.07366134,7.3661344e-10,0.07302688
7.289914e-10,0.07281548,0.07270251,0.04287247,8.0424696e-05,0.019563437,7.289914e-10,0.07245125,0.07289914,0.072738044,0.0019068207,0.0726993,0.07228349,0.06757303,7.289914e-10,7.289914e-10,7.289914e-10,0.06869974,7.289914e-10,0.07289914,0.07289914,0.07289914,7.289914e-10,0.07201743
7.4197404e-10,0.073785275,0.072725296,0.054824103,0.00028602217,0.0073730415,7.4197404e-10,0.073655784,0.074197404,0.07281821,0.0032228034,0.073276065,0.073102236,0.05480598,7.4197404e-10,7.4197404e-10,7.4197404e-10,0.069932036,7.4197404e-10,0.074197404,0.074197404,0.074197404,7.4197404e-10,0.07340358
7.305245e-10,0.07253292,0.0678043,0.05085185,0.00029429898,0.0123758875,7.305245e-10,0.072508805,0.07305245,0.06990157,0.003965154,0.072873555,0.07296355,0.067793995,7.305245e-10,7.305245e-10,7.305245e-10,0.07226319,7.305245e-10,0.07305245,0.07305245,0.07305245,7.305245e-10,0.07166122
7.3932194e-10,0.07380294,0.071765594,0.032554973,0.00031076357,0.027635101,7.3932194e-10,0.07380759,0.07393219,0.07357654,0.0044954387,0.07362558,0.07390966,0.051830526,7.3932194e-10,7.3932194e-10,7.3932194e-10,0.07346462,7.3932194e-10,0.07393219,0.07393219,0.07393219,7.3932194e-10,0.07349193
7.316647e-10,0.072829895,0.06674936,0.05650345,0.0003623395,0.0068991343,7.316647e-10,0.072945684,0.07316647,0.07232436,0.0021747616,0.072854094,0.071828604,0.06883102,7.316647e-10,7.316647e-10,7.316647e-10,0.07154946,7.316647e-10,0.07316647,0.07316647,0.07316647,7.316647e-10,0.07148189
7.379104e-10,0.0735581,0.072880715,0.05373634,3.0113622e-05,0.010932401,7.379104e-10,0.07361799,0.07379104,0.07297002,0.0010879461,0.07368422,0.07365807,0.052084744,7.379104e-10,7.379104e-10,7.379104e-10,0.0731294,7.379104e-10,0.07379104,0.07379104,0.07379104,7.379104e-10,0.07346576
7.321676e-10,0.07306868,0.07278052,0.046778034,0.00027607984,0.011529108,7.321676e-10,0.07262241,0.073216766,0.073161945,0.0015775863,0.07308219,0.072536826,0.06483828,7.321676e-10,7.321676e-10,7.321676e-10,0.072318345,7.321676e-10,0.073216766,0.073216766,0.073216766,7.321676e-10,0.07256295
7.30952e-10,0.0727333,0.06727754,0.053710394,0.00029754278,0.026186237,7.30952e-10,0.07294733,0.0730952,0.07007834,0.0024987294,0.07300382,0.072924405,0.052133366,7.30952e-10,7.30952e-10,7.30952e-10,0.07153077,7.30952e-10,0.0730952,0.0730952,0.0730952,7.30952e-10,0.0722974
7.3879286e-10,0.073695615,0.07324193,0.04449155,0.00022958635,0.008386411,7.3879286e-10,0.0728779,0.07387929,0.07372257,0.004139792,0.07384461,0.07345151,0.060102258,7.3879286e-10,7.3879286e-10,7.3879286e-10,0.07308208,7.3879286e-10,0.07387929,0.07387929,0.07387929,7.3879286e-10,0.073217034
7.434289e-10,0.07392864,0.06377597,0.065072335,0.00017995323,0.015841426,7.434289e-10,0.07425708,0.074342884,0.06051046,0.003015043,0.07429446,0.07432572,0.050673537,7.434289e-10,7.434289e-10,7.434289e-10,0.07387268,7.434289e-10,0.074342884,0.074342884,0.074342884,7.434289e-10,0.07288115
7.442499e-10,0.07388143,0.071364,0.04324846,0.00036419585,0.011695436,7.442499e-10,0.07368342,0.07442499,0.07127956,0.010588962,0.074392706,0.07384161,0.050999094,7.442499e-10,7.442499e-10,7.442499e-10,0.07348323,7.442499e-10,0.07442499,0.07442499,0.07442499,7.442499e-10,0.07347794
7.223855e-10,0.072122365,0.07011046,0.051065978,0.00052297104,0.016887436,7.223855e-10,0.07219724,0.07223855,0.071572036,0.0015225386,0.07218997,0.072210655,0.066786565,7.223855e-10,7.223855e-10,7.223855e-10,0.07200943,7.223855e-10,0.07223855,0.07223855,0.07223855,7.223855e-10,0.07184813
7.2734635e-10,0.07252865,0.0687795,0.058313493,0.00028682998,0.006289192,7.2734635e-10,0.07245778,0.07273464,0.07210391,0.004908097,0.07265162,0.07255679,0.06477452,7.2734635e-10,7.2734635e-10,7.2734635e-10,0.07143326,7.2734635e-10,0.07273464,0.07273464,0.07273464,7.2734635e-10,0.07197776
7.1030953e-10,0.07099717,0.06884839,0.05722564,0.00018462293,0.034587733,7.1030953e-10,0.070989735,0.07103095,0.07092027,0.0024018192,0.07101379,0.0709991,0.05698664,7.1030953e-10,7.1030953e-10,7.1030953e-10,0.070088975,7.1030953e-10,0.07103095,0.07103095,0.07103095,7.1030953e-10,0.070632294
7.2538997e-10,0.07242554,0.07179246,0.04905427,0.00015504721,0.018614372,7.2538997e-10,0.0723381,0.072538994,0.07212736,0.0012076468,0.07252667,0.07232288,0.06360893,7.2538997e-10,7.2538997e-10,7.2538997e-10,0.071437754,7.2538997e-10,0.072538994,0.072538994,0.072538994,7.2538997e-10,0.072233066
7.131885e-10,0.07125012,0.06984803,0.06531365,0.00013168193,0.02072339,7.131885e-10,0.07120414,0.07131885,0.07045027,0.0034477704,0.07128076,0.07127597,0.058115244,7.131885e-10,7.131885e-10,7.131885e-10,0.07089657,7.131885e-10,0.07131885,0.07131885,0.07131885,7.131885e-10,0.07078698
7.360199e-10,0.073166415,0.072795466,0.053973544,0.00019425582,0.018505584,7.360199e-10,0.07283843,0.07360199,0.06958438,0.006047482,0.07356706,0.073133044,0.047347587,7.360199e-10,7.360199e-10,7.360199e-10,0.07147858,7.360199e-10,0.07360199,0.07360199,0.07360199,7.360199e-10,0.07296021
7.26317e-10,0.0725737,0.07021288,0.0391505,0.00014362582,0.035211563,7.26317e-10,0.07260348,0.0726317,0.0714324,0.0041402057,0.07260747,0.07262239,0.054025244,7.26317e-10,7.26317e-10,7.26317e-10,0.07226547,7.26317e-10,0.0726317,0.0726317,0.0726317,7.26317e-10,0.07248434
7.419508e-10,0.074160114,0.074034005,0.049170747,3.4946323e-05,0.012351634,7.419508e-10,0.07381376,0.07419508,0.07414284,0.0020447327,0.074165955,0.07405098,0.047671884,7.419508e-10,7.419508e-10,7.419508e-10,0.07355299,7.419508e-10,0.07419508,0.07419508,0.07419508,7.419508e-10,0.07402504
7.355555e-10,0.07350667,0.07251796,0.045424175,3.7354566e-05,0.026717493,7.355555e-10,0.07348673,0.07355555,0.071957305,0.001384552,0.073482916,0.073516816,0.047128685,7.355555e-10,7.355555e-10,7.355555e-10,0.073224224,7.355555e-10,0.07355555,0.07355555,0.07355555,7.355555e-10,0.07339296
7.3614675e-10,0.07293193,0.071700566,0.047170546,0.00041083922,0.010551123,7.3614675e-10,0.072248675,0.07361468,0.070780925,0.0016516037,0.07358109,0.07352215,0.06498143,7.3614675e-10,7.3614675e-10,7.3614675e-10,0.073007934,7.3614675e-10,0.07361468,0.07361468,0.07361468,7.3614675e-10,0.07300246
7.319983e-10,0.07312475,0.072262585,0.048855267,0.00037270115,0.009266548,7.319983e-10,0.07309528,0.07319983,0.07296716,0.0018879338,0.073151596,0.07308034,0.06371736,7.319983e-10,7.319983e-10,7.319983e-10,0.072543286,7.319983e-10,0.07319983,0.07319983,0.07319983,7.319983e-10,0.07287589
7.3764184e-10,0.07335539,0.07321132,0.059485383,0.00049380155,0.0071273,7.3764184e-10,0.07342471,0.07376418,0.073126085,0.002919837,0.07366263,0.07301207,0.05002813,7.3764184e-10,7.3764184e-10,7.3764184e-10,0.0720308,7.3764184e-10,0.07376418,0.07376418,0.07376418,7.3764184e-10,0.07306588
7.297045e-10,0.07252779,0.07234973,0.057373237,0.00069105165,0.014600459,7.297045e-10,0.072822385,0.07297045,0.07270943,0.004863151,0.07284968,0.07284716,0.050950535,7.297045e-10,7.297045e-10,7.297045e-10,0.07118502,7.297045e-10,0.07297045,0.07297045,0.07297045,7.297045e-10,0.07234859
7.367996e-10,0.0733628,0.07282839,0.060003534,0.00016330052,0.016838994,7.367996e-10,0.07327625,0.07367996,0.071872756,0.0034093207,0.07363298,0.07352292,0.04049808,7.367996e-10,7.367996e-10,7.367996e-10,0.072853014,7.367996e-10,0.07367996,0.07367996,0.07367996,7.367996e-10,0.073017865
7.293645e-10,0.072117776,0.07098341,0.04434426,0.0017827516,0.01903275,7.293645e-10,0.07275837,0.07293645,0.07178583,0.0048708296,0.07283727,0.07269733,0.061395027,7.293645e-10,7.293645e-10,7.293645e-10,0.071696095,7.293645e-10,0.07293645,0.07293645,0.07293645,7.293645e-10,0.071952455
7.2589545e-10,0.071990915,0.07145496,0.05868256,9.2351416e-05,0.0072643436,7.2589545e-10,0.072130464,0.07258955,0.070879824,0.0038287719,0.07251381,0.07222973,0.0653355,7.2589545e-10,7.2589545e-10,7.2589545e-10,0.07137293,7.2589545e-10,0.07258955,0.07258955,0.07258955,7.2589545e-10,0.071865655
7.2505046e-10,0.07241598,0.07158725,0.058880556,0.00013119483,0.013049015,7.2505046e-10,0.07243512,0.07250504,0.072222814,0.0012565211,0.07244842,0.07246709,0.059403326,7.2505046e-10,7.2505046e-10,7.2505046e-10,0.07152356,7.2505046e-10,0.07250504,0.07250504,0.07250504,7.2505046e-10,0.072158985
7.341807e-10,0.07319912,0.07251988,0.044735115,0.00039597927,0.013736027,7.341807e-10,0.07313265,0.07341807,0.073107705,0.0050732433,0.07337857,0.0731154,0.05784826,7.341807e-10,7.341807e-10,7.341807e-10,0.07295927,7.341807e-10,0.07341807,0.07341807,0.07341807,7.341807e-10,0.073126525
7.3313916e-10,0.07328369,0.07300237,0.039624102,0.00041410516,0.0106045995,7.3313916e-10,0.073263414,0.073313914,0.07314049,0.0018607811,0.07327102,0.07329327,0.069170505,7.3313916e-10,7.3313916e-10,7.3313916e-10,0.07262226,7.3313916e-10,0.073313914,0.073313914,0.073313914,7.3313916e-10,0.073193766
7.311964e-10,0.072647065,0.069048434,0.056696195,0.00064387853,0.0073996177,7.311964e-10,0.07275623,0.07311964,0.07044395,0.0047356426,0.07304607,0.072792076,0.0630803,7.311964e-10,7.311964e-10,7.311964e-10,0.07203761,7.311964e-10,0.07311964,0.07311964,0.07311964,7.311964e-10,0.07219438
7.278072e-10,0.07262271,0.071661375,0.05602185,0.0010108142,0.014856484,7.278072e-10,0.072680175,0.07278072,0.07234713,0.006529417,0.07270395,0.0725639,0.052160706,7.278072e-10,7.278072e-10,7.278072e-10,0.07172484,7.278072e-10,0.07278072,0.07278072,0.07278072,7.278072e-10,0.07199373
7.3524276e-10,0.073310204,0.07275205,0.044881396,0.00031213852,0.007822893,7.3524276e-10,0.07298504,0.073524274,0.07245877,0.003734497,0.07347553,0.07332349,0.065237045,7.3524276e-10,7.3524276e-10,7.3524276e-10,0.073089086,7.3524276e-10,0.073524274,0.073524274,0.073524274,7.3524276e-10,0.07252075
7.306927e-10,0.07291942,0.072138764,0.060977414,0.0009605464,0.0063694664,7.306927e-10,0.07288805,0.07306927,0.07268225,0.0017341921,0.07298393,0.07274258,0.057165116,7.306927e-10,7.306927e-10,7.306927e-10,0.072121516,7.306927e-10,0.07306927,0.07306927,0.07306927,7.306927e-10,0.07203972
7.40107e-10,0.07353709,0.07320434,0.047132283,0.00034784255,0.0152135715,7.40107e-10,0.07350908,0.0740107,0.069926776,0.00278197,0.073890455,0.0736782,0.05446136,7.40107e-10,7.40107e-10,7.40107e-10,0.07328962,7.40107e-10,0.0740107,0.0740107,0.0740107,7.40107e-10,0.07298465
7.391335e-10,0.07381714,0.0737394,0.040389888,0.00038334334,0.008148409,7.391335e-10,0.07374585,0.07391335,0.073692724,0.002012848,0.073871225,0.07373341,0.06411455,7.391335e-10,7.391335e-10,7.391335e-10,0.07322718,7.391335e-10,0.07391335,0.07391335,0.07391335,7.391335e-10,0.07347062
7.334714e-10,0.073149726,0.07293771,0.06382895,0.00030616653,0.0062476103,7.334714e-10,0.07305547,0.073347144,0.072030425,0.0019084729,0.07326654,0.07311594,0.053882312,7.334714e-10,7.334714e-10,7.334714e-10,0.0705476,7.334714e-10,0.073347144,0.073347144,0.073347144,7.334714e-10,0.07233452
7.3978146e-10,0.07356466,0.07223827,0.05607801,0.00088518945,0.011899663,7.3978146e-10,0.07368067,0.07397815,0.0727769,0.0031387336,0.07371898,0.07263748,0.048390366,7.3978146e-10,7.3978146e-10,7.3978146e-10,0.07170536,7.3978146e-10,0.07397815,0.07397815,0.07397815,7.3978146e-10,0.073373176
7.359724e-10,0.07297572,0.062940694,0.054832127,0.0014675508,0.010654061,7.359724e-10,0.0735185,0.07359724,0.07006989,0.009321608,0.073533855,0.073373884,0.057388894,7.359724e-10,7.359724e-10,7.359724e-10,0.0728273,7.359724e-10,0.07359724,0.07359724,0.07359724,7.359724e-10,0.07270698
7.39363e-10,0.07377383,0.073278226,0.04385813,0.0010883161,0.008267008,7.39363e-10,0.07380498,0.0739363,0.073040485,0.0042778417,0.07385376,0.07360091,0.05914818,7.39363e-10,7.39363e-10,7.39363e-10,0.07289995,7.39363e-10,0.0739363,0.0739363,0.0739363,7.39363e-10,0.07336326
7.3444945e-10,0.07304164,0.07330992,0.05521636,0.00019695384,0.016004069,7.3444945e-10,0.0731528,0.07344495,0.07192849,0.003256102,0.07339975,0.07322735,0.048321504,7.3444945e-10,7.3444945e-10,7.3444945e-10,0.0719497,7.3444945e-10,0.07344495,0.07344495,0.07344495,7.3444945e-10,0.07321555
7.50316e-10,0.074719615,0.07459901,0.05567509,0.0005870326,0.0055366927,7.50316e-10,0.07458317,0.07503159,0.074298665,0.0020327328,0.074748665,0.07464798,0.041733004,7.50316e-10,7.50316e-10,7.50316e-10,0.07232069,7.50316e-10,0.07503159,0.07503159,0.07503159,7.50316e-10,0.074391276
7.444516e-10,0.07417682,0.07192462,0.046456873,0.0007869097,0.009887069,7.444516e-10,0.0742476,0.07444516,0.07367132,0.0029017383,0.074406676,0.074375354,0.052312553,7.444516e-10,7.444516e-10,7.444516e-10,0.07299734,7.444516e-10,0.07444516,0.07444516,0.07444516,7.444516e-10,0.07407447
7.415635e-10,0.073697865,0.071824014,0.038570218,0.0015642653,0.008433871,7.415635e-10,0.0740366,0.074156344,0.07208647,0.00641821,0.074041404,0.07403752,0.062199052,7.415635e-10,7.415635e-10,7.415635e-10,0.07338949,7.415635e-10,0.074156344,0.074156344,0.074156344,7.415635e-10,0.07307566
7.4282414e-10,0.07414339,0.07411523,0.052105833,8.44457e-05,0.01005554,7.4282414e-10,0.07384465,0.074282415,0.07405352,0.0019929416,0.074199565,0.07415218,0.046800517,7.4282414e-10,7.4282414e-10,7.4282414e-10,0.073508814,7.4282414e-10,0.074282415,0.074282415,0.074282415,7.4282414e-10,0.073813684
7.5979245e-10,0.07586649,0.07553715,0.039766338,0.00022222033,0.008998541,7.5979245e-10,0.07584497,0.07597925,0.07567031,0.006140156,0.075742036,0.07584517,0.036571566,7.5979245e-10,7.5979245e-10,7.5979245e-10,0.07431235,7.5979245e-10,0.07597925,0.07597925,0.07597925,7.5979245e-10,0.07556571
7.464142e-10,0.07413399,0.07432134,0.058812875,0.0002967496,0.014950216,7.464142e-10,0.07428787,0.07464142,0.073378,0.0032035746,0.07452754,0.07445466,0.031315815,7.464142e-10,7.464142e-10,7.464142e-10,0.07378049,7.464142e-10,0.07464142,0.07464142,0.07464142,7.464142e-10,0.073971145
7.547252e-10,0.07501255,0.07364501,0.050174575,0.000418196,0.01258079,7.547252e-10,0.075253665,0.075472526,0.07438063,0.0031672486,0.07525709,0.0754207,0.033221148,7.547252e-10,7.547252e-10,7.547252e-10,0.07487146,7.547252e-10,0.075472526,0.075472526,0.075472526,7.547252e-10,0.0747069
7.4841155e-10,0.07422024,0.07341501,0.050342955,0.00028034256,0.020617811,7.4841155e-10,0.074702054,0.07484116,0.071068086,0.0045433496,0.07465175,0.07466058,0.03392621,7.4841155e-10,7.4841155e-10,7.4841155e-10,0.073988184,7.4841155e-10,0.07484116,0.07484116,0.07484116,7.4841155e-10,0.07421883
7.2906386e-10,0.07270829,0.07248514,0.06172111,0.0010002899,0.0109551195,7.2906386e-10,0.07275486,0.07290639,0.07255357,0.0027288513,0.07248229,0.072765596,0.051864635,7.2906386e-10,7.2906386e-10,7.2906386e-10,0.07194069,7.2906386e-10,0.07290639,0.07290639,0.07290639,7.2906386e-10,0.072414026
7.437801e-10,0.07401223,0.07414928,0.051808413,0.00012183379,0.011771742,7.437801e-10,0.07425123,0.07437801,0.073341176,0.003483451,0.07416535,0.07431132,0.04340695,7.437801e-10,7.437801e-10,7.437801e-10,0.07361894,7.437801e-10,0.07437801,0.07437801,0.07437801,7.437801e-10,0.07404602
7.430859e-10,0.0740717,0.07378106,0.05031019,0.0005831897,0.0060865455,7.430859e-10,0.07405516,0.0743086,0.074067704,0.0021848544,0.07407856,0.074219115,0.052832566,7.430859e-10,7.430859e-10,7.430859e-10,0.07275232,7.430859e-10,0.0743086,0.0743086,0.0743086,7.430859e-10,0.07374268
7.327326e-10,0.07250545,0.07035135,0.050864525,0.0024639412,0.01745219,7.327326e-10,0.07314828,0.07327326,0.07143085,0.0044774124,0.072514534,0.07318947,0.054439757,7.327326e-10,7.327326e-10,7.327326e-10,0.07168287,7.327326e-10,0.07327326,0.07327326,0.07327326,7.327326e-10,0.07238632
7.222748e-10,0.072047286,0.071118765,0.05535963,0.00023391366,0.011909292,7.222748e-10,0.07215302,0.07222748,0.07175794,0.0027682597,0.072138146,0.07219758,0.06701214,7.222748e-10,7.222748e-10,7.222748e-10,0.07161384,7.222748e-10,0.07222748,0.07222748,0.07222748,7.222748e-10,0.070780225
7.359907e-10,0.07279815,0.07168778,0.06586753,0.00045970935,0.0069750054,7.359907e-10,0.07347853,0.07359907,0.0719702,0.0035796654,0.07295672,0.07323571,0.04695657,7.359907e-10,7.359907e-10,7.359907e-10,0.07297703,7.359907e-10,0.07359907,0.07359907,0.07359907,7.359907e-10,0.07266109
7.2512646e-10,0.07219475,0.06644788,0.055734776,0.0013495972,0.011569613,7.2512646e-10,0.07246335,0.07251265,0.07087817,0.004690947,0.07234778,0.072471134,0.065842055,7.2512646e-10,7.2512646e-10,7.2512646e-10,0.07214437,7.2512646e-10,0.07251265,0.07251265,0.07251265,7.2512646e-10,0.07181496
7.360614e-10,0.07287365,0.07146837,0.056568906,0.0006095283,0.016115004,7.360614e-10,0.073310755,0.07360614,0.07215945,0.0047014407,0.07333953,0.0731165,0.045225598,7.360614e-10,7.360614e-10,7.360614e-10,0.0729221,7.360614e-10,0.07360614,0.07360614,0.07360614,7.360614e-10,0.07316456
7.2160466e-10,0.07210887,0.071734145,0.05867888,0.0002048384,0.014773732,7.2160466e-10,0.07210158,0.07216047,0.072088696,0.0039208955,0.07165696,0.07214167,0.05903488,7.2160466e-10,7.2160466e-10,7.2160466e-10,0.07137416,7.2160466e-10,0.07216047,0.07216047,0.07216047,7.2160466e-10,0.07153884
7.553028e-10,0.074544445,0.06703489,0.06072934,0.00047214332,0.016051589,7.553028e-10,0.07542815,0.07553028,0.068834,0.0061165285,0.07527385,0.07543693,0.028182179,7.553028e-10,7.553028e-10,7.553028e-10,0.07492942,7.553028e-10,0.07553028,0.07553028,0.07553028,7.553028e-10,0.07484544
7.2014167e-10,0.071847126,0.07141111,0.05701215,0.0001621625,0.012785749,7.2014167e-10,0.07186304,0.07201417,0.07164635,0.0032327394,0.07192392,0.07195304,0.064975694,7.2014167e-10,7.2014167e-10,7.2014167e-10,0.07157899,7.2014167e-10,0.07201417,0.07201417,0.07201417,7.2014167e-10,0.07155128
7.3973466e-10,0.07349291,0.058263563,0.06327085,0.0007596796,0.011858086,7.3973466e-10,0.07384074,0.07397347,0.07130897,0.006199596,0.0735858,0.07387473,0.050812915,7.3973466e-10,7.3973466e-10,7.3973466e-10,0.07354744,7.3973466e-10,0.07397347,0.07397347,0.07397347,7.3973466e-10,0.07329083
7.106338e-10,0.070941746,0.068535574,0.061351992,0.0009521242,0.01795194,7.106338e-10,0.07103255,0.07106338,0.070300475,0.0046745124,0.07077031,0.07104948,0.06727884,7.106338e-10,7.106338e-10,7.106338e-10,0.07063247,7.106338e-10,0.07106338,0.07106338,0.07106338,7.106338e-10,0.0702745
7.2704026e-10,0.07242135,0.07055625,0.05506227,0.00012761357,0.019570513,7.2704026e-10,0.07257107,0.072704025,0.070617385,0.0022669812,0.07267518,0.072621316,0.055604734,7.2704026e-10,7.2704026e-10,7.2704026e-10,0.07254276,7.2704026e-10,0.072704025,0.072704025,0.072704025,7.2704026e-10,0.072546445
7.234207e-10,0.07220933,0.07057895,0.057185415,0.00042925053,0.010353212,7.234207e-10,0.07226795,0.072342075,0.07094322,0.0048637297,0.07208353,0.07229544,0.063948326,7.234207e-10,7.234207e-10,7.234207e-10,0.07169079,7.234207e-10,0.072342075,0.072342075,0.072342075,7.234207e-10,0.07178256
7.357539e-10,0.072681256,0.062648,0.061223477,0.00079029123,0.013289246,7.357539e-10,0.07330736,0.07357539,0.06574561,0.0069363727,0.07318352,0.0733442,0.056625627,7.357539e-10,7.357539e-10,7.357539e-10,0.073037,7.357539e-10,0.07357539,0.07357539,0.07357539,7.357539e-10,0.07288654
7.15088e-10,0.07099378,0.06877534,0.06313331,0.0015009543,0.017133145,7.15088e-10,0.071407795,0.0715088,0.06966725,0.0038730728,0.071289144,0.07144962,0.06293077,7.15088e-10,7.15088e-10,7.15088e-10,0.07117943,7.15088e-10,0.0715088,0.0715088,0.0715088,7.15088e-10,0.07063122
7.524584e-10,0.07393996,0.03959361,0.05491793,0.0012759813,0.0147630535,7.524584e-10,0.07508326,0.075245835,0.06691292,0.0074405437,0.075077206,0.075094864,0.065899506,7.524584e-10,7.524584e-10,7.524584e-10,0.07490465,7.524584e-10,0.075245835,0.075245835,0.075245835,7.524584e-10,0.07411314
7.2627687e-10,0.072552145,0.0724507,0.057965416,0.0002833022,0.011400539,7.2627687e-10,0.0725642,0.072627686,0.07223946,0.0022713952,0.072431386,0.07249189,0.059064608,7.2627687e-10,7.2627687e-10,7.2627687e-10,0.07156395,7.2627687e-10,0.072627686,0.072627686,0.072627686,7.2627687e-10,0.07221026
7.4589107e-10,0.07398834,0.051494893,0.055409804,0.00043259375,0.01717745,7.4589107e-10,0.07448055,0.07458911,0.0731889,0.002906669,0.074096344,0.07439697,0.056062844,7.4589107e-10,7.4589107e-10,7.4589107e-10,0.07410085,7.4589107e-10,0.07458911,0.07458911,0.07458911,7.4589107e-10,0.07390734
7.1584694e-10,0.0714322,0.07011012,0.06542671,0.00033808328,0.01471844,7.1584694e-10,0.07143229,0.071584694,0.0712029,0.003762426,0.07127842,0.07141216,0.062047567,7.1584694e-10,7.1584694e-10,7.1584694e-10,0.06977769,7.1584694e-10,0.071584694,0.071584694,0.071584694,7.1584694e-10,0.0707222
7.3043566e-10,0.07271983,0.0661255,0.051881634,0.00032294344,0.01989006,7.3043566e-10,0.07291862,0.07304357,0.071440265,0.0021395222,0.07299433,0.07278202,0.059538987,7.3043566e-10,7.3043566e-10,7.3043566e-10,0.072660446,7.3043566e-10,0.07304357,0.07304357,0.07304357,7.3043566e-10,0.07241156
7.1902506e-10,0.071695246,0.07115867,0.060664013,0.00033937854,0.007226077,7.1902506e-10,0.071564786,0.071902506,0.071261674,0.0034915858,0.071403295,0.071831115,0.06930758,7.1902506e-10,7.1902506e-10,7.1902506e-10,0.07126,7.1902506e-10,0.071902506,0.071902506,0.071902506,7.1902506e-10,0.07118657
7.41013e-10,0.073534444,0.06747017,0.05527966,0.00020877538,0.009942481,7.41013e-10,0.07352824,0.0741013,0.073069625,0.003051436,0.07401316,0.07338546,0.053440426,7.41013e-10,7.41013e-10,7.41013e-10,0.073036194,7.41013e-10,0.0741013,0.0741013,0.0741013,7.41013e-10,0.07363474
7.173234e-10,0.07166192,0.07085822,0.056179598,0.0003594787,0.0153642725,7.173234e-10,0.0715339,0.07173234,0.071451515,0.0019030339,0.07155213,0.07164376,0.06827697,7.173234e-10,7.173234e-10,7.173234e-10,0.071101256,7.173234e-10,0.07173234,0.07173234,0.07173234,7.173234e-10,0.071184576
7.403e-10,0.07383654,0.07347427,0.04199615,0.0001642771,0.0073029106,7.403e-10,0.07327063,0.07403,0.07394424,0.0014747791,0.07397908,0.07353445,0.064184114,7.403e-10,7.403e-10,7.403e-10,0.07307475,7.403e-10,0.07403,0.07403,0.07403,7.403e-10,0.073643826
7.2121037e-10,0.07209351,0.07194562,0.059713595,8.230027e-05,0.0066838735,7.2121037e-10,0.07193877,0.07212104,0.0719511,0.0009584004,0.071981035,0.07198079,0.06953299,7.2121037e-10,7.2121037e-10,7.2121037e-10,0.071027726,7.2121037e-10,0.07212104,0.07212104,0.07212104,7.2121037e-10,0.071626194
7.432812e-10,0.0733435,0.06989267,0.041191213,0.0006946011,0.015600173,7.432812e-10,0.07344364,0.07432812,0.0736985,0.0027912457,0.074263595,0.07345668,0.057758737,7.432812e-10,7.432812e-10,7.432812e-10,0.07337892,7.432812e-10,0.07432812,0.07432812,0.07432812,7.432812e-10,0.073174074
