Stock_1,Stock_2,Stock_3,Stock_4,Stock_5,Stock_6,Stock_7,Stock_8,Stock_9,Stock_10,Stock_11,Stock_12,Stock_13,Stock_14,Stock_15,Stock_16,Stock_17,Stock_18,Stock_19,Stock_20,Stock_21,Stock_22,Stock_23,Stock_24
0.06642725070864555,0.0007749781582874414,0.06634283635133563,0.06628555333273965,0.0002969763386452997,0.06638713070909817,0.06628504397349128,0.06637362473027811,0.00020692122559658597,0.0008162302883517127,0.0006361797527912036,0.06634573731142986,0.066386565638682,0.0665153618998753,0.0004194235163950376,0.00014342840147653775,0.06644731070841925,0.0002672922346358045,0.06636572966192837,0.06651305386578112,0.06633044857524051,0.0005867460397999906,0.06651033197729764,0.06633584459977793
0.04017815992563524,0.04413688849940908,0.03840340186790521,0.03965215295621049,0.046914401936091206,0.0359185628408492,0.03863132332449538,0.03948353780020098,0.04275457127320163,0.049447773302717275,0.04422719882165826,0.033884998648760434,0.039529541064784804,0.04258763201025529,0.04215673451139695,0.04097246467831282,0.05069715158130528,0.04444269327726188,0.035398335163260436,0.047738484261422895,0.04003220233599331,0.048613793051385266,0.03924644971640169,0.03495154715108501
0.04017815992563524,0.04413688849940908,0.03840340186790521,0.03965215295621049,0.046914401936091206,0.0359185628408492,0.03863132332449538,0.03948353780020098,0.04275457127320163,0.049447773302717275,0.04422719882165826,0.033884998648760434,0.039529541064784804,0.04258763201025529,0.04215673451139695,0.04097246467831282,0.05069715158130528,0.04444269327726188,0.035398335163260436,0.047738484261422895,0.04003220233599331,0.048613793051385266,0.03924644971640169,0.03495154715108501
0.04017815992563524,0.04413688849940908,0.03840340186790521,0.03965215295621049,0.046914401936091206,0.0359185628408492,0.03863132332449538,0.03948353780020098,0.04275457127320163,0.049447773302717275,0.04422719882165826,0.033884998648760434,0.039529541064784804,0.04258763201025529,0.04215673451139695,0.04097246467831282,0.05069715158130528,0.04444269327726188,0.035398335163260436,0.047738484261422895,0.04003220233599331,0.048613793051385266,0.03924644971640169,0.03495154715108501
0.04017815992563524,0.04413688849940908,0.03840340186790521,0.03965215295621049,0.046914401936091206,0.0359185628408492,0.03863132332449538,0.03948353780020098,0.04275457127320163,0.049447773302717275,0.04422719882165826,0.033884998648760434,0.039529541064784804,0.04258763201025529,0.04215673451139695,0.04097246467831282,0.05069715158130528,0.04444269327726188,0.035398335163260436,0.047738484261422895,0.04003220233599331,0.048613793051385266,0.03924644971640169,0.03495154715108501
0.04017815992563524,0.04413688849940908,0.03840340186790521,0.03965215295621049,0.046914401936091206,0.0359185628408492,0.03863132332449538,0.03948353780020098,0.04275457127320163,0.049447773302717275,0.04422719882165826,0.033884998648760434,0.039529541064784804,0.04258763201025529,0.04215673451139695,0.04097246467831282,0.05069715158130528,0.04444269327726188,0.035398335163260436,0.047738484261422895,0.04003220233599331,0.048613793051385266,0.03924644971640169,0.03495154715108501
0.04017815992563524,0.04413688849940908,0.03840340186790521,0.03965215295621049,0.046914401936091206,0.0359185628408492,0.03863132332449538,0.03948353780020098,0.04275457127320163,0.049447773302717275,0.04422719882165826,0.033884998648760434,0.039529541064784804,0.04258763201025529,0.04215673451139695,0.04097246467831282,0.05069715158130528,0.04444269327726188,0.035398335163260436,0.047738484261422895,0.04003220233599331,0.048613793051385266,0.03924644971640169,0.03495154715108501
0.04017815992563524,0.04413688849940908,0.03840340186790521,0.03965215295621049,0.046914401936091206,0.0359185628408492,0.03863132332449538,0.03948353780020098,0.04275457127320163,0.049447773302717275,0.04422719882165826,0.033884998648760434,0.039529541064784804,0.04258763201025529,0.04215673451139695,0.04097246467831282,0.05069715158130528,0.04444269327726188,0.035398335163260436,0.047738484261422895,0.04003220233599331,0.048613793051385266,0.03924644971640169,0.03495154715108501
0.04017815992563524,0.04413688849940908,0.03840340186790521,0.03965215295621049,0.046914401936091206,0.0359185628408492,0.03863132332449538,0.03948353780020098,0.04275457127320163,0.049447773302717275,0.04422719882165826,0.033884998648760434,0.039529541064784804,0.04258763201025529,0.04215673451139695,0.04097246467831282,0.05069715158130528,0.04444269327726188,0.035398335163260436,0.047738484261422895,0.04003220233599331,0.048613793051385266,0.03924644971640169,0.03495154715108501
0.04017815992563524,0.04413688849940908,0.03840340186790521,0.03965215295621049,0.046914401936091206,0.0359185628408492,0.03863132332449538,0.03948353780020098,0.04275457127320163,0.049447773302717275,0.04422719882165826,0.033884998648760434,0.039529541064784804,0.04258763201025529,0.04215673451139695,0.04097246467831282,0.05069715158130528,0.04444269327726188,0.035398335163260436,0.047738484261422895,0.04003220233599331,0.048613793051385266,0.03924644971640169,0.03495154715108501
0.04017815992563524,0.04413688849940908,0.03840340186790521,0.03965215295621049,0.046914401936091206,0.0359185628408492,0.03863132332449538,0.03948353780020098,0.04275457127320163,0.049447773302717275,0.04422719882165826,0.033884998648760434,0.039529541064784804,0.04258763201025529,0.04215673451139695,0.04097246467831282,0.05069715158130528,0.04444269327726188,0.035398335163260436,0.047738484261422895,0.04003220233599331,0.048613793051385266,0.03924644971640169,0.03495154715108501
0.04017815992563524,0.04413688849940908,0.03840340186790521,0.03965215295621049,0.046914401936091206,0.0359185628408492,0.03863132332449538,0.03948353780020098,0.04275457127320163,0.049447773302717275,0.04422719882165826,0.033884998648760434,0.039529541064784804,0.04258763201025529,0.04215673451139695,0.04097246467831282,0.05069715158130528,0.04444269327726188,0.035398335163260436,0.047738484261422895,0.04003220233599331,0.048613793051385266,0.03924644971640169,0.03495154715108501
0.04017815992563524,0.04413688849940908,0.03840340186790521,0.03965215295621049,0.046914401936091206,0.0359185628408492,0.03863132332449538,0.03948353780020098,0.04275457127320163,0.049447773302717275,0.04422719882165826,0.033884998648760434,0.039529541064784804,0.04258763201025529,0.04215673451139695,0.04097246467831282,0.05069715158130528,0.04444269327726188,0.035398335163260436,0.047738484261422895,0.04003220233599331,0.048613793051385266,0.03924644971640169,0.03495154715108501
0.04017815992563524,0.04413688849940908,0.03840340186790521,0.03965215295621049,0.046914401936091206,0.0359185628408492,0.03863132332449538,0.03948353780020098,0.04275457127320163,0.049447773302717275,0.04422719882165826,0.033884998648760434,0.039529541064784804,0.04258763201025529,0.04215673451139695,0.04097246467831282,0.05069715158130528,0.04444269327726188,0.035398335163260436,0.047738484261422895,0.04003220233599331,0.048613793051385266,0.03924644971640169,0.03495154715108501
0.04017815992563524,0.04413688849940908,0.03840340186790521,0.03965215295621049,0.046914401936091206,0.0359185628408492,0.03863132332449538,0.03948353780020098,0.04275457127320163,0.049447773302717275,0.04422719882165826,0.033884998648760434,0.039529541064784804,0.04258763201025529,0.04215673451139695,0.04097246467831282,0.05069715158130528,0.04444269327726188,0.035398335163260436,0.047738484261422895,0.04003220233599331,0.048613793051385266,0.03924644971640169,0.03495154715108501
0.03919883360069373,0.0437868423813321,0.0397707933583892,0.039656652433210045,0.04677349315703284,0.0368930626667048,0.038895370623343056,0.03895192001606427,0.04174631249186811,0.047927737716238705,0.04273378426576056,0.0362997377765966,0.038953068651832484,0.042680977447860285,0.04162100723272109,0.041415251828642724,0.05073900981303372,0.044846244617636685,0.035964523768143096,0.04798966769416996,0.040514140729429306,0.047708523242275834,0.039491020676805454,0.03544202381021537
0.039854372757494066,0.04403546511607256,0.038784871000582685,0.03972384063816425,0.04685617470357147,0.0361878481213833,0.038772385606413384,0.03928046579527191,0.04240795935378786,0.049023000780381534,0.04376269439322329,0.034558812447965895,0.039459361373991114,0.0427347869366597,0.04191278319149814,0.04117470889952097,0.05067974484431365,0.044533602151151465,0.03543640803861486,0.04783788544055884,0.04017450475913997,0.048286923238091674,0.03942045646966435,0.03510094394248305
0.03869754989441212,0.04302208269982256,0.041188186998914696,0.038943428733858004,0.046956828994903284,0.03760451210892344,0.038773683936460586,0.038366441005095474,0.040932922986869125,0.046859532656909106,0.04132750100829095,0.03867032782080678,0.03803990548502132,0.04212816530196829,0.041744933193259545,0.04165337956628312,0.05098925210794845,0.045371434908702955,0.036605711602468075,0.048932098370093054,0.040910089115587425,0.047422252386786996,0.03883358923951102,0.036026189877103626
0.03640750982564766,0.04165115908553552,0.043610733890742014,0.037527944484433896,0.047958024741434215,0.038106330398977754,0.0381369475233628,0.03678642662454556,0.03971175831510409,0.04662133470508631,0.039122311271306984,0.041296244097804066,0.036003380570026965,0.040968210019494904,0.04145700561949621,0.043451040585717235,0.05173641900231096,0.04624593284769864,0.03731539734473179,0.052423434921806615,0.04109441727537086,0.04842974922174185,0.03801894010209537,0.03591934752552772
0.03851600460594082,0.04282054550972728,0.04150850256116373,0.03881888325351385,0.047028126794206024,0.037742207136604894,0.03874152760254341,0.038224666656509164,0.04076817818927212,0.04669843314427023,0.04104689999968066,0.039095436427238686,0.03785054512335486,0.04199434058874367,0.04167657063594251,0.041789015082097064,0.05098783417394553,0.04544256676327482,0.03676273920788671,0.0492370316369673,0.04097278842627568,0.04739706389065682,0.03873929301901318,0.036140799571170994
0.0358607272595828,0.0414991218997697,0.04407487986039622,0.037253739321767565,0.048229772038461835,0.03817909929796421,0.03785400528866285,0.03646776607136406,0.03946410726398533,0.04666013660235097,0.03877839298874283,0.04169721679547637,0.03558707480157435,0.04077376828358238,0.04147026158854758,0.04386036826062546,0.05193723394663068,0.046376583217395344,0.037288356932926585,0.05317211115245858,0.041111260085983925,0.048711430500025875,0.037858352533708034,0.035834234008016434
0.03377070471626949,0.04102321121958358,0.0456700048200958,0.0361357741787635,0.04936484552540271,0.03835468479390488,0.036806329028969666,0.0352906939075528,0.038540949604455484,0.04707027879655848,0.03750172123021458,0.04322518309840581,0.03386177500341156,0.0400601445929655,0.04141844073924363,0.04543351115312106,0.052769702623897595,0.047011369891174784,0.036964457099468356,0.056054402716318535,0.0410121894216108,0.05002018794499632,0.03730435290307787,0.035335084990537224
0.03442968117090946,0.041151864765004036,0.04521048972125819,0.03651288344548562,0.048973059417754705,0.03831713877757316,0.037127754888661484,0.03565216953895001,0.03882600089357096,0.04688632426418383,0.037910339877703,0.04274458609761558,0.0344313009385352,0.040291602352751504,0.041456467806358296,0.044939287053591216,0.05248059861469004,0.0467893422718522,0.03710457563131489,0.05513195670362667,0.041074631183630625,0.04955919592816845,0.037477244624362395,0.03552150403244849
0.030237751787399417,0.040326008853744676,0.048190725767016634,0.03389233556730501,0.05166457736099472,0.03832152554520229,0.03494627268193949,0.03330870444339163,0.03688007183088976,0.04813757181404121,0.03530849073692564,0.04584594809402282,0.030674126603435138,0.038901113017640765,0.04114513637471829,0.04815602033082111,0.05458282815556452,0.04829858734058251,0.036149240989641,0.06105177021132503,0.04060769085018904,0.052702401604866625,0.036406434715066875,0.03426466532327579
0.031540245516799896,0.04058389107866746,0.047253201271406475,0.034731980538417695,0.05080396354677831,0.03835782052076824,0.03564338188204468,0.03404678455240791,0.037505279258004565,0.047724353836751464,0.036116086434703785,0.04487399702306772,0.031858528614338986,0.03933765039597199,0.04124780559896175,0.0471358710304596,0.05388951954869625,0.047811844876974784,0.036457880216100455,0.05922704249187863,0.04076059701940349,0.05168907858626033,0.03673985707156247,0.034663339089573045
0.03156362206673878,0.040588353741884825,0.04723644143287698,0.03474702422120645,0.05078876509907948,0.038358376970978394,0.035655805846274605,0.03405974274241945,0.037516448117333276,0.04771712368431446,0.03613050874807709,0.04485673723245774,0.03187978114061771,0.039345249261399616,0.0412495246243893,0.04711779328271962,0.05387734672190519,0.047803204771852424,0.03646334638537374,0.0591941864694531,0.0407633786171721,0.05167102570489574,0.0367457789517448,0.03467043416483513
0.03257404861815906,0.04078398081319877,0.046515325356935276,0.03539687474204256,0.050128884776291224,0.0383771553722939,0.03619137340978167,0.03462197341629773,0.03799584167747677,0.04741138668641773,0.036755193751261565,0.0441106475348827,0.032797093810428335,0.03966898522812975,0.04132754340068928,0.04634117624966792,0.05335308268954085,0.04743295502545167,0.036697786542679314,0.05776093343798628,0.04088267401042075,0.05089735348442481,0.03699993782912195,0.034977792136420105
0.0316502520797427,0.04060487156056116,0.047174375534758575,0.034802753690529514,0.05073248155569406,0.038360431409621844,0.03570181824698908,0.03410774290381171,0.03755780914364114,0.04769035871571964,0.03618391941807044,0.04479282750037602,0.03195853451359096,0.039373398609543454,0.04125588779747377,0.04705085020557488,0.053832258440184085,0.047771207741489644,0.03648359734483018,0.05907236478686492,0.040773686603806286,0.05160415531164532,0.03676770765369803,0.03469670923178258
0.03333290603025741,0.040937237059742254,0.045976947162615064,0.035884383298260235,0.04962634032733399,0.0383797949270313,0.03659193278984676,0.035049785255159074,0.03835066318204075,0.047193227544745454,0.0372292021702621,0.04354646668964494,0.03348309590565042,0.03990553525031102,0.041393032970551996,0.04576363808046912,0.052962667542290405,0.047159753766704726,0.03687090649659023,0.05666471201065837,0.04097046549630399,0.050327679612733385,0.037188927833100405,0.0352106985976966
0.028421589128856107,0.039927613522684126,0.04950868740403938,0.032718012604623016,0.05292012306015163,0.03824797533276833,0.033955725012287566,0.03221337586756438,0.035998678204711074,0.04875648132850787,0.034167817366032055,0.04723959619475174,0.029022084482388574,0.03823859864536487,0.04097275650603689,0.04962835056595113,0.0556111471258085,0.04899715566412554,0.03570336290826448,0.06357849594566602,0.040404951729711924,0.05414329140186843,0.03592817357251904,0.03369595642531733
0.029120413206551544,0.04008242385228422,0.048997174048706425,0.03317236868744612,0.05243328724890281,0.03827656511961889,0.03433942384520116,0.03263717327918721,0.03634048580957079,0.04851597958201786,0.03460953169193763,0.04669834754566107,0.029658560965385737,0.038495830653129746,0.04103977960808673,0.04905709774073216,0.05521241091033961,0.04872573313188487,0.03587642786857943,0.06261178015056632,0.04048376303747378,0.05358513715657713,0.03611380459024815,0.033916500269910596
0.0298869841793904,0.040250035496601805,0.0484424455123848,0.03366713769538116,0.05190467736360755,0.038307503800524625,0.03475660027058737,0.03309865405396343,0.03671155259169496,0.048255592975916965,0.03508998786596319,0.04611189349035763,0.030355575104889992,0.03877463771591703,0.04111228687021546,0.0484373331058956,0.054779476719350635,0.048431819120648936,0.03606408407197503,0.06154336040326827,0.040569046057616,0.05297829817167653,0.03631509396339269,0.03415592339877994
0.03176419326584628,0.03997313131415561,0.04681734755419161,0.03511302093458536,0.05070148744978086,0.03832567986972307,0.036448047530823355,0.03371467861132845,0.037345802053441755,0.04723717783040753,0.03690869171565326,0.044700995695837284,0.03266249974407872,0.0395956783929209,0.04065853439225804,0.047146333638042784,0.053938673752065264,0.04776672661375295,0.03635203292633453,0.05961517012780276,0.04077463247939168,0.05174751778821373,0.03629037049892231,0.034401575820441906
0.03228783475377652,0.04072583010439208,0.046719607610480815,0.03521177640246555,0.05031985283753799,0.03837549414968603,0.03603932730652274,0.03446001692640221,0.0378610186272642,0.047494339386151364,0.036575735240755976,0.04432480748795437,0.032537804826266795,0.03957958432652223,0.041302486306662736,0.04656031011892428,0.05350173020168511,0.04753685184337964,0.036631996756328715,0.05817302400021589,0.04084915413759393,0.05111364580773154,0.036928408320231386,0.03488936252106791
0.030825531040392828,0.04044677029561419,0.047768061219093105,0.034270672437372064,0.051270555270861835,0.03834074556365115,0.03526220745373949,0.033649396541604086,0.03716236739530041,0.04794655221730825,0.03567367498604039,0.04540441968642156,0.031208347936328727,0.03910411083759699,0.04119495217098424,0.04769115255246623,0.05426325194310635,0.04807744287562286,0.03628991543997952,0.060228308268453934,0.040675024818433915,0.05224303781957477,0.036557970506071,0.034445530723982105
0.03130555888569037,0.0405390281301874,0.04742173687915897,0.03458079634571892,0.050956752658796504,0.03835223508615139,0.03551851400210353,0.03391655967495521,0.0373929945683366,0.047797060061823896,0.03597114598896595,0.04504756969436051,0.03164512013761737,0.0392612153851029,0.04123051614159812,0.04731764897453664,0.0540119005100623,0.04789875596705998,0.03640289417861188,0.05955652428907141,0.040732597857342935,0.05187054775479585,0.0366803147769558,0.03459201205099557
0.02978095093236587,0.04022698222875046,0.048518795959712493,0.033598916195688736,0.05197747263102929,0.03830325110163962,0.03469911584906871,0.03303502312700809,0.03666045460965268,0.04829140443961486,0.03502377328468606,0.04619257612595693,0.030259231662762138,0.03873627187166407,0.041102316247863084,0.048522647871233504,0.05483909786697593,0.04847224859575746,0.036038257607495,0.06169163301400137,0.040557319688976995,0.05306191446455061,0.03628738822449895,0.034122956399047104
0.027793620011891743,0.039786728543509245,0.049973386218995476,0.03230681724687206,0.053361918727725347,0.038221936694225606,0.03360796157635755,0.03182982451868508,0.035688442626577964,0.048975330641757985,0.03376765046871555,0.04773168538147802,0.02844919990982615,0.038004766834460336,0.040911713930186104,0.05014711176292296,0.05597302037648058,0.04924409062658061,0.03554608491307382,0.06444111918432925,0.04033319080149777,0.05464916346211394,0.035759481840886266,0.03349575370085059
0.02919038057236727,0.04009781685916095,0.04894626550950185,0.03321768470709853,0.05238480793916795,0.03827940808540397,0.034377659114170775,0.03267943793752917,0.03637451755645629,0.04849206936395179,0.03465355769802062,0.04664451279695629,0.02972223112090136,0.038521420361600625,0.04104643753923099,0.04900023507465798,0.05517270438737606,0.04869874902858521,0.03589364857623033,0.0625146070894229,0.0404915956568829,0.053529517523688876,0.03613227583097623,0.03393845967066108
0.027834094609519203,0.03979586517499147,0.049943284389766515,0.032333405458227174,0.05333331299218259,0.03822362437107058,0.03363046669288262,0.031854629932065386,0.03570853244389411,0.04896114295478038,0.03379353894030603,0.04769979336838493,0.028486156054136697,0.03801991722737566,0.04091567396679538,0.05011351396413104,0.05594959007754529,0.049228084357992946,0.03555627634480692,0.06438569448929266,0.04033784393179688,0.05461642933370458,0.03577041177591278,0.0335087171484382
0.03116679849367675,0.040512424910174226,0.047521622900779645,0.0344912754839898,0.05104728632006349,0.038348922440469994,0.035444550419791124,0.033839441312428886,0.037326462232046186,0.04784016422908322,0.03588529878165349,0.04515046962433686,0.03151889913341011,0.03921590897231887,0.04122026400667705,0.04742538120349693,0.05408441427352582,0.047950279436078797,0.036370306822910696,0.05975101388746281,0.040715998897256224,0.05197803862434909,0.03664502490717309,0.03454975268684687
0.033422361881661034,0.04095483913401285,0.04591411882287709,0.03593581016496415,0.04957282509828524,0.03837465297704692,0.036635798930832075,0.03509906216269576,0.03838960626737063,0.047168053915248344,0.037284956219528154,0.043480682907979046,0.033560493284313014,0.039937184937564964,0.04139823536609287,0.04569605937488577,0.052923179809010554,0.04712937262527562,0.03689005341597914,0.056540174274568346,0.04097900663570145,0.050264764844242076,0.03721255336899458,0.03523615358087034
0.03462170025656217,0.04043120790861058,0.044638385785444025,0.036999754043024045,0.048782248005101156,0.03842224784969649,0.038061304698401084,0.035273457908548043,0.03864538678583856,0.046288146145483745,0.03885895587845724,0.042651518816872666,0.0353396631530459,0.04058521882862655,0.0407649092967474,0.04504793628813241,0.05248166514725937,0.046782337051359216,0.03695054171619361,0.05569725509778723,0.04102722868854175,0.04966139728976415,0.03687983361654097,0.035107699743961635
0.037038884717349965,0.04053227230220237,0.04227025430974415,0.03902717856100604,0.04713416971826714,0.03851650009004806,0.03970312658608536,0.036560242722485224,0.03944854406768757,0.0451797946049567,0.041539781957429044,0.0406220075018922,0.038443895947641915,0.04172057502195904,0.04002515993997664,0.04367783201914511,0.051284377555255535,0.045951015218249465,0.03665992334667085,0.05313052813622653,0.041127636952997454,0.04811452912769633,0.03735703401415555,0.03493473558087175
0.03543048433722424,0.04094454218021245,0.04422099804428619,0.03732641101646849,0.048329058654277605,0.038374864768968765,0.03811872482218927,0.0359392340062848,0.039151493782148855,0.04631218994771783,0.03897718066959505,0.04205703919735104,0.03575001295434473,0.04072105044239469,0.041134720926533044,0.04432783190890558,0.05205408226500997,0.046491457091043256,0.03721257019110221,0.05416979725752599,0.04112248994670512,0.04895826386228485,0.03736245190871445,0.03551304981871151
0.03519631597095354,0.03950585670274385,0.043322509494437236,0.03800592266036835,0.048150440963243654,0.03841919678795416,0.03974858566825011,0.03497218119742834,0.03846629440659817,0.045354370334410525,0.04085234712785702,0.04182787128241016,0.03705594219717724,0.041235563839951785,0.03936079133445938,0.0452604869172492,0.052467314579816605,0.04680057163479042,0.03638258708080551,0.0563662418787087,0.040781305812927285,0.049791366265035185,0.03635372071596232,0.03432221514646125
0.031135015117404064,0.040257873605460424,0.047440552260386,0.03456059889941914,0.051084965213759846,0.038334164011868004,0.035687438644055214,0.03364871992615045,0.037210139517159256,0.04769167460883091,0.03611362021973324,0.04517163548774804,0.03171618442128949,0.03927611170379486,0.04098763981472552,0.047520365623289325,0.05416449415936075,0.047976836822273085,0.03630289440417241,0.06006090669922164,0.04070763803659723,0.05209103690129427,0.036444568774374936,0.0344149251276319
0.0323037972141783,0.04072901152115798,0.046708215696796576,0.035222074628024715,0.05030929726652951,0.03837566865601243,0.03604779705927611,0.034468985650852504,0.03786855862484553,0.04748963169544754,0.036585685193255855,0.04431292783791166,0.03255227590457451,0.039584622904338264,0.04130381698674664,0.0465480732605416,0.05349344401054072,0.04753103627313519,0.03663568008107368,0.05815018095485728,0.04085102773302484,0.05110152158621485,0.0369324069116703,0.03489426234899341
0.03448126441486509,0.041161899114121776,0.04517464246234892,0.03654234241278917,0.04894248073535114,0.03831421159188909,0.037152854121002235,0.035680411423182366,0.038848248968246284,0.04687197830837701,0.03794224888929533,0.042707112687510464,0.03447586226581827,0.0403096603654866,0.041459433057822626,0.044900729530131814,0.05245802997586191,0.04677202579806224,0.03711550838618472,0.055059560083312566,0.0410795023129143,0.04952319900493537,0.03749073584363208,0.035536058246858626
0.03610181627310783,0.04156656112333874,0.04386837234992395,0.03737431651823973,0.04811152235891311,0.03814598361515675,0.03798084574197822,0.03660970498612439,0.039574955576339686,0.046643888548771766,0.038929123319968055,0.04151864027679166,0.035770942597530275,0.04085908363652522,0.041465012386663565,0.043679401272454954,0.05184910412913712,0.04631983126630771,0.03730194927190375,0.05284035373523216,0.0411033211846244,0.04858658857429469,0.037926848916799184,0.03587183233987309
0.037921711156915595,0.042401830488905334,0.04216991653041531,0.03845081912248702,0.047236325414743145,0.037950397121818344,0.03862041223216241,0.03779355699574344,0.04040730699821155,0.046527807714507936,0.040381808644732134,0.039932137174025426,0.03729644188813574,0.0416290352134165,0.04157440422336992,0.04223523464761446,0.05123424999546095,0.045632890883223726,0.03707349181782023,0.05020382414798484,0.041050709613822345,0.047616138452298215,0.038501432605461045,0.036158116916724374
0.036326194361805786,0.0416288713863387,0.043678230831183266,0.0374868523907402,0.04799984237672778,0.03811627207042492,0.0380966454701079,0.03674025559897612,0.03967632480238918,0.04662785754881221,0.039070331896799815,0.04135441693486041,0.03594172309890813,0.04093889820132128,0.041459496572716366,0.04351156752040411,0.051766669248614276,0.046266128825239915,0.03731282274578295,0.0525332258553975,0.04109648077556185,0.04847111988496228,0.03799303350311547,0.035906738098809586
0.03258315125812111,0.04078582875088397,0.04650883784840492,0.03540275629425567,0.05012281863430053,0.03837720446175314,0.0361962028777217,0.03462712001128761,0.03800012164655373,0.047408757162470706,0.03676089537453903,0.04410384831447775,0.03280533718853559,0.039671822355322295,0.04132833900221188,0.04633422113679672,0.05334836183451542,0.04742965444520502,0.03669987500179242,0.0577478132199231,0.04088373676957425,0.05089048405268816,0.03700220984413448,0.03498060251453082
0.03027798902676749,0.04033469782544811,0.04816193008099209,0.03391812132680686,0.051637104779949865,0.03832313023733117,0.034967984094397865,0.033332757702449214,0.0368993543144772,0.048124074248318015,0.0353335045616587,0.045815532051125055,0.030710653570122672,0.03891557736238079,0.04114889401682212,0.0481238427613673,0.05456032713777029,0.04828334755872087,0.03615898445584159,0.060995268267835155,0.04061211178718847,0.052670817474612455,0.036416886639713666,0.03427710871790299
0.03515892755330617,0.041301572590840496,0.04467570539465459,0.03690710759546868,0.048575732696878794,0.03826346735781177,0.037483197443136246,0.03605955216795744,0.039142795508934305,0.04671417363570018,0.03834636789935518,0.0422197459602215,0.03504566827753518,0.04053295089141241,0.04148371990074875,0.04439394699118893,0.05218715330110866,0.04655175593621978,0.03723995050547993,0.05412752379939671,0.04112990663647204,0.04907960717683229,0.037667467010984376,0.035712003768355594
0.03422930758821711,0.04111283871434059,0.0453499054365906,0.03639837338207991,0.04909197197733875,0.03832852425296244,0.03703017487566995,0.03554239553856453,0.03873949211316144,0.04694212042431801,0.037786284597262854,0.042890349920823294,0.034258182535012414,0.04022137704172169,0.04144493122279077,0.045089234787525426,0.05256834103576027,0.04685669487917721,0.03706205316396209,0.055412916255667764,0.04105568846837254,0.049699147091331636,0.03742477618331106,0.03546491851403767
0.034989060023981285,0.041263017649197334,0.04480779989759062,0.03682027707443219,0.04866082862342177,0.038279609073120655,0.037398307070703046,0.03596359004035517,0.03906788183656185,0.0467428743266265,0.03824692842771226,0.04234289330810804,0.03490780437996642,0.04047818522194619,0.041482269000391286,0.04452211947716237,0.05225023075800155,0.04660363500162464,0.037216249576319416,0.0543579132246857,0.04112241493170534,0.04918174649054045,0.03762245898966995,0.03567190559617597
0.036636101099212934,0.041713143159765625,0.043422441598756,0.03764588694788946,0.04783137138481744,0.03808051816958807,0.03824005465678811,0.036922126194660614,0.039792252357773436,0.04660142482784987,0.039264531276705365,0.041130688912809854,0.036177951422343535,0.041058117316492095,0.04144637777220104,0.04327937820031828,0.05166963411940113,0.046171334574900975,0.03732365360162156,0.05213510629906964,0.04109120079094421,0.048316421089330805,0.038091512093929525,0.03595877213283043
0.036300680885539116,0.04162187482313319,0.043699413231449574,0.037473955985045576,0.048012962707415084,0.03811939503125892,0.03808399686870235,0.03672576662420803,0.039665205521614795,0.046629905927526104,0.03905401997187937,0.04137267847410924,0.03592237892135572,0.04092969778907747,0.04146027849725693,0.04353056735374188,0.05177616690757648,0.04627246995410525,0.03731201371564333,0.052567660258020454,0.04109712936825243,0.04848410217798158,0.037984899310720244,0.03590277969438688
0.038492097429748975,0.04279707473608068,0.04154528106317421,0.03880480488819433,0.0470379618134345,0.03775968368788468,0.038736177006072486,0.03820472625819851,0.04074976883206333,0.04668204138874344,0.04101585437746283,0.03914477884820342,0.03783065522093164,0.041977631394062465,0.041671779875498666,0.04180385880907338,0.05098899710170024,0.045447647548462755,0.03677961655567797,0.04927545854101044,0.04097835596266114,0.047398011527850746,0.03872763181130335,0.03615010532250582
0.03723985738613349,0.0419984454174287,0.042861279946288716,0.03800064001465097,0.047526246948610074,0.03803403581636356,0.03844292926746844,0.03732578673734164,0.04004590996838339,0.046541580105021275,0.03974336132892358,0.0406030638106617,0.03667890342828797,0.04131933733157988,0.041475482454518424,0.04278563326073301,0.05152033606189929,0.04592380730693029,0.03728146306318913,0.051270722321039054,0.04107492080759832,0.047977703726215,0.038269653142267046,0.03605890034846704
0.03684986721596004,0.0417743125399535,0.04324025871127468,0.03775761550626712,0.04771349234460457,0.03806864356687262,0.03832230240524105,0.037049364486092716,0.03985330142641095,0.04657971119955826,0.039402638747842694,0.040970807921243094,0.03634363231307781,0.041147444937740564,0.04143424529791792,0.043121819518602555,0.051625818620561106,0.04609063292465441,0.03732970632898221,0.05187285881311388,0.041085348111349465,0.04821454721669867,0.03815718193413174,0.03599444791184838
0.03589462613908402,0.04150861428432437,0.04404582071176874,0.037270701562356345,0.04821313218115143,0.038174438317151595,0.0378718506127583,0.036487730108036,0.03947970378911069,0.046657848178272364,0.03879960044679445,0.04167208647082602,0.03561293121343884,0.04078577351470413,0.041469521449439335,0.04383490265105311,0.05192483396667289,0.04636859683161328,0.0372902708857568,0.05312549301893084,0.04111014223999236,0.048693867155766894,0.03786798968629212,0.03583952458470506
0.035257871785472995,0.041327226227505634,0.04459443250522235,0.03695548941719522,0.04852910186042555,0.03825174627903963,0.03753517218032621,0.03611529585491518,0.039187431087842464,0.04670617330198536,0.038404400828448086,0.04214597590905076,0.03512224395248556,0.040565596543313674,0.04148109842659232,0.04431788337474676,0.052152343299809535,0.04652457027780005,0.037247424748625774,0.05399431100823936,0.04112998735870749,0.049026774134559185,0.037694663909099424,0.03573278572859146
0.03347453250358514,0.040965096844358014,0.045877504165419684,0.03596578584212893,0.04954163399048993,0.038371655732660104,0.03666136788335968,0.03512778733694991,0.038412303445701956,0.04715338602948604,0.0373174570777435,0.04344235126280901,0.03360562514679033,0.039955626259371047,0.04140126578904893,0.04565667944087501,0.05290016373626481,0.04711167287572896,0.03690121212992859,0.0564675045321408,0.040983986060683264,0.050228094632791806,0.03722631973886595,0.035250987542818614
0.03398166914048778,0.041064493647617335,0.04552257677099868,0.036256664545358745,0.049239192598825116,0.03834263180369668,0.03690939470551992,0.035406558652785615,0.038632379828166453,0.0470112449027458,0.0376327347205469,0.04307093930114961,0.03404416115954472,0.040134404097319866,0.041430643781497044,0.04527494703992843,0.05267697863606686,0.04694012449216874,0.03700940235823947,0.05575958127610653,0.04103222652666637,0.04987237358080254,0.0373598095067628,0.035394866926998
0.03873086041307624,0.04306125433863274,0.04112332114438187,0.03897030104202269,0.046942680914206364,0.037580857980494396,0.038779684537510385,0.03839164841638415,0.04096723766304323,0.04689474966652829,0.041383686035716995,0.03858321613903146,0.03807816496780799,0.0421538505792056,0.04176094422122807,0.04162345388370189,0.05098994920089306,0.045354197360362065,0.03657195290460672,0.048874419775962005,0.04089663191160804,0.0474304706470064,0.03885384657647969,0.036002619680109656
0.039358762715764016,0.04386305394616856,0.03941479759634776,0.039751914471002965,0.04679705276657386,0.03667931786199371,0.03888058893681167,0.039086031574366076,0.04197132976336325,0.048301595521415906,0.043103014805362085,0.03565039343391975,0.03918097372148915,0.042774177798597504,0.04159630954981253,0.041385710374814914,0.05068679577422923,0.04471307643997867,0.035749650441774555,0.04793849821622086,0.04035001704065769,0.04788021970946344,0.039539048853294324,0.03534766868657754
0.0352501920098304,0.04132523483524831,0.044600739204667006,0.03695173518708907,0.04853271903094488,0.038252654678655795,0.03753114127156292,0.03611097237627761,0.039183967760863074,0.0467067959642142,0.03839989758185024,0.04215169648070738,0.03511630008768545,0.04056306474860001,0.04148130197014576,0.04432378468077815,0.052155040670919584,0.04652667872206845,0.037246845109172894,0.05400465465994761,0.041129980876942265,0.04903087544158287,0.03769255287473777,0.035731173775508315
0.03524114340100872,0.041322889729479235,0.044608173440643974,0.036947310829545804,0.04853698187962391,0.03825372594285763,0.03752638781023098,0.03610587274854359,0.03917988686563422,0.04670752587771035,0.038394589321856853,0.042158443218368306,0.035109295420922226,0.04056007846041299,0.04148154189926897,0.04433073657577042,0.052158227399041975,0.04652916414550531,0.03724616149584925,0.054016846522388966,0.04112997445842469,0.049035704882376276,0.03769006608402038,0.03572927159051497
0.03879636613946406,0.0431382689758137,0.040995781607956805,0.03902314758162367,0.04691484802160518,0.037534346603805786,0.038791480499956676,0.03844121870476471,0.04103471452340815,0.046963983451126456,0.041494175181275995,0.03841200887146902,0.03815342003897553,0.042204350826865314,0.04179242495546103,0.041564598402461836,0.05099131807146813,0.04532028791484559,0.03650558971951863,0.04876091963259991,0.04087016790973976,0.04744662679822481,0.038893678134678054,0.035956277432891204
0.03856905151967295,0.04287289069503259,0.04142762131299246,0.03885030947188785,0.04700702850910075,0.037703431523297845,0.03875306840547837,0.03826777871913427,0.04080819079931956,0.04673490672260151,0.04111530749930546,0.038986773655073276,0.03789335825533243,0.04203031402612188,0.041686475114245,0.041757304494480924,0.05098601890937227,0.045431823675288883,0.036725582786106305,0.04915208963145709,0.040961342054754664,0.04739540432653045,0.038764439152536474,0.03611948874087675
0.03892277554226156,0.04334204948415521,0.0406866822685675,0.039168684918610426,0.04684671912171931,0.03738392998802153,0.03882204515653574,0.03856597421474613,0.041235371290157294,0.04712545953688486,0.04175933620332198,0.03796740575660444,0.038344251190488524,0.04233728221337747,0.041854524147587974,0.04145358114213946,0.05096068190506452,0.04522396835987839,0.0363677734439465,0.048493445698973604,0.04079905051306571,0.04747852193592808,0.03902902046699592,0.035831465500967864
0.03375172964383237,0.04101949237616485,0.04568327776813523,0.03612489286722194,0.04937616062744134,0.038355769112803764,0.036797053015939975,0.035280265047471025,0.03853271868573291,0.04707559399961033,0.03748992695741051,0.043239075761242224,0.033845366917295984,0.04005345736772523,0.04141734225229938,0.04544778766120711,0.052778049302432704,0.04701778640341434,0.036960411317135816,0.056080896883782386,0.041010385560118066,0.05003349602373325,0.03729936057484552,0.03532970387300373
0.03763583582046541,0.042239101062571185,0.04247055923016387,0.03825939609177594,0.04733762163819286,0.03798465423894718,0.038561160734542695,0.03759117611567405,0.040265932179585955,0.04650801894055882,0.04009621463849665,0.0402361192688154,0.037030570008408266,0.04149084346193105,0.04152365721239596,0.04246174458090939,0.05137794509408294,0.04574137802331394,0.0371899115496407,0.05065301127878293,0.041065760048171446,0.04775136685391949,0.038397163068099226,0.036130858860554615
0.036991827812800436,0.04183850121135324,0.04310755560362432,0.0378323597714032,0.047646414965686286,0.03805818866453108,0.038368538847977356,0.03713788243215578,0.0399089940004623,0.046566544938389416,0.03951310857616136,0.04084958178479284,0.03645329301655926,0.04120987983237644,0.041439225787013666,0.04300922527266884,0.05159389974829631,0.04604037322324863,0.03732494487056909,0.05167962558135705,0.04107679310672208,0.04814004369694803,0.038195905510178235,0.03601729174472476
0.03469182187624729,0.04120280939364749,0.04502848350834228,0.03666249821819435,0.04881777381914739,0.03830228336874728,0.037255215115365,0.035795615208041455,0.03893896424142386,0.046813492814602856,0.03807238974145111,0.042554361896806156,0.03465772257749322,0.040383283970982106,0.04147152685989448,0.044743542486093184,0.05236600804341113,0.04670142967875429,0.03716009709238614,0.05476376956085532,0.04109935904613384,0.049376386318222144,0.037545755214933065,0.03559540994882456
0.03252752133607943,0.040774530195373984,0.046548488552907226,0.03536680405494789,0.050159912996168524,0.03837689956882723,0.03616667815462329,0.03459565560680443,0.03797395197035736,0.0474248398038049,0.036726036042487906,0.044145420506892165,0.03275495087730549,0.03965448066468101,0.04132346380260068,0.04637674904139562,0.05337722180761045,0.047449815069498295,0.03668710882947706,0.05782801588141203,0.04087723444756273,0.050932466879005066,0.03698832753207524,0.03496342637810199
0.02913590466742952,0.040085834045318,0.04898589785236952,0.03318240761601074,0.052422545559745466,0.03827719449953301,0.03434789207008705,0.03264653399389132,0.036348023160369614,0.04851068075236334,0.03461928262870768,0.04668642134638868,0.02967266267582247,0.03850150115803421,0.041041252264766924,0.04904449940112997,0.055203618091798724,0.048719756886906065,0.03588024212454088,0.06259027008690106,0.04048549671099968,0.0535728201169484,0.03611789708548544,0.03392136520445223
0.02203927961236579,0.03851066061039462,0.05436636112923198,0.028385059118617464,0.0576834645641135,0.03787962547688497,0.03024277829343585,0.028220858432504294,0.032600759813415967,0.0513398295187176,0.030061188598940827,0.05225992906217866,0.023076684834864115,0.03564951726639398,0.04030373661188576,0.055178529800526496,0.059681242200080725,0.051613534031170256,0.03395208998656902,0.07203316894756294,0.039555026155108204,0.059654035336069444,0.03411222196455485,0.03160041863441267
0.021640684539524464,0.038420445587903064,0.05468798007544725,0.028098506592779838,0.05800449806452474,0.03785225669614942,0.029997179236095736,0.027959819733955945,0.032373535314248865,0.051528035897012894,0.029795352696994386,0.05258420056882606,0.02269619052223748,0.03547422109200387,0.04025589719890125,0.05554770318837225,0.05996345519393098,0.05178926517105857,0.03383086001786974,0.07253697985578623,0.03949247915608522,0.06002349299964119,0.03398763327222448,0.03145932732842608
