0,1,2,3,4,5,6,7,8,9,10,11,12,13,14,15,16,17,18,19,20,21,22,23
0.041573428,0.041959807,0.042029127,0.039344538,0.04395445,0.04516852,0.042779405,0.04467321,0.041795503,0.041046955,0.04372364,0.043878775,0.039890148,0.03927514,0.038705163,0.043787178,0.041687883,0.040048957,0.041317336,0.040965274,0.039233416,0.038196716,0.04215938,0.042806096
0.04164377,0.04184459,0.04186886,0.039164685,0.044091687,0.045166664,0.04294629,0.044662498,0.042208157,0.04099391,0.04343168,0.0439358,0.039548278,0.039143734,0.038597096,0.043697104,0.041596998,0.039800458,0.041359957,0.040934447,0.039564796,0.038544055,0.042445038,0.04280948
0.041368995,0.041850712,0.042079493,0.03907141,0.043839388,0.044840287,0.04314052,0.044989742,0.04277147,0.040599596,0.043019373,0.044622153,0.038916867,0.039571024,0.038478117,0.043439806,0.041952185,0.03978546,0.04164275,0.040816564,0.039225586,0.038374577,0.042883214,0.042720724
0.0412668,0.04214979,0.04246202,0.039168313,0.043381736,0.04460352,0.043367248,0.04432069,0.04241919,0.04149785,0.04277556,0.044750903,0.03894543,0.03968396,0.038857438,0.043426868,0.041531816,0.04006653,0.04110689,0.04066918,0.03990333,0.038657192,0.04262916,0.042358547
0.04178329,0.04271579,0.04242805,0.038733117,0.04302481,0.04528443,0.042884734,0.04411513,0.041554626,0.041860476,0.04287912,0.04391321,0.039517786,0.039177928,0.038977176,0.043927964,0.041557267,0.039615493,0.041298863,0.040985875,0.0398762,0.038564008,0.042486064,0.042838536
0.042113252,0.042523257,0.042405758,0.03855047,0.042529266,0.04514228,0.042963903,0.04418172,0.04214941,0.041537378,0.043387637,0.043398272,0.039195802,0.038825948,0.039113738,0.043948244,0.041558884,0.03958612,0.04177079,0.041584127,0.03936596,0.0380757,0.04314483,0.042947277
0.04259722,0.04276683,0.04228948,0.039244357,0.043045565,0.04499836,0.04318261,0.043959916,0.04205062,0.041372664,0.042972848,0.043363266,0.038605183,0.038574055,0.03855847,0.04430662,0.04126444,0.039957628,0.041805413,0.04096102,0.039366476,0.039027225,0.04303217,0.04269755
0.04287131,0.043321297,0.042261314,0.038927462,0.042655233,0.044807263,0.042648703,0.04471328,0.041904174,0.041746803,0.04286062,0.043738637,0.039314207,0.039145935,0.03821219,0.0440456,0.041423302,0.03968885,0.041064244,0.040970214,0.039594308,0.03904681,0.041942384,0.043095868
0.04266757,0.043020826,0.041730944,0.03889794,0.042906947,0.044835445,0.042455353,0.044396143,0.04196287,0.041336406,0.04363263,0.044125766,0.039408308,0.039605737,0.037840165,0.043533206,0.041775588,0.03984602,0.041297104,0.041538328,0.039489675,0.038963772,0.04194166,0.04279154
0.042275853,0.042229775,0.041497722,0.039029982,0.042622287,0.04498702,0.04313036,0.044665657,0.042553667,0.04088143,0.042940497,0.043914307,0.03877901,0.039500482,0.0384263,0.04420414,0.041706093,0.039953273,0.04198628,0.041333467,0.03936073,0.038860828,0.04303627,0.042124625
0.042868275,0.04224787,0.04244521,0.039334163,0.0422084,0.04426426,0.04330849,0.044433035,0.0425839,0.040652838,0.04214807,0.043847848,0.039126303,0.039117407,0.038484283,0.04434773,0.04128913,0.04051212,0.04164229,0.040980406,0.03934369,0.038979877,0.04328222,0.042552143
0.04169499,0.043286443,0.043132998,0.039705914,0.043867018,0.044578984,0.040177986,0.045924764,0.042451628,0.041212983,0.042053916,0.043851033,0.040750504,0.03891693,0.03791357,0.04209404,0.04153852,0.039944373,0.04239149,0.039466742,0.038230676,0.041036736,0.044171825,0.04160592
0.04322079,0.044357896,0.04313725,0.03939745,0.041940406,0.04612435,0.039251074,0.046379663,0.043006234,0.039175753,0.042401005,0.043146335,0.041498456,0.03863189,0.03904341,0.043014545,0.040849146,0.040657777,0.042476594,0.03851015,0.036564846,0.04020999,0.04477672,0.042228267
0.042892415,0.044240415,0.04317759,0.03946866,0.041187834,0.044794604,0.041977346,0.045035988,0.044609368,0.039344266,0.043031022,0.042762477,0.041430276,0.04006774,0.038639273,0.04430763,0.039826915,0.038215246,0.041894827,0.040732697,0.03765881,0.038480327,0.04410708,0.0421172
0.042838424,0.042685274,0.043033335,0.03934475,0.042998314,0.043226205,0.041814532,0.04453546,0.0438763,0.041876037,0.043196373,0.041374628,0.041958205,0.040912263,0.038045067,0.043431103,0.03915523,0.03904046,0.04072589,0.042075682,0.03891926,0.038544755,0.044839315,0.041553125
0.041989345,0.043092705,0.04184203,0.041321985,0.042876687,0.043741256,0.041236553,0.04446889,0.04237162,0.041134544,0.04172223,0.04143086,0.04204268,0.03961062,0.037917897,0.043670934,0.04103591,0.039609548,0.039927367,0.041975576,0.03915709,0.04044864,0.046026144,0.04134895
0.04227288,0.042759854,0.042543758,0.04029185,0.043550212,0.04373704,0.042848743,0.045077857,0.04396505,0.04106851,0.04063458,0.043762743,0.039413694,0.036629286,0.037775233,0.044195548,0.043910414,0.039838195,0.03957853,0.040332012,0.040461376,0.039297078,0.046090703,0.039964788
0.041329216,0.042207528,0.04302286,0.0403637,0.04201686,0.04505464,0.041257463,0.04524996,0.04310672,0.041443866,0.04065548,0.042326506,0.04017016,0.038278177,0.037643798,0.043623053,0.043027576,0.040963776,0.042095248,0.040411316,0.039773546,0.03939026,0.045453113,0.04113519
0.04040777,0.04401557,0.040956,0.04168296,0.04365451,0.047295474,0.039963383,0.045368474,0.04193864,0.04197059,0.04066788,0.04238979,0.03954997,0.0385878,0.038412962,0.044431932,0.041262366,0.040246204,0.040341847,0.041107036,0.038652614,0.039861284,0.0448313,0.042403646
0.04197727,0.044043716,0.042529292,0.03960179,0.043801002,0.044140227,0.040643334,0.045473967,0.042955752,0.04314409,0.041541386,0.045070436,0.039816953,0.039271727,0.03765257,0.043418124,0.041251317,0.038738042,0.03911258,0.04170535,0.038513716,0.03901818,0.044503093,0.042076096
0.043344952,0.043079346,0.042921536,0.03923465,0.042254757,0.043020025,0.042168695,0.046131484,0.04473884,0.043236665,0.04021467,0.043680336,0.038730845,0.038820185,0.037852664,0.045093317,0.04009373,0.03768876,0.041093078,0.040796667,0.040765915,0.03973086,0.04303795,0.04227015
0.042469148,0.044251557,0.04239389,0.038640823,0.041949123,0.046060182,0.04105484,0.047632482,0.043835696,0.042676285,0.041578576,0.043044508,0.03958391,0.038593236,0.03868724,0.04332274,0.039966848,0.037657995,0.04129547,0.040449493,0.04100625,0.039316695,0.042995844,0.041537184
0.041804682,0.045945242,0.040897135,0.038597062,0.042993296,0.047475114,0.039311014,0.047371015,0.04258362,0.041887358,0.04232163,0.043749247,0.03984149,0.03739654,0.037710518,0.0443216,0.041961875,0.03988097,0.039508466,0.041631274,0.03944609,0.038290348,0.044512786,0.04056162
0.041737944,0.045691676,0.041841898,0.03879621,0.042731967,0.045023344,0.040162213,0.04656664,0.04275558,0.041172013,0.0436379,0.04578198,0.039157733,0.03721289,0.03648195,0.044807322,0.04066019,0.03891896,0.039499402,0.043364163,0.03911234,0.03920417,0.045077376,0.040604156
0.041964713,0.044330116,0.042883858,0.038523708,0.04417616,0.043073077,0.04218757,0.043176766,0.04631334,0.042511657,0.042385865,0.04303097,0.039989688,0.038076397,0.038213417,0.04419147,0.04048122,0.0384867,0.0391229,0.04070369,0.038142473,0.039951634,0.047569886,0.04051275
0.042297214,0.043338794,0.043609943,0.039909583,0.044203207,0.04253669,0.042335603,0.04381521,0.04797384,0.042035818,0.0413838,0.042418778,0.03955979,0.037597187,0.038393453,0.044487614,0.04055303,0.040651064,0.039554913,0.039516356,0.039053086,0.03829998,0.046121728,0.040353272
0.041225348,0.04477046,0.041416425,0.038319677,0.04456548,0.04317938,0.04134599,0.044078875,0.048337426,0.041504815,0.04120293,0.04409655,0.038427997,0.037131388,0.038528983,0.045916513,0.040291972,0.040181458,0.040029723,0.041904025,0.038736966,0.0372899,0.047282193,0.04023551
0.041505236,0.0432525,0.04175817,0.0405157,0.042799026,0.042461358,0.043383993,0.045529358,0.045259878,0.041924935,0.041554287,0.045637608,0.037419856,0.037784807,0.036934678,0.04429786,0.040967442,0.039565906,0.04114898,0.042004354,0.038390107,0.0395407,0.04502208,0.041341145
0.041925307,0.04202457,0.041215386,0.04174121,0.044011243,0.044435162,0.04472513,0.044749208,0.0422225,0.039443947,0.03994658,0.046615925,0.0412326,0.03773827,0.03723791,0.042045437,0.04097025,0.040345743,0.03939989,0.040747546,0.04044224,0.040159676,0.045186114,0.041438114
0.040321305,0.042225186,0.042631757,0.041468207,0.043550435,0.044270933,0.04468645,0.044895332,0.042442936,0.039187532,0.038596634,0.04654972,0.04124318,0.037730835,0.03926665,0.04172741,0.041191492,0.040579494,0.03854601,0.041819226,0.038586568,0.04190682,0.045780618,0.040795248
0.041220192,0.043174293,0.0425404,0.04181094,0.043112252,0.041684125,0.04340439,0.04394803,0.045724172,0.041505888,0.04059641,0.04369815,0.03898597,0.038618095,0.040112592,0.043904252,0.040363315,0.038544852,0.039953157,0.041667774,0.039699655,0.039599944,0.045422222,0.040708907
0.041610543,0.043753903,0.04310689,0.04052571,0.042284455,0.04442248,0.04159277,0.043899626,0.04661913,0.040043745,0.042974122,0.041788243,0.03990649,0.038761254,0.03744696,0.044656124,0.03925698,0.039203025,0.041103095,0.04297218,0.039662648,0.038055815,0.044882353,0.041471463
0.04127932,0.041808702,0.041406214,0.041254465,0.04446585,0.046779722,0.043508586,0.043986376,0.04530318,0.040988915,0.041533493,0.042903014,0.040039614,0.039434835,0.037575018,0.04331506,0.03990347,0.040839788,0.040004786,0.041240584,0.038396146,0.03915541,0.043497708,0.04137979
0.041267313,0.042881202,0.04156199,0.041078568,0.043819256,0.04623356,0.044169303,0.043622322,0.044032227,0.041171838,0.042072263,0.0443027,0.040155433,0.039537627,0.036956772,0.042587567,0.04079019,0.04035395,0.039216656,0.040116686,0.039846882,0.039080393,0.04350778,0.0416375
0.04263841,0.04417713,0.041379493,0.04065409,0.043067664,0.045524463,0.044683363,0.04472428,0.04495684,0.042482093,0.040757377,0.044495035,0.040480006,0.038618337,0.038488913,0.041140493,0.039234582,0.038435422,0.039183967,0.041579075,0.040119503,0.03831425,0.043702617,0.04116255
0.043151252,0.045005903,0.04263964,0.0399096,0.04372918,0.043472104,0.041986447,0.044335447,0.046243113,0.039662454,0.03998178,0.044952653,0.041136425,0.038490146,0.037688974,0.043248236,0.03808035,0.040179,0.038936898,0.04284353,0.040120814,0.03997044,0.043736104,0.040499542
0.043590594,0.04821606,0.041907787,0.038298775,0.045565207,0.044658985,0.039671928,0.042782433,0.045050092,0.03944082,0.04091601,0.04615359,0.04311254,0.038933236,0.03684895,0.042610947,0.03947268,0.041560225,0.037137803,0.039743215,0.0384777,0.04190267,0.044076342,0.039871458
0.040137358,0.045522314,0.04228588,0.039711684,0.04391958,0.042524558,0.041958593,0.045819465,0.045495644,0.041602764,0.040807623,0.045673124,0.041154854,0.03719552,0.036601465,0.043783013,0.04196145,0.039659232,0.038403414,0.042331677,0.037759654,0.04062272,0.043811932,0.04125651
0.04154425,0.044204753,0.042614985,0.038312726,0.043096032,0.044802215,0.041734498,0.044754747,0.045728035,0.041843753,0.04068652,0.0448142,0.03998376,0.037698753,0.036964837,0.0434325,0.042119704,0.04006573,0.039459333,0.042997766,0.03768699,0.038610872,0.045732103,0.041110925
0.040237494,0.046187803,0.04199932,0.038595427,0.04133185,0.046285305,0.040312834,0.045914996,0.043326553,0.040080894,0.041034356,0.046370283,0.038775444,0.03810902,0.03682122,0.04359044,0.041442595,0.04068532,0.039669998,0.041857872,0.04013456,0.04026515,0.044005908,0.042965326
0.042854603,0.044533286,0.04430221,0.03792879,0.043603268,0.04570857,0.03952943,0.046035744,0.042426042,0.03899514,0.04333779,0.045171324,0.040296007,0.039139677,0.03749727,0.044733535,0.041560795,0.04019649,0.038258478,0.039671075,0.039405916,0.03898219,0.04316875,0.042663626
0.041696247,0.04237447,0.042563833,0.039814036,0.04358932,0.045233194,0.040078107,0.04523456,0.04396954,0.040469665,0.042205006,0.046342507,0.040309817,0.03791319,0.038190063,0.044841517,0.042179424,0.03867165,0.03800677,0.040755227,0.039720893,0.03929763,0.044026535,0.04251679
0.040836435,0.042633086,0.043142464,0.040743183,0.042728245,0.04463567,0.040912144,0.04492091,0.043738857,0.039875213,0.041468613,0.04554629,0.040450912,0.03868177,0.03827764,0.044471473,0.04156955,0.03899974,0.038900703,0.041591506,0.039199512,0.039922252,0.04500248,0.041751347
0.04197462,0.04236808,0.04282425,0.040937852,0.044008195,0.043677453,0.042619985,0.044829793,0.044419765,0.03925581,0.041004777,0.045438576,0.04025673,0.038275767,0.03811739,0.044216543,0.040585537,0.038796674,0.03985745,0.040723737,0.04023387,0.040504873,0.04477619,0.04029599
0.041554507,0.041628987,0.04280494,0.04066093,0.044219643,0.04354178,0.042911764,0.045231357,0.045272898,0.04003547,0.0413382,0.04373365,0.040157236,0.037964534,0.03839604,0.044104874,0.040131647,0.03772878,0.04052038,0.041408982,0.041026372,0.04089815,0.045624115,0.039104756
0.04160673,0.04218686,0.042724106,0.040564265,0.04380172,0.04412524,0.041821316,0.045777693,0.045133773,0.039568674,0.04002763,0.04534497,0.041268118,0.038917325,0.038125925,0.0447592,0.04023229,0.038336553,0.040150195,0.04117066,0.040444657,0.039637525,0.044675484,0.039599054
0.04145796,0.04376211,0.041992027,0.040924545,0.043445203,0.045072064,0.04073085,0.045989405,0.04438569,0.038504917,0.04038303,0.04588107,0.04118244,0.03961138,0.037113782,0.04424926,0.04083887,0.039981317,0.039556168,0.04090488,0.040202085,0.039062258,0.043355323,0.04141341
0.04219661,0.043016527,0.041342027,0.04118994,0.043771334,0.045113493,0.04268857,0.04501816,0.043990616,0.039495464,0.040609222,0.045288436,0.04029587,0.039215945,0.036799286,0.044206254,0.040883053,0.039574735,0.039552294,0.04149091,0.03852997,0.040704746,0.04293721,0.042089313
0.04215293,0.04233909,0.041416444,0.04066937,0.044391874,0.04474834,0.042874556,0.046139285,0.042168908,0.038288005,0.040714797,0.0457161,0.040302187,0.038925786,0.037575364,0.044971105,0.04106312,0.039596453,0.03893659,0.041702047,0.03894432,0.03976629,0.044433422,0.04216358
0.04117021,0.04315883,0.042502996,0.040440127,0.04327194,0.045089222,0.042964704,0.04596532,0.041851066,0.03924727,0.041257627,0.04534988,0.04049099,0.03867343,0.037682395,0.043700892,0.041723758,0.039611142,0.0387226,0.04271374,0.039939757,0.040448245,0.044019554,0.040004276
0.041992214,0.043097064,0.04355582,0.040866766,0.042436134,0.044376004,0.043298926,0.044685215,0.042622674,0.04115027,0.04207887,0.046096478,0.039001975,0.038356792,0.03758703,0.043199338,0.042046588,0.03979877,0.038528897,0.042483456,0.038632773,0.039901007,0.043621548,0.0405854
0.04242925,0.042863,0.045855805,0.038728047,0.042849448,0.045036364,0.04245684,0.0452912,0.042089008,0.040424444,0.043792415,0.044854995,0.038076516,0.039292146,0.03791532,0.04345697,0.04166646,0.039190676,0.041198242,0.04146092,0.03767906,0.03956056,0.04258001,0.0412523
0.0428537,0.04298985,0.045967452,0.039788175,0.042611342,0.04601895,0.042691134,0.044845015,0.04125781,0.041163314,0.043572128,0.044017266,0.038566183,0.04021024,0.037344493,0.043835957,0.041386943,0.0382465,0.040904026,0.040010873,0.03904385,0.038679767,0.042712376,0.04128262
0.0428775,0.04411954,0.045485727,0.039842475,0.04358395,0.044938695,0.04115359,0.045285642,0.044213045,0.041369338,0.043256152,0.0461781,0.040098652,0.040511064,0.037030905,0.042589717,0.041079182,0.037851077,0.037741475,0.03884419,0.037819516,0.03866301,0.04505327,0.040414184
0.043345287,0.044356383,0.04330412,0.038526226,0.044576462,0.0450824,0.03937439,0.047497112,0.046278726,0.039576232,0.04354265,0.04716404,0.041732952,0.038424406,0.036343977,0.043515254,0.040590495,0.03839553,0.03706371,0.03987797,0.03668544,0.03916163,0.04627662,0.03930801
0.042840097,0.046020888,0.04193177,0.03912093,0.044578288,0.04707086,0.038155448,0.0456756,0.046649802,0.03833305,0.04236143,0.047717147,0.042022318,0.038438562,0.038261577,0.044472665,0.03974256,0.038502097,0.036407266,0.04027026,0.0372076,0.04011959,0.045237776,0.038862426
0.042168,0.04355974,0.04009634,0.040415253,0.044142142,0.04674971,0.04029816,0.04462756,0.046150535,0.03662297,0.04211074,0.047287382,0.041086625,0.038257807,0.038919374,0.043985188,0.040165793,0.04015969,0.036114607,0.041263193,0.040490907,0.040775754,0.045721702,0.038830806
0.04364342,0.043919247,0.039349325,0.038966943,0.043254487,0.04660589,0.041807935,0.043110207,0.04433226,0.0372222,0.041934744,0.04593848,0.040470015,0.038699005,0.038573302,0.04421083,0.04061759,0.04074151,0.036707487,0.042161748,0.040714853,0.041186783,0.04575504,0.040076673
0.042043336,0.04378581,0.041507978,0.0393692,0.043022323,0.044668302,0.042744853,0.044064745,0.045400143,0.03765091,0.04103523,0.04697045,0.040384337,0.03961853,0.037098374,0.043763828,0.040782515,0.039514583,0.03837788,0.04293003,0.03958521,0.041745607,0.04443599,0.039499898
0.041362986,0.04523093,0.042317245,0.040302504,0.042709246,0.043424178,0.04209229,0.043939825,0.04686966,0.039014667,0.04203327,0.043957524,0.038468786,0.03838177,0.03613406,0.0438407,0.040840168,0.039006088,0.03989343,0.042588055,0.040322497,0.04132462,0.045538004,0.040407468
0.041185413,0.045938436,0.043762453,0.039233573,0.042220682,0.046069313,0.04070963,0.044850107,0.04602756,0.0394321,0.042928357,0.042902958,0.038477395,0.03881575,0.035985395,0.042108282,0.040708773,0.039594844,0.04126635,0.042320017,0.038750365,0.040291682,0.045324665,0.04109593
0.03962785,0.044058297,0.044022717,0.03924018,0.045006443,0.045664933,0.041654218,0.044758275,0.047897972,0.038803488,0.04122877,0.044452995,0.038127087,0.03803352,0.037165184,0.044087455,0.04132491,0.038114216,0.04073115,0.042919204,0.037681594,0.03943614,0.046150673,0.039812688
0.04105238,0.043252517,0.044643153,0.039172288,0.04634579,0.04465045,0.041720204,0.044624247,0.04815119,0.03954136,0.04077885,0.044974558,0.038492423,0.03761131,0.036519427,0.044678006,0.042824503,0.039228037,0.039272457,0.04135131,0.036744665,0.039669193,0.044982754,0.03971885
0.042284243,0.041630723,0.045833386,0.03875695,0.04503825,0.04606405,0.041758973,0.045679633,0.0488321,0.038767762,0.03991745,0.045287363,0.0418799,0.038366124,0.035532862,0.044412825,0.041782737,0.038185574,0.03922528,0.040102612,0.03584044,0.04057967,0.04559017,0.038650986
0.042587746,0.043478005,0.045184154,0.037793446,0.04520528,0.046494223,0.04070087,0.045367017,0.047120564,0.039305396,0.04094702,0.044893272,0.041796517,0.039717637,0.0359225,0.044514436,0.041039526,0.037679233,0.040236287,0.038727697,0.036313195,0.03971918,0.04708238,0.038174424
0.04188009,0.042757303,0.043521564,0.039637443,0.046680335,0.046305854,0.04220212,0.043972768,0.047762606,0.041138135,0.04066963,0.042722743,0.04085844,0.03885279,0.03705566,0.04264217,0.040427204,0.03715733,0.039554227,0.038508415,0.038726687,0.041587025,0.047243085,0.038136367
0.041406017,0.043054715,0.043613262,0.03815727,0.0460625,0.047249645,0.04186703,0.043453574,0.045991406,0.041460324,0.041281566,0.04417048,0.039100893,0.03881641,0.03745814,0.04447377,0.04061288,0.03875043,0.039262787,0.03887675,0.038929276,0.040070303,0.046736002,0.039144535
0.041211415,0.0451942,0.044780206,0.038304903,0.045482773,0.048375964,0.038747527,0.04291054,0.04404569,0.040088523,0.042696107,0.04375965,0.04091923,0.039026067,0.037974283,0.04431386,0.039136745,0.040371712,0.039112438,0.03890035,0.037212335,0.040067565,0.047564294,0.03980365
0.042807307,0.044363186,0.044614583,0.039611876,0.046298303,0.043722786,0.04071606,0.042120073,0.04520541,0.03956033,0.041655,0.04336974,0.039541118,0.03941151,0.03665879,0.04446237,0.039835904,0.040948678,0.0404002,0.040037293,0.038407393,0.040489145,0.046389524,0.039373476
0.041619588,0.044729505,0.04284751,0.039166685,0.045732304,0.0441196,0.041072126,0.040295,0.045033086,0.038860716,0.03944537,0.04347372,0.039766088,0.039716292,0.038329918,0.04535504,0.04066291,0.041930277,0.039484452,0.041471064,0.038486596,0.04125893,0.047262628,0.039880622
0.041508034,0.044970963,0.042405713,0.03973246,0.043252446,0.045521595,0.040736865,0.041705612,0.046948392,0.039639592,0.040096197,0.044320874,0.040191706,0.04034285,0.037729762,0.043695413,0.039425317,0.041451544,0.04074631,0.040918656,0.037739966,0.03948205,0.047478996,0.039958704
0.041377757,0.044225167,0.042649046,0.039551,0.044918347,0.046659246,0.042026285,0.042935695,0.044701446,0.040730305,0.041395593,0.04314504,0.040456522,0.040072396,0.037478484,0.043153223,0.038793292,0.04069918,0.03901816,0.040018257,0.038984448,0.038808737,0.047681816,0.040520545
0.040857084,0.043392394,0.04231736,0.039689403,0.04819528,0.045742333,0.040784337,0.04455184,0.04352017,0.0396695,0.043015845,0.04534112,0.038962115,0.038339403,0.037840646,0.043562803,0.039336905,0.04002307,0.038075082,0.039627895,0.039464187,0.040299464,0.046370007,0.041021753
0.04183735,0.04332137,0.044859197,0.038905673,0.04764533,0.0454093,0.039586112,0.042210996,0.043708656,0.040212728,0.04152747,0.045075644,0.038858555,0.038012736,0.036871847,0.044750255,0.04023387,0.041416757,0.038224928,0.040517338,0.037835743,0.040269632,0.04860655,0.040101934
0.041923333,0.047672737,0.043019015,0.039734054,0.045342885,0.045346383,0.040003024,0.042912696,0.043971807,0.041227806,0.04096904,0.044263713,0.03956627,0.037365455,0.037486434,0.04470776,0.03919295,0.04077722,0.037813906,0.0418547,0.03735243,0.040753424,0.047209498,0.03953353
0.040504742,0.047499143,0.04027332,0.038509253,0.0458265,0.045919616,0.038864404,0.045602027,0.04559425,0.040907614,0.041453864,0.04442451,0.041558154,0.03710624,0.037560593,0.04409894,0.03967667,0.042460177,0.037927173,0.043097004,0.03559399,0.040236644,0.045400172,0.039904945
0.040727437,0.046542704,0.042232666,0.0388751,0.044597294,0.047569573,0.03916593,0.045780394,0.04349712,0.041723955,0.043911908,0.043018352,0.041685257,0.037377335,0.038114287,0.04257701,0.03853456,0.04301293,0.037938703,0.041085277,0.035035994,0.04112696,0.04481852,0.041050766
0.0409854,0.04653902,0.04331104,0.03920414,0.04515335,0.046230137,0.040777717,0.045074705,0.042142645,0.039759245,0.0434159,0.042974114,0.039159115,0.038139496,0.038796175,0.042157024,0.03920916,0.04264525,0.03905598,0.040573742,0.038657747,0.03989671,0.04515196,0.04099021
0.042174924,0.046900142,0.043233596,0.04212039,0.04224489,0.04569135,0.039195288,0.046494115,0.04387539,0.038685292,0.041344404,0.0439818,0.04178242,0.038387183,0.037383094,0.04283623,0.039169047,0.041130338,0.038747787,0.041841097,0.03896631,0.03946188,0.0455772,0.0387759
0.043971367,0.04647154,0.04456665,0.042618137,0.04135293,0.046495263,0.038097024,0.04743281,0.043806206,0.039269775,0.0429844,0.044489443,0.043474693,0.038593393,0.03671875,0.043490633,0.038843334,0.03989838,0.03822089,0.039040156,0.03726584,0.038214497,0.045793492,0.03889042
0.044536136,0.04559859,0.043073956,0.039730087,0.04424534,0.045828834,0.039811794,0.045555994,0.04510001,0.039425172,0.04102683,0.046270277,0.041738167,0.040030655,0.03740016,0.04375041,0.040141802,0.03908468,0.03722553,0.04010559,0.037877835,0.037329063,0.04592273,0.03919037
0.043148413,0.045929752,0.042806834,0.03886338,0.04274099,0.045766722,0.040368482,0.04682995,0.046477668,0.038972866,0.03967943,0.04954221,0.04129525,0.040497847,0.03690602,0.043864757,0.040761232,0.038751323,0.037755944,0.04021893,0.035578918,0.0376205,0.04760997,0.038012605
0.042616807,0.04505071,0.042793337,0.040093806,0.04249093,0.044158466,0.039755978,0.044916883,0.046581637,0.04036433,0.040604163,0.04813112,0.040820792,0.040368997,0.037113786,0.044362493,0.042097513,0.039113685,0.03875087,0.041130442,0.036129035,0.037111387,0.04784468,0.03759815
0.04133512,0.044674043,0.042062726,0.041103028,0.043708865,0.044225767,0.04171653,0.0435581,0.044167504,0.038758505,0.04078332,0.046248596,0.040664483,0.03944401,0.03737168,0.04566865,0.04287652,0.04003809,0.038321543,0.041434307,0.038467176,0.03837532,0.045258515,0.039737698
0.039952584,0.045234326,0.042808004,0.04158495,0.043612175,0.04431491,0.042812172,0.04563847,0.043877672,0.03857282,0.04232003,0.048045922,0.039469425,0.039913934,0.037676606,0.042701676,0.041632447,0.040502075,0.03823621,0.039961554,0.039361466,0.04030938,0.04219037,0.039270826
0.041521456,0.04402405,0.044299934,0.041194364,0.04314834,0.043567333,0.04066966,0.04496465,0.04310643,0.039160762,0.04166018,0.04619085,0.03869754,0.03936099,0.037891977,0.04275249,0.042111766,0.040654086,0.039636288,0.041365378,0.037740104,0.04095545,0.043918118,0.04140786
0.041352917,0.043430224,0.043512367,0.03833171,0.043590676,0.045388434,0.04187008,0.04430312,0.043061595,0.040351268,0.04245287,0.044938907,0.039441008,0.03900872,0.03859322,0.04348411,0.040389553,0.040170267,0.039485846,0.041645903,0.036828127,0.038343932,0.046471085,0.043554105
0.039560407,0.043874297,0.043446615,0.038520537,0.043134794,0.04517508,0.042232938,0.044699054,0.04489165,0.04003913,0.042206973,0.044948086,0.03876741,0.038911592,0.03736961,0.042990055,0.040488448,0.04066988,0.040715918,0.04241982,0.037947077,0.037489403,0.04682283,0.042678356
0.040809836,0.04231124,0.04329656,0.039682932,0.041326698,0.044581734,0.04177311,0.044562556,0.04443602,0.042435173,0.041976403,0.044634912,0.04009381,0.03973194,0.036598466,0.04197612,0.041219592,0.039510608,0.042752713,0.04203212,0.038283955,0.03877875,0.045546822,0.04164798
0.041604426,0.044005692,0.04356392,0.03948985,0.04333645,0.044420537,0.042262036,0.043624666,0.04383374,0.042595215,0.04260552,0.044560824,0.039145194,0.038748927,0.037024755,0.04235896,0.040997364,0.038748596,0.041423187,0.041368075,0.038282458,0.038477268,0.045167483,0.042354755
0.042161167,0.042917795,0.043709025,0.03956986,0.044257298,0.043734115,0.039972503,0.044160735,0.04435721,0.04098293,0.042860225,0.04479192,0.039614156,0.0396869,0.037704658,0.0440673,0.04165697,0.04170525,0.039689083,0.039999273,0.0384524,0.03891685,0.04465491,0.040377494
0.040682368,0.043312117,0.040951476,0.038812496,0.043764908,0.044603705,0.04104754,0.046552952,0.047707092,0.040980984,0.041875463,0.04369148,0.04000902,0.038872972,0.038774773,0.044390623,0.040489636,0.04117451,0.040081814,0.0388508,0.03731656,0.039102145,0.046879116,0.040075447
0.039203823,0.04400983,0.041741032,0.038771424,0.04392887,0.044140458,0.042291533,0.045300722,0.047318738,0.04077466,0.043291286,0.04390324,0.038568784,0.03863092,0.03815639,0.044016227,0.038965646,0.041867018,0.039516263,0.040643115,0.039156258,0.03869677,0.045853727,0.041253235
0.03958442,0.043063134,0.04198721,0.038725805,0.042636566,0.044426624,0.041124437,0.0450069,0.046648864,0.040824883,0.04407155,0.04414324,0.038833693,0.038785324,0.037779164,0.045783356,0.040919382,0.0393031,0.039519697,0.041807905,0.038549516,0.039813854,0.046851944,0.03980943
0.03987181,0.04391115,0.043402568,0.038578976,0.043803252,0.045494698,0.041659754,0.044747427,0.045019094,0.0411865,0.042015716,0.042838976,0.039463386,0.03965922,0.038437076,0.044588245,0.040685516,0.039826035,0.03923756,0.040679116,0.03902043,0.04040318,0.045055047,0.040415246
0.039997123,0.04466932,0.043899417,0.039404955,0.044591043,0.04758513,0.03966288,0.04501915,0.045128264,0.04090112,0.04145598,0.04328763,0.040128566,0.039642815,0.038442057,0.044246737,0.03914609,0.038397234,0.04001036,0.040076528,0.038846172,0.03849432,0.04587496,0.0410921
0.040601827,0.042755134,0.04243638,0.03896625,0.044364367,0.045581497,0.040494088,0.04739044,0.044316813,0.040253565,0.041238192,0.042323552,0.03940633,0.039928775,0.038317848,0.04636843,0.040303092,0.03878584,0.042201947,0.040498476,0.038333528,0.039793044,0.04493979,0.04040078
0.040513653,0.041674275,0.042178877,0.039319843,0.04398103,0.045087233,0.04350739,0.044765957,0.04373696,0.040875327,0.04197856,0.045275632,0.038556658,0.040661566,0.03661028,0.042473648,0.04142155,0.040918585,0.041790262,0.039908208,0.04004585,0.0409972,0.04341908,0.040302362
0.039855864,0.04300999,0.041945357,0.039326433,0.04388641,0.045109324,0.042241316,0.04321233,0.04314907,0.040350053,0.042187173,0.04486603,0.0412188,0.03990967,0.03650523,0.043505944,0.039920952,0.040341966,0.03964838,0.04002082,0.0385107,0.041412473,0.048585285,0.04128043
0.040618937,0.043997064,0.042021606,0.037333876,0.043492775,0.04606131,0.040245716,0.04513601,0.0433109,0.042385705,0.042076934,0.04448888,0.04074281,0.038337503,0.037156336,0.044504363,0.041020487,0.03948091,0.039351813,0.03948751,0.036161896,0.04034667,0.050414894,0.041825123
0.04034064,0.042024035,0.042044792,0.037064917,0.04430872,0.04600716,0.04213489,0.04588869,0.04488602,0.04167565,0.040658962,0.045449235,0.039921325,0.03790318,0.038308956,0.045386296,0.042116936,0.039340694,0.03874744,0.039956734,0.037123013,0.03879462,0.049355865,0.04056122
0.0400779,0.042220704,0.042761676,0.038841,0.044439424,0.04523826,0.04127579,0.045684244,0.045849334,0.04075539,0.04068043,0.045735124,0.040904246,0.038605362,0.03749287,0.044176187,0.042601377,0.039380915,0.03931971,0.04032657,0.03807766,0.038943145,0.046343375,0.040269334
0.041309826,0.044447433,0.04396911,0.0393556,0.04241523,0.046335682,0.039619442,0.04573238,0.046120442,0.04082365,0.042926997,0.04521437,0.041444995,0.039303176,0.036807623,0.043574154,0.039907828,0.03990765,0.038744036,0.040426377,0.038346462,0.037264697,0.045570936,0.040431898
0.040173713,0.044079017,0.042760294,0.040856782,0.04378191,0.04489723,0.041317135,0.04436233,0.044996418,0.04186037,0.04252948,0.043708228,0.040531997,0.040741116,0.037207793,0.04278041,0.03913887,0.038796768,0.04094168,0.039528057,0.038562275,0.039735585,0.04567546,0.041037053
0.0410263,0.043332864,0.039808642,0.041281004,0.04359935,0.044939417,0.042615484,0.044597663,0.043634094,0.040692173,0.043002922,0.04262652,0.04281097,0.039039798,0.038164724,0.041293696,0.039243635,0.039956745,0.040151615,0.04115101,0.03797494,0.040555876,0.046225697,0.04227482
0.041630033,0.043133207,0.041355204,0.038841788,0.043396972,0.0441201,0.04149457,0.047785033,0.045100734,0.038725097,0.042084042,0.04239925,0.042264316,0.040657893,0.0369919,0.042816587,0.041204464,0.040713176,0.04055904,0.042332385,0.034927923,0.03870134,0.047200914,0.04156401
0.04252128,0.040325493,0.039991923,0.04074273,0.044151697,0.04452245,0.04401052,0.048939858,0.04482603,0.03984239,0.041615136,0.04129561,0.04048093,0.038798798,0.03539592,0.04242103,0.0396034,0.04105623,0.038709283,0.043360513,0.03798209,0.04178817,0.048246533,0.039372
0.04157974,0.041142583,0.04031842,0.04212487,0.04271364,0.04381981,0.04306463,0.047132347,0.04293839,0.040196348,0.043154076,0.042463887,0.039503694,0.039038386,0.03632148,0.0420481,0.04082664,0.042336255,0.038411047,0.042763364,0.038767926,0.042867675,0.045008097,0.041458607
0.041814987,0.043828666,0.042244688,0.03862173,0.04344985,0.044379212,0.040832207,0.04606752,0.045683198,0.03953205,0.043945715,0.042107765,0.0403991,0.03791465,0.037772417,0.042336006,0.041897573,0.041302558,0.040150855,0.040782746,0.037731677,0.039605267,0.04765219,0.03994735
0.0385962,0.042545218,0.041883737,0.03988214,0.043839682,0.046088867,0.038714994,0.047017734,0.04593811,0.038413297,0.04465151,0.043219324,0.04045252,0.03836472,0.0376347,0.043873988,0.03982852,0.041231595,0.040934786,0.041075796,0.03694025,0.039091565,0.04863573,0.041145004
0.040118936,0.040575102,0.041585688,0.043576058,0.046640616,0.04830412,0.03953726,0.04632599,0.043453302,0.04155322,0.04171053,0.046376605,0.041642502,0.039931845,0.037330884,0.04307561,0.040648106,0.041324474,0.03743539,0.038879532,0.0362494,0.037943795,0.04537925,0.04040177
0.043735005,0.043478064,0.043740153,0.043351777,0.046283387,0.04633076,0.040750332,0.04363594,0.043986745,0.040663045,0.041820467,0.045994494,0.040444247,0.04006991,0.036269907,0.04183175,0.039674137,0.039265074,0.036782894,0.03849193,0.037462406,0.040631074,0.044004768,0.041301697
0.042871613,0.04340838,0.043185733,0.041632704,0.043123104,0.04593825,0.041063376,0.045056667,0.044591077,0.039857175,0.040814962,0.04539454,0.038767926,0.041182637,0.036265016,0.043996073,0.04154234,0.038304724,0.04000854,0.039333716,0.038282704,0.040065136,0.043396372,0.041917205
0.039984547,0.043760747,0.04268185,0.040399756,0.044321913,0.044867914,0.040025663,0.049312588,0.0435072,0.040453985,0.043771286,0.045020163,0.040596735,0.04263569,0.037114263,0.042561278,0.040914096,0.04073829,0.039417926,0.03881727,0.038175166,0.039246388,0.042289626,0.039385702
0.039639972,0.044625193,0.04183424,0.037373878,0.044982966,0.04202767,0.03911788,0.045429956,0.045517065,0.040882017,0.043949928,0.044926662,0.042730853,0.03838408,0.03779578,0.042957343,0.0431031,0.041526888,0.03996962,0.039051663,0.03762215,0.04009845,0.04729792,0.03915471
0.040198095,0.043038305,0.042513847,0.041697778,0.04302121,0.042608965,0.041009277,0.04551147,0.047193404,0.038280427,0.043978736,0.04691266,0.041272543,0.039511763,0.037518714,0.04268858,0.040638916,0.038090765,0.037953068,0.040613316,0.038195923,0.041410293,0.04727737,0.038864616
0.040705115,0.043441165,0.043987453,0.041356154,0.044875372,0.04269326,0.04183376,0.048353065,0.04771267,0.040396385,0.042098623,0.04600384,0.042103875,0.037149593,0.03528561,0.042843,0.040195115,0.039622426,0.036325097,0.03926795,0.03911381,0.039997954,0.04564561,0.038993023
0.042563926,0.04445074,0.042479374,0.03966439,0.044390135,0.044157404,0.042287942,0.04587344,0.045352735,0.04196168,0.041887768,0.044640712,0.04072255,0.036712002,0.03695942,0.042455867,0.04084588,0.03921645,0.03749676,0.03903737,0.03792672,0.04131266,0.045621127,0.041982982
0.04056957,0.04445685,0.041318476,0.039855592,0.046089202,0.044090994,0.040600825,0.04599968,0.047632087,0.0388713,0.04130314,0.045123905,0.041224193,0.037981376,0.03633613,0.04504675,0.03987492,0.041006904,0.036014322,0.039528936,0.03934993,0.04101277,0.04677565,0.039936543
0.03863985,0.042826235,0.042016115,0.041031905,0.0449381,0.045845572,0.040991362,0.046265453,0.046200152,0.039749064,0.04185472,0.04501163,0.039415117,0.03841139,0.03744594,0.044501167,0.038856905,0.04114956,0.035992935,0.041884333,0.039465737,0.04219368,0.04626288,0.039050147
0.041122302,0.042301677,0.04517442,0.040231485,0.04327419,0.045067992,0.041003276,0.047697622,0.043745164,0.039786957,0.040399186,0.046307407,0.03931475,0.039289456,0.037382174,0.04450557,0.03914239,0.04089844,0.0383859,0.040320136,0.039004337,0.03981622,0.04566389,0.040164977
0.040199418,0.04562757,0.04385832,0.039498776,0.043966446,0.046163294,0.04106895,0.048069753,0.044062987,0.038988467,0.040664658,0.04428727,0.0405058,0.0397108,0.03712427,0.04485354,0.03912474,0.037889227,0.038662493,0.038996138,0.038453195,0.040287487,0.047249123,0.040687304
0.039369565,0.043832384,0.041827828,0.039093394,0.043337665,0.047303066,0.04116179,0.04615495,0.045323,0.04085155,0.041388974,0.044879362,0.03943499,0.038247276,0.03831111,0.043229844,0.039039984,0.04012368,0.039329052,0.039550893,0.03981509,0.041335937,0.046203956,0.040854618
0.040130407,0.044546094,0.044481024,0.037945863,0.04493701,0.048248205,0.038463306,0.046471592,0.043809745,0.040022597,0.041413665,0.04419931,0.040689573,0.038799793,0.038987547,0.04717781,0.038585216,0.038054112,0.038135342,0.038796477,0.038659066,0.03959555,0.047153257,0.04069747
0.04248503,0.042619087,0.04490041,0.04024135,0.04232153,0.046079632,0.04080889,0.047308963,0.044128228,0.03832447,0.04242928,0.045745812,0.039036315,0.042392917,0.03924351,0.044756696,0.03915671,0.037318293,0.039592747,0.03689879,0.0392626,0.039304726,0.045864444,0.039779536
0.041271377,0.04090869,0.042034976,0.041013192,0.04226306,0.045604646,0.04447892,0.045985423,0.04491097,0.039426036,0.040723097,0.04757094,0.040089887,0.040385816,0.03961858,0.04241784,0.040352438,0.039454736,0.037391514,0.03746381,0.040018994,0.040287297,0.046408504,0.039919235
0.04259343,0.04422353,0.041641537,0.039872717,0.04451685,0.04516521,0.040737458,0.047095742,0.04665067,0.040227428,0.040698506,0.04509109,0.044177853,0.037964545,0.03715585,0.04329342,0.039320003,0.038360067,0.037462417,0.040992588,0.038017634,0.038590103,0.04603371,0.04011766
0.04249148,0.043152053,0.043517545,0.040478587,0.04373264,0.045604642,0.04028531,0.04742522,0.045880824,0.042974934,0.038281217,0.04720202,0.043911148,0.039323065,0.03495724,0.044017468,0.038013615,0.039080717,0.03762108,0.04093658,0.03662223,0.038056202,0.047557414,0.03887674
0.04079215,0.044845663,0.041589126,0.03769028,0.045764413,0.047919188,0.041291118,0.045840293,0.045195144,0.04030955,0.038181134,0.047410175,0.04428436,0.03926817,0.0354947,0.043860912,0.038996223,0.039711986,0.038218375,0.040309537,0.03677228,0.041033592,0.04770243,0.03751925
0.04206389,0.04353376,0.0408294,0.040840928,0.04519074,0.044921823,0.04350944,0.045027014,0.045769576,0.038176704,0.040012598,0.04526966,0.04118238,0.038754918,0.037928365,0.043211043,0.04003746,0.04188255,0.03769471,0.04171137,0.03712328,0.04194379,0.044480413,0.038904235
0.040870328,0.044136513,0.038886778,0.041287184,0.046901125,0.043401275,0.04403208,0.044060156,0.047265656,0.037354402,0.040993515,0.044164713,0.041054178,0.038163524,0.036183473,0.0442253,0.038836382,0.042074848,0.037337273,0.045230236,0.035811555,0.04081275,0.045768883,0.04114788
0.041296866,0.04881577,0.03928277,0.03818595,0.044223893,0.046429645,0.03839154,0.04471061,0.04630727,0.039772045,0.04265966,0.041558694,0.03918056,0.037560888,0.036361694,0.04468864,0.039559748,0.041157775,0.037532084,0.04197949,0.03805388,0.040472593,0.049098954,0.042718966
0.041996956,0.044667616,0.04271343,0.038436137,0.044527914,0.046465877,0.037952375,0.044700086,0.044659782,0.039198928,0.042346347,0.041896366,0.04320392,0.038938757,0.038376383,0.042280488,0.041557238,0.0421966,0.037495267,0.039278045,0.038187098,0.0406999,0.047183044,0.04104145
0.044376932,0.041716076,0.04314554,0.04057504,0.04449496,0.045701455,0.039218977,0.045108963,0.04443023,0.039149936,0.042135373,0.045478918,0.042284537,0.039210897,0.037892308,0.042897567,0.04223383,0.040910274,0.038564708,0.03925714,0.037197463,0.04037996,0.045837734,0.037801195
0.04182498,0.044017486,0.043095227,0.038264513,0.045810334,0.045801748,0.040495984,0.045575954,0.041985005,0.04079396,0.043861516,0.04412729,0.03991255,0.038837913,0.03843518,0.0434043,0.041631527,0.03931334,0.039194867,0.038464285,0.038074408,0.040207244,0.045628294,0.04124215
0.04293548,0.043077685,0.043518763,0.038889024,0.045265216,0.045385193,0.041734725,0.044511925,0.043461736,0.041475132,0.04384929,0.04463267,0.03975045,0.038921397,0.037612323,0.042987548,0.04048613,0.03932314,0.03764368,0.039819606,0.03894171,0.03991474,0.045003984,0.040858492
0.04340624,0.04370776,0.042701405,0.039611924,0.044118464,0.044493556,0.042528816,0.045077186,0.04425861,0.04191941,0.042432986,0.043090917,0.039945696,0.037890196,0.036619976,0.044212118,0.039489336,0.03841134,0.03838663,0.039926726,0.040661406,0.04051501,0.044894584,0.041699708
0.042006362,0.044138014,0.043216348,0.03971173,0.043466453,0.043969534,0.041918647,0.04535733,0.044245064,0.0419758,0.04265239,0.042978857,0.039853714,0.038464084,0.037470005,0.044452142,0.041373383,0.03950429,0.03878214,0.03827087,0.04017439,0.041024048,0.043225795,0.04176857
0.041055303,0.045032103,0.042913653,0.039461102,0.043835875,0.044350438,0.040971372,0.046144497,0.045742583,0.04175143,0.04289033,0.044141676,0.039849814,0.037636276,0.037459277,0.043752734,0.04187235,0.040345073,0.037840992,0.0390088,0.039313376,0.04081337,0.044629496,0.039188035
0.041359726,0.044513516,0.041583944,0.040187724,0.044358913,0.044254865,0.042390972,0.04433062,0.0450977,0.04052226,0.044067964,0.045708936,0.03837503,0.03750428,0.038368948,0.044571247,0.041621476,0.038918827,0.03889824,0.039650876,0.03893702,0.039823737,0.044262882,0.040690284
0.04214082,0.042859368,0.043755338,0.03953449,0.044967487,0.045692038,0.041935716,0.04433701,0.04524859,0.04078135,0.04259343,0.045806378,0.037722416,0.03855919,0.037441477,0.04586852,0.041672584,0.038427327,0.03886971,0.039365303,0.039271697,0.03789935,0.04442271,0.04082776
0.04316468,0.04344359,0.043356925,0.03961444,0.04535939,0.046053328,0.042091805,0.044178,0.04576195,0.041680627,0.042700008,0.04488777,0.038746208,0.03768034,0.03827517,0.04422089,0.039546978,0.03837421,0.03872933,0.03893,0.039571412,0.03727304,0.045243286,0.041116606
0.042240344,0.044720057,0.042361163,0.038058616,0.045617804,0.04553923,0.041358203,0.045898955,0.04599902,0.041162975,0.04239696,0.0432662,0.03864511,0.038337372,0.037935864,0.044928376,0.040529065,0.040056463,0.037705794,0.039086353,0.038476128,0.037229188,0.046227112,0.042223677
