Stock_1,Stock_2,Stock_3,Stock_4,Stock_5,Stock_6,Stock_7,Stock_8,Stock_9,Stock_10,Stock_11,Stock_12,Stock_13,Stock_14,Stock_15,Stock_16,Stock_17,Stock_18,Stock_19,Stock_20,Stock_21,Stock_22,Stock_23,Stock_24
0.06654793068307761,0.00012008917376289205,0.06648129986899991,0.06662215159525393,0.00029087829636351847,0.06657970106229838,0.06660039013660278,0.06657831093444148,1.1011798523511045e-05,0.0006082683168548769,0.00017940990121028582,0.06660565673528346,0.0664335271322494,0.06658583748383808,2.2492268724488026e-05,0.0003701930341868742,0.06623738406343603,0.00011118838368491613,0.0666285700141589,0.0664653412012028,0.06661868819099334,7.743409342267677e-05,0.06661593970963058,0.0666083059217993
0.05803609070024198,0.06354223019576244,0.047832740054398255,0.054032947636805606,0.056084454372360926,0.05644896531489805,0.062035349069992404,0.011411481937190925,0.01207535919814889,0.049578078035089165,0.06217399885463607,0.014267854979545726,0.0047178802542284575,0.010827819378354891,0.0139981115617269,0.05210735564659302,0.010266962504951321,0.06207265057436389,0.052723354057871534,0.05559861431202775,0.06223474364090369,0.0041807580147474755,0.05679235956925748,0.06695984013590314
0.057892645302348736,0.06348758943187673,0.047663490609286784,0.05410834317655645,0.05608271688289597,0.056380121077983236,0.06201103154432891,0.01150929322873688,0.012040539837826065,0.04968060336954372,0.06212838026854081,0.014391170913715182,0.004759942847472493,0.01091396759551702,0.013955958392977879,0.05218443550187283,0.010287398371162805,0.06201213358869489,0.052798531779648106,0.05547706961192654,0.06224960937119078,0.004224912974966,0.056827766432573514,0.0669323478883577
0.057915601937260995,0.06349632041644156,0.04769052614799543,0.05409633268169194,0.056082992473828204,0.056391110020866636,0.06201490972753765,0.011493645453497837,0.012046086298281397,0.049664265372051646,0.062135662147783835,0.014371446537653414,0.0047532088737515755,0.010900186027467978,0.01396266256460305,0.05217216030361342,0.010284128274521638,0.06202180069718034,0.05278654598304352,0.05549649157596695,0.062247226608506435,0.004217839223983588,0.056822116526533115,0.06693673412593784
0.05762526908698529,0.06338626923855688,0.047350054289283655,0.054246989609984975,0.05607980749636187,0.056252863896697584,0.06196636399938108,0.011691440366423568,0.011976628548834472,0.04986911910418336,0.06204407407936202,0.014620679714595132,0.004838428868707401,0.011074323953495864,0.013878538950767367,0.052326222744200145,0.010325199626924905,0.06189996948660193,0.05293686226157279,0.055251465754925254,0.062277250763797094,0.004307488100029141,0.056893126555670144,0.06688156350265809
0.05759939227167773,0.0633764931021879,0.047319855335613135,0.054260251602252965,0.05607953946728075,0.0562406253037024,0.0619620942674509,0.011709059734579714,0.011970513886174799,0.04988720096459814,0.06203595764610366,0.014642870152548207,0.004846031282643967,0.011089838550947782,0.01387113422307798,0.05233981220170533,0.010328835484661236,0.06188915133103812,0.05295012873999722,0.055229692613775076,0.06227992550624508,0.004315501886595204,0.056899417059229476,0.06687667738591321
0.05780410880695781,0.0634539634276661,0.047559421525616,0.054154517419225695,0.05608170893788564,0.05633782728106106,0.0619961350146817,0.011569624061335803,0.01201924142148957,0.049743402738576775,0.06210035911015043,0.014467219853097523,0.004785918613661108,0.010967101204453109,0.013930153730941938,0.052231658015374986,0.010299953412665347,0.06197489667404778,0.0528446015928709,0.05540222981929442,0.062258772641741573,0.004252215580633738,0.05684950239697369,0.06691546671959728
0.057911460776621314,0.06349474250741699,0.04768564911898752,0.05409849406642651,0.05608294412735908,0.05638912759375126,0.062014198465497425,0.011496464176111136,0.01204509390745592,0.04966720261018259,0.06213434699593554,0.014374995800026661,0.004754421544562413,0.010902665268721308,0.013961472468354823,0.05217437372620733,0.010284724761514931,0.06202005916345026,0.05278871674446859,0.05549299816440871,0.06224765945289697,0.004219113500567209,0.05682313170022156,0.06693594335885394
0.05773676956406397,0.06342843187578827,0.04748044223779957,0.05418946581208039,0.05608096819182751,0.05630575879675487,0.06198487667888359,0.011615510572851448,0.012003133869584124,0.04979092265483029,0.06207910979221721,0.014525037115002441,0.004805688221143727,0.011007496299477715,0.013910645069530382,0.052267398260390355,0.010309473315937772,0.06194663960233778,0.05287946593410463,0.05534538158731917,0.062265735099563124,0.0042730123043078485,0.05686597250215432,0.0669026646420495
0.05831005866435258,0.0636471601874752,0.048158124756808786,0.05388691229879066,0.05608811028025703,0.05658158475157381,0.06208251902219475,0.011224527877878789,0.01214288943453261,0.049379446836830834,0.06226191668302052,0.014031967832129597,0.004637641090175313,0.010663044532010899,0.014079880824280988,0.05195816786393337,0.01022765556402453,0.06218893134337,0.05257777049482092,0.05583177059942593,0.06220627824080603,0.004096713902223343,0.0567240716941697,0.0670128552249138
0.05840689989690677,0.06368444074649493,0.048273840223286256,0.053834625125388016,0.05608950959675823,0.05662883245408031,0.06209941843017848,0.011158388363933158,0.012167096128555259,0.04930833660406491,0.06229325321957064,0.013948467909377866,0.004609296025464137,0.010604718556653339,0.014109193865468007,0.05190479038852744,0.010213666518143887,0.062230257546437615,0.052525684999295746,0.05591451270104125,0.06219621336378589,0.004067091109762022,0.05669971208764633,0.06703175413917951
0.05832936893104567,0.06365457898630442,0.04818117471106208,0.053876532181363096,0.05608838425716965,0.056590985970464545,0.06208586944549847,0.011211341915410768,0.012147704324457807,0.04936530355371204,0.062268156152769455,0.01401532386482091,0.00463198808167213,0.010651418785607122,0.014085720957503326,0.051947564853675285,0.010224870508684172,0.06219715943276049,0.05256738948658291,0.05584825462652493,0.062204274728853697,0.004090803305823149,0.0567192175410654,0.06701661339716848
0.05804536586527556,0.06354576759393331,0.047843704328383495,0.05402804973024136,0.05608457194743224,0.056453428442051166,0.06203692897231273,0.011405160621369599,0.012077619094348048,0.04957140779672817,0.0621769639650154,0.01425987258521554,0.004715164501002675,0.010822244485119318,0.014000862318966642,0.052102357455575496,0.01026564085812687,0.0620765698030778,0.052718453997466164,0.055606483598205136,0.062233781926111995,0.00417790625813359,0.05679007148354838,0.06696162237235931
0.0581297949011051,0.06357803436292342,0.047943699065213806,0.05398331286543865,0.056085660018284376,0.05649415087873841,0.062051366277362574,0.011347575456842176,0.012098296700365037,0.049510561739369456,0.06220395285719891,0.014187235100602,0.004690424310443865,0.010771497357240636,0.014025880366209819,0.052056637050896304,0.010253570300483243,0.06211231476898748,0.05267384503706238,0.055678199463494504,0.0622250318976722,0.004151973480405132,0.05676908625619368,0.06697789948746685
0.05871598999262905,0.06380409517152194,0.048645572430857674,0.05366540702812233,0.05609436756256975,0.05678095018164405,0.06215421996677512,0.010947098656746534,0.012245597433279517,0.04907814422822128,0.06239416365330063,0.01368155800815464,0.004518939429563774,0.010418297265898345,0.014204244354947547,0.05173209024060042,0.010168680576328205,0.06236297608399936,0.052357146563513535,0.05617977547070098,0.062163962650915686,0.003972865573117448,0.05662117776331292,0.06709267971327927
0.058068453763697944,0.06359711104625658,0.04805828991711787,0.05429799441250057,0.056158133115615703,0.05633752239577999,0.06210482429832543,0.01110663428459741,0.011855117683723186,0.049509662062968626,0.0621669045333864,0.014237590057080465,0.0045164087771316485,0.010649165690169951,0.013628812484411163,0.052641222868984094,0.009914305032111954,0.0621669213984326,0.05245563146807988,0.055729516398974326,0.062330487049000044,0.0041183810380349085,0.05735304693643126,0.066997863287188
0.059116918020793094,0.06396090655802689,0.04913337646035063,0.05344029754921966,0.056101640766396094,0.05698139492094182,0.062227288650464806,0.010672608472989946,0.012350306492093786,0.048771928716063055,0.06252723296456138,0.013334433175610809,0.004401929993013139,0.010175856983483047,0.014330985562439323,0.05150262273146338,0.010109523916399903,0.0625370654041634,0.052133174380064894,0.05652656856533075,0.062121978491943834,0.003851349275530392,0.05651749214234761,0.06717311980630837
0.058665316890507475,0.06390358800979443,0.049151446623502515,0.05455606158030703,0.05631845868892774,0.05637610683885548,0.06233497983223913,0.010151905628818205,0.011539257630189535,0.04897762349348776,0.062325099934898834,0.013711653661586125,0.003984678213162548,0.00997512904013045,0.013042526052632378,0.05342823976732464,0.00914563598260293,0.0625734258992827,0.05160779510867094,0.05644371056193293,0.06246936325291374,0.0038333413090731543,0.058321761328398024,0.06716289467076131
0.0576513762888581,0.06374658069274966,0.04862450632234088,0.056190443357578924,0.056576645189241534,0.055350395006929065,0.06242248401710308,0.009734823042710379,0.010356614848132618,0.04976181084811245,0.06198463308363525,0.0146191373743779,0.003577222894938929,0.009935915480162268,0.011288184203122631,0.056030838686175616,0.007993712338517226,0.06247662485151929,0.05117190574491279,0.05594863659457011,0.06298471254314868,0.00392630585414098,0.06055851751675901,0.06708797322026264
0.058934823267987706,0.06401674997893336,0.04953745652594132,0.05450119195575028,0.05634707551352276,0.05647304983592902,0.06240173529545064,0.00988989205020518,0.011534055315893988,0.04875540796606335,0.06240792978942005,0.013472013680737449,0.0038587515935824277,0.009765451642519981,0.013003524606132253,0.05345616317258649,0.009003083418638428,0.06270933772834782,0.051368307719447476,0.05670575100287187,0.06247342584675596,0.0037365721341709995,0.058429089483203515,0.06721916047590767
0.05704405115173801,0.06353518441675973,0.04805896791818436,0.0566497741355831,0.05665080986030988,0.0550030135830871,0.0623612948466823,0.00993650706730526,0.0101120143809376,0.0501953589826497,0.06178195720918326,0.015213516197661415,0.003606579344436531,0.010178568047252368,0.010949525199980277,0.056594421331031396,0.007879006487069715,0.06229960240448841,0.051375989116070005,0.05550233313282315,0.06308466504215471,0.00407955473458965,0.06089418241857109,0.06701312299145099
0.05533071986358368,0.06326128282075849,0.04633018251443628,0.058147755834532425,0.056735954008248705,0.0538760116812752,0.06227005401574764,0.010132858934179522,0.008999174284679634,0.05218193689234183,0.0614103203520935,0.01686230404946788,0.0035080014433500053,0.010535295914480628,0.009565503639366521,0.058677515522208776,0.007166895163787959,0.06194017992846367,0.051710749437504394,0.05405144952385505,0.06360318100956108,0.0043857962314555465,0.062432248282338475,0.06688462865228312
0.054967573615442494,0.063842578906249,0.04463384849903175,0.05795201361071295,0.056031047397898895,0.05362241093321943,0.062256756469849725,0.01028004879936384,0.008542710992731116,0.054068274909038185,0.06185441179957783,0.01656302946125166,0.0037464707231382103,0.010635652833004322,0.00937094195454063,0.05899720393684512,0.007178677828220949,0.06183589854661334,0.05230389630502649,0.05310311230741106,0.06403760940390858,0.004291606847554657,0.0629621444149507,0.06692207950441906
0.052186080499698084,0.063073948282858,0.04258739788001178,0.06009946021146512,0.05693268953605892,0.05189320215442042,0.062236526133403684,0.010234293808780262,0.007233992779847059,0.055728420487662564,0.06118022734165148,0.019945454127471812,0.003272017679988476,0.011123215491550232,0.007482289439567895,0.061951355003957945,0.006030593900980111,0.06164404427548533,0.05271487009172797,0.05164006569465029,0.06445719462879654,0.0049212479172492316,0.06461338591566142,0.06681802671705539
0.0513549218547358,0.0636368637780031,0.03909463291750672,0.06029894225829705,0.05539414101939967,0.05098172651687946,0.06270677263455302,0.011197459740660961,0.0060094805170801385,0.05903849103197927,0.061774302911836325,0.019524226327624117,0.0037728182868039975,0.011718045763106944,0.006655352266360521,0.06243107405279985,0.005973716432503175,0.06133584452429537,0.054355339222498425,0.05076038534467086,0.06523034109547339,0.004944160269020897,0.06495116837167408,0.06685979286223687
0.05275583883643464,0.06293740087430325,0.04258597108121756,0.05998512153598634,0.05578665827179293,0.05186407716184823,0.06278695214355516,0.01121925740433694,0.006680807148684276,0.05639037872606643,0.06119758376533119,0.01885883388622156,0.0036645557684175977,0.01151296109756611,0.007212859660661215,0.06098244714318074,0.0060924930195859935,0.06134992897839714,0.05319406319697411,0.0528493267000164,0.06452447853427895,0.00482092444964301,0.06395039632226845,0.06679668429323177
0.05291584718587316,0.062286564289056316,0.043912114956021105,0.059400407547648366,0.05671267901168009,0.052638655423813074,0.062282313531072796,0.01144633026282833,0.008083777292452927,0.05396751542936418,0.0606935346189005,0.019240470702953014,0.003811788350235268,0.011797904062903746,0.008540737926812139,0.059866982201040614,0.006947450886544042,0.06122627414680381,0.05297015643069581,0.05278460918426284,0.06387819917924879,0.005103933679042969,0.06283362521836894,0.06665812848237718
0.0512749390685611,0.06139297942268687,0.04115736560143354,0.06052449523462489,0.055351197234197784,0.05102944327410978,0.06320270366740895,0.013195420643411105,0.005939131090903453,0.05715015002401411,0.06042664728868019,0.020346951909226127,0.004107182198717634,0.013054505470688491,0.006491218768678837,0.06081363876579438,0.006045649500261923,0.06068170806897992,0.0546086485833537,0.05373176869281052,0.06438324603524313,0.005530495476265766,0.06300355776982476,0.06655695621012304
0.05053365755323321,0.06160255019427435,0.04153539983920077,0.05977367727274863,0.0569700586003776,0.05204353292300328,0.061708635562221295,0.012987609888829132,0.008448632371829232,0.05467977597676099,0.060102176187952015,0.021395862507364912,0.004516575792921895,0.013189446173730544,0.008943857097361042,0.06004875861458341,0.007721430254027386,0.060377619922868754,0.05402885968543081,0.05034334703451325,0.06392677280446359,0.005955634555951509,0.06278822954600961,0.06637789964034278
0.04467914970839348,0.06047064541115526,0.036848611031638445,0.0625542163471443,0.05792360085149254,0.04899842768464775,0.06164114295169094,0.014131911751376814,0.006488440224808334,0.0582066647031646,0.059098475902909405,0.028072509297308184,0.004261185880577614,0.014728742081889882,0.006483698266474423,0.06371742493862524,0.0063586555171505936,0.05971654979261356,0.05522036570964194,0.04640619164084562,0.06483034392307675,0.007629057215667887,0.06519820807068345,0.06633578109702298
0.04525071950516335,0.06052487199970462,0.03726197840018592,0.062252995211708934,0.05774177286361516,0.0494311576986851,0.061623876223899664,0.014137346675894735,0.006725496899451806,0.05782629029136757,0.05916312773421924,0.027255819887833058,0.004363395589898109,0.014717051936636935,0.0067615061144042764,0.06328042858284504,0.006558608755115749,0.05968864097064035,0.05516168712525579,0.04680691518908409,0.06473399240944067,0.007479058827368432,0.06495524456364511,0.0662980165439363
0.04646119732865304,0.06076989860813972,0.03825515241508086,0.06179241169548611,0.057565226639013915,0.05001531364303348,0.06164692254829968,0.013811182059798867,0.007048624047235195,0.05718083868865716,0.059355512024838505,0.025888023337716615,0.004363079849231407,0.014341606576743132,0.007152505172823042,0.06269997500283953,0.0067459114862309,0.05983891238580686,0.054875356998318275,0.04761593293694307,0.06458079194567569,0.007094134505624792,0.0645914666239967,0.06631002347981342
0.04777764443611208,0.061020961524475836,0.039305054347894046,0.061182962717007,0.057338959139554745,0.05068806203458435,0.061654372977267245,0.01360661300848307,0.0075095017637496625,0.05639197622109292,0.05955945720220567,0.024328183675803902,0.004461756188886511,0.014022547477019191,0.007738404571894817,0.061864461912881155,0.007086769127318336,0.05994947222767297,0.054632843829658176,0.04843735127709576,0.06439208429389216,0.006708275469805431,0.06402841450569428,0.06631387006995068
0.04811250406956137,0.06099923957701689,0.03941402712270498,0.06078655210025584,0.05715920050822861,0.05100328201700013,0.06158178121347016,0.013953601051545602,0.007867457174201987,0.05605528710444827,0.05957825360947812,0.023738492590090865,0.004748295479991271,0.014199781258812631,0.008228821069290775,0.06120830115504316,0.007522617969156515,0.05980764686307349,0.054774907745022104,0.04854221261732332,0.06426818502487504,0.0066800523524826825,0.0635215829186883,0.06624791740823789
0.047255178711777056,0.06089699392146922,0.03885039046912608,0.06137649398449925,0.057393360409080024,0.05045892689177518,0.06163122644620249,0.013793238468087858,0.00738404347636686,0.05667485580205231,0.059463116170299965,0.024877767769325213,0.0044915311434387635,0.01422009133048561,0.007585406092156386,0.06210273172666501,0.007036098079627063,0.059853444297482114,0.05478097279791636,0.04807525651218337,0.06445318949524777,0.006874597242062492,0.0641770933132706,0.06629399544940298
0.047620603471676355,0.0609556625683832,0.03912265556163068,0.061170328667854997,0.05731054508268849,0.05066964513662975,0.06162390057970362,0.013798292396183694,0.007551582884217353,0.05643143154428472,0.05951382359612941,0.02440971093273688,0.00456075476846629,0.01417338865313519,0.007803973907245833,0.06179545723091563,0.0071848948815880255,0.059856471389663615,0.05474540406502064,0.04828445239917858,0.06439203256763369,0.006777321066913623,0.06396165297368804,0.0662860136744317
0.04505061421320025,0.06038897388597492,0.03697757622959215,0.06214506597844725,0.05762955354978575,0.049505854075697714,0.06155039934486327,0.014574414026337456,0.00688197629976379,0.05780091786727251,0.059074269199337,0.027208399180458264,0.004609952866865709,0.015051442504500414,0.006976055700150856,0.06303160056324639,0.00682355457114514,0.059469593159535164,0.05538382362964004,0.0465652301040395,0.0647088660656412,0.007599200747759947,0.06476515891609666,0.06622750732064867
0.04343183299059968,0.060236205086996196,0.035777454307512446,0.06295613040318065,0.05810793669412574,0.04835943147736522,0.06158939984530337,0.014642110953504093,0.0062457360212167445,0.05889621063261494,0.05885351570545197,0.029533101688087753,0.004336544213034598,0.015103119245900227,0.00620926433115723,0.06420626586990179,0.006292146251994879,0.05951785506782842,0.05560214043735833,0.04534071208370608,0.06497568578157241,0.008012468509229454,0.06543929105876979,0.06633544134358799
0.046033666211332126,0.06072066232278574,0.03796095346055958,0.06204013094055411,0.05768176232767538,0.04975261724144535,0.061670763413930435,0.013751892277354093,0.006835996263072976,0.05746913270872865,0.05931067987299436,0.026484865939591772,0.004251564942540361,0.014360747770279184,0.006876849288410707,0.06306064871070352,0.006540198153744443,0.059867641542232154,0.054894965394916874,0.047394406286195574,0.06465777372824218,0.007205051001600822,0.0648457034448399,0.06633132675626968
0.044536022759325215,0.060514506020349315,0.03678300777019725,0.0627036212363322,0.05803808298686694,0.04878967091270976,0.06166535970333036,0.014011522737082222,0.006348011553989226,0.05838191865263932,0.05908769313313312,0.02843800035803592,0.004145490736852732,0.014593749641152358,0.006304049128717977,0.06396324694892667,0.006211004571899773,0.05980843354563414,0.055184664152866054,0.04626949239438764,0.0648781305966587,0.007621827171972736,0.06534038171615315,0.0663821115707872
0.04640957939124633,0.06052431535619031,0.03779138437312112,0.06162944205745506,0.05702544687580947,0.050007450657671856,0.06183205125078571,0.014709284507492645,0.006965091967898109,0.05745036776420923,0.05926569029469244,0.025369081673810454,0.004814658634702096,0.014931716694453447,0.007254438703677513,0.062147586275990985,0.0070173459774117465,0.05947493900674474,0.05539641311967154,0.04790953309223695,0.06460304483301155,0.0071596593661813635,0.06408815389555136,0.06622332422998395
0.0467917738274263,0.05977033642677523,0.03629261052554894,0.06117642146205304,0.05512224237056833,0.04960030218034493,0.06275381256277811,0.017042949944429134,0.005899655240210768,0.0588893397365775,0.059392295407763335,0.02405828711507813,0.005721586874681578,0.016135327606011895,0.00662377570394485,0.06098777882746725,0.007113341730295405,0.05895529759626538,0.05675233664147462,0.05043124082480245,0.06455576102538943,0.007227526395725864,0.06264107295748184,0.06606492701690572
0.04682651196489403,0.06003051636013313,0.03695580467726211,0.060888580885303537,0.05592328115021993,0.05016371970176209,0.062118592481068935,0.016469392322092487,0.006886297448471208,0.05781288554798616,0.059310544108692305,0.024291217239559727,0.005725173731943427,0.01585032180199614,0.007585458821939094,0.060753337248863025,0.007740084853033607,0.05897410088735072,0.05631495211876967,0.04906989295885142,0.06436418491713232,0.0072692455064917606,0.06267366861434676,0.06600223465183641
0.04747216739566066,0.060386807113583615,0.03802158804306774,0.059882552533650185,0.056723067766845145,0.05132505667768142,0.06115726681674433,0.016044554750133805,0.00875676632882276,0.05590566100365922,0.05934788815794139,0.02374104026829082,0.0060495675690798705,0.015574438915857263,0.009558679095759401,0.05951371330222321,0.009141864200716299,0.05894210299386807,0.0558533132510528,0.04771862584384119,0.06389857708824048,0.007245617768999243,0.06191214034736656,0.06582694276691455
0.046932226477196935,0.060305968932662185,0.03767874538632643,0.06026141900558318,0.056826654785569995,0.05102247816712459,0.061180635849339714,0.0160224059681165,0.008489435610936496,0.05624871114306935,0.05924121563039465,0.024324025799949314,0.005932872919909954,0.015656643700406345,0.009190636562958895,0.060061982325264274,0.008859942085931887,0.058905483964600304,0.055881103092021926,0.04736496012626665,0.06403761547394254,0.007367442097965055,0.06235543299628604,0.0658519618981768
0.04475320679647472,0.05988760912402681,0.036117244201786136,0.06139408201104739,0.057132711180949876,0.049972764135534156,0.061195720871857,0.016420130521763245,0.007735852615171669,0.05745050417910323,0.058814873453280625,0.026559502309391504,0.005810585068897061,0.01628398095924362,0.00819034233865937,0.06156673485157663,0.008215559861513426,0.058596517898868314,0.056230569180750804,0.04586607330938766,0.0644628467458209,0.007975814835542416,0.06350311481516854,0.0658636587341849
0.04275516244203841,0.059608190228280795,0.03477846188730166,0.062438579237089904,0.057548558840873044,0.048897751415281424,0.06128517017037175,0.01643685681216186,0.006925371985833148,0.05858280910577361,0.058527004295277775,0.028950996041645537,0.005433480219308908,0.01660996539962258,0.0071182508493895435,0.06306583163621635,0.007405398703187727,0.05855680128258625,0.05641422051225897,0.04466153671445514,0.06484171708970168,0.008538215120278426,0.0646472372002062,0.06597243281085931
0.04332496484447964,0.05960509416412415,0.03507992871297062,0.062016752322522246,0.05731653953946649,0.049325957443931416,0.061200035333418654,0.016776358094891013,0.007328550022047912,0.058165297002821685,0.058547958845039605,0.02801465773442629,0.0057958576053211645,0.016755477738934158,0.007663078115465029,0.06235109677898911,0.007901119599010355,0.05837606631247133,0.056503403470892784,0.04487910939584925,0.06470796852270688,0.008412805179830762,0.06408625728050078,0.06586566593988866
0.04578831376300746,0.06003565285750473,0.036775750992117676,0.06077141785356096,0.05694039851976853,0.05052148955597099,0.06114613956025198,0.016403607729837604,0.008175759447220102,0.056849242534947796,0.059001907513858115,0.02543285858816509,0.005988576333822787,0.01608771785815536,0.00878464980232564,0.06070624249565477,0.00866907554192713,0.058667978445014556,0.05614073398148939,0.046541848152580514,0.06422161666339601,0.0077175408328103556,0.06281851640493269,0.06581296457167977
0.047888204486194214,0.06047989008222142,0.03833994585134657,0.05965703332278769,0.05667351267763641,0.051523179072767177,0.061165505545867443,0.015945355765574445,0.008901790599031598,0.055665651365268166,0.059437548686194594,0.023330483759388083,0.006057338786317067,0.015442034986872985,0.009752328670461597,0.059209089838671146,0.009253557871192593,0.0590178817209646,0.05577774726574006,0.048013981761947114,0.06381959594363486,0.007129763279890419,0.06168235470652953,0.06583622395350022
0.049692055056573814,0.06082175628039101,0.039583980033422915,0.05835834228355425,0.05637759249521728,0.05251589181413546,0.061145829257908534,0.01588749914991209,0.009790591784713842,0.054489145327310355,0.059837094035869044,0.02147917145117726,0.006364749865672281,0.015093226309183916,0.010984558697488789,0.05729782968131767,0.010133422276792375,0.05923057302063688,0.055641413683663245,0.04924440291214473,0.06336907639641004,0.0067138756303546585,0.06013803036165176,0.0658098921944978
0.046916255519915295,0.06013679775882906,0.037375749458535674,0.0598563197567027,0.056661859232484846,0.05122182946496549,0.061040057245603865,0.016691365219606343,0.00885170174320145,0.056097018421633324,0.05920631525907415,0.024135030138264568,0.006409586877059541,0.016057451624472047,0.009728845764449798,0.05933302875638516,0.009476543098303465,0.0586415164007777,0.05619258214681037,0.04723165482887575,0.06387452289482975,0.007505047799598031,0.06166494474851645,0.06569397584110515
0.04420482841493815,0.05981650393129422,0.035776673959792185,0.061712265521434544,0.0572388242811412,0.04968222289510733,0.061227712283151416,0.016421565382553353,0.007508477876516627,0.057762377178828414,0.05872121619369368,0.027166413967460893,0.005713260196395006,0.016384314530650368,0.007885466932187122,0.0619983395427547,0.0079780410380928,0.05856694549475384,0.056277860819932114,0.04551242722644356,0.06458968827301778,0.008113993082802704,0.06384509278521494,0.06589548819184306
0.043585521219636825,0.05991582119136693,0.03559003716857874,0.062367660981414816,0.057603024440336645,0.04908807995268687,0.061397552754787664,0.015673507353716004,0.006868748162815944,0.05832382974113143,0.05873992361264058,0.028374026490066692,0.005071763543298917,0.01599155848310892,0.007010595511549092,0.0631185965009029,0.007131309715309409,0.05893495722087893,0.056015701989079,0.04538009234502505,0.06480398040353359,0.008182501782155455,0.06474555763092722,0.06608565180505237
0.0461126441301776,0.06003127989756863,0.03689466018531376,0.06044426854226134,0.05682865893679905,0.05075863760016923,0.06108794801774989,0.01660509526033453,0.008429791319992701,0.056606536873859144,0.05905158410604044,0.025016385831547375,0.006192189099455563,0.016149447050939705,0.009142885772425599,0.06020203542201733,0.009004284067729544,0.05861018785999544,0.056207347882189555,0.046716495168564534,0.06409406945797574,0.007679509001393261,0.0623848306139393,0.06574922790156075
0.04502993760253405,0.05981875458691537,0.03612086099480474,0.06100821429598374,0.056978010573338705,0.050239430492503276,0.06109321425345657,0.016808499982359486,0.008055108806409361,0.05719661655738508,0.05883716552247933,0.026118413496398426,0.006131972740488118,0.016464856161575878,0.008642814251404889,0.060960813128578754,0.008680440235434612,0.05845212412433717,0.056376923607253604,0.04597023786545908,0.06430556166431883,0.007985310273629033,0.06297042180960094,0.06575429697335095
0.0451489034173893,0.059746971220359726,0.03605426512739791,0.060745232958590585,0.05687142463961458,0.05040340421713013,0.06101437338476735,0.017137986847122033,0.008279128137329629,0.05704993700166163,0.05883821071708129,0.0258783420847537,0.006389869163948003,0.016638506200176477,0.008966456234878418,0.06052519966418145,0.009030758804715405,0.05832474942932071,0.05651108226232933,0.045985479830023726,0.06419809308415797,0.008022194329080945,0.06257350282637034,0.06566592841761938
0.04673668251268961,0.06002770053735264,0.037121751471702574,0.05977946425544283,0.056615372213243545,0.05122251529906241,0.06097899514122708,0.017012099750065367,0.008942850296072453,0.05613285593379834,0.05915554612727279,0.024229379763030773,0.006610001101093736,0.01627926676184287,0.00987446586719634,0.0591492145758779,0.009690019545725882,0.05850017177692072,0.05635079901722398,0.04705473380560353,0.06383904255858495,0.007611721389485825,0.061463211870483245,0.06562213842900061
0.045033015767516026,0.05952630198927379,0.03566200482098349,0.06037682000862136,0.05670314109871451,0.050571044149174606,0.06085340837656121,0.017900283398309267,0.008625662478583613,0.05694460951539193,0.05877185069525364,0.025758020888747915,0.006927739791148546,0.017108751104082425,0.009486169254030563,0.059838707789010945,0.009670929751465326,0.058005336477200894,0.056846720545362064,0.04576914804393987,0.06404195872100565,0.00820451191693137,0.06189884779698394,0.06547501562170706
0.04774192709853268,0.06007185064422689,0.037545917387810754,0.0587066351585137,0.05631269995232091,0.05194539654912754,0.06084278336111703,0.017571195631978228,0.00975277019375671,0.05538635642722246,0.059352013277691705,0.02304323362877414,0.007242017610446726,0.01643082076676672,0.011043798350437626,0.057401414551587746,0.01076198557113258,0.05838461640921401,0.05655582444530522,0.04763196670056996,0.06343974248499905,0.0074875999078251685,0.05990425199295949,0.06544318189768296
0.04721198676392714,0.05943976983310185,0.03776577337423358,0.05922428736115143,0.056435750765455234,0.050891763068146315,0.06049319111022079,0.01764514275462546,0.009787823533713623,0.05695220233608185,0.05879203582922294,0.024995428565635924,0.007395003154043221,0.016105378589448417,0.011035057104042848,0.058407425895141675,0.01000833252849754,0.058290333771017826,0.055221430303231914,0.046452807327823496,0.06294448607484047,0.008214811999815648,0.06106633244024853,0.06522344551633227
0.04665970540840637,0.05957008502050845,0.03724799782053713,0.05963958782793713,0.05654652807181259,0.05082980664483636,0.06066653318341517,0.01749974710404199,0.009332854287914501,0.05685969396098398,0.05884195217012204,0.025090920938074007,0.007087165064496598,0.016286104841301097,0.010409826458639238,0.058974367073940125,0.009780358946841509,0.05829801058064097,0.05570561383156443,0.04640218881168119,0.06336379322782892,0.008102693241768964,0.061437180110556426,0.06536728537215082
0.04727415905712757,0.059345568339792355,0.0383389838819299,0.059628684073945504,0.05659154089277574,0.05036338053764929,0.06045065651690987,0.017088928447308065,0.009626498978540498,0.05762135267471916,0.058618048881335885,0.02583064358044896,0.00707076031677285,0.015551163493639688,0.010740829491737542,0.05923315905624066,0.009262997145713754,0.05851435356074846,0.05423259395909717,0.046192617031138264,0.06279332033307626,0.008389604773072795,0.061964248400555345,0.0652759065757244
0.04514063290844204,0.059735367182192196,0.036032579450322975,0.06072802026032491,0.056863140905167246,0.050410749267084026,0.061006223872628676,0.01717675839698958,0.008295728320024863,0.057045741613625404,0.058834307718729814,0.02587443785665353,0.006416261951721929,0.016662922114863508,0.008991331613068981,0.060493005532146656,0.009061848180883594,0.05830831998074904,0.056528472089619336,0.04597282225199565,0.06419074738296948,0.008032047383714993,0.06254193244642257,0.065656601319659
0.04468097532534683,0.0598494561778884,0.036027062747219514,0.061379479228374924,0.05711927718270464,0.04996598879967947,0.06117630669248566,0.016523040321002245,0.00775817077255327,0.057466711744354554,0.058794844829451035,0.026601623436378147,0.005868265542167898,0.01635835325559768,0.008225772163370212,0.06152836602789009,0.008272671630550111,0.05854952711051253,0.05628104425076901,0.04579918044622428,0.06445554283844895,0.008014666072503698,0.06346051461854534,0.06584315878598151
0.0457806473697983,0.06011950021807234,0.036912392558944886,0.060964224054749334,0.057025577989990035,0.0504178619964063,0.06121742392419571,0.016083180828666603,0.008001896834562263,0.05693315811553603,0.059020439962267635,0.025551446122937273,0.005764475521380518,0.015898017246669244,0.008531040102555893,0.06103719305138512,0.008379667981120498,0.058797663689254015,0.05599753537530209,0.046598307117188806,0.06430086649565758,0.0076549545981099,0.06312385230288689,0.06588867654236273
0.04839970281172268,0.05993906545522282,0.03733313167398363,0.05876419821838219,0.055383937604083604,0.05177789912804137,0.06161735232569318,0.017977575905224724,0.00862986076902928,0.05655762764452022,0.059588227292644444,0.022328256273033687,0.007212179956769816,0.016398026383140817,0.010083643672436053,0.05724726293217308,0.010121871023519888,0.05851628065569739,0.05695040763326437,0.04931709617364165,0.06357867084587086,0.00722087229093158,0.05943895038007005,0.06561790295090261
0.04925078037016782,0.05998724598491238,0.0375993614097597,0.058111605735098576,0.05501581570815448,0.05232492287057893,0.06168857310716323,0.018251551856005438,0.008850515414550848,0.05658114245554093,0.059824194625043826,0.021532617755953214,0.007498888500590477,0.01631630509976726,0.010602697377830057,0.05610066844445364,0.010581612097365588,0.05855135796913385,0.05718918525625546,0.049904615691503576,0.06337737077582739,0.007027475706105464,0.058209693457463005,0.06562180233077486
0.04665062181836906,0.05982755463232835,0.03766483251112788,0.060256064536315934,0.05679315176353989,0.05052046452839644,0.06088374643979475,0.01651281263220673,0.008777694378729911,0.05708510715444572,0.05889172503700561,0.025410584560085544,0.006343116209027192,0.015710774644428237,0.009579043733234278,0.06007851855198658,0.008863438640354594,0.058688454727633725,0.05524760752317326,0.04657578056806631,0.06363788184534519,0.00790362200150156,0.06247170546638286,0.06562569609652039
0.046084499639390965,0.05974456495580582,0.03709528240044121,0.06044206154301385,0.05682097124442343,0.050412603589905056,0.06089803906115291,0.016776654883936225,0.008621166847528231,0.05717289747560738,0.05883085975100541,0.025713660157639897,0.006397638451555818,0.016034554121446207,0.00938807352726768,0.060259332225670655,0.008907754849548971,0.05853972884743759,0.05562500321483557,0.046273300115483695,0.06379872566252237,0.008008438290984974,0.06253806001569454,0.06561612912770154
0.05174029935604362,0.06026760987302801,0.04200883800034537,0.056809650303423005,0.05606479860161572,0.0523915653633191,0.060432562620476714,0.016146037597762813,0.011706788431458504,0.055549041845753676,0.05953897929795782,0.021787039862128352,0.007381534224449605,0.014093333301222869,0.013593692230556467,0.05536214460469783,0.01054603100471411,0.05936495436028252,0.05285269496538529,0.04921330424423335,0.06138018262415933,0.007270103603442326,0.059201532624015715,0.0652972810595279
0.04993332315754345,0.05691881824523779,0.03983676859945286,0.05385721987043483,0.05654248033804936,0.04905061531646399,0.05783402776642657,0.018088011652168647,0.016531203950571203,0.06234936142412577,0.05763502773126984,0.028701619605831678,0.01094169524828326,0.014042807247548214,0.019358980869119264,0.05702044820681502,0.010187633915879414,0.058247464658593144,0.04908211318138177,0.043449841108391986,0.05612852044973257,0.011504588834650931,0.05929236035419164,0.06346506826783681
0.04632343484530239,0.05576089144781154,0.03610443598537168,0.05561388155007103,0.056269633534353984,0.04822753120963028,0.05749638594144906,0.02122264358538777,0.015004931806758985,0.06313457771319075,0.056764725668959085,0.031276624427477126,0.012621386169671098,0.0161789524946913,0.01795567822101742,0.05766840664697061,0.011085986600744282,0.0565014711557274,0.051680859037765085,0.040400117326118194,0.05748473313065073,0.012823960595880654,0.059606665972222896,0.06279208493277665
0.037506905949221084,0.054364633056794794,0.029560410668246065,0.060754474127245994,0.05743816181661354,0.04486354475289235,0.058232445284510624,0.02307238822202229,0.01084832837339603,0.06467669583039318,0.05541832810823327,0.03899061258976028,0.011074679095602686,0.019006664203610458,0.011732634524410736,0.0631422025349841,0.00916113717936204,0.05555865258437274,0.05481984067024078,0.03563895364050952,0.06140549036441081,0.015600318715015184,0.06367956379662015,0.0634529339115313
0.037756420873976466,0.05656927518570424,0.02925800440691903,0.06168903613040297,0.05664183866679248,0.04820985742222024,0.05982922156639789,0.023809547491137492,0.008364361338049728,0.0598154319286729,0.056880097421150855,0.03198039987774314,0.010097034597535855,0.021785169544493315,0.00940930334063899,0.0607455208199931,0.011223457943405193,0.05497119765970631,0.05918239675243684,0.039771029928719295,0.06430995845085014,0.01162534458124307,0.06192113283837825,0.0641549612334322
0.03757843652478421,0.0555925882049533,0.029498280413933493,0.06166873139439959,0.05659803105449294,0.047332779753635125,0.059209007100739924,0.024727863695224228,0.008940173348165393,0.06143900294493564,0.056025355852413174,0.034209450286226926,0.010972852737089828,0.021248440338954254,0.01015643976071246,0.06101492913966808,0.011042051078597627,0.054474686708375686,0.05802888132781119,0.038017766757005744,0.06349974318664484,0.01276313852100707,0.06227872681323009,0.06368264305699918
0.034117610412545615,0.055996646409938754,0.026809048665892,0.06326595085305282,0.05716552888473989,0.046705379185001825,0.06000133362373475,0.02462955755607914,0.007210724905790105,0.06135798819757526,0.056186250698993655,0.03552431115136192,0.0096477798124751,0.022868106922877534,0.00782309124618592,0.06303546134909976,0.010103479164784768,0.054368596057591666,0.05988852126195124,0.03722634828488766,0.06513826372395244,0.012719117842879551,0.06379475879891301,0.06441614498969561
0.031037945221848544,0.05532523242104635,0.025017143198561347,0.06437103358643419,0.05756910685383309,0.045191635286615676,0.06011922520184192,0.025817172113153812,0.0065185994297022294,0.06263289085290155,0.05538349442386257,0.03891671064192511,0.009641430991837487,0.02380332270290365,0.006909503870479197,0.0645179432601057,0.009471166835609142,0.053634813332688006,0.06028899675405743,0.03479194356915366,0.06563024312106863,0.013971858134818776,0.06491213593792554,0.0645264522576264
0.029167201929446204,0.055425061239327576,0.024455012048122712,0.06528950074260134,0.05823929983419458,0.0435932086565277,0.06054514838638832,0.025513380201482864,0.005733439251249355,0.06348314145026437,0.05510716894133974,0.04206858013274531,0.008627302065981902,0.0233341893689197,0.005882682707276796,0.06598527325597427,0.008387316808533215,0.05390434989968094,0.060088357693155986,0.033560105616604934,0.0659306384037143,0.01468611111248145,0.0659858232571766,0.06500770699680986
0.01936985691823963,0.05534507056880011,0.018330679847017427,0.06770291408189419,0.06093789613838741,0.03678234485299224,0.06058528876632917,0.028084211165574472,0.004027078033097421,0.06670056149877956,0.053911381963747854,0.053876868706184446,0.007919632800919285,0.024387211249993112,0.003629519114529911,0.0688807104558264,0.006712526584106142,0.054090458287507824,0.06261121027392397,0.02442763471415677,0.06713797970635975,0.021195802453823402,0.06789509017514499,0.06545807164266451
0.018166044886020576,0.054332463763904416,0.019493962891135915,0.06788425297478652,0.06022842374091271,0.036561443712391284,0.06137444541691294,0.029688595724429792,0.004044831578587843,0.06649289986459789,0.051577690842197044,0.05479376872277198,0.008527125845845614,0.02593736425289368,0.003695034986435572,0.0689031985234392,0.007261638574149875,0.05188256596659966,0.061808678567441176,0.024232151304513307,0.06706292070079213,0.022948703010023053,0.0677764868380194,0.06532530731119843
