0,1,2,3,4,5,6,7,8,9,10,11,12,13,14,15,16,17,18,19,20,21,22,23
0.029933617,0.0039945673,0.0591866,0.071360916,0.007814553,0.052855704,0.06745109,0.009962601,0.070356056,0.029919669,0.05449445,0.066424355,0.05992297,0.05738578,0.0060510165,0.052404627,0.005692744,0.07028815,0.010584084,0.047907677,0.06197416,0.033323795,0.002929496,0.0677813
0.01977216,0.006007741,0.053567823,0.07415948,0.01518088,0.059958056,0.066645615,0.015143295,0.071463056,0.021982048,0.035794985,0.061541867,0.05430354,0.05871446,0.009529742,0.049895003,0.0099875955,0.07093481,0.024688588,0.04762258,0.059589226,0.040442243,0.0048309537,0.06824427
0.022118742,0.015150487,0.047786757,0.07127289,0.027213588,0.060021915,0.05832766,0.023134457,0.06713434,0.02307399,0.035695527,0.05009251,0.044442937,0.055042364,0.017202994,0.048681628,0.020914419,0.06352595,0.04107135,0.03917115,0.05050821,0.04331539,0.014207039,0.060893722
0.027766902,0.053618584,0.040229313,0.040868185,0.05483346,0.052254062,0.032045383,0.04523875,0.041596197,0.036362935,0.032355197,0.029184313,0.030123,0.042313203,0.04575669,0.04159348,0.050251395,0.032905865,0.056669284,0.03227347,0.038388148,0.045368426,0.057637755,0.04036601
0.028961066,0.059722673,0.040151075,0.035973843,0.05838627,0.0544471,0.026804417,0.047396496,0.0367856,0.03767079,0.03337172,0.025553616,0.029817728,0.039631963,0.04920201,0.040435407,0.054089233,0.029213607,0.055685822,0.029138863,0.037106104,0.04430637,0.065192685,0.040955544
0.028818013,0.058876436,0.041281156,0.035406824,0.05834891,0.053831384,0.023794105,0.05062659,0.035847887,0.03779026,0.03569727,0.024271753,0.032410234,0.038885713,0.05069013,0.037296064,0.05741641,0.02935839,0.055971242,0.028091792,0.03435756,0.047251932,0.066400275,0.037279658
0.031454932,0.07108938,0.041381028,0.024662698,0.06459554,0.048358094,0.01939185,0.05248656,0.024792101,0.04550635,0.033117954,0.019831693,0.025153605,0.03645742,0.06093078,0.041160107,0.058837153,0.021355035,0.056831695,0.032256253,0.035491616,0.04443457,0.07587135,0.03455227
0.03967751,0.07036992,0.036759716,0.020347761,0.05969541,0.04196402,0.022958592,0.04633091,0.02214252,0.054041196,0.036504373,0.018877897,0.029002428,0.041579433,0.06265074,0.0417302,0.05669862,0.02113537,0.051213775,0.03746062,0.03363018,0.04464214,0.075144015,0.03544267
0.043386262,0.0656249,0.035309047,0.023529477,0.054033987,0.039624985,0.02719897,0.043023765,0.024356946,0.053130314,0.039081093,0.021689564,0.033388328,0.043729503,0.058832634,0.0415973,0.053033378,0.02726112,0.04626292,0.038289186,0.034117218,0.045228515,0.070531294,0.037739232
0.043725587,0.056157343,0.03218899,0.031672146,0.04749033,0.040457077,0.034176607,0.040172774,0.031263344,0.049569145,0.03992667,0.028349722,0.03962655,0.047442183,0.051820405,0.041975267,0.04747738,0.038975034,0.038534865,0.039308988,0.03348889,0.045390647,0.061120607,0.03968942
0.05557351,0.06036489,0.033822425,0.011317025,0.05438384,0.042256035,0.027770473,0.04845864,0.023855463,0.05134783,0.04067524,0.02603831,0.04086946,0.05146918,0.059435163,0.0365702,0.057244524,0.032129176,0.033544768,0.036701947,0.02083264,0.046901163,0.07043298,0.03800511
0.0642538,0.06789515,0.040942825,0.0017070721,0.061168794,0.037987098,0.020088,0.05604419,0.0110233035,0.056612335,0.04261234,0.01775621,0.040153317,0.054379404,0.067028575,0.032943323,0.06554892,0.018300751,0.03778619,0.03770522,0.012438551,0.051757615,0.072043344,0.031823702
0.06576241,0.069180414,0.044932336,0.000877321,0.06268638,0.035047997,0.017859984,0.058046967,0.008162776,0.05885351,0.044898316,0.015396107,0.039295312,0.054949548,0.068127304,0.03133236,0.066960774,0.015025057,0.040172663,0.037124168,0.010360409,0.05326648,0.07182086,0.0298606
0.06741769,0.06994825,0.047334716,0.0002684137,0.064844616,0.034000583,0.015356741,0.06134115,0.0044284905,0.06233136,0.04740527,0.011817559,0.037204236,0.056799345,0.06941656,0.030660696,0.06870053,0.010539265,0.043259498,0.03713015,0.0055511445,0.056321524,0.07121182,0.026710417
0.06911811,0.07076717,0.049952913,0.00010468854,0.065410465,0.028345823,0.015358,0.06315207,0.0021865994,0.06498002,0.053372882,0.008281004,0.034494106,0.056783993,0.07035874,0.029216778,0.06999172,0.006464735,0.04784354,0.035255685,0.003724997,0.06110792,0.071456455,0.02227163
0.06993542,0.07062799,0.051920608,1.479203e-05,0.06542317,0.02067792,0.012941189,0.066295035,0.0007314491,0.06724295,0.059800476,0.0048197187,0.036091495,0.05685626,0.070422836,0.027987108,0.07040707,0.0025204876,0.05352648,0.0377261,0.0017005381,0.0646779,0.07084107,0.016811924
0.0702457,0.07050325,0.052905627,1.5545996e-06,0.06497181,0.012271826,0.011672054,0.06837239,0.00020843488,0.06847791,0.06453083,0.0028672991,0.03921826,0.05480048,0.070409514,0.027553264,0.07043706,0.00075003115,0.059885845,0.040334918,0.000805658,0.067537375,0.07055483,0.01068407
0.07021844,0.07041657,0.053177677,1.000099e-06,0.06602469,0.010797848,0.01235653,0.06839752,0.000179497,0.06823852,0.06442475,0.0030242945,0.039937004,0.054616883,0.07035236,0.027940625,0.070341274,0.00065926724,0.060340524,0.03905874,0.0007760054,0.06790621,0.070449814,0.0103639215
0.06936853,0.06952402,0.050999142,5.18829e-07,0.06678999,0.011169662,0.010635621,0.06808255,0.00015380554,0.067562215,0.064274445,0.003033358,0.041465737,0.057189442,0.06948406,0.030484783,0.069464736,0.00085702684,0.059625156,0.040497083,0.0005510627,0.06714867,0.069542706,0.012095667
0.068943165,0.06899878,0.048322257,5.6214162e-08,0.06743227,0.009937163,0.00820904,0.0682127,4.3165564e-05,0.067985825,0.065388344,0.0019484947,0.04028418,0.059709813,0.06898927,0.034200132,0.068979256,0.00040805576,0.061825275,0.04333655,0.00017507856,0.06768498,0.06900299,0.00998317
0.06891216,0.068934634,0.046333976,6.8526784e-09,0.068346724,0.010868253,0.0058537084,0.06842981,1.3288812e-05,0.068436466,0.06476527,0.0010997201,0.036006015,0.06356246,0.06893319,0.036781706,0.068928614,0.00016246793,0.063022666,0.046380658,6.524356e-05,0.06809371,0.068935595,0.0071336105
0.06880998,0.06882664,0.046797838,2.7394775e-09,0.06853806,0.012732861,0.0047740694,0.06840339,8.396278e-06,0.06847693,0.06397637,0.00086105627,0.032437503,0.065401144,0.068826005,0.03682323,0.06882278,0.0001296267,0.062575124,0.049264617,4.0528434e-05,0.068037406,0.06882708,0.006609397
0.06867055,0.06869528,0.048909865,4.7815667e-09,0.06844209,0.018636612,0.004955995,0.06812001,1.20756795e-05,0.06821964,0.061143335,0.0011331174,0.029929856,0.065835334,0.06869429,0.03646716,0.06868656,0.00021900887,0.05962779,0.04929839,5.2731022e-05,0.06756444,0.06869609,0.00798975
0.069000006,0.069054395,0.048954334,2.7445212e-08,0.068801485,0.025234131,0.0049737757,0.068052806,2.7632066e-05,0.06837628,0.057352565,0.0016165513,0.027140612,0.066319115,0.069052905,0.034949668,0.06903042,0.00049149996,0.056201193,0.048785277,9.348965e-05,0.0670529,0.06905669,0.010382231
0.06919188,0.069284916,0.047300324,5.8511954e-08,0.06911782,0.035386577,0.0033922372,0.06799919,4.221068e-05,0.068663344,0.051364407,0.0014674712,0.023232171,0.067539796,0.06928444,0.03316018,0.069256194,0.0008650648,0.052554253,0.05327673,0.00010868815,0.06569827,0.06928878,0.012524912
0.06983559,0.069944456,0.04457057,5.2814933e-08,0.0698418,0.040920373,0.0024763248,0.06862525,4.0317213e-05,0.069490775,0.04613985,0.0010611067,0.01933191,0.06875662,0.0699455,0.032093834,0.069923066,0.0009209099,0.05200861,0.05631814,9.22513e-05,0.065273166,0.069948174,0.012441362
0.06958372,0.06964386,0.04649309,1.9376827e-08,0.06955939,0.034861833,0.002311975,0.068692505,2.614284e-05,0.0692732,0.04948024,0.00092398794,0.02108236,0.068400845,0.06964426,0.03171047,0.06963142,0.0005463393,0.055874422,0.05461568,6.744307e-05,0.06638681,0.06964547,0.011544541
0.069664545,0.069703445,0.045355674,1.1083804e-08,0.06963995,0.03171477,0.0021573952,0.06896294,1.5672242e-05,0.06939826,0.05064827,0.0007754472,0.021401586,0.068620786,0.06970371,0.032923043,0.069694325,0.00043176376,0.057455577,0.054559663,4.6092984e-05,0.06720992,0.06970437,0.010212775
0.06960692,0.06963184,0.0456971,4.8467377e-09,0.069588274,0.028714683,0.0018014752,0.06917847,9.584001e-06,0.069394596,0.051408958,0.0005837688,0.023319239,0.06883023,0.069632,0.033261742,0.06962675,0.00034501834,0.057413593,0.05627708,3.210207e-05,0.06734321,0.06963239,0.0086709745
0.07008824,0.07011347,0.043316655,4.880256e-09,0.07008015,0.02778003,0.0015467942,0.06967805,8.950279e-06,0.06990961,0.0514133,0.000508804,0.022538621,0.0694239,0.07011367,0.03245434,0.070109464,0.00031961745,0.057388745,0.057746544,3.091363e-05,0.06755473,0.07011394,0.0077615003
0.07021629,0.07024554,0.043573633,4.889448e-09,0.0702103,0.026837971,0.0014246254,0.06976969,1.0204392e-05,0.07003565,0.053389713,0.0005756341,0.022375206,0.06951734,0.070245676,0.030485025,0.07024122,0.0003079725,0.056950692,0.057196368,3.6222336e-05,0.06765392,0.070246,0.008455135
0.069803335,0.06983888,0.046045717,9.023916e-09,0.069791354,0.02796959,0.0015590127,0.06932464,1.3596274e-05,0.069573715,0.054070946,0.00071742956,0.023963928,0.068964384,0.06983894,0.029812334,0.0698329,0.0003582645,0.05517071,0.056200787,5.017653e-05,0.06709342,0.06983953,0.010166359
0.06984451,0.06989325,0.043912765,1.7363103e-08,0.06982163,0.028566051,0.002174671,0.069310084,1.6441973e-05,0.06958898,0.051169276,0.0008383724,0.025865147,0.06888745,0.069893576,0.032030735,0.06988406,0.00049169536,0.05455667,0.057842772,6.09811e-05,0.066820614,0.06989454,0.008635644
0.06962719,0.06964558,0.04050827,2.7720695e-09,0.069579236,0.018310685,0.0026427445,0.069305256,5.6276754e-06,0.06947503,0.055536877,0.0006418541,0.029140266,0.06862196,0.06964567,0.035717905,0.06964261,0.00017035847,0.060422245,0.059204962,2.7340633e-05,0.06809104,0.06964592,0.0043913564
0.06941956,0.06943446,0.04097451,2.763663e-09,0.069356926,0.01424228,0.0032873696,0.069153704,5.755461e-06,0.06926981,0.05785303,0.00062623154,0.032321844,0.06820205,0.0694345,0.035465386,0.069432355,0.00013096769,0.061544847,0.058224298,2.7127357e-05,0.06813137,0.06943472,0.0040268623
0.06929073,0.06930977,0.042754747,2.7587057e-09,0.069209635,0.015352724,0.003716985,0.0689875,7.244766e-06,0.06911847,0.057058923,0.0006767091,0.031906225,0.067920215,0.06930985,0.035652597,0.069307014,0.00015968841,0.06126579,0.057426378,3.233359e-05,0.067860365,0.069310166,0.0043659396
0.069001146,0.06903088,0.04409824,6.862229e-09,0.0688839,0.017265217,0.0041918214,0.06860601,1.3325848e-05,0.068724796,0.057824075,0.0010066355,0.03331482,0.06714902,0.069030926,0.03593401,0.06902559,0.00024326044,0.060007602,0.054789018,5.1313968e-05,0.06734272,0.06903167,0.0054340484
0.06871674,0.06874539,0.045020472,6.833845e-09,0.06857341,0.014867449,0.003975918,0.06834464,1.8904915e-05,0.06837428,0.061331294,0.001121226,0.037306976,0.066349536,0.0687452,0.034504678,0.06874101,0.00024081394,0.060786143,0.052096106,6.0544615e-05,0.067153744,0.068746135,0.006179351
0.06885278,0.06888112,0.045434494,4.7944955e-09,0.068695605,0.014180564,0.0037147824,0.06846721,1.9449282e-05,0.06853835,0.062624685,0.0010127439,0.03680857,0.06627134,0.06888092,0.032942798,0.06887763,0.0002209826,0.06203415,0.051027536,6.318706e-05,0.06734261,0.06888183,0.006226621
0.06901327,0.06904843,0.047278114,6.8639783e-09,0.068887204,0.018476572,0.003253337,0.06847407,1.872693e-05,0.068714924,0.060276717,0.0010219163,0.0323031,0.0668939,0.069048375,0.03207348,0.06904352,0.00024130988,0.06125217,0.051793147,6.653646e-05,0.06718839,0.06904927,0.006583535
0.06875673,0.068783924,0.048269566,2.7377802e-09,0.068668164,0.019135794,0.0024625168,0.06825387,1.3768056e-05,0.06849964,0.059569813,0.0009148645,0.032050174,0.067050986,0.0687839,0.032420438,0.06877996,0.00020399595,0.061281182,0.053522766,5.236835e-05,0.06703501,0.06878443,0.006706183
0.06868979,0.06872945,0.04926439,8.880607e-09,0.06860514,0.02281843,0.0023533942,0.06811572,2.1762104e-05,0.06836503,0.05653708,0.0011480463,0.031742785,0.06707745,0.06872943,0.03164344,0.06872247,0.00033670245,0.059000388,0.05427468,7.611238e-05,0.06630035,0.068730414,0.00871752
0.06860501,0.06865595,0.04995813,1.5009642e-08,0.068495356,0.024301529,0.0027674977,0.06797518,2.9829498e-05,0.068203494,0.05532406,0.0013878649,0.03177395,0.06679043,0.068655886,0.031594984,0.06864572,0.0004322217,0.05796514,0.054196227,9.262182e-05,0.065909795,0.06865748,0.009581668
0.06879736,0.068847165,0.04952473,1.2999564e-08,0.06866141,0.021290058,0.0031497595,0.06819796,2.9141014e-05,0.068419784,0.056306638,0.0013705131,0.032543167,0.06680387,0.06884708,0.030817088,0.06883848,0.00034439695,0.05906776,0.05440575,9.087082e-05,0.06628466,0.06884854,0.008513805
0.06883924,0.06887584,0.04987941,1.0952246e-08,0.06872455,0.019962609,0.002758776,0.06839239,2.7151691e-05,0.06844321,0.057932116,0.0013949652,0.034315538,0.06689058,0.06887578,0.03039808,0.068868965,0.00030305446,0.058547307,0.051889207,8.0776306e-05,0.06641862,0.06887703,0.009304795
0.06906472,0.069134414,0.046628438,4.3960863e-08,0.06900267,0.025599297,0.0025177,0.06847167,5.9663136e-05,0.06856542,0.054987747,0.0014896208,0.03318782,0.067449965,0.06913504,0.031087086,0.069123924,0.0006696826,0.05445892,0.052899625,0.00012196296,0.06468769,0.06913729,0.012519605
0.06916698,0.069312,0.044827905,1.0398308e-07,0.06912701,0.024939436,0.00314924,0.06830879,0.00012654944,0.068644255,0.05412384,0.0017341743,0.03302723,0.067380406,0.069313206,0.03067888,0.06929785,0.0010563198,0.054841332,0.05423398,0.00018668275,0.063304886,0.069316685,0.013902189
0.068632655,0.06879669,0.046893425,1.01159515e-07,0.068540715,0.023265675,0.0032319967,0.06770584,0.00016903681,0.06801076,0.056415036,0.0021067322,0.03488125,0.0662869,0.06879725,0.03037635,0.0687815,0.0010076725,0.05688365,0.051294677,0.00019515121,0.06318687,0.06880131,0.015738737
0.06844646,0.06851359,0.048647158,1.9062401e-08,0.06823749,0.015921783,0.0030325938,0.06785616,8.292291e-05,0.06792558,0.061807215,0.0017162518,0.039194338,0.06486971,0.06851335,0.03031317,0.06850687,0.0003923304,0.060545307,0.049611703,0.00011629804,0.06540413,0.068515345,0.011830242
0.06869161,0.06874202,0.049661953,8.882253e-09,0.068291344,0.01159817,0.0033267832,0.068188295,4.5903984e-05,0.068303905,0.064622656,0.0013881134,0.03996245,0.06376396,0.06874137,0.028555082,0.06873741,0.00019428968,0.06321634,0.04980365,9.41633e-05,0.066892594,0.068743154,0.008434806
0.06883203,0.06888777,0.05035176,6.848023e-09,0.068210974,0.009600012,0.0035389436,0.06825993,3.9876984e-05,0.068476304,0.065526515,0.001197897,0.03975524,0.063509755,0.06888655,0.026802344,0.06888384,0.00013610115,0.064281866,0.051171947,0.00010196107,0.06736903,0.06888876,0.0072905547
0.068999544,0.069102764,0.05114521,3.1583415e-08,0.068335004,0.011214281,0.004664875,0.06797786,8.860411e-05,0.06833299,0.0641219,0.0017152538,0.03715606,0.063644856,0.069099806,0.026566828,0.069090836,0.00032267347,0.06282195,0.048544582,0.0002026237,0.066959634,0.069105044,0.010786787
0.069175266,0.069426365,0.0497671,2.1797172e-07,0.06839469,0.016566334,0.0068265847,0.06716295,0.00023181496,0.06796699,0.059982885,0.0029471389,0.03360884,0.063788205,0.06941896,0.027188187,0.06938076,0.00078420446,0.06013707,0.047067564,0.00039513098,0.06606042,0.069434464,0.014287923
0.069156766,0.06935197,0.04835687,9.577668e-08,0.06838429,0.018233275,0.006798454,0.06737375,0.0001686161,0.06824329,0.0592448,0.0025442177,0.03285226,0.063915014,0.069347255,0.028125513,0.069324106,0.00046489295,0.06102877,0.049805604,0.00027709143,0.066345066,0.06935781,0.011300217
0.06827261,0.06838899,0.044237725,5.367846e-08,0.06793714,0.018916616,0.0046270103,0.0673432,0.0001407929,0.06750034,0.05926356,0.0024249696,0.039015904,0.06389322,0.068387605,0.034100674,0.06837488,0.00048371847,0.059151355,0.051081564,0.00023396543,0.06477051,0.068392366,0.013061213
0.06816766,0.068327524,0.042248636,8.621457e-08,0.0680033,0.020424863,0.0034478651,0.06730172,0.00018320861,0.06731065,0.05644119,0.002581851,0.041676063,0.06456151,0.068326905,0.036160342,0.06831013,0.0007518204,0.055725522,0.054977078,0.0003322916,0.062864065,0.0683322,0.013543575
0.06929955,0.06972983,0.041864295,3.9354686e-07,0.06935639,0.026216926,0.0036872625,0.067785144,0.00032549823,0.06849293,0.049500413,0.0027011833,0.035444763,0.066648215,0.06973171,0.03377329,0.06969167,0.0016851438,0.051654913,0.058874633,0.00058705907,0.05968198,0.06974517,0.013521649
0.07010421,0.070404105,0.040035225,2.3784241e-07,0.07005581,0.023663994,0.0044685686,0.068363056,0.00019694299,0.06927937,0.04916896,0.002103373,0.032080192,0.06749119,0.07040648,0.033983372,0.070368774,0.0012890254,0.053450648,0.05892587,0.00046129545,0.06249539,0.07041627,0.010787601
0.06969518,0.0698275,0.04073396,6.105264e-08,0.06948616,0.020193633,0.0048597003,0.06851903,8.269859e-05,0.06897747,0.051975075,0.0017998057,0.032581363,0.066791095,0.06982835,0.035867963,0.069805056,0.0006809097,0.05719148,0.056991525,0.0002266894,0.065422125,0.06983291,0.008630263
0.06952576,0.06963788,0.04026237,3.1828932e-08,0.06921985,0.020536346,0.00575762,0.06866238,5.0802726e-05,0.06907303,0.050204713,0.0016520536,0.031336315,0.06665742,0.069639064,0.037955776,0.06962237,0.0004688729,0.059440564,0.05818192,0.00013186556,0.06595665,0.069642246,0.0063841017
0.06912062,0.06924221,0.038666137,2.7520638e-08,0.068482116,0.018744018,0.0066244192,0.06840732,4.7379246e-05,0.0687618,0.055370443,0.0018369422,0.032728396,0.06557225,0.06924186,0.039001748,0.06923166,0.00032910806,0.060638975,0.056575276,0.000113230024,0.06605799,0.06924647,0.0059595755
0.06908185,0.069151394,0.035093676,6.8743096e-09,0.068118624,0.011985432,0.005214087,0.068685725,2.176613e-05,0.06889673,0.062714346,0.0013468754,0.03568132,0.064884655,0.06915026,0.039843578,0.06914851,0.00014102779,0.063711286,0.056266475,6.8019486e-05,0.067206345,0.0691532,0.0044348077
0.0690841,0.06916028,0.0360569,6.875189e-09,0.0682681,0.014068921,0.004742569,0.068620786,1.9889108e-05,0.068944946,0.060592078,0.0012149275,0.03333544,0.06570327,0.06915968,0.03925538,0.069157645,0.00013661015,0.0641279,0.057973154,6.697492e-05,0.06713258,0.06916204,0.0040158224
0.06868911,0.0687624,0.039079245,6.835646e-09,0.06773753,0.01570675,0.0052687945,0.06812875,1.7569633e-05,0.068480074,0.0608759,0.0012499635,0.032566752,0.06500632,0.06876153,0.039798215,0.068758026,0.00015327451,0.06405283,0.056612924,6.962478e-05,0.06709997,0.068764254,0.0043601706
0.06775944,0.06778017,0.03676688,6.7780603e-10,0.067136645,0.012719938,0.003957855,0.067558646,5.0406256e-06,0.067594305,0.06381593,0.0008379431,0.039121736,0.06421732,0.06777985,0.044917893,0.067778856,7.253755e-05,0.06459156,0.057648845,2.6073069e-05,0.06692435,0.0677806,0.0032075671
0.06720661,0.06722199,0.037672106,6.722239e-10,0.06694648,0.017647523,0.0029137556,0.06706617,4.354024e-06,0.067067,0.061095744,0.0007581731,0.0402911,0.06504834,0.06722196,0.046003487,0.06722098,8.5432956e-05,0.06295602,0.058813464,1.9287245e-05,0.06613572,0.067222394,0.0033819422
0.067721836,0.06775492,0.038014848,4.716132e-09,0.06757952,0.025479518,0.0027285204,0.067491665,1.2330437e-05,0.06752241,0.053742513,0.00094806147,0.03717337,0.06632452,0.06775522,0.044326,0.06775277,0.00020708653,0.0600221,0.05916678,3.219415e-05,0.065373994,0.06775599,0.0051138178
0.06828882,0.06834357,0.03988149,1.0867788e-08,0.0681715,0.028098151,0.0026362021,0.06799045,2.8759192e-05,0.06802928,0.050067056,0.0010627517,0.03596415,0.06707456,0.068344414,0.040971596,0.06834094,0.00034568124,0.05759044,0.05862051,5.1653562e-05,0.06434347,0.068345875,0.0074086823
0.068453096,0.06852193,0.043101378,1.9065228e-08,0.06834238,0.031589538,0.0024820648,0.068143465,3.399955e-05,0.068200395,0.045727115,0.0010408851,0.03428711,0.06734143,0.06852372,0.039778166,0.06851925,0.0004083812,0.05658061,0.0591616,6.041361e-05,0.06308314,0.0685255,0.008094423
0.06857829,0.06867405,0.04228612,2.7295329e-08,0.06846224,0.033965535,0.002559058,0.06822825,5.150662e-05,0.06829836,0.043406572,0.0010923034,0.034456044,0.06724764,0.068677105,0.040227514,0.0686723,0.0004341987,0.056222536,0.05958031,8.319534e-05,0.061582107,0.068679556,0.008535199
0.06965993,0.06974763,0.04200456,1.7327901e-08,0.06960547,0.031445127,0.0018266455,0.0692728,5.1376075e-05,0.06940914,0.039821573,0.0008117417,0.03555615,0.068493664,0.06975092,0.037964415,0.069747314,0.0003508953,0.054690626,0.063447475,0.00010973206,0.0595257,0.069752835,0.006954278
0.07073514,0.07084781,0.039738376,4.294375e-08,0.07066325,0.025592849,0.0024874702,0.07020437,7.816743e-05,0.07034734,0.038668968,0.0008348526,0.038872518,0.06897151,0.07085544,0.036823224,0.070849225,0.00044110892,0.052977193,0.06458451,0.00021743999,0.058594808,0.07085884,0.005755559
0.07171571,0.072029024,0.03746253,6.753455e-07,0.07140498,0.021278491,0.0069318954,0.070636444,0.00026209882,0.07098651,0.03837484,0.0015895967,0.03938374,0.06793617,0.07207167,0.035484467,0.072047375,0.0009234265,0.050864015,0.06261125,0.0007616498,0.05633139,0.072091214,0.006820866
0.07108116,0.071470246,0.03635805,2.4420212e-06,0.069604896,0.014530309,0.014137642,0.06988933,0.00034489695,0.069890976,0.044493653,0.002509925,0.04288335,0.0640902,0.07154958,0.036256254,0.071501,0.001237179,0.050968185,0.059174668,0.0012002074,0.05875655,0.071605325,0.0064639687
0.07047716,0.070927314,0.032479268,9.764292e-06,0.06678944,0.012953378,0.023647416,0.0691234,0.00038123678,0.06851163,0.046795372,0.0037715323,0.043566473,0.06007532,0.07110311,0.040024195,0.07093011,0.00220771,0.05051777,0.056205563,0.001449144,0.060709387,0.07123479,0.006109431
0.07027268,0.071248,0.03358679,9.0358466e-05,0.06578792,0.020735683,0.029441362,0.068137474,0.0011239015,0.0664114,0.037621263,0.0074489973,0.0399957,0.06191879,0.07190005,0.039301913,0.070952184,0.0061222436,0.040864434,0.056185916,0.0030845222,0.055907663,0.07245541,0.009405327
0.068849124,0.07018298,0.033708934,0.00021641201,0.062412243,0.019247198,0.03227634,0.06727152,0.0017425077,0.061468214,0.04339128,0.012398425,0.0437858,0.059457656,0.0705463,0.03959045,0.06889937,0.009517931,0.038697254,0.05162922,0.0044973553,0.05679088,0.071805835,0.011616709
0.06780972,0.06922637,0.031661786,0.00034540537,0.06067477,0.01948641,0.034051076,0.066054285,0.0021184713,0.056917068,0.047160357,0.016635051,0.046493396,0.057039402,0.06918083,0.04160349,0.06637734,0.013266571,0.037557546,0.048206992,0.0048476425,0.05869413,0.0709573,0.013634553
0.0682693,0.06927339,0.029551169,0.00020666422,0.06274168,0.022821471,0.031409387,0.066592336,0.0013437426,0.059117954,0.04291388,0.014502518,0.045666687,0.05902631,0.06962066,0.044280138,0.06673174,0.011203413,0.03687587,0.05229025,0.0029815028,0.059493314,0.07073153,0.01235507
0.068579085,0.06924557,0.028732477,0.00010629714,0.06424607,0.02557436,0.027142754,0.06686947,0.0008247233,0.060763273,0.042173307,0.012319535,0.045001116,0.060810614,0.06961263,0.046538875,0.06744625,0.008905682,0.037127104,0.05407821,0.0018824551,0.060041446,0.0703049,0.011673806
0.06984089,0.0701427,0.028476857,2.8599268e-05,0.06664631,0.024134077,0.02361475,0.06821184,0.0003955681,0.06488975,0.040932998,0.0080508245,0.04317979,0.06284224,0.07043039,0.046285443,0.06952523,0.0044542267,0.039715886,0.05603815,0.0011570087,0.0615837,0.07069824,0.008724536
0.07026266,0.070469595,0.031123606,7.359985e-06,0.067833446,0.021128051,0.0193681,0.06920708,0.00018633316,0.06700765,0.039832138,0.005834278,0.043420933,0.06404285,0.07062468,0.045351677,0.07020305,0.002218276,0.042464808,0.05880997,0.00074858323,0.06271645,0.07073483,0.0064035608
0.07108455,0.071281366,0.029979005,9.141565e-06,0.068016924,0.019646633,0.020718297,0.06989649,0.00019238985,0.068177976,0.03716888,0.0058788154,0.042300995,0.06418855,0.07150972,0.043994512,0.07103369,0.0020848487,0.041873824,0.060469586,0.0008556448,0.06259094,0.07164526,0.005402001
0.071420565,0.07160525,0.030368574,1.2766304e-05,0.06728349,0.018273016,0.022814225,0.0701239,0.00018442947,0.0687641,0.035903335,0.006218296,0.040144414,0.06380848,0.071894296,0.04294249,0.071307324,0.0021170366,0.04389236,0.059935234,0.00095457176,0.06294787,0.07206184,0.005022141
0.0709337,0.07122587,0.032256696,6.557016e-05,0.0641302,0.022725035,0.026090385,0.06937277,0.00047334362,0.06706449,0.034788575,0.009792016,0.03977921,0.06175832,0.071916245,0.04167431,0.0706345,0.003934303,0.04189182,0.05695982,0.001922455,0.060573462,0.07240085,0.007636072
0.070823856,0.07121137,0.03239605,4.560746e-05,0.06495898,0.023691941,0.023430577,0.06955948,0.00043503006,0.06775525,0.035391092,0.008037073,0.03920158,0.06258233,0.07184974,0.042834297,0.07103094,0.0033971278,0.043221217,0.057583295,0.001735175,0.05898418,0.072235085,0.007608743
0.071326174,0.071691684,0.030592237,4.083734e-05,0.06511875,0.021860898,0.0248266,0.069740005,0.00047352797,0.068545766,0.034136068,0.007580125,0.03917377,0.062104773,0.07241008,0.042864177,0.07162683,0.0033181931,0.043457016,0.059279725,0.0018533099,0.05843561,0.07279108,0.006752799
0.071563914,0.07190979,0.032018654,7.095179e-05,0.06468136,0.021289116,0.025740549,0.06947207,0.0006892092,0.06819934,0.032581586,0.00854521,0.038902007,0.062391058,0.07288499,0.041251164,0.07170907,0.0044230875,0.04125242,0.059550684,0.0025986996,0.057134848,0.07351079,0.007629486
0.0710881,0.07168214,0.032809246,0.000148904,0.06492962,0.021934807,0.025568835,0.06839259,0.0012665201,0.06816761,0.034159668,0.0094384095,0.03865952,0.06376406,0.07293224,0.037941925,0.07155211,0.006645761,0.037815075,0.059118465,0.0034527862,0.054634385,0.073996365,0.009900878
0.06845511,0.06915659,0.031692494,0.0007680492,0.05907157,0.021577837,0.030088445,0.064513564,0.003739233,0.06574891,0.040418133,0.016467033,0.041831866,0.058795355,0.07115327,0.034977097,0.0684488,0.013207203,0.035206333,0.056555625,0.007380559,0.053078864,0.074179076,0.013488965
0.062756315,0.06366874,0.02952722,0.004815957,0.048679985,0.021228243,0.03742755,0.05806042,0.011931532,0.05854283,0.047211587,0.030764932,0.046719067,0.05002478,0.064702764,0.03412722,0.05932476,0.02625888,0.033726912,0.051138025,0.017187065,0.053389285,0.07074143,0.018044485
0.061334778,0.06324011,0.028937744,0.0062496844,0.04632881,0.019987224,0.040259656,0.056099486,0.014623809,0.056570753,0.04823833,0.03339274,0.047272567,0.048465792,0.06328592,0.034093942,0.057023864,0.029761381,0.03439189,0.050417606,0.019549143,0.053748664,0.06808353,0.018642534
0.05416414,0.05789944,0.030157719,0.016364997,0.042429388,0.02590302,0.040644944,0.046179947,0.025613708,0.048912395,0.048376087,0.038867228,0.048108026,0.04625113,0.054468773,0.036426622,0.046053182,0.043866023,0.034288753,0.047094833,0.029221218,0.054842472,0.055095095,0.02877088
0.049694918,0.0575556,0.030085439,0.021543495,0.0451368,0.02782544,0.040535767,0.04145542,0.028096551,0.04723156,0.04663728,0.03690549,0.045699883,0.04759873,0.051989865,0.036932655,0.044074986,0.046892345,0.036997687,0.048004244,0.031742863,0.05590241,0.050649814,0.030810772
0.05040542,0.060775757,0.02804204,0.018838648,0.047190674,0.027032256,0.040140346,0.0421645,0.026141811,0.049048502,0.045725346,0.035571128,0.044981807,0.047322642,0.05542073,0.035058293,0.04801607,0.04350641,0.037340026,0.048191395,0.030375442,0.057169057,0.05393932,0.027602378
0.052621663,0.062229306,0.026924172,0.016069414,0.044848416,0.026021829,0.040881503,0.042353448,0.02512344,0.04777847,0.04552743,0.038010478,0.046325725,0.046447262,0.058509625,0.035729762,0.047623515,0.043333348,0.035751812,0.048795547,0.028551396,0.05803625,0.054621607,0.027884591
0.05259106,0.061043195,0.026957257,0.018337581,0.042222682,0.027119808,0.04227644,0.042619288,0.02589725,0.04651712,0.045033317,0.039304383,0.046962537,0.04600406,0.058792334,0.03661992,0.045264617,0.04392422,0.03564278,0.048237868,0.028784456,0.057572648,0.05200852,0.030266639
0.051667877,0.0578915,0.027194,0.02156901,0.04205094,0.029040543,0.041850895,0.042861894,0.029362272,0.04748546,0.045856163,0.03979166,0.04699421,0.046270374,0.05672872,0.035780165,0.045157727,0.044175137,0.03412635,0.046214398,0.029837754,0.056321226,0.050130535,0.031641196
0.053441796,0.05813568,0.027880607,0.018605258,0.04329016,0.028176453,0.041515544,0.046606664,0.02925299,0.049279787,0.04640713,0.039632075,0.046676468,0.047039993,0.057932325,0.034318693,0.048080117,0.040715598,0.03252579,0.044684283,0.027972888,0.05512971,0.05356118,0.029138863
0.054994144,0.05968432,0.027782697,0.015140617,0.046163887,0.026921958,0.04044857,0.04831364,0.028908089,0.052083112,0.04597458,0.03777894,0.04481568,0.047827438,0.06001737,0.032011595,0.05213846,0.037360616,0.031773023,0.044328004,0.026430907,0.054050677,0.05772649,0.02732522
0.05673649,0.06246767,0.027662247,0.011318291,0.049992602,0.023172053,0.04004916,0.049918324,0.02643542,0.053928778,0.047572542,0.03561962,0.043759394,0.047181092,0.062035833,0.030587219,0.055202097,0.035371345,0.031795464,0.04439057,0.024690196,0.054269794,0.06202097,0.023822816
0.053572364,0.059345663,0.027913367,0.016721798,0.049533743,0.02565553,0.039939333,0.047315057,0.03197215,0.0525109,0.048011933,0.03687371,0.044201676,0.046117626,0.058377594,0.03022806,0.052623924,0.03965413,0.031050073,0.042453744,0.028529787,0.053437438,0.057002768,0.026957652
0.060255766,0.065209806,0.027109772,0.0062647704,0.054725166,0.021715628,0.03884443,0.054315217,0.019689102,0.059295096,0.046016403,0.02772896,0.041891944,0.0502502,0.06654721,0.028592957,0.062282514,0.02916796,0.0320558,0.04621443,0.01861759,0.05307977,0.069680214,0.020449335
0.062240966,0.067364365,0.028021596,0.0037790018,0.056065805,0.020649835,0.039060913,0.056870304,0.015013976,0.061813515,0.04374137,0.023974378,0.04000915,0.052856904,0.06899868,0.028393945,0.065307416,0.025386374,0.0339761,0.048194647,0.014611027,0.053361084,0.07226352,0.018045144
0.054606304,0.061036084,0.02757628,0.012036524,0.051419802,0.024955746,0.039871827,0.047914326,0.03130877,0.057622526,0.045125492,0.030584102,0.039968126,0.050102726,0.062474307,0.02731797,0.05909589,0.035917927,0.032059498,0.045726348,0.023975186,0.051050942,0.06251664,0.025736649
0.055513047,0.06206351,0.026690394,0.010955648,0.052842107,0.024817439,0.038925838,0.048071206,0.03100372,0.05771471,0.044948876,0.03056695,0.03849861,0.0508187,0.06340813,0.02694043,0.05986656,0.03473289,0.0314126,0.045467786,0.022992563,0.051656887,0.064028494,0.026062913
0.05538845,0.06186134,0.026791885,0.011885501,0.052815188,0.025799127,0.039235085,0.048488505,0.030198308,0.057045434,0.043922793,0.030697996,0.03752963,0.051286865,0.06336346,0.02746349,0.05930927,0.035241056,0.031643134,0.04406152,0.022563647,0.051495597,0.06480935,0.027103323
0.056152936,0.06287931,0.027015293,0.010722544,0.053292394,0.026022242,0.038965084,0.04938161,0.027308397,0.05729774,0.042773083,0.02916447,0.036095347,0.05243595,0.06449691,0.028677965,0.06016922,0.03397436,0.03273662,0.04418702,0.021825647,0.050940175,0.06694825,0.02653747
0.062019248,0.06668442,0.025864126,0.005257411,0.052877553,0.023589084,0.040363606,0.05507174,0.01519496,0.05927924,0.04251463,0.025582131,0.036608126,0.052368045,0.068895906,0.032301236,0.06370081,0.026247103,0.037146132,0.04452054,0.015391248,0.054714315,0.07268157,0.021126814
0.06705988,0.070169695,0.025402386,0.001559311,0.05519685,0.01972813,0.03917748,0.059834413,0.006523233,0.0633454,0.04497938,0.017749928,0.036654994,0.051742744,0.071648166,0.03551877,0.06855014,0.016854059,0.04422874,0.04540439,0.009562518,0.058831856,0.07436025,0.015917337
0.06988734,0.071788855,0.027961537,0.00016959794,0.059255127,0.014870203,0.03186441,0.064862385,0.0016168876,0.06775712,0.048135072,0.009798992,0.03585666,0.05489807,0.07217786,0.038214844,0.071267016,0.006957867,0.05293902,0.050026763,0.0045190016,0.061945062,0.07309352,0.01013684
0.06979862,0.071068555,0.028201682,0.00017186278,0.05654458,0.013978273,0.033820134,0.065396205,0.0011235514,0.066828564,0.05010775,0.010241305,0.037968498,0.0523246,0.07144146,0.041252617,0.07030556,0.0067438944,0.054625746,0.048909087,0.0040942505,0.06304899,0.07227941,0.009724814
0.065923676,0.06709168,0.031013744,0.003496032,0.051751703,0.024919951,0.038435217,0.058771558,0.006197549,0.05584752,0.04396819,0.024243874,0.040068462,0.04956141,0.06822561,0.040441494,0.060678996,0.020588236,0.0418819,0.04190603,0.012514457,0.05781692,0.072397985,0.0222578
0.061411135,0.061567355,0.031203263,0.010510883,0.049293265,0.031329755,0.03811102,0.05546551,0.01331428,0.050991908,0.041330576,0.032884248,0.042378675,0.04930334,0.06300232,0.038717862,0.05236303,0.029631201,0.035478603,0.041907944,0.017692326,0.054113496,0.06955782,0.028440202
0.061555367,0.060847268,0.030822814,0.009939731,0.04957845,0.031692367,0.035690874,0.05688306,0.0129568875,0.051782135,0.0424525,0.033363413,0.044845525,0.0498679,0.061920643,0.038095415,0.052740116,0.030194554,0.03342556,0.043716982,0.016293293,0.05396702,0.06999122,0.0273769
0.0592358,0.059114087,0.031010754,0.012928062,0.049264908,0.032808825,0.034678712,0.054427296,0.018293398,0.051176336,0.043113794,0.03325817,0.045350667,0.049669627,0.059560418,0.035185385,0.05190305,0.033321884,0.032019068,0.043035764,0.019334946,0.053371757,0.06821697,0.029720297
0.05494088,0.056170434,0.032819692,0.01898819,0.048698734,0.034381382,0.03411804,0.05112754,0.025543474,0.050394822,0.04430728,0.034306478,0.04531388,0.04796812,0.05522485,0.03277575,0.048815172,0.038348388,0.031497825,0.041891206,0.024055826,0.051810086,0.06335739,0.033144567
0.047340307,0.049338095,0.03317153,0.03508451,0.044300534,0.039093588,0.035930943,0.04640945,0.0356992,0.046536915,0.04506209,0.03913971,0.04645984,0.04567971,0.047908314,0.034355298,0.04089727,0.04613833,0.03232495,0.039653204,0.030621093,0.050182518,0.05067312,0.037999544
0.05138918,0.05391286,0.03287962,0.02395165,0.04705894,0.03717381,0.034281436,0.050441284,0.028276581,0.047672607,0.04479562,0.03688831,0.046189975,0.047647238,0.05294584,0.034404304,0.044829156,0.041668557,0.03095094,0.040592816,0.025249029,0.05162128,0.06015277,0.03502622
0.05892821,0.061734986,0.033304315,0.008418929,0.054395564,0.03352576,0.029373398,0.05581441,0.01681664,0.053637434,0.045004494,0.029267203,0.04467941,0.05094523,0.061482843,0.032742575,0.054588113,0.031546216,0.029334266,0.044149756,0.017173266,0.054059155,0.07075934,0.028318513
0.0651442,0.06785962,0.03678922,0.0024164538,0.06077606,0.03015876,0.023352357,0.05970304,0.008048219,0.05858113,0.044554126,0.021121085,0.04229488,0.054063886,0.06720264,0.032046024,0.061232705,0.02146605,0.02915795,0.04866363,0.011430774,0.056650527,0.073823355,0.023463354
0.06819821,0.07041352,0.03976192,0.00094236364,0.063378334,0.027963135,0.020218547,0.062801495,0.0042035505,0.061776932,0.044593412,0.016410353,0.040469307,0.05586486,0.06964059,0.031983715,0.06452843,0.01510149,0.029633062,0.052172024,0.008474242,0.058201972,0.07450773,0.018760862
0.067690305,0.06986299,0.04032537,0.0010457416,0.06237404,0.028506882,0.020480026,0.06307209,0.004450467,0.061149597,0.04401772,0.018029593,0.041213866,0.056346204,0.0688542,0.030992296,0.06354932,0.016751602,0.029647972,0.051541865,0.00821578,0.05824136,0.074313216,0.019327499
0.07098791,0.07180218,0.040072933,0.00023716797,0.065586574,0.02517865,0.01911972,0.067087136,0.0016066824,0.06624767,0.037972543,0.012351615,0.037212707,0.06232604,0.07196126,0.030304953,0.06928883,0.009308812,0.03360438,0.05425227,0.003694155,0.060566813,0.07404415,0.015184816
0.07226166,0.07283709,0.03854255,8.045929e-05,0.06840731,0.024101047,0.01891064,0.0689629,0.0007499549,0.069227695,0.035516765,0.0080670975,0.03319469,0.06527069,0.07322233,0.032062948,0.07186284,0.0054058554,0.036821183,0.05527883,0.0021192231,0.061678626,0.07408958,0.011328034
0.07282949,0.07341346,0.038886778,2.3081731e-05,0.07071422,0.024524145,0.016292876,0.0700629,0.0003507255,0.07069131,0.033212233,0.004744337,0.028976994,0.06780217,0.07365566,0.034625106,0.07294702,0.0032063706,0.039227888,0.05742344,0.0013022132,0.061847642,0.07399668,0.009243267
0.0728561,0.07317728,0.038257223,2.032537e-06,0.0718966,0.025272122,0.011916768,0.07125237,8.2719176e-05,0.07163857,0.02955546,0.0021869359,0.024390785,0.07029908,0.07324827,0.038982872,0.07303624,0.0012693318,0.045651674,0.060710024,0.00041977575,0.06411888,0.07330748,0.006471453
0.07372905,0.07425806,0.040671103,7.180843e-06,0.072779156,0.02326664,0.011147159,0.07161949,0.00019573452,0.072429106,0.029159712,0.0024811456,0.025767155,0.07109712,0.07442022,0.033352543,0.074085884,0.002125594,0.04104708,0.06083526,0.0007699957,0.061211485,0.07456606,0.008978032
0.073146045,0.0745697,0.04114346,6.025371e-05,0.0725745,0.024584197,0.01139246,0.069334604,0.0010705035,0.07182268,0.03352549,0.004188684,0.030143887,0.06876294,0.07499954,0.027781121,0.07437072,0.004644152,0.035334896,0.057877436,0.0030446178,0.055227477,0.07567936,0.014721321
0.071961686,0.07393641,0.040516548,0.00012537789,0.0719045,0.027183272,0.012399664,0.06842392,0.0015746137,0.07078486,0.03474077,0.005377084,0.031925976,0.06726512,0.07457448,0.02911152,0.0737471,0.0060383244,0.033962164,0.056335088,0.004395043,0.05253428,0.075558834,0.015623352
0.07012943,0.072722115,0.03902967,0.0003184258,0.07032173,0.02777994,0.014290659,0.066544525,0.00295782,0.06940083,0.037910394,0.0075589097,0.035767704,0.06420761,0.0736289,0.028285777,0.07260274,0.008722081,0.031943515,0.05535617,0.0068252827,0.05064307,0.075363874,0.017688846
0.06905569,0.07170095,0.03739512,0.00050685945,0.06844741,0.026432058,0.016311357,0.06484215,0.0041191694,0.06800993,0.041343074,0.009718202,0.038900163,0.061122127,0.07253499,0.027931925,0.07129456,0.010796176,0.030995693,0.05497798,0.008513317,0.051280428,0.0750619,0.018708782
0.06953296,0.07188583,0.038589567,0.00036511547,0.068381526,0.025200723,0.016419522,0.06578844,0.0030833432,0.06792138,0.040089417,0.00913134,0.03899068,0.06214931,0.072597824,0.029118275,0.071208335,0.010049653,0.03156516,0.056943413,0.0074253213,0.051636238,0.074706115,0.017220506
0.06681494,0.07091231,0.04035461,0.00096122926,0.06731403,0.027443586,0.018446313,0.063293196,0.006148063,0.06615068,0.041683756,0.011651246,0.03797758,0.05855397,0.07116729,0.02668638,0.06932921,0.014690034,0.030033037,0.053591155,0.011073618,0.05108687,0.07505105,0.019585881
0.066721454,0.071481906,0.037838254,0.0010745364,0.06788654,0.025434125,0.019695317,0.0626702,0.0074167955,0.06597559,0.043400705,0.012766878,0.036889497,0.05805367,0.071512766,0.02514294,0.06946071,0.015343523,0.02975346,0.052198537,0.011327048,0.05219164,0.074975744,0.020788211
0.07005076,0.07336865,0.03711884,0.00032509703,0.0701184,0.019855052,0.018201672,0.06540907,0.003990828,0.068771854,0.042243727,0.009360682,0.034636214,0.06280847,0.07348343,0.024443366,0.072028294,0.011172337,0.032188438,0.05598949,0.006862762,0.05433871,0.07508191,0.018151963
0.07209276,0.07413613,0.036923964,8.578132e-05,0.07120395,0.015143124,0.019852532,0.0680073,0.0014911888,0.07081727,0.040485527,0.0066289622,0.029661784,0.066603035,0.07424577,0.026467524,0.07319201,0.007600814,0.037929446,0.058563296,0.0032678188,0.05823089,0.07486042,0.01250876
0.07228148,0.07410425,0.035922945,6.93544e-05,0.07106378,0.014069895,0.021877388,0.06832596,0.0012131482,0.07094647,0.041113943,0.0064922003,0.0291983,0.06654227,0.074230775,0.027154556,0.07320011,0.007007933,0.03882554,0.058605142,0.0027290343,0.059759524,0.07472519,0.010540836
0.07299877,0.074163966,0.035621308,3.457357e-05,0.071479864,0.012177492,0.020869633,0.069306016,0.0007991338,0.0718215,0.04120479,0.005023189,0.029785952,0.067088194,0.074280754,0.027009483,0.07360731,0.005140747,0.04069967,0.060179368,0.0020914564,0.06098369,0.0746054,0.009027708
0.07331365,0.07399496,0.035046574,1.1132562e-05,0.07172797,0.009116291,0.019580774,0.07028794,0.00037990283,0.07210661,0.040559962,0.0038391403,0.029739812,0.06760557,0.074068524,0.028961442,0.07359765,0.0031059047,0.045905106,0.061671533,0.0014849704,0.06279242,0.07422712,0.0068751136
0.0732959,0.07399046,0.03729629,9.42914e-06,0.071884416,0.008980689,0.018554203,0.07041016,0.00033431526,0.071972676,0.039387204,0.00357806,0.029076714,0.0676887,0.074044846,0.029444128,0.073565245,0.002877515,0.046670295,0.06176552,0.0015578688,0.06263956,0.074192375,0.006783476
