0,1,2,3,4,5,6,7,8,9,10,11,12,13,14,15,16,17,18,19,20,21,22,23
0.03968875,0.04206427,0.041074216,0.0423015,0.042082716,0.04313613,0.040171854,0.04289054,0.04080068,0.043240476,0.04180472,0.04252432,0.042279307,0.04064462,0.040272143,0.041862797,0.040988415,0.041060388,0.04245169,0.04270705,0.04305996,0.03964306,0.042370863,0.04087953
0.03982355,0.042126313,0.04131437,0.04261575,0.0422316,0.042864203,0.0397004,0.042908333,0.040782392,0.043345224,0.04173282,0.042498186,0.042422604,0.040429227,0.040178586,0.041604225,0.040847804,0.041183103,0.042630337,0.04271381,0.043187927,0.039408356,0.04253549,0.04091533
0.039924882,0.04215337,0.0411391,0.04256898,0.042318035,0.04242559,0.039893992,0.043123495,0.040872924,0.04347277,0.041897483,0.042535838,0.042640686,0.040350616,0.040073276,0.041756507,0.040434554,0.040846664,0.042656586,0.04284499,0.04332043,0.039183103,0.042510897,0.04105521
0.03964448,0.041496698,0.041082047,0.042684536,0.042153653,0.042734105,0.04036043,0.042818632,0.040492207,0.043842886,0.04146903,0.042557683,0.0425332,0.040539864,0.040688384,0.04151971,0.040505577,0.040838365,0.04286047,0.04275873,0.042845022,0.039647024,0.042892233,0.04103507
0.0398836,0.04124377,0.040681753,0.042887356,0.042526085,0.04211513,0.0404445,0.042962883,0.040323053,0.043426514,0.041614983,0.041967813,0.042339597,0.040843308,0.04071557,0.041338205,0.040286873,0.041507464,0.043043382,0.042401128,0.04299498,0.040156014,0.042621084,0.041674934
0.039524917,0.041719086,0.04111986,0.042240106,0.0431052,0.04209101,0.040303692,0.04271457,0.04003771,0.043862052,0.041603405,0.0418524,0.04243971,0.04100002,0.040395822,0.041844316,0.040208746,0.041417588,0.042421684,0.042707287,0.043378867,0.040059682,0.0421439,0.041808408
0.039393015,0.04178234,0.041442778,0.04209033,0.042944424,0.041958038,0.04057675,0.042367645,0.04016638,0.044253666,0.041203156,0.042182513,0.042880826,0.04096756,0.040454075,0.042068366,0.040164545,0.04103385,0.04257228,0.043218967,0.042970277,0.039740928,0.04190934,0.041657988
0.03878859,0.04143744,0.041961085,0.0424802,0.042478498,0.042481806,0.040592685,0.0424457,0.040338323,0.044156857,0.040868334,0.042149924,0.04288836,0.041067418,0.041007955,0.04181927,0.040120497,0.0411767,0.042868674,0.042568404,0.042584125,0.040220037,0.041967746,0.041531354
0.03881353,0.041040886,0.041831043,0.04248234,0.042236067,0.042502005,0.04077181,0.042492125,0.04004487,0.043824617,0.041009795,0.042013776,0.04333694,0.041044742,0.041503113,0.041706096,0.040193383,0.04099687,0.043205388,0.042717192,0.04245224,0.040097617,0.042082857,0.041600678
0.03916815,0.041555427,0.04177759,0.04310595,0.0426329,0.041977085,0.04048058,0.042626604,0.040054422,0.043731716,0.04091934,0.04143853,0.043359928,0.041143157,0.040982846,0.041578554,0.040266886,0.04071725,0.0424427,0.042555366,0.042980786,0.04050132,0.0422489,0.04175398
0.039426412,0.040838316,0.04189411,0.043328203,0.04259934,0.04197855,0.04040121,0.042866424,0.040120702,0.043514922,0.0413953,0.041018482,0.04299401,0.04094572,0.04091846,0.04177944,0.040325742,0.040483344,0.042158015,0.042493526,0.043129053,0.041152105,0.042636897,0.041601684
0.03930994,0.040877216,0.041825287,0.04377505,0.04282927,0.042630017,0.040071156,0.042293735,0.039527543,0.042767573,0.042223234,0.042725626,0.043176986,0.041277833,0.041614223,0.04185769,0.03969467,0.040045723,0.04234342,0.04175598,0.04233976,0.04044944,0.043062672,0.041525923
0.03958329,0.040984076,0.042125612,0.043723285,0.042652424,0.043339595,0.040859476,0.04217208,0.039575268,0.04415645,0.042374488,0.041666806,0.0439289,0.0407149,0.042079788,0.04180615,0.039922968,0.03997475,0.041918684,0.041602135,0.042090766,0.040353168,0.041761145,0.040633824
0.038861547,0.041846994,0.042450927,0.042631865,0.042537276,0.0428073,0.04172832,0.042131346,0.039847523,0.044112448,0.042879526,0.04062179,0.043616395,0.041374933,0.04030289,0.041189045,0.04115277,0.041086044,0.04121264,0.0435806,0.042626835,0.041512903,0.04097154,0.038916506
0.03886785,0.04088071,0.042031683,0.042511087,0.042283162,0.042907607,0.04161055,0.041656557,0.039687756,0.04312495,0.041406892,0.04131739,0.04357712,0.0417235,0.04051199,0.042110164,0.041667383,0.04049115,0.04165534,0.044275824,0.041395474,0.042346183,0.042181402,0.039778296
0.03911987,0.03942334,0.041627783,0.042310555,0.04090882,0.04358413,0.040775985,0.04263729,0.03949953,0.042956155,0.04044389,0.04116096,0.044169586,0.041367322,0.04231634,0.041848253,0.04026834,0.040910058,0.042483576,0.04492028,0.042292446,0.041481663,0.043389197,0.04010465
0.03877235,0.038781308,0.0425906,0.04488176,0.041635536,0.043174215,0.03935836,0.04367831,0.04002591,0.043915283,0.03923557,0.0407809,0.04382894,0.041774258,0.041480508,0.041135628,0.04025512,0.041628826,0.043036044,0.043671887,0.042305004,0.041230176,0.04258724,0.040236305
0.038865723,0.039779503,0.042274803,0.044317458,0.04310871,0.043204412,0.039430417,0.043110862,0.040241793,0.045155328,0.03924129,0.040687695,0.0436459,0.040467143,0.041019037,0.041870847,0.040680643,0.041496906,0.041139353,0.042864736,0.04205275,0.041711397,0.04281908,0.040814117
0.039506253,0.041256078,0.041465584,0.043169152,0.04137683,0.043381546,0.04051386,0.04389727,0.040106624,0.043990847,0.040304296,0.040488783,0.044155106,0.040752407,0.041541636,0.04094481,0.039039798,0.04184642,0.040798526,0.043194156,0.043085277,0.04058727,0.04317367,0.04142387
0.03837515,0.040279478,0.041831467,0.044298034,0.041515257,0.04227315,0.03947587,0.044943582,0.040128402,0.044198297,0.040877756,0.040742233,0.04362795,0.041502375,0.040862795,0.040306546,0.038880695,0.041714907,0.042366583,0.043345585,0.043417275,0.040219333,0.043106705,0.04171063
0.03895642,0.040342037,0.042124983,0.043851655,0.041654933,0.04252452,0.039429795,0.04465962,0.03928511,0.043044116,0.040394172,0.041184984,0.044872496,0.04168538,0.042088218,0.04124932,0.038412668,0.04045985,0.042041276,0.042795353,0.043364067,0.040065836,0.043404542,0.042108666
0.039166305,0.04080297,0.042706873,0.043571804,0.04311973,0.04191317,0.03975516,0.043234244,0.04001202,0.044008214,0.04023459,0.040909413,0.044020165,0.041120354,0.04230869,0.041602246,0.037789606,0.04004011,0.04244372,0.042980395,0.0434371,0.039972026,0.042637758,0.042213347
0.040421866,0.038412757,0.042604163,0.04335029,0.0422115,0.040898334,0.03868299,0.045198247,0.038865793,0.044339664,0.040270332,0.04131479,0.04567619,0.042521074,0.042236254,0.041197814,0.038389094,0.040645014,0.04270298,0.043837626,0.04328554,0.039343543,0.041782442,0.041811734
0.0394492,0.039135102,0.041533407,0.043281365,0.04172533,0.040015183,0.03951849,0.044480506,0.03874686,0.04405941,0.04041926,0.040494442,0.046608917,0.043848082,0.0418745,0.04199872,0.040137853,0.041231908,0.041678563,0.042458016,0.043040805,0.040091436,0.04270528,0.04146735
0.03874535,0.040513046,0.041829478,0.042469516,0.04209724,0.03955372,0.04113861,0.04360441,0.03820405,0.043960292,0.040389255,0.040667143,0.045765445,0.042803634,0.042453308,0.04307251,0.039655365,0.042067025,0.04234798,0.042735603,0.0416852,0.04115821,0.04219609,0.040887516
0.038063347,0.039979108,0.04053063,0.044124577,0.04321315,0.04077551,0.039516937,0.043753516,0.03925994,0.043242563,0.040253498,0.04072515,0.044892218,0.041655473,0.043904286,0.0418451,0.03859516,0.041421797,0.043985274,0.043919582,0.040826283,0.041699205,0.04224136,0.041576385
0.038249232,0.04024881,0.04069841,0.043545213,0.04354618,0.04206001,0.038975578,0.043700196,0.0400876,0.04454532,0.04016545,0.040264945,0.045019947,0.040942956,0.044379823,0.04260245,0.037763502,0.04177031,0.04294961,0.04202671,0.043006275,0.04086689,0.04131693,0.041267663
0.039357726,0.04006087,0.041322377,0.043485023,0.042789377,0.041378338,0.038424294,0.044861063,0.03913249,0.04366948,0.041149,0.039058913,0.045052867,0.042922672,0.043350197,0.04201799,0.038989473,0.04227706,0.041765932,0.041617006,0.042762965,0.040216494,0.042255964,0.042082433
0.03999277,0.040317096,0.041316435,0.044768497,0.043296468,0.040350623,0.039137468,0.04487482,0.03980168,0.042429823,0.040681154,0.039439384,0.043933295,0.042276185,0.041891385,0.04109184,0.038845815,0.04195519,0.042247985,0.042297617,0.041848414,0.04111844,0.042871617,0.043215986
0.038089022,0.04158358,0.041808207,0.044211052,0.042469032,0.040723085,0.037866414,0.044659022,0.042810775,0.04399763,0.04103358,0.040323596,0.044887904,0.041712977,0.040599477,0.041091606,0.038381726,0.041587736,0.04199719,0.041556235,0.04263958,0.041703112,0.04199631,0.04227114
0.037826173,0.04142555,0.042382397,0.04438013,0.04217064,0.040854014,0.03733937,0.043425422,0.043253575,0.043483756,0.04136413,0.03987938,0.045206964,0.043166183,0.0414535,0.04093532,0.039161816,0.041189104,0.040991064,0.040769406,0.043227755,0.041348737,0.042730764,0.042034872
0.03978599,0.04057406,0.042763658,0.04474071,0.042689096,0.041363604,0.037299424,0.042713925,0.042379815,0.04228605,0.039614342,0.03937603,0.04495852,0.042997006,0.04199835,0.04104619,0.03901556,0.041121796,0.04312279,0.04122249,0.042316873,0.04040814,0.043985613,0.042219967
0.038891543,0.042292066,0.041046996,0.04461232,0.041941036,0.040888984,0.038371284,0.044002373,0.04043678,0.04301419,0.04026486,0.04079447,0.044845242,0.041822504,0.04215256,0.04274341,0.038748045,0.04127709,0.042280648,0.042261485,0.041921765,0.041315243,0.041744504,0.042330615
0.03731654,0.0419568,0.040950194,0.043929927,0.04285431,0.040235355,0.039361924,0.044674244,0.04025313,0.044930544,0.04010062,0.04078572,0.044986367,0.042969458,0.041601148,0.0417586,0.038532354,0.041543014,0.04195298,0.043308537,0.041809198,0.041385412,0.041442662,0.041361008
0.037841078,0.041314196,0.04289561,0.04386784,0.042010058,0.03924027,0.039822087,0.043470807,0.03893968,0.046054244,0.038673334,0.040366977,0.044742133,0.043843824,0.041249964,0.040746547,0.040461194,0.039940447,0.042483173,0.043492205,0.04101471,0.042333707,0.043062568,0.042133324
0.03926067,0.041139122,0.042053048,0.044439662,0.041590307,0.039913736,0.038565334,0.04506851,0.03819124,0.043557584,0.038865156,0.040326186,0.044978935,0.042709723,0.041100055,0.041627396,0.038744997,0.04048308,0.044217516,0.043923695,0.04208162,0.042138,0.042518355,0.04250602
0.03821352,0.04021905,0.041905962,0.044138443,0.041830886,0.03980252,0.037300296,0.04585117,0.039505295,0.042755604,0.040927675,0.040069316,0.044656463,0.042123076,0.042517755,0.042141292,0.038872886,0.039594755,0.043062456,0.04399753,0.043379713,0.042361464,0.042875845,0.041897044
0.03809886,0.04020711,0.040057186,0.044040486,0.04369964,0.038463358,0.03556717,0.045635223,0.04103461,0.044724356,0.04146676,0.040210877,0.044381786,0.04153855,0.04222476,0.042439044,0.03933757,0.04140336,0.040601786,0.043599814,0.04349157,0.042070657,0.043699164,0.042006314
0.038356423,0.04055739,0.042099416,0.0446986,0.043442994,0.03954609,0.03535396,0.04468804,0.04117712,0.044399034,0.04026441,0.037923086,0.044741478,0.04200581,0.041809626,0.042860974,0.03886888,0.040820275,0.04064608,0.04168072,0.044560954,0.04234152,0.043604612,0.04355251
0.039154746,0.0401185,0.04170324,0.0449891,0.041997544,0.03903862,0.036591787,0.04626258,0.04076483,0.045375824,0.038917094,0.037142023,0.04579818,0.041912153,0.04104653,0.041730225,0.038854554,0.04115901,0.04068079,0.041427974,0.04400283,0.044184513,0.04331899,0.043828346
0.038619716,0.04039167,0.04160818,0.0442568,0.041972026,0.037952576,0.03786326,0.046298575,0.039379805,0.045160297,0.038214263,0.037931904,0.04589365,0.043286595,0.0409856,0.042577915,0.03830134,0.041526157,0.042026263,0.043096375,0.042258542,0.04351108,0.04217657,0.044710875
0.038431384,0.04073041,0.042193744,0.044734806,0.04250989,0.037809152,0.03725912,0.046053886,0.0389832,0.04436077,0.039868403,0.039352052,0.04631998,0.04520805,0.041776426,0.042145386,0.03824766,0.040718548,0.042036854,0.043076556,0.041277774,0.040568937,0.042708833,0.04362822
0.03809384,0.04026621,0.04067616,0.046016537,0.043628033,0.03781024,0.037201904,0.04666541,0.037833076,0.04425106,0.039673865,0.038283587,0.04723669,0.04607917,0.040707655,0.04118853,0.038093135,0.04032053,0.04186369,0.042707454,0.042861372,0.041308224,0.043854374,0.043379214
0.038690925,0.04121433,0.042012505,0.044452436,0.04402377,0.03686468,0.037617896,0.045979284,0.037767984,0.044657983,0.039760258,0.036738474,0.04723699,0.04554635,0.04143102,0.04133095,0.03842922,0.03883637,0.042761326,0.041878857,0.042069983,0.04189707,0.043981075,0.044820268
0.03866518,0.043792035,0.041460488,0.04433613,0.04210397,0.037264686,0.037415177,0.04740698,0.038582265,0.044734355,0.038745802,0.036237653,0.04680121,0.04437691,0.04252276,0.040430542,0.03855061,0.038858272,0.043207448,0.042141292,0.040673353,0.043286238,0.042592354,0.04581434
0.038827904,0.043928266,0.040949583,0.04365961,0.04121017,0.03809534,0.03867977,0.046704695,0.03942447,0.045229375,0.039204177,0.03778674,0.04643066,0.043747928,0.043459553,0.03994806,0.038151946,0.04055187,0.04299146,0.04176977,0.0412288,0.042859398,0.042640433,0.042520076
0.038879566,0.042405117,0.041221865,0.044698223,0.042250685,0.03815736,0.037234157,0.04643882,0.039131153,0.046051808,0.038466405,0.038928725,0.04685612,0.043366846,0.041996244,0.042101245,0.038123675,0.040651474,0.04221479,0.040961526,0.04199933,0.043233875,0.042271804,0.04235912
0.038356077,0.041656602,0.04317279,0.04602182,0.043031134,0.03728852,0.03711026,0.046862435,0.038656697,0.044911247,0.038978837,0.036684148,0.04700565,0.04499997,0.041283865,0.040853124,0.037215754,0.040286783,0.042131655,0.04091832,0.041311976,0.042555973,0.044220377,0.044485964
0.038911175,0.040580112,0.042887073,0.046915393,0.04302282,0.035879854,0.03591173,0.046318833,0.03883683,0.04468546,0.039271615,0.035536867,0.047718547,0.044841107,0.043701526,0.04056173,0.036915567,0.04023818,0.04218792,0.042119343,0.04151285,0.04096899,0.04425472,0.0462217
0.039254196,0.040846694,0.042496316,0.046174448,0.043984417,0.035210453,0.035815023,0.046163306,0.039346572,0.045373905,0.038329244,0.036329616,0.047288872,0.043865282,0.044152055,0.041830327,0.037333045,0.040513504,0.04339988,0.042921964,0.039649542,0.039985158,0.042571165,0.047165018
0.038290948,0.041015115,0.0426797,0.045212675,0.04468757,0.03456219,0.038145166,0.045267247,0.038874455,0.0465948,0.03742641,0.036854453,0.047100995,0.045024786,0.0444359,0.041735455,0.036925804,0.03957777,0.04310267,0.043624565,0.03902658,0.04044342,0.042759445,0.04663191
0.03921198,0.042200785,0.040476456,0.044564012,0.044550315,0.033740807,0.0392465,0.045522805,0.03797453,0.04568268,0.040298633,0.03692219,0.047240097,0.04752547,0.043636676,0.042321295,0.036607616,0.038935266,0.041152563,0.042380027,0.040362816,0.039953034,0.04407095,0.045422517
0.039854452,0.043190483,0.04246602,0.043829776,0.044106204,0.034942288,0.038051132,0.045439903,0.038228065,0.044616632,0.04149627,0.037397806,0.048296425,0.046474192,0.043921776,0.041690405,0.0373792,0.037888855,0.042276174,0.041425835,0.038934536,0.03913111,0.045258537,0.043703903
0.038352117,0.043786425,0.041847207,0.044996347,0.044946436,0.033842806,0.03731749,0.04505218,0.03960039,0.04402995,0.04129127,0.03804233,0.048800506,0.044137772,0.04406446,0.042178567,0.03695237,0.036812283,0.044508267,0.041942403,0.0398867,0.039249215,0.043597918,0.044764612
0.0394414,0.042721324,0.040105343,0.046687964,0.043075264,0.033908978,0.036140975,0.045435358,0.04017393,0.0455533,0.040717613,0.037679084,0.048198298,0.04598422,0.043737326,0.041255217,0.036559843,0.03752459,0.043342806,0.04067554,0.040345468,0.04064833,0.044456106,0.04563175
0.038934693,0.043186992,0.04132615,0.047214944,0.042799555,0.03348042,0.034791186,0.045214053,0.03975024,0.04690813,0.04000701,0.036821272,0.049276464,0.048760165,0.04246847,0.040295143,0.03575699,0.038248833,0.041721877,0.040194336,0.03909443,0.041107424,0.0461665,0.04647478
0.038226355,0.04319527,0.04240997,0.045789037,0.043587442,0.03319408,0.035011876,0.04532327,0.039228536,0.0478695,0.04064207,0.037425272,0.04972935,0.04761835,0.04225516,0.04224785,0.034074362,0.038744837,0.043385543,0.040258314,0.03892577,0.040153407,0.044882115,0.045822255
0.037317842,0.043381523,0.04174101,0.045080766,0.04385085,0.034309257,0.035915233,0.04484193,0.038995333,0.047862068,0.04080333,0.03852747,0.049066626,0.04639261,0.042624556,0.043939482,0.0349997,0.038964897,0.0426715,0.04019737,0.03964301,0.041258283,0.042479195,0.045136172
0.0369076,0.044061426,0.04296274,0.045801107,0.04348164,0.033992313,0.03494599,0.04597219,0.03837899,0.046787005,0.03987295,0.036399968,0.049365558,0.04766443,0.0420974,0.04253444,0.03554886,0.039562017,0.042166818,0.039798122,0.03954561,0.04190549,0.04280433,0.047443014
0.037904613,0.043043233,0.04200302,0.046674874,0.04398039,0.0340445,0.035465196,0.04653626,0.039177123,0.047242522,0.038483705,0.03625013,0.049355317,0.048018835,0.041492883,0.040657293,0.035696875,0.04118298,0.043328896,0.038918484,0.040358674,0.041144863,0.042648554,0.04639075
0.038483087,0.043484744,0.042542186,0.046009257,0.044257417,0.03519792,0.037561666,0.04538783,0.039319966,0.0452746,0.03848542,0.037615564,0.04812968,0.04650236,0.04088203,0.041198898,0.03631388,0.041303053,0.041636784,0.038720414,0.039326485,0.04258768,0.04362364,0.0461554
0.038901255,0.044151437,0.044637524,0.04525083,0.0441909,0.034920413,0.037941687,0.04529906,0.038128283,0.04579507,0.03801514,0.036302287,0.048542887,0.048093576,0.041769613,0.04038365,0.03748311,0.037992872,0.04220156,0.039013054,0.037539195,0.042065725,0.043803092,0.04757776
0.038569134,0.042481925,0.04365335,0.04655916,0.044149745,0.035125516,0.03685452,0.044506818,0.037920967,0.045281023,0.037248176,0.034712713,0.049133882,0.049610212,0.042964417,0.04048107,0.035546616,0.04057156,0.042709086,0.041106686,0.038714804,0.040622335,0.043742634,0.047733698
0.039644312,0.04255521,0.042548347,0.04553034,0.04436448,0.034809783,0.03621823,0.044040535,0.03601006,0.046350785,0.036909804,0.03494331,0.050614107,0.050122652,0.043967247,0.04124524,0.034981083,0.040268753,0.041845158,0.040406156,0.03862041,0.040370695,0.04547833,0.048154965
0.03933609,0.04250231,0.04367045,0.045225415,0.04469218,0.034353036,0.036426686,0.044818483,0.036887016,0.04891998,0.03608602,0.03542168,0.051069003,0.050411873,0.04352478,0.041876633,0.03307126,0.040238883,0.041706003,0.03857817,0.03935416,0.040623385,0.04342043,0.04778607
0.037547067,0.043670528,0.044390824,0.045984797,0.043760806,0.03394556,0.03551566,0.045052428,0.038082536,0.049331456,0.038446423,0.03450895,0.05104216,0.048975125,0.042496197,0.042171065,0.03261849,0.04159476,0.041589376,0.038243324,0.039872393,0.039863836,0.04338945,0.047906827
0.037986293,0.04392395,0.04351242,0.04752167,0.043747813,0.03330029,0.03488519,0.04639068,0.038411543,0.0459744,0.038963344,0.03384562,0.048792873,0.048139624,0.04187334,0.042538833,0.032898184,0.042655032,0.04267272,0.038734954,0.0405225,0.04096478,0.04344886,0.048295014
0.03830782,0.044679042,0.041529592,0.046147842,0.044285707,0.03176471,0.035315495,0.04723454,0.038621493,0.04390839,0.038888726,0.034818415,0.04870955,0.047690183,0.04418592,0.0426449,0.032713458,0.040732212,0.045237582,0.040508714,0.0409721,0.040180292,0.042174876,0.048748452
0.03625158,0.045865856,0.040652145,0.046018716,0.044366315,0.031053256,0.035629105,0.048129924,0.03779079,0.043768387,0.04120551,0.035141166,0.050607875,0.048363894,0.04317089,0.040142097,0.032807287,0.040075365,0.042602845,0.04059419,0.040995087,0.040672436,0.044741724,0.04935361
0.03624424,0.04422227,0.042952903,0.045929685,0.044964634,0.032058172,0.035142623,0.045364525,0.03750459,0.04413053,0.04103757,0.03580986,0.050668664,0.04794609,0.043182757,0.039841868,0.03451401,0.03956403,0.04111051,0.04035854,0.041148882,0.039389133,0.045861192,0.051052697
0.03801988,0.046159346,0.044236287,0.043871574,0.044026706,0.032410096,0.035298016,0.044195175,0.03841904,0.044591498,0.040014736,0.03449118,0.05054825,0.047907498,0.045294005,0.042667303,0.03532034,0.038467668,0.04272753,0.039769217,0.03949001,0.03788739,0.044085342,0.05010188
0.037155118,0.048607163,0.043927565,0.04414681,0.04158038,0.032410484,0.034420285,0.04304258,0.038268592,0.04497167,0.041200694,0.034706205,0.05153719,0.049273193,0.043325976,0.044140443,0.03401675,0.03835933,0.041189604,0.038932394,0.041807815,0.038330443,0.045156103,0.049493227
0.037652344,0.046337757,0.042694353,0.044752575,0.043088593,0.03235447,0.033689376,0.04383019,0.03736173,0.044504073,0.04215732,0.035024446,0.051099446,0.04971365,0.042814076,0.044459406,0.03463584,0.039311334,0.039343834,0.039424475,0.042064186,0.03986935,0.04520872,0.048608482
0.040275052,0.044011377,0.042942356,0.044947255,0.044151075,0.03164532,0.034500044,0.042384107,0.036304485,0.046146054,0.040022638,0.037002362,0.051235795,0.050574463,0.04307356,0.04434084,0.03397203,0.038394414,0.04011575,0.038695164,0.04074861,0.039735418,0.04403706,0.05074478
0.040129624,0.04487558,0.042415198,0.04670047,0.04438666,0.031334966,0.03521941,0.04209343,0.035868857,0.047022965,0.037595503,0.038940903,0.050021548,0.047983803,0.04434723,0.044303615,0.034482367,0.03632333,0.041567445,0.03883801,0.039835364,0.04058557,0.044159655,0.05096849
0.039400402,0.04401798,0.0423852,0.046129696,0.04527064,0.033487663,0.036374412,0.043056928,0.036907863,0.04632435,0.03740372,0.038288753,0.04861753,0.047856376,0.044358864,0.04359128,0.034241494,0.03620224,0.040659387,0.04024672,0.040927574,0.040770225,0.043328926,0.050151747
0.040168118,0.043322522,0.04448283,0.04550079,0.0463147,0.034325518,0.03470688,0.042833783,0.036565397,0.048548207,0.036525354,0.03574849,0.050202414,0.050072484,0.04620838,0.041405182,0.034594465,0.03604375,0.041406512,0.038276672,0.039091997,0.039692733,0.04484898,0.0491139
0.040499527,0.043544393,0.042513996,0.04616504,0.04620765,0.034195907,0.03371338,0.043739133,0.037541516,0.04612335,0.037257608,0.03475375,0.050162714,0.050208807,0.047188714,0.04044278,0.0353242,0.037544496,0.041975226,0.03884232,0.03929424,0.03876008,0.045045547,0.048955634
0.037123494,0.044681605,0.041622516,0.046773795,0.046287812,0.03383506,0.031515077,0.04388707,0.038490556,0.04522292,0.038628504,0.034595847,0.05251322,0.050770767,0.04595827,0.04305114,0.0330762,0.037515607,0.04323113,0.03946302,0.039581407,0.039102048,0.043671638,0.049401324
0.037042428,0.048010886,0.042319406,0.0451435,0.044904474,0.03201052,0.033471018,0.04219729,0.040001377,0.04327679,0.040189624,0.03590874,0.052226912,0.050755356,0.04602114,0.04354679,0.03197673,0.037296027,0.041085947,0.036995832,0.040432185,0.038875822,0.045090906,0.05122028
0.039268818,0.047249928,0.04111434,0.045417268,0.045266807,0.03177913,0.034337673,0.042822875,0.040471263,0.04408145,0.038755078,0.036526773,0.05086243,0.050303303,0.04696939,0.041666307,0.031417772,0.037511315,0.04293707,0.038547847,0.039927855,0.03831183,0.04430974,0.050143782
0.03971885,0.047687754,0.043459557,0.04577353,0.045050997,0.03355189,0.035006788,0.042696957,0.03863508,0.04399707,0.038968906,0.03401726,0.052441515,0.049341884,0.045899786,0.042372316,0.030460399,0.035305444,0.043478735,0.038972303,0.03981298,0.037857242,0.044266548,0.051226247
0.03903707,0.04897786,0.044517066,0.044227857,0.046542317,0.03293646,0.03616589,0.04097792,0.03799425,0.04545775,0.038441274,0.034083445,0.053425565,0.05049639,0.045546245,0.042050757,0.029644147,0.035982683,0.040482935,0.036990922,0.03977812,0.039321918,0.043870453,0.05305074
0.037001457,0.046180356,0.043329418,0.045767732,0.046491798,0.033554852,0.03589383,0.04175575,0.037870355,0.04784877,0.037155103,0.036861558,0.051128797,0.050283894,0.045118738,0.044160426,0.029244557,0.038728863,0.043135226,0.037992522,0.039253242,0.040159743,0.042787615,0.048295446
0.03814775,0.040585287,0.043364163,0.04765672,0.046529826,0.035749808,0.034574274,0.04191509,0.035952713,0.04992238,0.036784157,0.036219086,0.050355956,0.048920162,0.045901027,0.046355586,0.032649696,0.037781473,0.044360884,0.03875972,0.03825051,0.039212238,0.04273836,0.04731318
0.0376101,0.041919235,0.043271378,0.045970373,0.046877112,0.035618212,0.033911306,0.042617053,0.038351603,0.049437456,0.036794953,0.036672566,0.047570318,0.048111964,0.045160748,0.045424633,0.03330309,0.037640076,0.042723674,0.037916865,0.03901265,0.040816415,0.043943055,0.049325127
0.035974782,0.04368117,0.043460876,0.04725442,0.046300318,0.033426944,0.033990577,0.042502657,0.03814876,0.04714412,0.038088854,0.035766516,0.04879531,0.048341017,0.04366129,0.044203833,0.03333888,0.038829576,0.041616496,0.037531883,0.040598594,0.04065453,0.04594015,0.050748438
0.037512317,0.042534363,0.044573214,0.046638124,0.046482507,0.03293554,0.03341328,0.03981422,0.036175743,0.048097566,0.0383506,0.035484076,0.050164282,0.049192235,0.044903774,0.045096755,0.033554114,0.036358297,0.04260396,0.038639415,0.039029714,0.03988892,0.045949947,0.052607104
0.03763167,0.04180247,0.04498658,0.04643366,0.045382388,0.03264484,0.032794844,0.0409396,0.03602531,0.0477499,0.039632488,0.03459541,0.049915846,0.049844857,0.04495167,0.044622768,0.033366237,0.035568934,0.042851258,0.039883625,0.040525816,0.03884169,0.0454145,0.0535936
0.0367186,0.042705715,0.04525374,0.046555053,0.04554523,0.03145267,0.033571087,0.042180456,0.036826614,0.047132403,0.040608227,0.034825902,0.05070949,0.050467484,0.04448929,0.0439141,0.03276267,0.035401795,0.042904604,0.03954069,0.038418613,0.0382899,0.046991497,0.05273416
0.035758816,0.04364707,0.044127155,0.04707059,0.046370912,0.031791158,0.03257592,0.04324726,0.03670366,0.04724137,0.04007099,0.035439104,0.050737325,0.05145089,0.04468977,0.043910787,0.03242809,0.035646815,0.041908298,0.038238432,0.037710585,0.039585482,0.048100546,0.051548958
0.03697403,0.042222362,0.0433883,0.04604068,0.04548841,0.030140996,0.03258098,0.042379968,0.03595495,0.04890703,0.03975281,0.033945784,0.05201696,0.052496653,0.047004998,0.043394364,0.032403164,0.034440443,0.04323693,0.03904943,0.038915075,0.03836722,0.04872475,0.05217369
0.036879595,0.04276738,0.042210504,0.048299175,0.04433128,0.02968618,0.031837612,0.04263144,0.037789773,0.04755376,0.038702883,0.035576552,0.05226821,0.051924203,0.04613953,0.043213464,0.03396856,0.0354246,0.043044455,0.03785996,0.0390427,0.038746793,0.04793546,0.05216596
0.036796197,0.04337729,0.043392006,0.048981704,0.044616703,0.029950613,0.03043479,0.041627865,0.03811135,0.04653388,0.03909018,0.034484453,0.05264349,0.05125869,0.04598408,0.043379664,0.033553325,0.036224525,0.042182762,0.036787957,0.039704744,0.040123455,0.047200494,0.05355975
0.036695972,0.04286558,0.04447839,0.04836841,0.045548018,0.031103503,0.031454794,0.042212345,0.037432384,0.04697988,0.039069787,0.03384437,0.05235775,0.049959786,0.04533844,0.04376658,0.03344726,0.03620104,0.04186168,0.038147528,0.0392648,0.040328506,0.04675996,0.05251326
0.037600897,0.042928636,0.043004677,0.048021547,0.04512857,0.031838514,0.031112066,0.043823276,0.037566714,0.046410985,0.038971987,0.03311199,0.05337822,0.049534515,0.04486298,0.044493314,0.033322863,0.03532279,0.041053515,0.039205313,0.039801627,0.040570553,0.046133406,0.052801013
0.036864668,0.043518275,0.04458081,0.048013527,0.044941403,0.031985074,0.031134924,0.04282407,0.038265314,0.045679428,0.038643405,0.031946305,0.053313274,0.04941105,0.046361003,0.044443347,0.03338517,0.034080245,0.04138696,0.03826395,0.040479656,0.039870232,0.046579175,0.05402873
0.038390413,0.04211886,0.045595992,0.04912043,0.04551434,0.030912574,0.030475434,0.042672783,0.038371485,0.04690096,0.037246194,0.032402705,0.05203225,0.05095677,0.047834557,0.043982387,0.03355205,0.033719856,0.04255245,0.037178807,0.039917115,0.03761728,0.046422917,0.054511346
0.03732969,0.04332752,0.044891976,0.048316382,0.04524198,0.030362817,0.030597307,0.04211988,0.03827181,0.047335174,0.03937839,0.031698644,0.052811228,0.05132346,0.04669021,0.044578373,0.033583373,0.034482732,0.043452375,0.037734985,0.039346576,0.037968464,0.04594729,0.053209323
0.035926502,0.045033097,0.043453492,0.0475926,0.04444485,0.030066952,0.031936143,0.041862946,0.038899276,0.04614874,0.04020342,0.032311726,0.05302767,0.05125099,0.044809483,0.044642843,0.032076713,0.03534093,0.042049877,0.038958844,0.04090868,0.0391088,0.046606615,0.053338733
0.03777592,0.04487084,0.04299697,0.047409557,0.04573705,0.030884933,0.033120044,0.042615008,0.039952267,0.04687494,0.037440382,0.03265064,0.052558493,0.050744858,0.04432857,0.044364884,0.032278128,0.03435866,0.042565472,0.037181824,0.040175382,0.03922493,0.046198413,0.05369184
0.037916325,0.04484269,0.041480165,0.046894215,0.046674468,0.030832322,0.031797666,0.04271028,0.040385373,0.045326017,0.037717562,0.031530414,0.052477572,0.050668564,0.0437309,0.044289544,0.032661136,0.0348744,0.042986028,0.03883474,0.039051883,0.04081936,0.04713368,0.05436475
0.038050503,0.04537577,0.04068227,0.047571234,0.044614453,0.029636199,0.032007225,0.042329673,0.040432826,0.04490903,0.039433986,0.0325385,0.053145777,0.049329765,0.044531975,0.045924086,0.032875832,0.034366805,0.04364903,0.039472822,0.03915331,0.039958663,0.046430636,0.053579662
0.037154887,0.044946216,0.043521453,0.047197573,0.04494595,0.031326342,0.031547513,0.041396156,0.041130282,0.044874087,0.03852071,0.03466303,0.052436728,0.048354063,0.045999754,0.04626161,0.034072973,0.033451997,0.044909406,0.03731284,0.038126383,0.037116498,0.04659574,0.054137826
0.03815544,0.044635564,0.04437764,0.045681063,0.044729833,0.031050982,0.031578265,0.04099956,0.04006957,0.045245793,0.039496955,0.034124333,0.051878776,0.047889847,0.0452028,0.045526095,0.03469914,0.034223385,0.045831557,0.03699073,0.038689967,0.037873585,0.046109352,0.05493976
0.03882437,0.045428276,0.042852465,0.044637077,0.043521896,0.030656643,0.03251253,0.041290987,0.038888596,0.045118887,0.039458428,0.034462303,0.05400022,0.04903499,0.044818982,0.044826046,0.03413252,0.035515852,0.044991564,0.037268694,0.038978525,0.03940565,0.046761192,0.052613292
0.03702482,0.04511832,0.043624505,0.04704019,0.043526478,0.032518376,0.03178197,0.043169107,0.039103054,0.044940144,0.038173433,0.032869827,0.053349417,0.050408535,0.044128176,0.04370777,0.034126386,0.035050496,0.040670205,0.037772864,0.040695373,0.041538786,0.049027313,0.05063448
0.037140504,0.044437252,0.043501113,0.049293865,0.044133224,0.032312028,0.032490168,0.044537317,0.03953006,0.046456486,0.039110553,0.03302654,0.05040792,0.049644865,0.043316618,0.043130722,0.034869976,0.03525232,0.03852763,0.03928466,0.039353084,0.041118644,0.048206896,0.05091752
0.03820739,0.043710392,0.043105226,0.048883885,0.045529686,0.031226952,0.03288182,0.04478705,0.03902556,0.047316894,0.03954716,0.03195786,0.050352972,0.04765226,0.043931533,0.044615876,0.03541547,0.034042507,0.041104585,0.039174683,0.038348358,0.041233376,0.047299974,0.050648518
0.039506547,0.042334575,0.04302259,0.048455153,0.045729417,0.030641163,0.034454517,0.043801147,0.040168047,0.04723306,0.03630766,0.030626178,0.05198008,0.04798373,0.04485874,0.046561405,0.03405093,0.033780728,0.043470412,0.036927387,0.038953874,0.040300522,0.045264505,0.05358764
0.03815949,0.04233253,0.041728098,0.047809664,0.047638066,0.030477986,0.034846477,0.04352195,0.040352408,0.0468289,0.03845098,0.031797394,0.051856294,0.047143355,0.04528484,0.04617252,0.032821666,0.036412023,0.044318687,0.03581371,0.038436897,0.04077035,0.044313747,0.052711964
0.03650125,0.043671675,0.042166512,0.047442593,0.046750084,0.03237736,0.034532614,0.044441447,0.039418153,0.047042172,0.039759643,0.031693917,0.051499054,0.04699574,0.04639591,0.046389833,0.032298423,0.038003333,0.042334966,0.03774091,0.037660338,0.03979495,0.043682005,0.051407114
0.037768397,0.044827726,0.043337792,0.046308227,0.044657912,0.031283703,0.034434862,0.04627139,0.037101105,0.046077915,0.039777555,0.030306151,0.053140335,0.048871264,0.044950504,0.045516904,0.03321563,0.036394928,0.042378064,0.036747284,0.039359592,0.040155023,0.045584027,0.051533695
0.03996493,0.043382324,0.041507356,0.046245653,0.04574206,0.03021299,0.03333825,0.045589168,0.037114553,0.04763456,0.039589573,0.03107617,0.0514003,0.04768573,0.04414708,0.04653217,0.03317077,0.036115028,0.0431269,0.038790423,0.040284287,0.04074523,0.04586854,0.050735917
0.040645488,0.041089457,0.041828573,0.045525495,0.04634287,0.029834785,0.0326164,0.045828152,0.037407298,0.048011683,0.039924417,0.0330196,0.049189474,0.049417023,0.045682903,0.04472955,0.034098733,0.037110317,0.042335495,0.041714825,0.03938007,0.03865225,0.04555571,0.05005937
0.038455937,0.038720336,0.04305814,0.04682142,0.04608705,0.029286226,0.033604477,0.045767896,0.038847603,0.047727898,0.037471134,0.033396292,0.0505035,0.051131673,0.047132995,0.04311182,0.036721706,0.039340347,0.04118519,0.038274262,0.040026046,0.038884934,0.045759957,0.0486832
0.03899014,0.03966385,0.041942816,0.047894396,0.045300808,0.030922765,0.0332106,0.045569226,0.038559105,0.047005177,0.03559798,0.031278282,0.050412245,0.04969494,0.0473743,0.045461502,0.034692112,0.039946087,0.04221602,0.03805509,0.040396303,0.04082053,0.04520283,0.049792834
0.0397286,0.040749412,0.039529823,0.047315016,0.045801777,0.033836473,0.03583246,0.04668753,0.03781658,0.046500336,0.03750702,0.030903326,0.049728945,0.04847835,0.047203083,0.044911798,0.031396624,0.038831018,0.044235453,0.039469514,0.040418837,0.041549824,0.04461831,0.046949916
0.0401815,0.039696384,0.039865397,0.04610855,0.046247464,0.03226331,0.036378656,0.044821557,0.037954994,0.04802284,0.035560995,0.032941394,0.051205833,0.047238935,0.04836085,0.045604903,0.0335146,0.036227413,0.044976946,0.039753683,0.039158616,0.04108631,0.045368657,0.047460284
0.038004152,0.04023127,0.04134544,0.04868461,0.045414362,0.030334588,0.033500068,0.044152427,0.03968129,0.046089955,0.036992252,0.03204772,0.052343246,0.049119376,0.046728227,0.045162436,0.033326324,0.038282044,0.043650527,0.03713418,0.039641887,0.04141612,0.0459498,0.05076766
0.03700138,0.04139571,0.04335237,0.048233066,0.044972874,0.031113876,0.03452612,0.044980038,0.03952554,0.045086797,0.0387025,0.03099483,0.05316957,0.051090833,0.043642078,0.04524721,0.032859717,0.039051503,0.04217966,0.03712076,0.036521032,0.04220566,0.045866515,0.05116035
0.03672164,0.041615523,0.04307142,0.046468113,0.043596353,0.031888887,0.033323683,0.044079997,0.040582128,0.04539791,0.039170105,0.032645408,0.052754335,0.0511518,0.04266662,0.04693376,0.035856713,0.03837044,0.041091338,0.037323344,0.03709858,0.041546777,0.04626976,0.050375372
0.03890433,0.043642744,0.042590324,0.04651868,0.043789014,0.03273294,0.031182962,0.046014015,0.040722415,0.043840196,0.039838586,0.03125994,0.051015504,0.050974045,0.041456174,0.04550932,0.03424689,0.038959194,0.04067615,0.03759566,0.04123163,0.04047687,0.045610446,0.051212016
0.04028241,0.0442184,0.042392496,0.047187228,0.044000722,0.033189017,0.033048674,0.04545033,0.04028872,0.046036106,0.037891358,0.0314105,0.04994842,0.04963774,0.042775612,0.044659592,0.035117235,0.03766703,0.042156078,0.038951263,0.037897933,0.03914446,0.0455246,0.05112409
0.038685687,0.044806976,0.039361607,0.047252268,0.045342516,0.032056883,0.03612274,0.044765893,0.038696874,0.046688437,0.037352636,0.035014227,0.050193977,0.04913085,0.043435365,0.045462087,0.034690388,0.036318626,0.042412665,0.040255744,0.037664562,0.038760524,0.044847056,0.050681345
0.037943598,0.0438293,0.04002139,0.047420688,0.04546931,0.031206956,0.035214707,0.046603426,0.038644735,0.047047205,0.04071386,0.033785235,0.051246718,0.048283555,0.043574598,0.044004027,0.033852663,0.03726972,0.04124516,0.040836662,0.039406292,0.038374215,0.044541776,0.049464162
0.039067745,0.041200884,0.04151535,0.047501653,0.046362102,0.03141607,0.034701545,0.04755394,0.03867357,0.048089802,0.0395007,0.031606574,0.05144073,0.047802493,0.043619193,0.043589763,0.032825124,0.039231908,0.042356882,0.038445897,0.03910739,0.039178886,0.04483429,0.050377447
0.039790682,0.041801725,0.042579576,0.047849037,0.044554457,0.033211395,0.03455074,0.046368197,0.03574233,0.047265682,0.035981774,0.03381377,0.051429104,0.04691153,0.04460749,0.043998286,0.032981157,0.03884877,0.041975733,0.04013572,0.03920363,0.040924553,0.044815294,0.050659366
0.040014006,0.04326874,0.042548276,0.04721001,0.04428727,0.033198193,0.034538385,0.04662334,0.037014257,0.044720948,0.036825787,0.034010738,0.05049638,0.046811476,0.045150746,0.04455026,0.036111258,0.036621243,0.041704684,0.041119326,0.037343897,0.03931816,0.045658182,0.05085448
0.037951145,0.04213966,0.041424833,0.047158495,0.044663142,0.032247722,0.033701435,0.04586337,0.03759185,0.045736395,0.039572664,0.033581123,0.04991855,0.048620082,0.04224278,0.043942604,0.037120342,0.038901236,0.04024849,0.041464895,0.037886858,0.04076846,0.04630833,0.05094551
0.03799397,0.04349232,0.04173172,0.046731345,0.045257475,0.0320371,0.03297565,0.044696514,0.037988015,0.045997098,0.039603733,0.031604443,0.05171981,0.04870559,0.04168752,0.043246962,0.034774013,0.03903666,0.04131787,0.041760553,0.039612006,0.03952513,0.047265448,0.051239066
0.03881519,0.04399528,0.044020306,0.04602401,0.044335496,0.031954486,0.035322245,0.046406668,0.037179288,0.046276923,0.03945333,0.03125793,0.052008238,0.049633387,0.041165728,0.03977972,0.03736396,0.03821483,0.04105024,0.040277366,0.040047254,0.039501134,0.04767941,0.048237544
0.03762197,0.043792754,0.0428762,0.045804143,0.043675914,0.032656223,0.03368254,0.046209183,0.037262052,0.04713976,0.038394496,0.03468377,0.050849892,0.048954867,0.04108888,0.0414102,0.03801741,0.04049425,0.040321615,0.040535785,0.038720038,0.04130081,0.047151446,0.047355823
0.03967988,0.043041665,0.041134093,0.046242476,0.044704136,0.031660385,0.03454613,0.043789685,0.039524477,0.046482418,0.03921494,0.033903312,0.05166015,0.0491406,0.041664515,0.043499216,0.036491837,0.03958966,0.039622016,0.04008654,0.039351564,0.039762214,0.04643718,0.048770968
0.038531367,0.042954586,0.042130344,0.049336024,0.046592355,0.03126017,0.033673014,0.04328612,0.03802641,0.04554823,0.041405406,0.031805072,0.05319787,0.049896467,0.04156954,0.0431208,0.03373979,0.039914813,0.03930439,0.038750976,0.039862093,0.039356586,0.047449283,0.049288284
0.03979213,0.04282754,0.041868366,0.047524236,0.045418825,0.03120869,0.03371163,0.044169273,0.038063623,0.046050724,0.039970558,0.03200575,0.051285006,0.04987889,0.042624798,0.04242128,0.035207804,0.03875794,0.04332086,0.03874102,0.040186483,0.036875516,0.047505673,0.050583377
0.040284786,0.04339395,0.044196885,0.04554891,0.04377699,0.030347252,0.03457194,0.04494654,0.036049325,0.048379727,0.0392563,0.0322853,0.0511274,0.048143204,0.044711042,0.04270066,0.03519963,0.03687598,0.043277293,0.040332213,0.040301424,0.03727496,0.046680227,0.050338063
0.03811816,0.04471872,0.04303459,0.045362275,0.044536155,0.031284463,0.034318827,0.04566067,0.037180718,0.04862551,0.03909818,0.034049686,0.0516783,0.047907405,0.042778596,0.043742366,0.033016596,0.039686978,0.041781314,0.03980178,0.04071634,0.040478356,0.04716007,0.04526395
0.037126582,0.041565217,0.042125132,0.046132464,0.04688348,0.03242771,0.035462238,0.047516353,0.040244475,0.047274806,0.038877483,0.036063273,0.049709175,0.04779391,0.041531898,0.04252588,0.03435236,0.042361848,0.042095844,0.035985164,0.040145002,0.041020993,0.04626257,0.04451611
0.038190216,0.0393252,0.042077035,0.045340367,0.046805207,0.03288792,0.033916667,0.046104625,0.040523876,0.0491465,0.036023714,0.035239954,0.04866409,0.048064362,0.04306893,0.043738425,0.035868537,0.039697744,0.041472193,0.03756515,0.04019532,0.040552467,0.046224263,0.049307212
0.03862434,0.039146233,0.042090908,0.047362123,0.044563238,0.031700954,0.031637277,0.045123152,0.038081083,0.04710852,0.036691453,0.032061826,0.050643377,0.048706733,0.04437983,0.045756936,0.035551086,0.038932964,0.041678324,0.04123971,0.04071577,0.03992224,0.047236133,0.051045757
0.039441247,0.038819198,0.04236025,0.049924675,0.045360826,0.031191008,0.032513004,0.045702882,0.039359275,0.04512352,0.037496936,0.03238582,0.049981292,0.04823868,0.04486765,0.044166937,0.036109027,0.040031068,0.0431518,0.03976351,0.04245934,0.03742793,0.045882415,0.048241757
0.039196502,0.040792778,0.04284379,0.047068752,0.044978812,0.03302919,0.034511235,0.045003716,0.03913266,0.0479239,0.03769772,0.03469633,0.048363287,0.045911092,0.044285774,0.043450084,0.035495874,0.038917363,0.044842865,0.039481238,0.043017585,0.0377318,0.045703266,0.045924406
