0,1,2,3,4,5,6,7,8,9,10,11,12,13,14,15,16,17,18,19,20,21,22,23
0.04415751,0.03806549,0.042450245,0.04345091,0.04346329,0.041278362,0.04067052,0.042490706,0.039958417,0.037637986,0.034310453,0.048926942,0.03689098,0.039504103,0.044489082,0.047876254,0.040214278,0.041053306,0.041752506,0.040017266,0.04484297,0.040844444,0.040591292,0.045062732
0.047201633,0.038333036,0.040917143,0.04189175,0.04363957,0.04085952,0.038933545,0.04014918,0.038296092,0.03673248,0.036020104,0.051823106,0.034862682,0.038197197,0.044908058,0.050597224,0.03857105,0.041178595,0.04181709,0.039809886,0.044065867,0.040738244,0.044367824,0.04608909
0.047080472,0.036919013,0.039805297,0.04169926,0.041859943,0.040677432,0.039775334,0.041651636,0.04232086,0.039223377,0.03738418,0.053981144,0.036798242,0.038210228,0.04243945,0.047903143,0.038929954,0.041503407,0.039718494,0.039725177,0.042684298,0.040670764,0.043852776,0.04518612
0.04814294,0.036262576,0.039808545,0.04067118,0.041896973,0.038983442,0.04057248,0.04656325,0.0408741,0.038424972,0.036012635,0.05320435,0.037521552,0.03651866,0.043064244,0.048605993,0.04122371,0.042118333,0.040409114,0.04072118,0.043134112,0.04153639,0.04186184,0.041867413
0.050764605,0.03599104,0.038689826,0.040100165,0.04297632,0.042276204,0.039011918,0.039828517,0.03735033,0.037080485,0.036787454,0.052955784,0.039591156,0.036369365,0.042792503,0.04939219,0.039067358,0.043740444,0.039550427,0.042935017,0.043058414,0.04246255,0.04426439,0.0429636
0.04902396,0.037034992,0.03839385,0.03828572,0.045727793,0.04259225,0.039176892,0.03897091,0.039024714,0.03728073,0.035862062,0.05026097,0.038230415,0.036702067,0.04392172,0.046501637,0.038586058,0.04254205,0.0433226,0.041344926,0.04343884,0.045334276,0.04252007,0.045920502
0.047458068,0.035835046,0.04041545,0.039343674,0.045469154,0.04060071,0.041660704,0.038623765,0.0420743,0.03688687,0.038032375,0.051535044,0.036970414,0.034953102,0.043617774,0.047294945,0.04320876,0.040188465,0.041182257,0.04141308,0.044279676,0.042977504,0.040910877,0.045068026
0.046355408,0.03496124,0.041001003,0.038631607,0.042505823,0.041712224,0.04408501,0.03787305,0.04114611,0.036683284,0.038912036,0.05186566,0.037835475,0.035254646,0.0445436,0.048536785,0.04151518,0.041837096,0.043288298,0.039587755,0.045867816,0.041397437,0.041121725,0.043481655
0.051006325,0.03426519,0.042673033,0.042696454,0.041947465,0.040012196,0.038920224,0.0390031,0.035966046,0.03603912,0.036553193,0.051485736,0.035399497,0.039572705,0.047968913,0.050116576,0.040111396,0.045876723,0.042356845,0.03884968,0.042427585,0.0431348,0.039545394,0.04407185
0.05408801,0.036083493,0.040937193,0.041817542,0.043481458,0.039210025,0.03694648,0.038830917,0.0363017,0.0373208,0.036679298,0.050743975,0.036171585,0.0401816,0.044521414,0.050369453,0.0406601,0.042608745,0.04297786,0.042371728,0.042184774,0.043838896,0.039334193,0.04233871
0.05433365,0.038129706,0.043360338,0.0428001,0.046954136,0.039528124,0.038149454,0.03892071,0.034940023,0.035811048,0.037098005,0.050106853,0.034485113,0.03828112,0.043155126,0.049742103,0.036527205,0.04470462,0.04310078,0.040166363,0.038905524,0.04732826,0.04194335,0.041528277
0.05277078,0.03898164,0.042081647,0.038229372,0.045752387,0.04227316,0.039721645,0.03817851,0.037857752,0.03458432,0.039084535,0.05359997,0.034204587,0.035382565,0.04238418,0.049842894,0.038875032,0.045402296,0.041810136,0.04073668,0.042036213,0.04352064,0.040008493,0.042680565
0.0516935,0.037636653,0.037516788,0.041376974,0.049747713,0.038714755,0.039803263,0.040188402,0.036619786,0.035457194,0.037572753,0.052779123,0.03583394,0.03303488,0.041256502,0.050602518,0.041835215,0.044835526,0.038841616,0.045135997,0.041909765,0.04252256,0.042782877,0.042301673
0.05028777,0.03684974,0.040302474,0.04081475,0.048486587,0.039172314,0.04140204,0.041341208,0.03784163,0.038868472,0.036176175,0.050042517,0.03717517,0.035286125,0.040613804,0.046921443,0.04077726,0.045790363,0.040560428,0.047188826,0.039981112,0.043350235,0.03976826,0.041001245
0.04784882,0.036603134,0.041677732,0.038921367,0.043620408,0.04413003,0.039291203,0.038190316,0.039983395,0.03918663,0.0373374,0.050944768,0.0363039,0.03668828,0.042644612,0.044747405,0.037034836,0.0434691,0.043937404,0.043420605,0.040328335,0.047348734,0.040125,0.04621657
0.051624577,0.036913782,0.041181758,0.04070651,0.042817287,0.040594384,0.039686397,0.038374327,0.037896708,0.039055195,0.03776268,0.05259855,0.035832264,0.036960013,0.045264494,0.046630844,0.037973206,0.043984115,0.042803627,0.041973587,0.040774312,0.042188894,0.0410256,0.045376826
0.049599074,0.036447313,0.039272066,0.03981761,0.047831792,0.038983136,0.03968793,0.038604014,0.039927784,0.03623196,0.03813337,0.050051212,0.03585009,0.03517284,0.0427765,0.045748107,0.04436795,0.043509074,0.041853983,0.043005776,0.042729586,0.045196466,0.0424873,0.042715058
0.053090844,0.038488965,0.03584706,0.04022296,0.045868173,0.039556134,0.04130503,0.038667686,0.03920341,0.039067604,0.0400955,0.04548878,0.037808817,0.03426046,0.043241188,0.047212694,0.042793978,0.04364298,0.0458194,0.042471625,0.0408932,0.042582735,0.03908528,0.043285497
0.05049803,0.039720394,0.04041386,0.040241145,0.042188626,0.0417894,0.040913496,0.042160667,0.04052096,0.039358754,0.0382544,0.048069436,0.03798765,0.035202496,0.045488004,0.046918277,0.03927725,0.040191248,0.04640857,0.040314883,0.0445164,0.04107934,0.03692173,0.041564994
0.051700383,0.038959537,0.044167656,0.04144819,0.04480316,0.039326653,0.04086307,0.03993025,0.042353507,0.0357108,0.037367824,0.043885842,0.037951156,0.033685166,0.041997492,0.04463144,0.043570995,0.04449642,0.04835103,0.038313646,0.041473318,0.04527641,0.039426412,0.040309586
0.04968117,0.039096355,0.04521586,0.04091918,0.042857103,0.03741067,0.040259805,0.041288648,0.040916245,0.036305036,0.0394253,0.047619067,0.035959546,0.03784105,0.042441115,0.045938823,0.042424645,0.04456724,0.047376115,0.0396085,0.039227866,0.046289135,0.038245387,0.039086092
0.05472282,0.04049026,0.040252835,0.038998052,0.043571394,0.035909425,0.039158996,0.040240478,0.03694136,0.038890507,0.04204419,0.049167376,0.03629756,0.036802467,0.040372226,0.047330733,0.043285593,0.045844924,0.042750064,0.040094506,0.041825786,0.045364484,0.040159475,0.03948441
0.05013978,0.03973557,0.042692095,0.043052215,0.042920627,0.036466703,0.037666075,0.040772643,0.039946355,0.04031126,0.03708102,0.04926373,0.03612569,0.03593457,0.040845335,0.04740575,0.042167325,0.042661525,0.043073032,0.039672717,0.04458702,0.0422533,0.04248299,0.0427427
0.047709677,0.039696753,0.043460555,0.04082984,0.04595404,0.03927932,0.038299143,0.042735543,0.041987367,0.03803108,0.03838471,0.043104824,0.039882876,0.034997858,0.04207594,0.045793112,0.041649766,0.043411497,0.04236613,0.040038448,0.043454733,0.04456335,0.038364165,0.04392929
0.04684031,0.036821056,0.043225303,0.039011344,0.045225248,0.042026397,0.04135586,0.038635198,0.04026585,0.038700595,0.0389248,0.046082478,0.040587854,0.033463962,0.041632567,0.047165483,0.040957037,0.044169813,0.037661873,0.04447828,0.045336828,0.043095883,0.03849034,0.04584566
0.048990346,0.040090017,0.04071052,0.04250415,0.04300736,0.03849742,0.038664807,0.043832157,0.03884655,0.039341044,0.035950504,0.04844984,0.043214012,0.036008246,0.041763943,0.04891108,0.038319275,0.042573914,0.040645763,0.040686984,0.04698363,0.04176105,0.03830179,0.04194557
0.048488412,0.036141012,0.04258828,0.042112637,0.03995568,0.04039832,0.036322862,0.04090938,0.037586354,0.03877427,0.039264675,0.044613294,0.038065158,0.036704324,0.045242164,0.050962444,0.03963658,0.04697887,0.0397194,0.042390306,0.043880038,0.04811796,0.039842885,0.041304655
0.049994923,0.03574897,0.041768473,0.04162475,0.04462873,0.040421665,0.04098144,0.0400556,0.03702673,0.036486294,0.037864283,0.04271424,0.039679714,0.035453428,0.044116538,0.052640103,0.042615883,0.043730956,0.04178418,0.043056503,0.046599306,0.04602995,0.037295546,0.037681833
0.049321033,0.03630948,0.04235242,0.04329143,0.046504315,0.03656491,0.04092583,0.04412887,0.040050138,0.037383746,0.036990955,0.046079718,0.039670285,0.036521792,0.041720353,0.045048434,0.04441997,0.03869318,0.04174726,0.04354996,0.04766768,0.045057032,0.038139988,0.037861202
0.050035197,0.04019713,0.04416997,0.042447954,0.044396766,0.040874377,0.041951854,0.04239259,0.040262703,0.035676453,0.0401248,0.04537662,0.0395014,0.03517907,0.0417866,0.044084355,0.04369336,0.03925685,0.04019109,0.040849272,0.044491876,0.045964237,0.039314486,0.03778103
0.0464851,0.03723343,0.049235668,0.040144645,0.048626922,0.04165384,0.038289547,0.04243812,0.040097825,0.036908027,0.0406153,0.04637801,0.03870523,0.03434038,0.043229815,0.04573756,0.041820817,0.039600544,0.038024735,0.04043966,0.0474929,0.041783452,0.03849126,0.042227183
0.047337584,0.03782437,0.05082554,0.04066464,0.045006044,0.04013966,0.039397307,0.041129205,0.043266352,0.0379544,0.040305633,0.04559692,0.034880694,0.035220988,0.04454115,0.043188263,0.043104377,0.039758302,0.040325414,0.042825185,0.044475175,0.042534593,0.03696777,0.042730466
0.048694935,0.040482067,0.046039913,0.042512048,0.047736797,0.038840026,0.03726375,0.041776937,0.04034153,0.034889758,0.039268598,0.04726916,0.0375727,0.03514649,0.043865148,0.045103725,0.040966697,0.044073723,0.04222676,0.042054337,0.04203901,0.04371907,0.037712187,0.04040464
0.049562987,0.03811572,0.041520108,0.04152197,0.04702965,0.038655315,0.036770206,0.041461643,0.037520185,0.037694182,0.038747262,0.046844333,0.036100186,0.035011422,0.047442514,0.050086275,0.039566662,0.045025155,0.04192672,0.0416256,0.04398123,0.043264583,0.036914375,0.04361169
0.046605512,0.038139697,0.042380795,0.04181022,0.04560008,0.03956202,0.038979977,0.040375516,0.042528242,0.040849242,0.038149297,0.04732581,0.03880533,0.038018085,0.042502124,0.04654154,0.041500267,0.043622922,0.041420713,0.041365977,0.0450536,0.04067659,0.038455572,0.0397309
0.04792972,0.03882759,0.041301854,0.03927039,0.044913538,0.04135551,0.03850758,0.038561173,0.04130479,0.0372317,0.040941857,0.05053998,0.037941683,0.03647824,0.04164157,0.04842595,0.037371412,0.04192576,0.045899253,0.041470397,0.04230957,0.044079106,0.039950877,0.04182047
0.046741415,0.04000861,0.04330677,0.03930647,0.045523245,0.037403885,0.04032345,0.03712883,0.041920047,0.038562685,0.040758826,0.04689525,0.03752362,0.036658876,0.04419603,0.045343738,0.04454044,0.044574622,0.045428026,0.039360117,0.04059426,0.043698125,0.039583534,0.04061916
0.045161113,0.039079983,0.041945137,0.04124783,0.045710985,0.03990506,0.03974323,0.0404947,0.03846506,0.039787717,0.039260875,0.04584798,0.034359187,0.037905183,0.04365814,0.04724073,0.040268265,0.04656655,0.043844566,0.043105353,0.042358212,0.04411449,0.03954569,0.040383954
0.04758038,0.036734205,0.03707312,0.04066193,0.05164823,0.04015784,0.04443934,0.036833286,0.036474105,0.036591407,0.039066344,0.043702982,0.038877144,0.03466981,0.04228381,0.050870728,0.03776907,0.04588945,0.040857274,0.04502907,0.049272284,0.04292923,0.039910264,0.040678725
0.048270773,0.040637445,0.038083434,0.039081577,0.049161218,0.03959457,0.041332453,0.037906498,0.037838314,0.036776874,0.03892102,0.043311886,0.03827753,0.03543147,0.04171574,0.05189939,0.037208892,0.046226393,0.042405143,0.040188752,0.05036467,0.044056267,0.039569926,0.041739747
0.050307702,0.037727315,0.039009046,0.038745247,0.045931265,0.041274283,0.041572906,0.0410711,0.036752295,0.03688574,0.03845311,0.048132375,0.03731314,0.03520471,0.040150203,0.050281994,0.037833102,0.044802945,0.04284297,0.041284967,0.051064912,0.044455223,0.039648354,0.039255083
0.05118164,0.035397097,0.039207924,0.038455423,0.04466567,0.04087017,0.03781393,0.042922765,0.036059357,0.03881667,0.041637428,0.051431596,0.036680546,0.035599194,0.040144004,0.051886145,0.03938367,0.045143325,0.04016948,0.04135446,0.047079213,0.04453891,0.04042921,0.039132215
0.04992162,0.03771778,0.04557479,0.039717242,0.0447189,0.03948034,0.036847863,0.044795986,0.038221225,0.039138068,0.037239004,0.046973452,0.0355951,0.035521194,0.042880427,0.045962367,0.040349998,0.042594936,0.042760454,0.041596234,0.04572814,0.045432653,0.041526873,0.03970534
0.050843302,0.037962638,0.042671304,0.039172225,0.042613838,0.038818736,0.03677883,0.044364285,0.0398074,0.03783431,0.03753934,0.049302556,0.033276383,0.03662474,0.043576118,0.04868521,0.04044331,0.041939296,0.044920675,0.04055212,0.044182062,0.047536656,0.041276693,0.039277937
0.049980063,0.03682238,0.04102863,0.039918054,0.043825164,0.03942209,0.036409818,0.04390315,0.038955476,0.03842471,0.0385186,0.047757827,0.034324273,0.038124695,0.04197633,0.050222654,0.039119493,0.040504914,0.04337454,0.04357427,0.047324874,0.046805777,0.03889935,0.04078285
0.048777305,0.039865676,0.04382901,0.03762889,0.041409295,0.040742144,0.038388528,0.04304816,0.037864443,0.03660527,0.03742823,0.04913016,0.036042787,0.036761537,0.044352524,0.04975835,0.038119502,0.040434,0.04453992,0.04153362,0.045804888,0.045833588,0.040301427,0.041800715
0.052556437,0.038594782,0.040789027,0.038960762,0.041943178,0.039049145,0.039946593,0.04121974,0.0398548,0.0344025,0.038577545,0.045711532,0.036093067,0.03531491,0.045354333,0.053218357,0.043718383,0.042173635,0.047982164,0.03925326,0.04279857,0.04487012,0.03988527,0.037731837
0.049690515,0.03723403,0.042533632,0.039964303,0.04398479,0.041595854,0.038427442,0.043871034,0.035585128,0.03632468,0.04004518,0.04470333,0.035624478,0.03430312,0.042188626,0.053072046,0.04037365,0.042558502,0.040859133,0.04348636,0.04967383,0.044477355,0.03912269,0.04030026
0.052082416,0.037539683,0.039957896,0.0401534,0.045918003,0.040271595,0.038794827,0.043103676,0.035037722,0.036051214,0.039362192,0.048848443,0.035971094,0.03541275,0.04182293,0.051685117,0.03796319,0.0446523,0.04101258,0.041075043,0.04851169,0.044058837,0.039473604,0.041239783
0.05723346,0.03837839,0.03797643,0.038879614,0.046597887,0.04169892,0.036680613,0.04189248,0.036286715,0.038675886,0.039028235,0.04825605,0.036028862,0.036450192,0.042493638,0.049868237,0.03889713,0.046685737,0.042208087,0.040892106,0.04448188,0.04451772,0.036932517,0.03895918
0.05584847,0.037891764,0.03793105,0.03614738,0.0467185,0.044166755,0.03748426,0.04260977,0.03490372,0.03940331,0.039736003,0.047169607,0.03615748,0.03554661,0.04290259,0.048869323,0.039007057,0.045217097,0.042356156,0.042180903,0.044971813,0.043813933,0.039880436,0.039085977
0.051625464,0.03562216,0.040440485,0.03812771,0.046225343,0.044462,0.038514797,0.041853454,0.033911645,0.03904834,0.03999435,0.046755537,0.03709068,0.035134174,0.044056762,0.051682822,0.04067753,0.042243205,0.041141044,0.04117922,0.04770096,0.04438448,0.038590908,0.03953689
0.05071824,0.036742344,0.043012567,0.03741073,0.044126928,0.041998405,0.035539478,0.04496368,0.038212236,0.03562443,0.038806472,0.04642725,0.03692433,0.035208333,0.041974824,0.052630223,0.041835036,0.04523298,0.043174133,0.039728697,0.04587949,0.046513245,0.038561895,0.038754012
0.054151352,0.034998633,0.04029257,0.03825125,0.046956148,0.040786218,0.034878183,0.043647636,0.034953944,0.036289062,0.038669698,0.04901374,0.03670341,0.035340637,0.04204344,0.052525178,0.03816654,0.049438506,0.041724972,0.04110365,0.04552323,0.04591128,0.03959561,0.03903509
0.052029587,0.034914203,0.043817908,0.036958653,0.043694198,0.040394686,0.038656227,0.040470857,0.033619694,0.03604186,0.03993934,0.04774098,0.036215268,0.03611137,0.04456209,0.050379746,0.038747355,0.047741093,0.040801797,0.04513317,0.047743298,0.0453499,0.03899,0.039946783
0.047010496,0.03465611,0.04279514,0.03495472,0.043005735,0.041999485,0.037354764,0.0404586,0.03608763,0.038609926,0.03935441,0.04920132,0.035065416,0.035047665,0.04132215,0.054010194,0.037280027,0.046997864,0.040155206,0.044290606,0.04931977,0.046810236,0.04130491,0.042907573
0.05037528,0.037352536,0.040974684,0.037760433,0.045204286,0.03973151,0.03421967,0.044418495,0.039825775,0.037034016,0.038018852,0.049935706,0.039030172,0.036443397,0.041668832,0.05072771,0.04044384,0.045087796,0.0400602,0.03975277,0.045631193,0.04473086,0.039671466,0.041900482
0.051115476,0.037748378,0.041310173,0.04116954,0.04267318,0.03985345,0.03838018,0.041720543,0.03970877,0.0384495,0.038468827,0.051953264,0.0380932,0.035748027,0.040705457,0.051091924,0.04083425,0.04639142,0.040570054,0.038121548,0.045501806,0.04311905,0.03847354,0.038798414
0.051743865,0.039831117,0.04216183,0.042972255,0.047614038,0.040118504,0.038510308,0.041402336,0.03907234,0.03806751,0.035722237,0.052234255,0.035952423,0.03682846,0.04223967,0.049145326,0.041667815,0.042482246,0.041096702,0.037559055,0.045689207,0.040076137,0.037470546,0.04034184
0.0554436,0.04311512,0.044665165,0.041258447,0.044730254,0.0391299,0.03807003,0.040621858,0.040786274,0.033977997,0.036070433,0.045424037,0.034898754,0.037415523,0.043700155,0.04737793,0.04193538,0.043174963,0.041694548,0.035610344,0.04617921,0.04459529,0.039051235,0.04107354
0.05751422,0.04153677,0.041979793,0.040354677,0.046502735,0.039574485,0.037784755,0.04127834,0.039700355,0.03527843,0.037107956,0.046185985,0.035271216,0.037390508,0.04411551,0.04869972,0.03985324,0.04474476,0.041439846,0.03476954,0.047460593,0.04359783,0.038043212,0.039815523
0.056886636,0.041720726,0.039468274,0.03788846,0.043659657,0.040833034,0.038069602,0.04191343,0.038759515,0.03688901,0.038568202,0.047237694,0.034256026,0.04163291,0.044138573,0.05076305,0.037861172,0.04250906,0.04133997,0.036104985,0.047559585,0.044085104,0.03888772,0.03896768
0.05409377,0.040993392,0.039027356,0.038274217,0.046423674,0.040356047,0.036915325,0.043169998,0.03945519,0.039101966,0.03854259,0.052610833,0.035717998,0.040631972,0.041887604,0.05117936,0.036963027,0.042445045,0.04124078,0.037432563,0.048423335,0.040975887,0.037672352,0.036465738
0.054786157,0.037434485,0.039199006,0.04025313,0.04640049,0.040331725,0.038103018,0.043955203,0.039107814,0.04027931,0.037789032,0.050237227,0.036768734,0.03824852,0.041625205,0.051722772,0.03760245,0.043115247,0.04368947,0.036024652,0.047992144,0.03996665,0.03709376,0.038273737
0.05265108,0.036949046,0.039969552,0.041739292,0.04538609,0.038340237,0.038576946,0.044301413,0.03964196,0.037024915,0.038438365,0.04567924,0.038942914,0.040055458,0.040899344,0.05098176,0.040758014,0.040612735,0.044039275,0.036505014,0.05013881,0.040564287,0.038693666,0.039110508
0.051715113,0.03943265,0.03738218,0.039015334,0.04740816,0.04233651,0.038801976,0.040768426,0.038625423,0.037895218,0.036693897,0.0434172,0.03810652,0.040108036,0.04145112,0.051167443,0.03782935,0.041171905,0.04130931,0.040397815,0.050942834,0.04231853,0.039821837,0.041883264
0.053718448,0.037659343,0.038553104,0.043229185,0.045011755,0.040036276,0.03766995,0.04183081,0.039061416,0.03942895,0.037324093,0.047385793,0.0387699,0.040725693,0.042329993,0.05045098,0.038551353,0.041872934,0.04264375,0.03817911,0.046301432,0.041873407,0.0377002,0.039692134
0.05127292,0.03971621,0.040156238,0.040963456,0.044182513,0.03783713,0.03827799,0.04110142,0.039711017,0.037016496,0.038365934,0.04697357,0.039007246,0.039347388,0.041855942,0.052016817,0.038980126,0.043017603,0.04351412,0.038189672,0.046144016,0.04339583,0.03615642,0.042799957
0.050590016,0.037345998,0.04428942,0.038284678,0.043895848,0.042647243,0.037183788,0.03706866,0.038187154,0.03832794,0.041990917,0.04654033,0.038333956,0.03850457,0.04271888,0.050390728,0.038040824,0.04436445,0.042827204,0.038072255,0.04768799,0.04267455,0.03775977,0.042272832
0.051242318,0.036296178,0.046469036,0.040837243,0.042176668,0.03979641,0.0397068,0.04088096,0.03777434,0.035771385,0.04154026,0.04250517,0.037869412,0.040005207,0.042317126,0.050321132,0.041248776,0.041074805,0.04228831,0.03764336,0.049526688,0.04348121,0.03771693,0.04151029
0.05087063,0.04070694,0.043145422,0.0396954,0.04225189,0.038995784,0.041850403,0.03688637,0.039886482,0.035946507,0.04042693,0.04306385,0.03681605,0.040402513,0.04433434,0.04951847,0.04205784,0.03961112,0.04256241,0.041117314,0.050980434,0.042029142,0.03735198,0.039491724
0.053425696,0.03844327,0.043022368,0.039349638,0.0439061,0.040252704,0.039192047,0.040564876,0.038735766,0.037917227,0.0396429,0.045926563,0.03714593,0.041873388,0.043005273,0.04741818,0.03854329,0.040297084,0.042675123,0.039385308,0.047455184,0.044544537,0.03913851,0.038139034
0.048545316,0.038023096,0.04477978,0.04072787,0.044807546,0.04302616,0.03842235,0.04155057,0.037440628,0.0389275,0.03863618,0.044617508,0.036916204,0.03991405,0.04360824,0.048983708,0.03978781,0.041033037,0.04377027,0.04042111,0.046282437,0.041983265,0.038006548,0.039788786
0.04944651,0.035394922,0.046663377,0.039123375,0.042164486,0.041949224,0.03596104,0.04060066,0.03847607,0.036765937,0.0404485,0.04466906,0.038777214,0.035895657,0.04447865,0.04999158,0.04099464,0.04234683,0.041961033,0.040506978,0.0463193,0.044108633,0.03995034,0.043006036
0.045197677,0.03345557,0.0468977,0.040428042,0.0412402,0.041823365,0.038579267,0.03833729,0.039413188,0.038810447,0.041339558,0.04545038,0.036861733,0.036848776,0.043888338,0.05000603,0.042866245,0.045833662,0.040453076,0.0410966,0.045653168,0.04360431,0.040331654,0.04158382
0.048868865,0.034925222,0.04430206,0.040333483,0.044085577,0.04057371,0.036935408,0.039310604,0.03869583,0.0373838,0.0398738,0.045414165,0.039864935,0.036476232,0.041422345,0.052302085,0.039849345,0.0479574,0.040882453,0.037782032,0.046049856,0.042762417,0.043165594,0.040782783
0.045603342,0.03770584,0.04354869,0.0425016,0.045615885,0.03880467,0.036089137,0.041973926,0.038911365,0.03724432,0.036447663,0.04978542,0.039478455,0.036853693,0.040303186,0.05165926,0.040653363,0.046074808,0.04396435,0.0372815,0.046636365,0.043651957,0.038673297,0.040537853
0.044751324,0.035410557,0.042427827,0.040398575,0.046987895,0.038579576,0.037798766,0.038909875,0.040150326,0.039230376,0.036827993,0.04940397,0.040636677,0.035477027,0.03981193,0.051579554,0.04230617,0.046783224,0.040502865,0.038456477,0.0490403,0.04193078,0.039932452,0.042665504
0.04818583,0.035435893,0.045998983,0.039728086,0.04452894,0.040189423,0.036942378,0.04106103,0.041274257,0.03688504,0.03782578,0.0506227,0.040417317,0.033876218,0.037302487,0.051290974,0.041615855,0.046390686,0.04209419,0.03546052,0.044882253,0.043818373,0.04100756,0.043165278
0.044998437,0.03624344,0.049597524,0.038497172,0.04415173,0.038938276,0.03627386,0.041314937,0.039931983,0.036565457,0.039425164,0.050833955,0.038896676,0.035095103,0.039355192,0.054041848,0.041986655,0.046361186,0.040833358,0.0350988,0.04399018,0.046337705,0.039638396,0.041592963
0.050578427,0.034965087,0.044861082,0.03891732,0.045010556,0.04080191,0.035647754,0.04049212,0.038502444,0.038313866,0.040010765,0.04997678,0.03902233,0.035807103,0.03617954,0.05196268,0.03975445,0.045962375,0.042903457,0.038476788,0.046416063,0.04513431,0.04135439,0.03894835
0.053622257,0.034058973,0.041723054,0.041241296,0.045722615,0.037783638,0.034845293,0.04230817,0.037428875,0.040309425,0.037976086,0.05044572,0.037117463,0.037752926,0.038187418,0.05649006,0.03786814,0.046295762,0.04451381,0.034878723,0.045461547,0.04464423,0.04009573,0.039228845
0.048975416,0.036433294,0.046019502,0.042966336,0.04436243,0.038086466,0.03325378,0.044749714,0.036307603,0.03898145,0.03760429,0.050071243,0.037994653,0.038013577,0.037258912,0.05314726,0.035128336,0.04621693,0.044522345,0.035517756,0.045718744,0.04502421,0.042846937,0.040798776
0.048381068,0.037011724,0.046619352,0.03929312,0.04459448,0.041128434,0.03209935,0.042831007,0.03722887,0.038260564,0.041462824,0.046503596,0.037238132,0.036272395,0.04024136,0.050759118,0.038610876,0.0454194,0.04364408,0.03916549,0.04396129,0.046131127,0.040402457,0.042739883
0.053179298,0.038210098,0.042652074,0.037529454,0.047666863,0.040433712,0.035043832,0.044242978,0.034996103,0.03772893,0.039373353,0.04841163,0.037523203,0.038103834,0.041905567,0.051778816,0.038858358,0.042616893,0.045078095,0.0381483,0.04599047,0.041457634,0.03982941,0.039241083
0.04865191,0.03577181,0.0458715,0.040989287,0.048645817,0.04133135,0.03650299,0.041289333,0.0373188,0.036994774,0.038656138,0.050726615,0.037562933,0.033579364,0.039813273,0.051141538,0.039082896,0.042552363,0.04387014,0.038816284,0.044621352,0.042004123,0.041131396,0.04307399
0.050284468,0.03725609,0.04205209,0.043693505,0.050412115,0.039726738,0.034028932,0.041770753,0.036852624,0.036808092,0.03671707,0.050079893,0.036908492,0.035690427,0.04030649,0.050722588,0.039815295,0.044313427,0.04319608,0.03882174,0.045288987,0.041601356,0.040743876,0.04290881
0.050284307,0.037858564,0.040591255,0.040376548,0.048764437,0.04041611,0.034636598,0.04299345,0.034751974,0.037604734,0.036501307,0.049832538,0.034627408,0.037184693,0.04100195,0.05256431,0.037254747,0.046793547,0.042730376,0.040077865,0.046906807,0.043618552,0.038928185,0.043699775
0.05188438,0.038391765,0.040641923,0.039442834,0.045858696,0.041052356,0.03541552,0.040131565,0.037364908,0.037469592,0.038110733,0.049341008,0.03599979,0.037625358,0.04128553,0.051099148,0.03800946,0.046734102,0.042475246,0.041273873,0.04496256,0.04336957,0.03976105,0.042299062
0.05236937,0.03823154,0.04139973,0.037472486,0.045272306,0.04197921,0.034164276,0.040633757,0.035845254,0.039022703,0.039797723,0.04732178,0.037751526,0.038523,0.042971924,0.0499518,0.03691313,0.046194836,0.040350784,0.039824322,0.04600802,0.044193976,0.04111591,0.042690564
0.05219268,0.0383423,0.045920067,0.039993327,0.046623934,0.039462328,0.035540927,0.044078898,0.034879237,0.03885677,0.038414024,0.048622668,0.040652044,0.035448868,0.04063972,0.04812373,0.0400969,0.045249037,0.040799513,0.039526306,0.042997524,0.045021772,0.039678656,0.03883874
0.055871848,0.038229723,0.040113438,0.039227016,0.04391292,0.040065195,0.03569736,0.04151966,0.03635801,0.037895106,0.04092784,0.0482621,0.037905853,0.03501452,0.04258172,0.051724087,0.038547542,0.044044975,0.043412473,0.03925175,0.044980492,0.04288519,0.040460434,0.041110802
0.053997464,0.0377369,0.042438917,0.042211477,0.043328553,0.03727949,0.03733461,0.039327607,0.037266567,0.03649494,0.0416421,0.04826994,0.03628926,0.036807157,0.043868333,0.04997153,0.041615736,0.03921033,0.041638643,0.039602485,0.04694572,0.04103071,0.040815905,0.044875603
0.054640297,0.03863743,0.040994536,0.04042464,0.04454014,0.037014574,0.03881238,0.039037447,0.039456636,0.034587767,0.039518245,0.051447477,0.03553985,0.03600902,0.041952197,0.049982145,0.04024737,0.039855845,0.040273063,0.041998863,0.047042705,0.04123267,0.041732237,0.045022447
0.05323193,0.03691476,0.04201777,0.040695205,0.046008356,0.039973795,0.035643265,0.03973566,0.035361603,0.034375425,0.04045758,0.0524841,0.036499448,0.03512657,0.04567864,0.048024535,0.040050168,0.042887267,0.041307673,0.03765336,0.046602517,0.04236537,0.039910153,0.046994824
0.04886594,0.037146,0.04110803,0.040312544,0.04735811,0.042206883,0.0369837,0.040689003,0.036433578,0.037062656,0.03787766,0.051669326,0.03785009,0.035076655,0.04445164,0.049877785,0.039577622,0.041066352,0.038076513,0.039959304,0.049487825,0.040657774,0.040653214,0.04555185
0.05282638,0.04403755,0.042382177,0.038270418,0.046971735,0.040674306,0.03923201,0.04165638,0.037792478,0.0338305,0.039488938,0.04730903,0.03693957,0.03537997,0.046604156,0.05133077,0.038840573,0.04052906,0.040679775,0.040186927,0.05130562,0.03895881,0.03741722,0.037355606
0.05393834,0.038537957,0.04044043,0.04082451,0.044671122,0.041398935,0.040599488,0.040347263,0.037636623,0.035445195,0.040359765,0.04822802,0.039020874,0.033475284,0.044745818,0.050246976,0.038573794,0.041910138,0.040716834,0.03898623,0.051884975,0.04017568,0.038380735,0.039454978
0.05207561,0.03883946,0.044059385,0.041088536,0.041188676,0.03789519,0.038527396,0.042817418,0.03751521,0.03425346,0.039049942,0.046974324,0.036078658,0.034087285,0.046097092,0.0474471,0.042715248,0.04122067,0.041676473,0.041004892,0.046316262,0.043494135,0.0417808,0.043796774
0.04707605,0.03841373,0.04182898,0.039965786,0.04397413,0.04163911,0.03768735,0.04297177,0.03701878,0.037663255,0.04273809,0.04512735,0.036133498,0.035512306,0.0446737,0.048987348,0.04000623,0.04292493,0.039733082,0.042104565,0.045934644,0.04437695,0.040020626,0.043487743
0.04973707,0.039070968,0.04304027,0.03898952,0.046096716,0.039621063,0.036932826,0.041762322,0.035624284,0.03551657,0.03994738,0.04635596,0.036629416,0.037084583,0.043995798,0.04987025,0.040676914,0.045506984,0.040603362,0.040632203,0.044188496,0.046562713,0.040230907,0.041323412
0.05055555,0.036205456,0.04263988,0.036801927,0.04396677,0.041680895,0.03892545,0.040574476,0.035387933,0.035465956,0.042332806,0.04699052,0.03674778,0.032625098,0.044874396,0.048668675,0.04224741,0.044130154,0.044117454,0.04169326,0.042536564,0.045299523,0.04264434,0.042887695
0.049316697,0.03698262,0.044578888,0.038580038,0.04136802,0.03933993,0.041145552,0.040362187,0.038518768,0.034684837,0.04160815,0.048660725,0.038039014,0.032988816,0.041728884,0.049725693,0.041684993,0.04306544,0.045233853,0.037985753,0.045347128,0.046194986,0.04048351,0.04237553
0.051488966,0.036619704,0.043542087,0.03598795,0.04384977,0.041175764,0.039051052,0.038402848,0.04105343,0.035958458,0.037871145,0.04543264,0.037454944,0.034472458,0.042540755,0.050114702,0.04145491,0.043566737,0.042910628,0.041027427,0.045403432,0.04498661,0.044638123,0.040995385
0.04953506,0.037469793,0.041243162,0.03857946,0.045369778,0.03950014,0.042734254,0.03956043,0.041466463,0.035910904,0.03977457,0.049144793,0.037660163,0.03414636,0.040432617,0.047751635,0.039255023,0.044136576,0.041792434,0.046652567,0.04450502,0.0414232,0.04156682,0.040388785
0.05137117,0.038111776,0.04199294,0.038418,0.04344145,0.04103636,0.038261693,0.041481953,0.03971282,0.036477163,0.041793507,0.049997497,0.039594937,0.036791302,0.041872524,0.047749694,0.03754824,0.04261452,0.04002175,0.0448624,0.045642946,0.04282028,0.039463926,0.038921125
0.05026729,0.038288657,0.044001654,0.03804535,0.043796383,0.041990828,0.03853136,0.037018664,0.038148206,0.03552484,0.04128741,0.051597197,0.03740938,0.036579657,0.041861556,0.046411008,0.037339326,0.045304917,0.041915733,0.045597695,0.041451644,0.044704277,0.041670434,0.041256536
0.049459632,0.039790902,0.04295563,0.039615825,0.040855557,0.044285964,0.0422451,0.036645375,0.039301373,0.035205178,0.038266644,0.048600823,0.03527988,0.035880525,0.042893182,0.04798429,0.037483454,0.04276008,0.043896534,0.043517187,0.044080038,0.04770462,0.038870297,0.042421922
0.046213154,0.035557907,0.047036976,0.041416336,0.045612134,0.039812896,0.039047997,0.041142553,0.038522664,0.036427982,0.037592594,0.045194026,0.03657756,0.03709786,0.040448114,0.047709674,0.04085474,0.043156356,0.043677907,0.04216355,0.044346005,0.048151277,0.040037267,0.0422025
0.046821967,0.03641856,0.04863755,0.038314316,0.045842145,0.038623028,0.037407815,0.04102209,0.03607047,0.035420056,0.040391497,0.04588282,0.036578227,0.035429098,0.04355759,0.05140202,0.041182604,0.045266613,0.041935615,0.043299653,0.043922056,0.04586275,0.039266825,0.04144469
0.04820256,0.03802513,0.046583127,0.03968043,0.047467478,0.038752954,0.03865642,0.039657075,0.035059374,0.03457462,0.040177785,0.04655862,0.035847723,0.034997825,0.043642715,0.04972893,0.039087906,0.04511151,0.041662805,0.04089453,0.048051085,0.044050653,0.042018093,0.041510653
0.048760787,0.037679713,0.047255583,0.038326412,0.046072494,0.040386375,0.03715005,0.03931226,0.035867255,0.034943722,0.0393056,0.04599093,0.03937887,0.034525048,0.042425916,0.04983213,0.039150856,0.048972297,0.04026182,0.039007638,0.04807929,0.046190478,0.03977252,0.04135202
0.044199567,0.037459627,0.04301441,0.04211335,0.04622623,0.040362805,0.036859505,0.04163177,0.038993783,0.03730788,0.04037157,0.04571012,0.040939715,0.036235325,0.038446076,0.051933616,0.040437642,0.044791497,0.044237386,0.040651836,0.0453997,0.04250481,0.038051125,0.042120658
0.049839795,0.03800867,0.042089272,0.042236924,0.043597303,0.039001897,0.036568407,0.0429773,0.036715247,0.040234994,0.040707625,0.048569556,0.0367284,0.036256146,0.03796775,0.046887305,0.03884297,0.044613425,0.045565482,0.038912978,0.04382502,0.047443826,0.041874267,0.040535454
0.045953166,0.039047197,0.04513441,0.044789717,0.044162214,0.03833235,0.038265593,0.041181464,0.039742682,0.038288,0.0372606,0.04814686,0.037125703,0.03708972,0.04038879,0.04365832,0.042613722,0.040729325,0.04299841,0.040994473,0.0425185,0.045122344,0.042210396,0.044246063
0.048455678,0.040254813,0.045627058,0.03963633,0.043599453,0.037863094,0.041359685,0.044520788,0.040712766,0.037213568,0.039606027,0.047334835,0.03794656,0.036506124,0.042969164,0.048184,0.0394099,0.043792516,0.040895034,0.039202873,0.043657083,0.043363225,0.037890766,0.0399986
0.049190614,0.040308904,0.04506752,0.03616518,0.047121994,0.04033895,0.03952266,0.04098599,0.036628433,0.03467467,0.039533507,0.047607556,0.03760397,0.035598945,0.0419215,0.051347356,0.038698,0.04506164,0.041052416,0.04052973,0.049019184,0.042954452,0.03689818,0.04216866
0.046196654,0.039587416,0.042350255,0.041388437,0.043392777,0.04016882,0.040513534,0.041460782,0.03740699,0.037993923,0.040600874,0.048255857,0.03869197,0.038427263,0.04536534,0.04802983,0.037268355,0.043195628,0.043510087,0.040474303,0.042508945,0.043979086,0.0363063,0.04292654
0.048447616,0.04142143,0.043088965,0.04195706,0.043880183,0.03700681,0.037009608,0.044207733,0.041446667,0.039592188,0.03932275,0.04701337,0.036605343,0.03378112,0.043930642,0.046936717,0.040517677,0.044963207,0.04627657,0.041043963,0.042817865,0.04390615,0.03711758,0.03770883
0.051269438,0.03843303,0.04279761,0.040322654,0.046377998,0.041393097,0.0367685,0.04537056,0.03744827,0.03976109,0.036925588,0.044012073,0.03870384,0.034598388,0.044349868,0.04778199,0.041637395,0.042570673,0.04397713,0.039875787,0.044338226,0.04462369,0.039350018,0.03731307
0.047449812,0.03927317,0.04377435,0.042967178,0.046252724,0.042538166,0.03999022,0.04432581,0.03711593,0.038261473,0.03719688,0.053075567,0.03660844,0.03547395,0.04333651,0.046633713,0.03788603,0.038403984,0.039908182,0.04300998,0.04982074,0.040263493,0.03990119,0.036532477
0.047952224,0.04225115,0.044107486,0.042303152,0.045276687,0.03950183,0.036516707,0.0432088,0.038323462,0.039457683,0.038680743,0.050593488,0.03730486,0.035245012,0.043137286,0.047420926,0.0383647,0.04107942,0.040973857,0.03991016,0.0483675,0.040335562,0.03938452,0.040302772
0.04770521,0.037356894,0.044819508,0.037539344,0.044552542,0.04080089,0.033559605,0.042440843,0.038156588,0.040250123,0.038611405,0.04825937,0.041616417,0.03678963,0.042032704,0.048581116,0.040958356,0.044080485,0.044180747,0.040354576,0.045042034,0.045649275,0.036751445,0.03991095
0.044006914,0.03729426,0.047215033,0.035885427,0.048029087,0.040342152,0.036681384,0.039619684,0.041267477,0.04189739,0.03925924,0.0476078,0.039861675,0.03625896,0.046210613,0.042937636,0.039490763,0.044058364,0.042151067,0.04134938,0.040259816,0.046474397,0.03887142,0.042970058
0.044518337,0.03853976,0.044182397,0.041384246,0.046969775,0.0365876,0.036315173,0.04255487,0.04115845,0.040868443,0.04049309,0.047179658,0.037563417,0.035576656,0.044472326,0.045116268,0.041593768,0.04157663,0.04385996,0.041359678,0.04722487,0.04198976,0.036508746,0.04240614
0.048465744,0.037448343,0.043293215,0.037319794,0.0474188,0.04194287,0.037003987,0.039409302,0.039528824,0.040399466,0.04237871,0.047828075,0.037232127,0.033441406,0.044205137,0.048511777,0.04245312,0.038844313,0.041033406,0.04116733,0.046210866,0.039977614,0.03819489,0.04629083
0.052716605,0.035920758,0.045145124,0.039643575,0.04861494,0.043637075,0.035221823,0.040164787,0.037727468,0.036993362,0.041777965,0.04781951,0.03762776,0.0365905,0.03974472,0.04858921,0.039711393,0.041307677,0.04002412,0.039882552,0.046062663,0.041649796,0.040019818,0.043406766
0.051641755,0.036253884,0.045499202,0.041476466,0.049102645,0.041749116,0.03377808,0.03989648,0.0368106,0.03719429,0.038499396,0.0488725,0.03805821,0.0344262,0.04151003,0.04802948,0.03947475,0.042502966,0.040270444,0.041386254,0.045221973,0.045454185,0.04009727,0.04279385
0.051617444,0.03743154,0.040873475,0.04318224,0.04596885,0.037322097,0.0347561,0.041279834,0.039791286,0.03887121,0.037748057,0.0542476,0.03815844,0.03553811,0.04107522,0.04655781,0.040957693,0.045094416,0.040982194,0.040235985,0.04622246,0.04151139,0.040781844,0.039794747
0.049934655,0.038192827,0.042402916,0.040290605,0.04335063,0.038879674,0.037411083,0.04239098,0.035577547,0.03874549,0.041281685,0.049874723,0.037229236,0.037259404,0.04409995,0.047018997,0.042152837,0.04445247,0.03986655,0.03991018,0.042905122,0.043727346,0.040641442,0.04240369
0.0481183,0.038262203,0.04075977,0.03972438,0.04583388,0.03999136,0.04243512,0.03783335,0.03387064,0.037153166,0.040775653,0.047484886,0.033949625,0.037827797,0.044666365,0.04896212,0.037572652,0.044523355,0.03761099,0.043605153,0.047055386,0.04472787,0.042949237,0.044306766
0.049417786,0.039548017,0.041519202,0.040660076,0.04208905,0.040020775,0.04120549,0.036266305,0.03931316,0.039205123,0.041164797,0.047085185,0.03621268,0.036526885,0.045761917,0.04945466,0.040768016,0.04340339,0.041328777,0.03878413,0.0470699,0.04404504,0.03908369,0.04006594
0.04908018,0.039307207,0.044257782,0.040111553,0.04483412,0.04023242,0.039005365,0.037184197,0.037337534,0.038286205,0.037035555,0.050133325,0.037623063,0.03590608,0.041748323,0.0489833,0.039027598,0.043395665,0.040630955,0.03937259,0.051150616,0.042924933,0.038148023,0.04428341
0.0492025,0.03812269,0.0396414,0.040821426,0.04641626,0.039146926,0.03856,0.042635944,0.037086233,0.0353862,0.038014524,0.04978178,0.036228124,0.0345033,0.043073397,0.048455838,0.040012237,0.044819098,0.04408282,0.03984304,0.04810592,0.043772876,0.03930314,0.042984303
0.050506968,0.039052468,0.044437107,0.038462028,0.043214437,0.03790762,0.039783504,0.04052084,0.04193197,0.033762146,0.039608635,0.046247855,0.037460327,0.03585522,0.045767073,0.044215955,0.04250784,0.040757917,0.04149323,0.042108826,0.04837821,0.041493427,0.04087317,0.043653198
0.051997602,0.038844485,0.04737632,0.03984291,0.047076814,0.03717173,0.037252024,0.039721455,0.034840614,0.03329315,0.039422195,0.045370024,0.03654676,0.034724668,0.044158492,0.048276454,0.043065913,0.04444788,0.038635433,0.04069334,0.046173442,0.043071736,0.044661045,0.043335438
0.050898265,0.038263448,0.041380428,0.04025788,0.048605725,0.03960981,0.037068635,0.04253405,0.037496727,0.034706984,0.039793275,0.048369046,0.03668553,0.035051413,0.0418929,0.047187883,0.04018152,0.042693213,0.04120331,0.040999543,0.0483208,0.04377222,0.039392743,0.04363466
0.050577566,0.03814668,0.0423324,0.042489115,0.045826953,0.037434008,0.036551267,0.043112278,0.037924357,0.038429596,0.037768327,0.05005092,0.035478137,0.03376784,0.037496097,0.049484603,0.038101498,0.04565888,0.044704925,0.038890626,0.04506821,0.046846956,0.040064078,0.043794684
0.049209908,0.03694678,0.04344396,0.04028199,0.04791632,0.040581882,0.038552236,0.04181572,0.036395054,0.038586624,0.039386146,0.044164065,0.0356731,0.036234252,0.04078791,0.046847604,0.040641714,0.040261388,0.042308304,0.040629316,0.0504494,0.042499963,0.042208783,0.044177663
0.050088238,0.03855075,0.045178987,0.04238495,0.04706503,0.039961573,0.037953082,0.042872626,0.039448477,0.03598419,0.03805347,0.04667713,0.0373999,0.03623086,0.042562094,0.04726976,0.039813235,0.04161002,0.042446196,0.040060017,0.045145907,0.042794593,0.039633382,0.040815573
0.05168181,0.038648956,0.047209892,0.04112915,0.04454842,0.03967933,0.04057913,0.040504817,0.040370263,0.035235535,0.038798153,0.047111407,0.039407197,0.036154002,0.042631578,0.043773554,0.04303203,0.04209147,0.040823173,0.03979524,0.045166418,0.041813772,0.038330253,0.04148444
0.051946323,0.03748309,0.043305244,0.038559478,0.043807562,0.039443318,0.038666394,0.03917536,0.03981052,0.036188968,0.038881328,0.047131278,0.039718725,0.03468487,0.04557639,0.046510495,0.04270449,0.044269837,0.04090997,0.040161904,0.046832144,0.04237437,0.040319834,0.041538168
0.051393885,0.037739236,0.040501162,0.037054844,0.042821918,0.042157598,0.037277956,0.038900144,0.03900937,0.038294148,0.041302938,0.04704859,0.037586723,0.033068784,0.044874072,0.048640933,0.040361512,0.043831453,0.041237015,0.040583126,0.04765243,0.044058893,0.041688565,0.042914703
