0,1,2,3,4,5,6,7,8,9,10,11,12,13,14,15,16,17,18,19,20,21,22,23
0.082836576,0.082541235,0.08257476,0.00045303127,0.0010571033,0.08291295,0.0012747035,0.00046001092,0.08270042,0.08285122,0.08284928,0.00059732643,0.0003766991,0.08261363,0.0005058117,0.0003739698,0.08285141,0.00049867324,0.00043079708,0.08286262,0.08206759,0.0006863004,0.00083522056,0.08278864
0.082836576,0.082541235,0.08257476,0.00045303127,0.0010571033,0.08291295,0.0012747035,0.00046001092,0.08270042,0.08285122,0.08284928,0.00059732643,0.0003766991,0.08261363,0.0005058117,0.0003739698,0.08285141,0.00049867324,0.00043079708,0.08286262,0.08206759,0.0006863004,0.00083522056,0.08278864
0.08291057,0.08267085,0.08268391,0.00038063305,0.0009280365,0.08298081,0.0011190461,0.00038604502,0.08279196,0.082934864,0.08292513,0.00050118286,0.00031220546,0.082724094,0.0004201943,0.00030730467,0.08292644,0.0004179213,0.00035097514,0.08293959,0.08222489,0.0005866156,0.00070338376,0.082873404
0.082914606,0.08267807,0.08268987,0.0003768109,0.000920919,0.08298442,0.0011105151,0.0003821385,0.082796924,0.082939215,0.08292914,0.00049602124,0.00030870558,0.08273002,0.00041550133,0.000303703,0.082930535,0.0004135137,0.00034679056,0.08294371,0.082233384,0.0005812956,0.0006963496,0.08287787
0.08290384,0.08265914,0.082674064,0.0003874217,0.000939749,0.08297463,0.0011333701,0.0003927071,0.08278342,0.082927085,0.08291814,0.0005100649,0.0003179202,0.082713895,0.00042772212,0.00031336685,0.08291969,0.00042534742,0.00035826277,0.08293261,0.0822104,0.0005960007,0.000715562,0.082865596
0.08291154,0.08267275,0.08268547,0.00037978234,0.00092609954,0.08298173,0.0011168737,0.00038495858,0.0827932,0.08293574,0.08292602,0.00049988064,0.00031135717,0.0827255,0.00041904836,0.00030644148,0.082927555,0.00041701112,0.0003499904,0.082940534,0.082227066,0.0005854698,0.00070151105,0.08287448
0.08293528,0.082713746,0.082720496,0.00035667777,0.0008843344,0.08300309,0.0010656295,0.00036149184,0.082822554,0.082962126,0.08295017,0.0004694069,0.0002909853,0.08276098,0.00039200176,0.0002854863,0.08295145,0.00039118287,0.00032509337,0.082964875,0.08227867,0.0005531522,0.00065959326,0.08290152
0.08293745,0.08271734,0.08272371,0.00035474572,0.0008804956,0.08300489,0.0010615754,0.00035950026,0.08282503,0.08296428,0.082952425,0.00046666374,0.00028925407,0.0827638,0.00038963556,0.00028366325,0.08295356,0.00038890354,0.00032298753,0.08296721,0.08228277,0.0005502976,0.0006559176,0.08290388
0.0829631,0.082761645,0.082762346,0.00032977507,0.0008341308,0.08302825,0.0010049476,0.00033392676,0.08285725,0.08299247,0.08297844,0.00043338834,0.00026728155,0.08280242,0.00036026372,0.00026124387,0.08297939,0.00036113476,0.00029624155,0.08299338,0.08233971,0.00051565014,0.00061012624,0.08293344
0.08295972,0.08275558,0.082757145,0.00033334462,0.0008396288,0.08302509,0.0010130977,0.0003372953,0.08285298,0.08298867,0.08297502,0.00043806175,0.00027036745,0.082797006,0.00036426,0.0002641859,0.08297599,0.00036519306,0.00029975912,0.08298987,0.08233211,0.000520348,0.00061610667,0.08292912
0.0829649,0.08276502,0.082765505,0.0003278227,0.000830209,0.08302989,0.0010013364,0.0003322126,0.082859755,0.082994625,0.08298034,0.0004308679,0.00026591966,0.08280492,0.00035813273,0.00025961397,0.082981445,0.0003591477,0.00029432384,0.082995206,0.08234378,0.0005129561,0.0006067971,0.082935266
0.082963385,0.08276231,0.082762785,0.0003295543,0.0008335305,0.08302839,0.0010041489,0.00033355958,0.08285765,0.082992814,0.08297901,0.00043300632,0.00026704092,0.08280299,0.00035959133,0.0002609238,0.08297971,0.00036062367,0.00029590414,0.08299389,0.082340464,0.0005153178,0.00060972443,0.08293364
0.08295147,0.08274161,0.08274489,0.00034095926,0.00085512415,0.08301762,0.0010304225,0.00034561212,0.08284269,0.082979925,0.08296671,0.0004484719,0.0002771614,0.08278481,0.0003736659,0.00027136452,0.082967654,0.00037386693,0.0003084114,0.082981534,0.08231347,0.0005316059,0.00063118263,0.08291978
0.08297267,0.08277814,0.08277644,0.00032080567,0.0008163281,0.083036594,0.000984467,0.00032453059,0.08286898,0.083003044,0.08298821,0.00042110728,0.00025904345,0.08281659,0.00034957245,0.00025311983,0.082988925,0.00035101676,0.00028639322,0.08300306,0.0823609,0.00050286134,0.00059319433,0.082943976
0.08298704,0.08280331,0.08279802,0.00030676037,0.0007894641,0.08304948,0.00095248385,0.0003106367,0.082887195,0.08301865,0.08300272,0.00040262908,0.00024713867,0.082837954,0.00033362175,0.00024052507,0.0830038,0.00033557235,0.00027174922,0.08301762,0.08239306,0.00048252835,0.0005678773,0.0829602
0.08298655,0.08280205,0.082797326,0.0003070899,0.00079148286,0.08304892,0.00095344515,0.00031103325,0.082886465,0.083017886,0.083002105,0.00040344486,0.00024761475,0.08283708,0.0003340927,0.0002411153,0.08300297,0.0003359738,0.0002722997,0.08301707,0.082391724,0.00048375846,0.0005687425,0.082959756
0.082993865,0.08281435,0.0828087,0.00030014728,0.0007771579,0.083055735,0.0009366305,0.00030359928,0.08289589,0.08302591,0.08300972,0.00039362707,0.00024162188,0.08284799,0.00032580036,0.0002349015,0.083010204,0.0003284185,0.00026490993,0.083024606,0.082408495,0.0004737232,0.00055571034,0.082968295
0.082993254,0.08281332,0.08280736,0.00030087432,0.00077820744,0.083055094,0.0009387521,0.00030441073,0.08289467,0.083025225,0.083009176,0.0003949373,0.00024190721,0.082847424,0.00032620726,0.0002353258,0.08300944,0.00032898426,0.00026558986,0.08302402,0.08240675,0.00047490434,0.00055677985,0.08296737
0.08301769,0.08285522,0.08284413,0.00027739917,0.00073319365,0.08307671,0.0008840646,0.0002807967,0.082925454,0.08305115,0.0830337,0.00036338207,0.00022172344,0.0828834,0.00029906738,0.0002149135,0.08303378,0.000302996,0.00024109107,0.08304835,0.08246137,0.00044165668,0.00051385845,0.08299491
0.08300009,0.08282474,0.082816884,0.00029446898,0.0007663313,0.083060816,0.0009237477,0.00029839005,0.0829029,0.08303206,0.08301551,0.0003867955,0.00023658838,0.08285691,0.00031929338,0.0002297662,0.083016165,0.00032211258,0.0002588219,0.083030574,0.08242114,0.0004658921,0.0005452642,0.08297471
0.08301393,0.082848944,0.08283844,0.00028113762,0.0007404561,0.08307341,0.0008921278,0.00028454504,0.082920484,0.08304695,0.08302947,0.00036854955,0.0002248641,0.0828771,0.00030362717,0.0002181336,0.083030514,0.00030721826,0.00024503074,0.08304468,0.082453154,0.00044660282,0.00052021875,0.08299038
0.08300888,0.0828395,0.08283077,0.00028630032,0.00075002346,0.08306868,0.00090370193,0.00028954147,0.08291374,0.0830412,0.083024494,0.00037531985,0.00022912877,0.08287006,0.0003091446,0.00022243556,0.083024964,0.00031251233,0.0002502309,0.08303947,0.08244133,0.0004536233,0.00053014985,0.082984805
0.082978904,0.08278874,0.0827861,0.00031498086,0.00080426765,0.08304237,0.00097158615,0.00031898622,0.08287661,0.083009325,0.08299421,0.00041305958,0.00025425307,0.08282529,0.0003426981,0.0002477959,0.08299508,0.00034485958,0.000280191,0.08300924,0.08237375,0.0004943526,0.00058262394,0.082950756
0.082997516,0.08282117,0.082813434,0.0002965852,0.0007708884,0.08305889,0.000928652,0.00030046407,0.08289982,0.08302966,0.083013006,0.00038928873,0.00023833248,0.0828538,0.00032173216,0.00023201409,0.08301353,0.00032445954,0.00026126578,0.083028056,0.08241676,0.0004691272,0.00054940244,0.08297219
0.08299106,0.08280993,0.08280426,0.00030285877,0.00078243634,0.0830533,0.00094285887,0.00030685673,0.08289218,0.0830229,0.083006695,0.0003975617,0.00024392408,0.08284397,0.00032879962,0.00023704738,0.08300758,0.00033138553,0.00026760664,0.083022065,0.08240208,0.00047770224,0.0005600465,0.082964875
0.08296488,0.0827651,0.08276543,0.00032759836,0.0008311817,0.08302982,0.0010011621,0.0003325367,0.08285954,0.082994364,0.08297999,0.00043166318,0.00026588162,0.08280523,0.00035785124,0.00025936254,0.08298163,0.00035890343,0.0002941964,0.082995005,0.082343936,0.0005128181,0.00060663896,0.082935266
0.082951196,0.08274157,0.08274435,0.00034098935,0.0008547651,0.08301771,0.0010300934,0.00034568692,0.082842305,0.08298045,0.082966566,0.00044849716,0.0002769135,0.08278539,0.00037382758,0.00027153353,0.08296719,0.00037411792,0.00030831492,0.08298152,0.08231337,0.0005318074,0.0006314686,0.082920335
0.08295698,0.08275114,0.08275302,0.00033591242,0.00084475166,0.083022684,0.0010183939,0.00034044374,0.08284901,0.08298583,0.08297208,0.0004412944,0.00027226534,0.08279323,0.00036723964,0.00026687043,0.08297295,0.00036799652,0.00030276374,0.08298688,0.08232623,0.0005245905,0.00062124484,0.08292621
0.082967065,0.0827693,0.08276793,0.00032591354,0.00082619797,0.083031684,0.0009957206,0.00033033572,0.082861714,0.082997136,0.082982615,0.0004286714,0.0002637397,0.082808375,0.00035573237,0.00025805435,0.082983434,0.0003569285,0.00029199512,0.08299775,0.08234835,0.0005104796,0.00060305547,0.08293782
0.08293211,0.08270779,0.08271617,0.0003600921,0.0008892075,0.083000146,0.001072927,0.00036491858,0.082818165,0.082958065,0.082947016,0.0004738088,0.0002938314,0.082755916,0.00039537638,0.00028833738,0.08294802,0.00039484783,0.0003283489,0.082961775,0.082271695,0.00055833324,0.00066543184,0.08289769
0.08293487,0.08271342,0.08272016,0.00035728322,0.00088459486,0.08300271,0.001066632,0.00036181443,0.08282189,0.08296147,0.08295,0.00046991554,0.0002912111,0.08276048,0.0003922747,0.00028577415,0.08295108,0.00039164192,0.00032544817,0.082964614,0.08227738,0.00055390404,0.0006603054,0.082901195
0.08293373,0.082710735,0.08271821,0.0003585891,0.00088664365,0.08300184,0.0010691402,0.00036297887,0.08282062,0.08296011,0.08294904,0.00047140277,0.00029241265,0.0827589,0.0003938437,0.0002869335,0.082949914,0.0003929032,0.0003267143,0.08296348,0.08227427,0.00055489514,0.00066247536,0.08290024
0.082927324,0.08269916,0.08270828,0.00036457556,0.00089767674,0.08299577,0.001083963,0.00036964272,0.08281237,0.08295296,0.082941785,0.00048020945,0.00029800524,0.082748726,0.00040149235,0.000292345,0.08294289,0.00040012258,0.00033385,0.082956515,0.08226092,0.0005649342,0.0006740146,0.08289248
0.08292401,0.0826945,0.082703866,0.0003674945,0.0009047173,0.08299317,0.0010900473,0.0003726857,0.08280809,0.08294963,0.08293848,0.00048394673,0.00030062423,0.08274426,0.00040437884,0.00029536107,0.082940124,0.00040315549,0.00033659788,0.08295356,0.08225415,0.00056865124,0.00067946565,0.08288907
0.08292531,0.08269583,0.08270601,0.0003668878,0.0009016385,0.08299404,0.0010871255,0.0003713619,0.08280973,0.08295108,0.08294001,0.0004823181,0.0002996079,0.082745895,0.00040333308,0.0002943298,0.082941145,0.000401802,0.00033542037,0.08295487,0.08225729,0.00056713703,0.00067728927,0.08289053
0.08292842,0.08270269,0.082710266,0.0003631038,0.00089667115,0.082997024,0.0010806669,0.00036808164,0.08281408,0.082954675,0.08294341,0.00047793365,0.0002970199,0.08275073,0.00039914215,0.0002915855,0.082944736,0.00039860117,0.00033245026,0.0829579,0.08226366,0.0005622613,0.0006714012,0.08289347
0.08292131,0.0826882,0.08269923,0.0003708154,0.0009097291,0.082990125,0.001095928,0.000375818,0.08280505,0.08294615,0.08293607,0.00048806687,0.00030334946,0.082739875,0.00040852863,0.00029804162,0.08293734,0.00040663776,0.00034031825,0.082950264,0.08224509,0.0005727765,0.00068560604,0.08288567
0.08291005,0.08267005,0.08268216,0.000381464,0.000929331,0.082980044,0.001120147,0.00038670722,0.08279082,0.0829339,0.082923874,0.0005023611,0.00031294962,0.0827227,0.00042135525,0.0003081605,0.08292599,0.00041890607,0.0003519376,0.08293886,0.08222382,0.00058700464,0.00070483226,0.08287258
0.08294431,0.08272904,0.082734235,0.00034843376,0.0008681687,0.083011195,0.0010457117,0.0003523496,0.08283378,0.08297178,0.08295939,0.0004578639,0.0002833112,0.08277414,0.00038177054,0.0002776608,0.08296044,0.00038123454,0.00031580427,0.08297425,0.08229819,0.0005416004,0.000643519,0.08291187
0.0829384,0.08271932,0.082725614,0.00035407356,0.0008780621,0.08300594,0.0010586259,0.0003584832,0.08282636,0.082965516,0.082953654,0.00046531175,0.00028820714,0.08276545,0.00038844233,0.00028281484,0.08295468,0.00038779716,0.00032157588,0.08296786,0.082285576,0.0005492981,0.0006541043,0.0829049
0.08293232,0.08270891,0.082715936,0.00035934552,0.00088984746,0.083000235,0.0010730522,0.00036438045,0.082819164,0.08295865,0.08294682,0.00047282086,0.00029391158,0.082755946,0.0003952723,0.00028839524,0.08294847,0.00039481572,0.00032785066,0.08296203,0.0822723,0.00055688823,0.00066514505,0.08289744
0.08294439,0.08272942,0.08273426,0.0003479496,0.00086836156,0.0830114,0.0010452616,0.0003524858,0.08283391,0.08297222,0.08295958,0.00045759554,0.00028346732,0.08277477,0.00038095133,0.00027758614,0.08296072,0.00038103817,0.00031544172,0.08297444,0.082299076,0.0005403989,0.00064303953,0.08291226
0.08295438,0.08274616,0.08274928,0.00033866122,0.0008496235,0.08302005,0.001025087,0.0003431181,0.0828457,0.08298243,0.08296929,0.000444847,0.0002749076,0.08278821,0.00037038294,0.0002693489,0.08297025,0.00037136316,0.00030545556,0.082984254,0.0823197,0.00052851264,0.0006265192,0.08292256
0.08294487,0.08273067,0.082735084,0.00034720462,0.00086670014,0.08301198,0.001045605,0.00035228676,0.08283439,0.082972564,0.08296007,0.00045670648,0.00028281673,0.08277529,0.0003808515,0.00027705467,0.08296102,0.0003809036,0.00031510624,0.082974486,0.082298815,0.0005401673,0.00064286485,0.08291256
0.08295442,0.08274721,0.08274942,0.0003384399,0.0008494784,0.08302032,0.0010240605,0.00034256422,0.082846105,0.08298314,0.08296946,0.00044453618,0.0002744903,0.082789056,0.00037009953,0.0002689217,0.08297077,0.00037078443,0.00030499604,0.08298456,0.0823208,0.0005273679,0.0006260419,0.082922935
0.08297572,0.08278368,0.0827812,0.0003173895,0.0008109753,0.08303941,0.0009773428,0.00032177204,0.08287308,0.08300637,0.08299143,0.00041673597,0.00025692495,0.08282083,0.0003462184,0.00025044545,0.082992055,0.00034793816,0.00028342364,0.08300628,0.08236694,0.0004983315,0.00058807165,0.082947426
0.08296732,0.08276852,0.082768366,0.00032612472,0.0008260696,0.08303202,0.0009957835,0.00032999105,0.082861856,0.0829971,0.08298264,0.00042823,0.0002638739,0.08280835,0.0003557103,0.00025775182,0.08298356,0.00035695606,0.00029216163,0.08299772,0.08234879,0.0005103683,0.00060290954,0.082937896
0.08299286,0.082812704,0.08280615,0.0003012285,0.0007798013,0.08305454,0.0009408096,0.00030540515,0.08289393,0.08302443,0.08300821,0.00039510263,0.00024258414,0.082845874,0.00032710732,0.00023616654,0.083009034,0.0003297503,0.00026619228,0.083023235,0.08240564,0.00047526803,0.0005576496,0.08296639
0.08298497,0.08279881,0.082795225,0.00030907794,0.0007935085,0.08304761,0.000956806,0.000312386,0.082884155,0.08301607,0.083000526,0.00040536595,0.00024900216,0.082834475,0.00033576807,0.00024276825,0.08300105,0.00033801148,0.0002742182,0.0830154,0.08238807,0.00048642658,0.00057246536,0.082957886
0.08302116,0.08286032,0.082849294,0.0002743086,0.00072699133,0.08307962,0.0008764511,0.0002776094,0.08292913,0.08305455,0.08303683,0.00035957486,0.00021903211,0.0828881,0.00029575362,0.00021211541,0.08303736,0.00029955816,0.00023791591,0.08305179,0.08246924,0.00043690935,0.0005077292,0.08299861
0.08299971,0.08282372,0.08281652,0.00029493816,0.0007667808,0.08306056,0.00092519255,0.00029857137,0.08290233,0.0830317,0.08301525,0.00038701657,0.00023705505,0.08285613,0.00031974024,0.00023001447,0.0830156,0.0003226587,0.00025971295,0.08303021,0.08242011,0.0004661678,0.0005459296,0.08297439
0.08299184,0.08281097,0.08280551,0.00030223638,0.0007817652,0.0830535,0.0009420143,0.0003061475,0.082893044,0.08302354,0.083007604,0.00039621236,0.0002433041,0.08284443,0.00032834604,0.0002370056,0.083008006,0.000330587,0.00026709342,0.08302245,0.08240209,0.0004766856,0.0005601244,0.08296552
0.08301891,0.08285635,0.08284595,0.0002766354,0.0007312247,0.083077766,0.0008814979,0.000279276,0.082926735,0.08305207,0.08303467,0.00036223384,0.00022093722,0.08288468,0.00029799345,0.00021394112,0.08303484,0.00030184514,0.0002400443,0.08304962,0.08246494,0.0004398956,0.0005115838,0.08299638
0.08299056,0.08280956,0.08280343,0.00030296494,0.0007829338,0.0830531,0.00094406086,0.00030695545,0.08289183,0.08302258,0.083006404,0.00039827326,0.00024418175,0.08284334,0.00032936488,0.00023745147,0.08300729,0.0003317671,0.0002680901,0.08302153,0.08240011,0.00047806374,0.0005614303,0.08296462
0.08299699,0.082819976,0.08281275,0.0002971254,0.0007714323,0.083058275,0.0009301236,0.00030097202,0.08289942,0.08302902,0.083012916,0.00039022826,0.00023913094,0.08285234,0.00032267187,0.00023223434,0.0830132,0.0003252677,0.0002619823,0.083027594,0.08241488,0.00046943617,0.0005503192,0.08297169
0.08299216,0.082811706,0.082805805,0.00030158367,0.00078099326,0.08305411,0.00094109593,0.00030580003,0.08289348,0.08302398,0.08300783,0.0003957557,0.00024334376,0.08284519,0.00032780995,0.00023644719,0.08300848,0.00033026433,0.00026677074,0.08302286,0.08240401,0.00047571765,0.0005588165,0.08296598
0.08299735,0.08281968,0.08281328,0.0002971386,0.00077226077,0.083058506,0.0009300367,0.00030086114,0.08289952,0.08302917,0.0830128,0.0003895493,0.00023881638,0.08285269,0.0003225139,0.00023214809,0.08301322,0.00032477966,0.00026186384,0.083027884,0.08241523,0.00046935052,0.00054933043,0.082972005
0.08297981,0.08279042,0.08278762,0.00031384066,0.0008026382,0.08304302,0.0009685999,0.00031750853,0.08287801,0.08301068,0.082995474,0.00041163687,0.00025347245,0.08282699,0.00034109395,0.0002470078,0.08299604,0.00034331006,0.00027923676,0.083010435,0.082377404,0.0004928186,0.00058085204,0.08295206
0.08297503,0.08278144,0.0827804,0.00031859812,0.0008124645,0.08303858,0.0009800604,0.00032291614,0.08287212,0.08300501,0.082990274,0.00041839876,0.00025763473,0.08281912,0.00034749898,0.00025121728,0.08299102,0.00034880682,0.00028439896,0.0830052,0.08236405,0.0005000712,0.0005895434,0.082946114
0.08297366,0.08278,0.08277787,0.0003192855,0.00081460853,0.08303734,0.0009816461,0.00032394845,0.082870565,0.0830044,0.08298937,0.00041998943,0.00025855043,0.08281776,0.00034854125,0.00025238362,0.08298981,0.00035002278,0.00028530473,0.083004296,0.0823623,0.0005012499,0.0005920746,0.08294503
0.08296992,0.08277269,0.08277242,0.0003239193,0.00082169374,0.08303371,0.0009905965,0.00032790718,0.082865,0.082999565,0.08298496,0.00042516363,0.00026176756,0.082811214,0.00035334856,0.0002559929,0.08298547,0.00035471344,0.00028983448,0.08300015,0.08235313,0.0005076272,0.00059914374,0.08294014
0.082947075,0.08273463,0.08273814,0.0003452304,0.00086304254,0.08301395,0.0010404988,0.000350186,0.082837224,0.08297507,0.0829624,0.0004535936,0.00028071328,0.08277841,0.00037827686,0.0002754326,0.082963146,0.00037831656,0.0003125835,0.082976885,0.08230461,0.00053732767,0.0006381569,0.0829151
0.08293366,0.08271075,0.08271865,0.00035856152,0.00088567514,0.08300156,0.0010692758,0.00036336074,0.08281947,0.08296037,0.08294844,0.00047100536,0.00029236774,0.08275803,0.00039373172,0.00028723353,0.08294953,0.00039368458,0.00032697213,0.082963206,0.08227549,0.0005560734,0.000663661,0.08289924
0.08295937,0.08275556,0.0827566,0.0003335346,0.000841177,0.083024524,0.0010141366,0.00033803863,0.082852885,0.0829881,0.082974404,0.00043846478,0.0002705899,0.082796074,0.00036479477,0.0002647384,0.08297572,0.0003652489,0.00030013532,0.08298942,0.0823308,0.00052085746,0.0006164669,0.08292838
0.082978226,0.08278827,0.08278536,0.00031529902,0.0008052566,0.08304177,0.0009713172,0.00031851768,0.08287614,0.08300881,0.08299385,0.000413631,0.00025453887,0.082825005,0.00034272345,0.00024820078,0.082994625,0.00034510583,0.00028107985,0.08300859,0.082373515,0.0004953286,0.0005844811,0.08295038
0.082991086,0.08280892,0.08280415,0.00030261872,0.0007818152,0.08305313,0.00094393303,0.00030668866,0.08289213,0.083022796,0.08300717,0.0003974782,0.00024394199,0.082843535,0.00032929916,0.00023739533,0.08300671,0.00033158727,0.00026812838,0.08302179,0.08240095,0.0004782865,0.00056140026,0.08296507
0.08298189,0.08279436,0.082790256,0.00031196902,0.0007999791,0.08304483,0.00096390815,0.00031535147,0.082880594,0.08301258,0.08299728,0.00040914468,0.00025116163,0.08283025,0.00033900636,0.0002452901,0.08299796,0.00034095693,0.00027688374,0.08301216,0.08238244,0.0004905173,0.00057677133,0.0829545
0.08297082,0.08277528,0.08277332,0.0003221947,0.00081888743,0.08303534,0.0009883065,0.00032654495,0.08286682,0.0830011,0.08298658,0.00042342424,0.00026100336,0.08281404,0.0003515347,0.00025454376,0.082986765,0.00035298147,0.00028847967,0.08300114,0.08235624,0.0005055975,0.00059685844,0.08294216
0.08298002,0.08279073,0.08278782,0.0003138479,0.00080264267,0.08304324,0.00096707063,0.0003180245,0.082877696,0.08301099,0.08299549,0.00041187485,0.00025311988,0.08282692,0.00034149078,0.00024696047,0.082996406,0.00034342895,0.000279048,0.083010525,0.08237601,0.00049302424,0.0005812661,0.082952335
0.08299874,0.082822755,0.08281499,0.00029560702,0.0007696118,0.08305994,0.00092683913,0.00029919305,0.08290206,0.08303048,0.083014265,0.0003882062,0.00023784574,0.082854964,0.0003205306,0.0002307109,0.083015054,0.0003234292,0.0002601065,0.08302936,0.0824192,0.00046658286,0.00054632936,0.08297328
0.08299864,0.082822435,0.082815535,0.00029654612,0.0007692049,0.08305966,0.00092579745,0.0002992859,0.0829011,0.08303043,0.08301409,0.00038775834,0.00023753883,0.08285486,0.00032078483,0.00023126014,0.08301493,0.0003234328,0.0002602265,0.08302908,0.08241833,0.00046715525,0.000548463,0.082973525
0.08299141,0.08280993,0.08280431,0.0003029185,0.0007819702,0.08305313,0.00094367587,0.0003066658,0.08289205,0.08302269,0.08300696,0.00039768353,0.00024380758,0.082843706,0.0003287328,0.00023715173,0.0830073,0.00033132365,0.00026774826,0.08302189,0.08240168,0.0004777993,0.00056077645,0.082964666
0.0829863,0.08280126,0.08279662,0.00030767324,0.00079114817,0.08304891,0.00095375325,0.00031100857,0.08288638,0.08301738,0.08300209,0.00040359393,0.00024800445,0.08283738,0.00033451722,0.00024123948,0.08300264,0.00033603847,0.00027248592,0.08301676,0.082391806,0.00048366186,0.0005692961,0.082960024
0.08298399,0.08279783,0.082792774,0.00030941382,0.0007970208,0.08304622,0.0009608188,0.00031383362,0.08288346,0.08301448,0.08299924,0.00040726474,0.00024964855,0.08283262,0.0003373496,0.00024344695,0.083000205,0.00033908675,0.0002748595,0.08301427,0.082385704,0.0004874911,0.0005729339,0.082956
0.082974754,0.08278072,0.082779296,0.0003189155,0.00081235217,0.0830383,0.0009813128,0.0003226801,0.08287111,0.08300492,0.08299016,0.00041882775,0.0002577462,0.082818985,0.00034741682,0.00025131635,0.082990564,0.00034945423,0.0002845675,0.083004996,0.08236493,0.0005004902,0.00059019064,0.082946025
0.08298506,0.08279881,0.08279516,0.00030928024,0.0007935848,0.08304774,0.00095843023,0.00031244184,0.08288431,0.083015785,0.08300072,0.00040522788,0.00024915754,0.08283491,0.00033550372,0.00024215186,0.08300111,0.00033780915,0.00027441318,0.08301509,0.082388744,0.00048553874,0.00057113793,0.08295792
0.08296115,0.082757905,0.08275943,0.00033179027,0.0008377543,0.08302603,0.001009735,0.0003361355,0.08285434,0.08298986,0.08297661,0.0004361034,0.00026938604,0.082798116,0.00036276036,0.00026337567,0.08297732,0.00036366118,0.00029857436,0.08299152,0.08233384,0.0005188913,0.00061520387,0.082930595
0.0829593,0.08275532,0.08275762,0.0003336841,0.0008401214,0.083025165,0.0010139747,0.00033778613,0.08285269,0.08298833,0.082975164,0.00043818518,0.0002704167,0.082796745,0.00036390458,0.0002642773,0.082975924,0.00036494932,0.00029998948,0.082989514,0.082331136,0.00052046636,0.0006163167,0.08292902
0.082971774,0.08277595,0.0827746,0.00032224183,0.0008193911,0.083035305,0.0009860059,0.00032583516,0.08286765,0.08300121,0.082986794,0.0004234589,0.0002602092,0.08281431,0.00035106065,0.00025391587,0.08298807,0.0003525347,0.00028778726,0.08300167,0.08235677,0.0005046644,0.0005962578,0.08294253
0.082980454,0.082791306,0.082787745,0.0003133066,0.0008023838,0.08304363,0.00096728315,0.00031764948,0.08287878,0.08301088,0.08299549,0.00041147493,0.0002530055,0.08282732,0.0003419744,0.0002466029,0.082996696,0.00034331944,0.00027877474,0.08301057,0.08237621,0.00049198396,0.0005804342,0.082952686
0.083011076,0.082843326,0.08283464,0.0002838645,0.000745304,0.08307087,0.00089780433,0.00028685748,0.08291715,0.08304417,0.083026834,0.00037193144,0.00022723869,0.08287344,0.0003065972,0.00022039405,0.083027445,0.00031017588,0.00024758893,0.08304164,0.08244792,0.00045076385,0.000525422,0.08298762
0.083013535,0.082848616,0.082838036,0.00028109254,0.00074168347,0.08307327,0.00089303235,0.00028449748,0.082920276,0.0830471,0.08302921,0.00036865077,0.00022504991,0.08287776,0.00030348776,0.00021815067,0.083029985,0.00030679343,0.0002449063,0.08304471,0.08245399,0.00044641853,0.0005194412,0.08299033
0.0829971,0.08282013,0.082813166,0.00029706073,0.00077123585,0.08305847,0.00092978805,0.0003003018,0.08289937,0.08302918,0.08301283,0.00038967462,0.00023879578,0.08285275,0.00032199916,0.00023234093,0.08301302,0.00032496973,0.00026197964,0.0830277,0.08241567,0.00047008114,0.00055068865,0.08297171
0.08300754,0.08283654,0.082827695,0.00028789593,0.00075285474,0.08306718,0.0009093549,0.00029159867,0.08291113,0.08303936,0.083023116,0.00037744155,0.00023074923,0.08286709,0.00031108767,0.00022388478,0.083023265,0.00031450996,0.0002519382,0.083037734,0.08243731,0.00045550425,0.0005327281,0.08298252
0.0830348,0.082883194,0.08286999,0.00026146305,0.0007010579,0.083091445,0.0008453509,0.00026418065,0.08294652,0.08306885,0.083050564,0.00034242743,0.00020774902,0.082907975,0.00028086096,0.00020065349,0.08305094,0.00028507758,0.00022439707,0.08306538,0.08250029,0.00041872603,0.00048394827,0.08301414
0.08301038,0.082843326,0.082833596,0.0002841837,0.00074687245,0.08307029,0.0009006603,0.0002875241,0.08291683,0.08304329,0.08302638,0.00037232976,0.00022774668,0.08287234,0.00030733825,0.00022088966,0.08302683,0.0003105769,0.00024835745,0.083041035,0.0824452,0.0004511222,0.0005262913,0.08298665
0.08301249,0.082845636,0.08283654,0.00028254904,0.00074309733,0.08307217,0.0008950094,0.00028578768,0.0829186,0.08304525,0.08302823,0.00037054147,0.00022612426,0.082875185,0.0003053537,0.00021923745,0.08302875,0.00030888274,0.00024645714,0.08304302,0.08244962,0.00044886756,0.00052341894,0.08298922
0.083008796,0.08284029,0.08283014,0.00028582368,0.0007504524,0.08306891,0.00090371387,0.0002891467,0.08291422,0.08304159,0.08302436,0.00037495236,0.00022912369,0.08287016,0.0003091246,0.00022244288,0.08302497,0.00031269828,0.0002496029,0.083039686,0.08244269,0.00045304978,0.0005289757,0.08298502
0.0830095,0.08284105,0.082832485,0.00028556318,0.0007484126,0.08306933,0.00090222014,0.00028896562,0.08291499,0.08304218,0.08302508,0.00037393,0.0002286026,0.082870655,0.00030809725,0.00022187464,0.08302606,0.0003117752,0.00024969727,0.08303993,0.0824428,0.00045263546,0.0005289436,0.08298515
0.08302729,0.0828705,0.08285859,0.00026863458,0.0007154136,0.083085075,0.000863219,0.0002716847,0.08293674,0.08306077,0.08304309,0.00035174965,0.00021425115,0.08289747,0.00028850875,0.00020677352,0.08304305,0.00029295363,0.00023173782,0.08305795,0.0824834,0.00042842948,0.00049698394,0.083005734
0.083006494,0.08283614,0.08282687,0.0002878919,0.0007536399,0.08306684,0.0009098413,0.00029155987,0.08291148,0.083039165,0.08302216,0.0003778887,0.00023100112,0.082866594,0.0003121134,0.00022406722,0.083023,0.00031507906,0.00025256473,0.08303696,0.08243668,0.00045640016,0.0005333903,0.08298218
0.08300334,0.082830615,0.0828222,0.00029141302,0.0007605875,0.083063856,0.0009169848,0.00029476828,0.0829069,0.08303569,0.083019234,0.00038185887,0.00023388203,0.082861744,0.00031557493,0.0002268315,0.0830197,0.00031820306,0.0002556913,0.08303403,0.082428984,0.00046011707,0.00053914957,0.08297869
0.08301395,0.08284787,0.08283821,0.00028131928,0.0007401273,0.083073005,0.00089234527,0.0002845654,0.08292,0.08304697,0.08302972,0.00036934434,0.00022468084,0.08287719,0.00030359047,0.0002182159,0.08302995,0.0003072138,0.00024519744,0.0830445,0.08245253,0.00044802812,0.00052099896,0.0829905
0.08302437,0.082865454,0.082853355,0.00027186173,0.0007209386,0.083082125,0.00087083026,0.0002746289,0.08293322,0.08305713,0.083039664,0.0003558573,0.00021684577,0.08289238,0.00029263913,0.00020930366,0.0830401,0.0002967167,0.00023479643,0.08305466,0.082476206,0.00043268804,0.0005024011,0.083001815
0.08301697,0.08285318,0.08284307,0.00027828483,0.00073476374,0.083075844,0.00088512327,0.00028122572,0.082924195,0.08305008,0.08303267,0.00036496256,0.000222294,0.082881935,0.00030031538,0.00021550889,0.083033435,0.00030392135,0.0002422051,0.08304758,0.08246013,0.00044238087,0.0005156819,0.082994245
0.08301365,0.08284775,0.08283809,0.0002815885,0.00074105954,0.08307289,0.00089422974,0.00028473532,0.082920186,0.083045915,0.08302927,0.00036916396,0.0002254268,0.082876906,0.0003038298,0.0002181032,0.083030015,0.000307267,0.00024550158,0.083044074,0.08245193,0.0004465271,0.0005215698,0.082990296
0.083000176,0.08282506,0.08281756,0.00029411085,0.0007660315,0.08306145,0.0009228073,0.00029699708,0.08290371,0.08303237,0.08301592,0.00038600783,0.0002363942,0.082857646,0.0003185332,0.00022936358,0.08301661,0.00032152113,0.00025831498,0.083030894,0.08242356,0.00046481885,0.00054435455,0.082975745
0.08301678,0.08285319,0.08284226,0.00027856106,0.00073418743,0.083075665,0.000886163,0.00028146472,0.0829237,0.083049946,0.08303271,0.000365033,0.00022279342,0.08288143,0.00030102843,0.0002157204,0.08303256,0.0003045823,0.00024249362,0.08304738,0.08245939,0.0004428337,0.00051620696,0.08299393
0.08299885,0.08282308,0.08281641,0.00029504634,0.0007687561,0.083060205,0.0009264972,0.00029884334,0.08290203,0.08303104,0.083014674,0.00038707975,0.00023743145,0.08285514,0.00031970936,0.00023077805,0.08301554,0.0003226303,0.00025962022,0.083029635,0.08241984,0.00046704474,0.00054629,0.08297384
0.082993686,0.08281377,0.08280811,0.00030068515,0.00077826803,0.08305533,0.00093761366,0.0003038443,0.08289566,0.08302505,0.08300927,0.00039470574,0.00024208047,0.08284759,0.00032574753,0.00023478435,0.08300994,0.00032861883,0.00026505577,0.083024226,0.08240708,0.00047498534,0.00055603177,0.08296783
0.082973205,0.082779035,0.08277658,0.00032015055,0.0008161519,0.08303675,0.0009836927,0.00032482587,0.08286938,0.08300333,0.08298835,0.00042095094,0.00025925436,0.08281644,0.00034953028,0.00025301313,0.08298977,0.00035100186,0.00028629892,0.08300376,0.08235979,0.0005015387,0.0005933805,0.08294387
0.08298683,0.08280116,0.08279689,0.00030827677,0.000792492,0.08304878,0.00095472013,0.00031128206,0.08288598,0.08301696,0.083002135,0.00040370374,0.0002475135,0.082836635,0.00033420505,0.0002414111,0.083002575,0.0003363517,0.0002723871,0.083017014,0.0823909,0.00048396786,0.0005683813,0.08295945
0.08297999,0.08279142,0.08278668,0.000313714,0.00080309954,0.083043076,0.0009687585,0.0003178633,0.08287796,0.083010994,0.08299525,0.00041151763,0.00025292393,0.08282723,0.00034175892,0.00024700025,0.08299663,0.00034347124,0.0002789215,0.08301016,0.08237627,0.0004928308,0.00058063597,0.082951844
0.0829745,0.082781166,0.082779214,0.00031859975,0.0008134326,0.08303836,0.0009807625,0.00032253805,0.08287163,0.083004825,0.08298968,0.0004187252,0.00025771098,0.08281901,0.00034724988,0.0002515144,0.08299097,0.00034895973,0.00028442053,0.083005145,0.08236704,0.0005000277,0.0005888519,0.08294568
0.08296803,0.082769684,0.08276953,0.00032487817,0.0008251493,0.083032385,0.0009954533,0.00032932515,0.08286288,0.08299804,0.0829833,0.00042704272,0.00026360026,0.082809284,0.00035507165,0.000256895,0.08298408,0.00035613377,0.0002916323,0.08299811,0.082349986,0.00050903443,0.000602104,0.08293835
0.08298303,0.08279683,0.08279245,0.000310032,0.00079769146,0.08304608,0.0009618767,0.00031447166,0.08288227,0.08301418,0.08299872,0.0004074363,0.000250294,0.08283242,0.0003373201,0.00024397821,0.082999766,0.00033946175,0.00027556453,0.08301383,0.082383975,0.00048812432,0.0005744432,0.0829558
0.08299751,0.08282047,0.08281511,0.0002969664,0.00077054347,0.08305894,0.0009301082,0.00030021495,0.08289997,0.08302952,0.083013125,0.0003888929,0.00023841111,0.082853414,0.0003212323,0.00023168328,0.083013766,0.00032409618,0.00026103415,0.08302794,0.08241702,0.00046867898,0.0005492791,0.08297205
0.08298913,0.08280579,0.0828008,0.00030528495,0.00078579923,0.083051234,0.00094882457,0.00030880395,0.08288866,0.083020486,0.08300478,0.0004003847,0.00024563324,0.08284077,0.00033139202,0.00023908663,0.08300494,0.00033400024,0.00027026125,0.08301955,0.08239597,0.00048088733,0.00056502805,0.082962506
0.08298651,0.082802266,0.08279812,0.0003066813,0.00079011027,0.08304938,0.00095241796,0.00031102667,0.082886934,0.0830182,0.08300232,0.0004030092,0.00024774447,0.08283659,0.00033348316,0.0002411656,0.083003655,0.00033607899,0.0002724047,0.08301745,0.0823911,0.0004840576,0.0005694414,0.08295981
0.08299135,0.08281048,0.082804926,0.0003024789,0.00078215305,0.08305329,0.0009433349,0.00030650914,0.08289249,0.08302294,0.08300708,0.00039679965,0.00024366836,0.08284392,0.0003284967,0.00023706464,0.08300768,0.0003311124,0.00026772812,0.0830219,0.08240196,0.0004775953,0.00056023983,0.08296488
0.08297489,0.08278227,0.08277976,0.00031890834,0.0008122338,0.08303876,0.0009791448,0.0003226258,0.08287177,0.08300524,0.08299042,0.00041783546,0.00025739652,0.082819276,0.00034691335,0.00025152997,0.08299136,0.00034902274,0.00028448834,0.083005436,0.082365036,0.0004997933,0.0005895484,0.082946345
0.08298277,0.08279435,0.08279043,0.00031165077,0.0007995695,0.08304534,0.00096268306,0.000315475,0.08288111,0.083012976,0.08299749,0.00040937297,0.00025134432,0.08283043,0.00033959656,0.00024495905,0.08299872,0.0003412096,0.0002769524,0.083013,0.08238031,0.0004894656,0.00057606754,0.08295472
0.082982324,0.0827957,0.082790725,0.000311069,0.000798373,0.08304539,0.000962233,0.0003153746,0.082881294,0.08301373,0.08299769,0.0004086196,0.00025090418,0.08283086,0.00033916355,0.0002447572,0.082998924,0.00034089576,0.00027634096,0.083012916,0.08238169,0.0004894341,0.00057649735,0.082955055
0.08299655,0.08281906,0.082812466,0.00029737072,0.000772836,0.08305796,0.00093170075,0.00030135133,0.08289882,0.08302876,0.083012156,0.00039008135,0.00023897925,0.082852505,0.00032286256,0.00023264848,0.08301276,0.00032497942,0.0002620291,0.08302722,0.08241534,0.00046939088,0.0005507106,0.082971446
0.0830062,0.08283539,0.08282621,0.00028808095,0.000756155,0.08306656,0.00091093715,0.0002921584,0.08291081,0.08303901,0.08302178,0.00037799598,0.00023143826,0.08286597,0.0003126028,0.00022469542,0.083022,0.0003155461,0.00025227971,0.08303721,0.08243514,0.0004572347,0.000532659,0.082981914
0.082998,0.08282088,0.08281492,0.0002965338,0.0007691332,0.083059125,0.0009285028,0.0002999908,0.082900025,0.08302966,0.083013624,0.00038893477,0.00023828342,0.08285376,0.00032093134,0.00023154312,0.08301408,0.00032425683,0.00026131354,0.08302823,0.082417145,0.00046927723,0.0005494063,0.08297245
0.08299577,0.082817435,0.08281126,0.00029844115,0.00077404175,0.08305707,0.0009333189,0.0003028511,0.08289771,0.083027594,0.08301124,0.0003918618,0.00024029273,0.08285003,0.00032377918,0.00023344326,0.08301231,0.00032654376,0.0002635362,0.08302655,0.08241018,0.0004722784,0.0005529804,0.08296946
0.08294695,0.08273459,0.08273738,0.00034556643,0.000862921,0.083013654,0.0010397078,0.00035020936,0.08283664,0.08297491,0.08296221,0.0004542277,0.000280997,0.08277837,0.00037864276,0.0002755401,0.082963035,0.00037880405,0.00031317997,0.082977176,0.082302816,0.0005375029,0.00064005714,0.082914904
0.08296646,0.082767814,0.08276709,0.00032647955,0.00082790834,0.08303138,0.0009974684,0.00033118713,0.082861654,0.082996175,0.08298173,0.0004291878,0.00026451412,0.08280664,0.000356956,0.00025852604,0.08298307,0.0003581174,0.00029293087,0.08299674,0.08234576,0.0005113088,0.0006041999,0.08293676
0.08294631,0.08273252,0.08273762,0.00034647415,0.00086393714,0.08301306,0.0010423168,0.00035038256,0.082835935,0.082974255,0.08296172,0.0004545918,0.0002815152,0.08277723,0.00037932213,0.00027575807,0.082962185,0.00037918563,0.00031358152,0.08297621,0.08230257,0.00053841533,0.00064039615,0.08291453
0.08294249,0.08272689,0.082732424,0.00034930612,0.0008706226,0.083010085,0.0010498598,0.00035421457,0.08283209,0.082970396,0.08295758,0.0004592074,0.00028503992,0.082771614,0.00038328054,0.00027906444,0.082958795,0.00038330286,0.000317245,0.08297255,0.08229488,0.00054335553,0.00064586685,0.0829099
0.08295424,0.08274661,0.082749635,0.00033815645,0.00084930833,0.083020225,0.0010246421,0.00034288628,0.082846254,0.08298282,0.08296975,0.0004443593,0.0002747926,0.08278966,0.00037004682,0.0002686483,0.08297034,0.0003705481,0.00030549683,0.08298418,0.08231958,0.0005278386,0.00062674313,0.082923286
0.08297179,0.082776725,0.08277408,0.00032154727,0.0008195358,0.08303545,0.0009872079,0.00032643354,0.0828673,0.08300176,0.082986765,0.00042284635,0.00026009034,0.08281425,0.00035172852,0.00025446952,0.08298768,0.00035249535,0.00028750958,0.08300232,0.08235685,0.0005037094,0.0005949183,0.082942516
0.08296223,0.082760416,0.08276087,0.00033061625,0.0008352076,0.08302758,0.0010071882,0.00033482251,0.08285655,0.0829918,0.08297779,0.00043427167,0.00026803836,0.082801595,0.0003605937,0.00026180712,0.08297869,0.00036162353,0.00029683954,0.08299256,0.0823387,0.00051651854,0.0006110939,0.08293259
0.08297262,0.0827777,0.082775936,0.00032116333,0.00081618497,0.08303634,0.000985071,0.00032540935,0.08286849,0.08300234,0.08298772,0.0004219787,0.00025942337,0.08281562,0.00035062252,0.00025325656,0.08298844,0.0003518509,0.0002870983,0.08300276,0.082358524,0.00050379,0.0005944233,0.082943276
0.08299844,0.08282184,0.08281476,0.00029594492,0.00076942425,0.08305946,0.0009277238,0.00029974192,0.082900755,0.08303034,0.08301411,0.00038851198,0.00023800986,0.08285437,0.00032100754,0.00023107602,0.08301447,0.00032369766,0.0002605709,0.08302878,0.08241815,0.0004676928,0.0005480053,0.082973085
0.082976386,0.08278516,0.08278259,0.00031697284,0.0008094746,0.08304027,0.0009757752,0.00032080445,0.08287396,0.08300654,0.08299179,0.00041625736,0.00025608635,0.08282202,0.00034469497,0.00024975574,0.08299295,0.00034714185,0.00028276126,0.08300706,0.08236936,0.00049788767,0.00058634,0.08294796
0.08296672,0.082767785,0.08276684,0.00032626087,0.00082790514,0.08303096,0.0009977801,0.00033090642,0.08286134,0.082996346,0.08298199,0.00042927926,0.00026463548,0.082807,0.00035691352,0.0002585804,0.08298276,0.00035766792,0.00029304973,0.08299702,0.082345895,0.00051069044,0.00060479,0.08293693
0.082976066,0.08278383,0.082781866,0.00031744703,0.00081011537,0.08303986,0.0009769421,0.00032133076,0.082872935,0.08300677,0.082991846,0.00041682096,0.00025650344,0.08282131,0.00034596576,0.00025005123,0.08299204,0.00034735794,0.00028315603,0.083006375,0.08236775,0.00049788796,0.00058763573,0.082948156
0.082976975,0.082785144,0.08278253,0.0003166955,0.000808898,0.083040066,0.00097559596,0.0003208175,0.08287427,0.08300714,0.082992494,0.0004159852,0.0002556625,0.08282254,0.00034534335,0.00024969422,0.08299274,0.00034670328,0.00028214886,0.08300713,0.08236902,0.0004972732,0.0005864304,0.082948655
0.082979456,0.08279049,0.082787305,0.00031415327,0.0008033304,0.083043315,0.0009679644,0.00031773924,0.08287788,0.083010525,0.08299515,0.00041183035,0.00025351456,0.082826525,0.00034176392,0.00024704248,0.08299582,0.00034397256,0.000279398,0.08301025,0.082376204,0.00049361755,0.0005805864,0.08295217
0.08299792,0.082820125,0.08281423,0.00029685313,0.00076995755,0.0830588,0.0009287956,0.00030033992,0.082900316,0.08302935,0.08301332,0.00038974278,0.00023870714,0.08285291,0.0003217544,0.00023168891,0.083013944,0.00032465055,0.00026138482,0.08302816,0.082416184,0.0004694348,0.0005494916,0.08297199
0.08297762,0.08278697,0.082784064,0.0003159289,0.00080694794,0.083041124,0.0009735294,0.00032022956,0.082875334,0.08300818,0.082993224,0.00041441212,0.000255417,0.082823776,0.00034406304,0.0002486248,0.08299421,0.00034573814,0.00028167752,0.08300813,0.082370214,0.0004952386,0.00058553496,0.08294979
0.0829798,0.08279115,0.082787,0.0003138876,0.0008040473,0.083042905,0.0009676017,0.00031766962,0.08287797,0.08301056,0.08299524,0.0004122074,0.0002531993,0.08282663,0.00034173895,0.00024709944,0.08299612,0.00034360762,0.00027917704,0.083010435,0.08237632,0.0004931235,0.0005809708,0.082951576
