0,1,2,3,4,5,6,7,8,9,10,11,12,13,14,15,16,17,18,19,20,21,22,23
0.040046357,0.04260698,0.04179212,0.041072186,0.042920277,0.04175737,0.04270471,0.04294875,0.04074324,0.043516014,0.041327752,0.0415084,0.04033046,0.04061544,0.039516125,0.04261798,0.040095583,0.04069617,0.04089075,0.044697933,0.043233477,0.042390876,0.040703677,0.041267395
0.039851964,0.04229304,0.041413933,0.04126524,0.042884715,0.041700613,0.042610288,0.04330083,0.040838346,0.04355401,0.041377734,0.04155248,0.04049089,0.041024297,0.039683502,0.042429354,0.039747264,0.04117854,0.041012894,0.044485595,0.043543607,0.041878186,0.04064066,0.041242022
0.039954204,0.042072717,0.041112356,0.041454144,0.04289307,0.041687,0.04264086,0.04359921,0.04102894,0.04342719,0.04123786,0.041245155,0.040791668,0.04065737,0.0400352,0.042145424,0.039638214,0.041548178,0.04119354,0.043883886,0.04366286,0.04161937,0.041033227,0.041438308
0.03949134,0.041976187,0.041186806,0.04185472,0.042721197,0.041725457,0.043018494,0.043657836,0.040912047,0.043821733,0.040746015,0.041193713,0.040777266,0.04064295,0.039869066,0.042320307,0.039630834,0.041353315,0.040861707,0.044231605,0.04372937,0.0417216,0.04082425,0.04173219
0.039127514,0.041966163,0.041000262,0.041546453,0.04285247,0.04184725,0.043809634,0.043770436,0.04055459,0.043917246,0.040570896,0.040835135,0.040750258,0.04121318,0.04004552,0.042364635,0.039737117,0.040796638,0.041045427,0.04436334,0.043824892,0.041905414,0.04014475,0.042010795
0.03947107,0.042145267,0.04131961,0.04116632,0.042970214,0.041455586,0.043269496,0.043543242,0.041000918,0.04437046,0.04107454,0.041002993,0.040924318,0.04064195,0.039590202,0.0422744,0.039636414,0.040922236,0.041208584,0.044394664,0.043619674,0.04168222,0.040518314,0.041797243
0.03974505,0.04210025,0.04123214,0.041170187,0.043140955,0.040537316,0.042729963,0.04325045,0.041203223,0.043834865,0.041396607,0.041036807,0.04120081,0.040692884,0.039530285,0.042652693,0.03936321,0.041296586,0.041905772,0.04415741,0.043820266,0.04153579,0.041095186,0.04137135
0.039476525,0.041853767,0.04107412,0.041374546,0.04304783,0.04107074,0.043302257,0.04365605,0.041242387,0.043623913,0.040825643,0.04161438,0.040880974,0.04092599,0.039375287,0.042309426,0.03919609,0.04089088,0.041637845,0.044363387,0.04367998,0.041842636,0.041220725,0.04151466
0.03927102,0.042192273,0.041221898,0.041875903,0.042717557,0.04135199,0.04360556,0.043475587,0.041086335,0.044000026,0.040573597,0.041398942,0.0408075,0.041499145,0.03958131,0.042522006,0.038977567,0.040575378,0.041433502,0.04429744,0.043793883,0.04161797,0.04071217,0.04141152
0.03914881,0.042094667,0.04141914,0.041693117,0.04290571,0.04071672,0.044217497,0.042812426,0.041618768,0.044408433,0.040501576,0.041285206,0.04057988,0.041295335,0.04016921,0.042272147,0.039015826,0.040637176,0.041195918,0.044389196,0.04311605,0.041798886,0.04137077,0.041337505
0.03925047,0.04235907,0.04102714,0.041587505,0.043310698,0.040630683,0.043990046,0.043050427,0.041435905,0.043939166,0.040611003,0.040447727,0.04071795,0.041169316,0.040017404,0.042210825,0.03989854,0.041222025,0.04140811,0.04395256,0.042798914,0.041746926,0.04190217,0.041315466
0.04001835,0.04110187,0.04051301,0.04167032,0.043458767,0.04068521,0.04302626,0.04364553,0.041116472,0.044818133,0.041041,0.041073322,0.039583288,0.040536124,0.04118983,0.042290736,0.03894779,0.04042164,0.042418536,0.04355748,0.043402396,0.041368198,0.04114773,0.042968024
0.038652875,0.040289484,0.03961172,0.042524822,0.042807106,0.04109246,0.04372129,0.044247884,0.039773658,0.045365274,0.041285265,0.04079037,0.040567376,0.0407541,0.041252322,0.04189479,0.039815832,0.041239336,0.04233537,0.043583278,0.044560023,0.04178132,0.039081443,0.042972527
0.039097384,0.041125502,0.039727706,0.041957427,0.04261598,0.040410414,0.044120315,0.04400045,0.040153623,0.044877473,0.041045144,0.042122252,0.041185558,0.04004081,0.04156193,0.04194174,0.03954404,0.04011939,0.043152697,0.042987596,0.042445876,0.043174647,0.04010984,0.04248222
0.039837863,0.04150311,0.040207107,0.040649533,0.04268809,0.038576845,0.043784864,0.042273194,0.04211049,0.043835483,0.041717663,0.042975117,0.040369824,0.040089123,0.041878823,0.041213818,0.03933049,0.038805515,0.04335147,0.044430982,0.042788908,0.04307771,0.041831367,0.042672604
0.03990503,0.041813083,0.040364865,0.040354613,0.041306913,0.039714266,0.04551166,0.043771025,0.041284677,0.04253213,0.040468745,0.043427072,0.040581916,0.04078933,0.040385447,0.040886674,0.040837735,0.039097108,0.04206286,0.044648197,0.043854553,0.043228604,0.04093246,0.042241085
0.039389648,0.04180853,0.040300168,0.039649293,0.04128792,0.041083474,0.046379577,0.04462188,0.040211543,0.0439598,0.039052974,0.042099196,0.040577225,0.042840865,0.04155412,0.04118712,0.03915028,0.039616894,0.043088265,0.043687947,0.043169826,0.043438066,0.040204484,0.041640848
0.03956849,0.0431094,0.040115915,0.04073212,0.042070176,0.04059466,0.044520065,0.042680066,0.041360732,0.04468864,0.040834583,0.042546418,0.0394748,0.04236316,0.04187518,0.04230909,0.037198395,0.03939183,0.043587428,0.04334789,0.043348856,0.042831562,0.040111683,0.04133893
0.04006601,0.04234635,0.040584072,0.040482122,0.042587213,0.04009592,0.04494672,0.044150513,0.042584926,0.045164023,0.04011146,0.041664798,0.041243996,0.0404298,0.04019254,0.04261417,0.038347073,0.03915419,0.04180921,0.044439986,0.04291341,0.04262648,0.041604202,0.039840866
0.039806426,0.04164943,0.03940872,0.039401427,0.04202872,0.041172497,0.045305915,0.044126794,0.042094164,0.044842225,0.040503018,0.04141004,0.041861404,0.041779533,0.039670162,0.042593088,0.039043583,0.039567634,0.04228627,0.04451985,0.042701133,0.041641254,0.04224614,0.04034061
0.040001377,0.04056641,0.040455133,0.04141123,0.041379858,0.04073698,0.044488274,0.043118387,0.043448944,0.044600915,0.040810995,0.042201314,0.041132346,0.040198978,0.03973791,0.041688815,0.038160868,0.03936164,0.042446114,0.043760024,0.044449255,0.04208105,0.04174866,0.042014558
0.040154345,0.0392775,0.042152826,0.040601507,0.04205735,0.040550012,0.044739515,0.04370747,0.042345792,0.044069394,0.040733706,0.041343655,0.041291542,0.04030251,0.039639685,0.04157292,0.038841173,0.040158685,0.0409558,0.044709582,0.04275893,0.043534305,0.04280073,0.04170107
0.040971838,0.041104667,0.04215238,0.040175445,0.042266726,0.040507298,0.044592753,0.043609597,0.042159867,0.044991814,0.03981994,0.042352088,0.040855017,0.040944472,0.03883685,0.04103956,0.03830483,0.039999574,0.040810816,0.04472769,0.042651642,0.04303763,0.043042712,0.04104482
0.04132038,0.041841898,0.041459642,0.04012612,0.04158683,0.04058551,0.04468786,0.042868167,0.041691102,0.04442504,0.04123599,0.04226757,0.040058695,0.04017527,0.03981902,0.041047532,0.03892946,0.03973651,0.04217772,0.045135297,0.04296832,0.04230269,0.042818166,0.04073519
0.040676955,0.0419032,0.041359987,0.03891368,0.0417976,0.039335426,0.044542056,0.04256803,0.042390425,0.044784345,0.043176405,0.04009514,0.041023385,0.04029534,0.041113656,0.04151198,0.038028214,0.039445013,0.042653687,0.044989523,0.04273431,0.042224392,0.042953305,0.0414839
0.04024795,0.04046245,0.040143322,0.040900774,0.041994132,0.038440473,0.04603429,0.042933803,0.042209134,0.04504939,0.041839786,0.041490585,0.04103514,0.041490093,0.040322345,0.04109788,0.037474137,0.04021508,0.04239071,0.045368206,0.04276287,0.04277093,0.042341687,0.040984843
0.041120034,0.040044427,0.039931014,0.040992796,0.043370824,0.040006004,0.046451665,0.042318594,0.041911833,0.044900443,0.04287049,0.04118148,0.039958417,0.04083637,0.04007586,0.04084972,0.03840248,0.041814268,0.040795732,0.04585109,0.04256423,0.04251206,0.041547116,0.039693013
0.040893167,0.040364396,0.03973198,0.041682538,0.04260368,0.03928485,0.046675775,0.04347463,0.041879877,0.043937713,0.04300602,0.04050238,0.039360154,0.040581908,0.041293092,0.040110756,0.0395271,0.041518748,0.041439243,0.04504674,0.043041844,0.0422175,0.041357066,0.04046887
0.039316386,0.04147767,0.038678963,0.040790167,0.042595413,0.040163282,0.04661115,0.044711534,0.041420262,0.044189446,0.041674566,0.040022742,0.03919394,0.042427897,0.040976807,0.04075853,0.040137906,0.040607143,0.04186217,0.043517288,0.04351887,0.043651532,0.041500505,0.040195905
0.03999307,0.041785616,0.040957455,0.039149623,0.043166034,0.040674403,0.046470966,0.04339085,0.039897382,0.045181315,0.042342283,0.041121524,0.038424976,0.042698864,0.040328342,0.041249197,0.03955472,0.041366186,0.041693524,0.043841626,0.042873967,0.042848308,0.04157435,0.039415374
0.0396629,0.0398148,0.041960992,0.04017551,0.04279534,0.040245738,0.047008235,0.043188922,0.04070169,0.043948386,0.04211584,0.04187237,0.039677527,0.042952713,0.040664505,0.040948566,0.038569592,0.04160307,0.040968437,0.04425579,0.04287966,0.04248405,0.04125395,0.040251415
0.039364494,0.040571287,0.041181915,0.040937968,0.04263328,0.04085012,0.046357535,0.04377183,0.04177951,0.04415434,0.041619938,0.041540854,0.04044013,0.041998323,0.040239543,0.040211685,0.03899754,0.041256897,0.0406943,0.044714086,0.043200903,0.041815404,0.04037876,0.04128933
0.040591914,0.04093578,0.040448647,0.03965422,0.04116438,0.03948129,0.047174737,0.043086264,0.042168666,0.045436177,0.041242134,0.04161631,0.039748807,0.042288072,0.04035071,0.03995891,0.03932294,0.04163403,0.040585607,0.045404874,0.04414921,0.042013463,0.041430328,0.040112518
0.041037273,0.040451232,0.04093343,0.039265763,0.04148778,0.038911168,0.047838185,0.043548025,0.04078914,0.045437,0.041470774,0.0397591,0.039042093,0.042811077,0.041531708,0.04038404,0.03935948,0.04176298,0.040272705,0.04542983,0.043430675,0.042181168,0.04152502,0.041340362
0.040963642,0.039986145,0.040147632,0.040373843,0.0413417,0.0400948,0.047255173,0.044645924,0.041577835,0.045327388,0.041341804,0.038591545,0.039750498,0.04202565,0.04052114,0.040147785,0.039235212,0.042607825,0.040883295,0.044217266,0.04324292,0.041776877,0.04246483,0.0414792
0.039296713,0.039089978,0.03925062,0.04056405,0.040870234,0.039268777,0.049419887,0.04447799,0.041304935,0.045619052,0.041174963,0.040064283,0.04004903,0.041303925,0.041470148,0.039452527,0.039344583,0.042069227,0.042920806,0.04326867,0.043349247,0.043125585,0.042368818,0.04087591
0.039919548,0.03993189,0.039258108,0.039553527,0.04208431,0.039551627,0.05016004,0.044282515,0.041191667,0.044253692,0.041824885,0.040062696,0.039255485,0.04131428,0.040400658,0.039322615,0.040077124,0.042039912,0.041961893,0.044114675,0.042416245,0.04451519,0.042044166,0.04046325
0.039103027,0.04044604,0.040369235,0.03994944,0.041565772,0.040106963,0.04835254,0.043329,0.040390156,0.04540295,0.040812265,0.039073862,0.038574375,0.0422648,0.04225192,0.03976957,0.03929972,0.04252719,0.041809186,0.044384047,0.042274863,0.044855896,0.04170621,0.041380994
0.039331753,0.039595596,0.04158976,0.03954579,0.042733554,0.039347205,0.048480272,0.043144476,0.04026645,0.044477798,0.041772228,0.0400266,0.038322102,0.0418334,0.04136683,0.038226858,0.039297193,0.04464875,0.040796254,0.04485042,0.04259914,0.044700734,0.042894363,0.04015248
0.03999225,0.04021606,0.040433273,0.04011979,0.04209319,0.038570568,0.047378957,0.042372975,0.04002666,0.043874085,0.04282044,0.040614642,0.040096797,0.042269185,0.040541288,0.038604543,0.040614508,0.04488496,0.041771363,0.045519676,0.04295917,0.043465268,0.042365238,0.038395114
0.040085614,0.039151818,0.039797924,0.04034931,0.041898604,0.039572444,0.047706183,0.04235327,0.040418755,0.04653378,0.04219869,0.039519977,0.0392572,0.04244809,0.04136343,0.038797468,0.03913255,0.044569217,0.040967736,0.044180416,0.0437898,0.043916393,0.04156267,0.040428683
0.040212646,0.039129052,0.041064363,0.041500952,0.04062116,0.040339537,0.048044194,0.043333784,0.041323777,0.046385355,0.041422725,0.037439853,0.03911768,0.042991642,0.041424178,0.03863742,0.03824273,0.04491654,0.03889387,0.0445359,0.04471283,0.04256524,0.04177615,0.041368484
0.03945272,0.039802115,0.040094066,0.04287528,0.03948472,0.039785195,0.047287367,0.0431377,0.041421443,0.045353938,0.04137158,0.03865282,0.039175317,0.04339226,0.04258723,0.03970746,0.037366472,0.044068977,0.04148718,0.043670487,0.04434343,0.04264174,0.04256804,0.040272467
0.039263394,0.038091004,0.03873159,0.042201713,0.037729137,0.038216595,0.05038866,0.0441958,0.040920775,0.045803342,0.042088475,0.040613107,0.040036347,0.043031186,0.041502904,0.038562384,0.037605606,0.043990087,0.042547245,0.0440147,0.043118555,0.043702774,0.04438022,0.03926438
0.040597796,0.038106624,0.03967826,0.04144548,0.039023932,0.0393803,0.05124567,0.04414548,0.04135295,0.044912174,0.04132551,0.040318515,0.038421683,0.04263988,0.04049985,0.03894454,0.036489673,0.04402636,0.04281297,0.04414435,0.043256465,0.04324158,0.043779958,0.040210024
0.04101872,0.039358035,0.04187065,0.039287962,0.03943366,0.0385177,0.05033226,0.043700304,0.04212991,0.04576696,0.041310124,0.039124995,0.03887513,0.0433612,0.042226415,0.039782386,0.03628387,0.04353441,0.040385406,0.045948505,0.044217132,0.041795604,0.042050175,0.0396885
0.04007415,0.038833816,0.04192253,0.03845507,0.040346265,0.037888043,0.04983659,0.04309778,0.04101348,0.04688105,0.042083904,0.03877393,0.03854345,0.043864217,0.042780075,0.040229175,0.03794248,0.043929044,0.03958473,0.046559308,0.044179115,0.041877884,0.043069884,0.038234077
0.039988454,0.038406666,0.040175263,0.040084906,0.03986276,0.04035306,0.051415764,0.041699678,0.041491367,0.045168187,0.040113684,0.04006765,0.03710054,0.045326486,0.043283764,0.0395016,0.03772,0.044114713,0.04007715,0.044910472,0.044579595,0.043444555,0.04253287,0.038580824
0.040571444,0.037441682,0.039807536,0.039911736,0.038575754,0.039816346,0.05253751,0.043336734,0.043730967,0.04546507,0.041920114,0.04077639,0.03788654,0.042811256,0.042264506,0.03893694,0.03744158,0.04191384,0.03998073,0.04330969,0.04409916,0.045707464,0.042836502,0.03892051
0.04002942,0.036451526,0.041385822,0.040312905,0.04029532,0.039432876,0.0488101,0.04292526,0.042779036,0.04573673,0.04084994,0.040590167,0.03737215,0.043826498,0.042698022,0.03956085,0.036613546,0.04403849,0.03998004,0.04370004,0.04504811,0.044819143,0.044428676,0.03831539
0.04019234,0.035561483,0.040699862,0.041211076,0.040065415,0.038890462,0.048914883,0.043008056,0.040891558,0.046715885,0.041666638,0.040107533,0.037788745,0.04377105,0.043419614,0.039530784,0.0362351,0.04559272,0.038638335,0.04413098,0.045163676,0.045691043,0.04269798,0.03941477
0.043487683,0.037723333,0.040908296,0.040260036,0.039385553,0.03972264,0.05183261,0.042215798,0.040902514,0.046592094,0.0413212,0.038702555,0.03768787,0.043539293,0.0425606,0.039599303,0.036704935,0.04490155,0.037802014,0.043430764,0.04481421,0.045679543,0.042907197,0.037318405
0.04337221,0.038014576,0.041766994,0.041319788,0.03948255,0.040228993,0.051779773,0.042273644,0.04082745,0.044917796,0.039312765,0.03864948,0.037373804,0.04386558,0.04234693,0.038604844,0.03611215,0.045445245,0.03706194,0.04412032,0.04397495,0.046483055,0.04372864,0.038936548
0.042352907,0.03823793,0.042304765,0.04213652,0.040217865,0.039608013,0.052034523,0.040533066,0.03886058,0.042937435,0.040290736,0.040336076,0.035872657,0.043414637,0.043262362,0.036876485,0.035816327,0.045459405,0.039002825,0.04511749,0.044657987,0.046882268,0.043506686,0.04028041
0.043179836,0.037580695,0.041376118,0.040333033,0.040645566,0.037940327,0.05134644,0.04136716,0.03827835,0.04467524,0.039798327,0.04099932,0.03790849,0.044056408,0.04318039,0.038882986,0.03691614,0.044083893,0.039536998,0.045519426,0.04476526,0.044870388,0.043829225,0.038929943
0.041131265,0.037096076,0.041551728,0.04293717,0.040395632,0.038303588,0.052734923,0.042276926,0.03938079,0.045886572,0.039612122,0.039741237,0.038352642,0.04404184,0.043578923,0.03713646,0.036994446,0.045320496,0.03974974,0.044807382,0.045449123,0.042868204,0.04232781,0.03832491
0.03940548,0.035092063,0.04057828,0.045818537,0.038625877,0.038354803,0.05444398,0.042102017,0.040791236,0.045349874,0.037235532,0.039798707,0.036812846,0.044522937,0.046163306,0.036410905,0.037589725,0.045931082,0.040701307,0.046049204,0.045007862,0.042081784,0.04270078,0.03843184
0.040107887,0.035536826,0.041276947,0.04440863,0.038996857,0.03881956,0.054847427,0.04330264,0.040845238,0.044486362,0.038420264,0.03887577,0.03726746,0.043293983,0.046137456,0.036736347,0.036766917,0.04604183,0.04029735,0.046471123,0.045025963,0.042494003,0.04256206,0.03698108
0.040796913,0.037673213,0.041304823,0.043954674,0.038770195,0.04003087,0.05426643,0.043887973,0.040120453,0.044018578,0.038072284,0.037507538,0.037449587,0.04418512,0.044955764,0.03495354,0.03740485,0.047424022,0.039974585,0.04578519,0.045751866,0.043293983,0.042430185,0.035987314
0.0422045,0.038466077,0.040989604,0.042241678,0.038290974,0.039817885,0.053615343,0.0432328,0.039043114,0.043597285,0.03767232,0.03810885,0.03719945,0.043327816,0.0448446,0.034606013,0.037432954,0.049744904,0.039381612,0.046777155,0.04489022,0.043405123,0.04335558,0.03775414
0.0436275,0.039693456,0.042254083,0.040461577,0.03770694,0.039126284,0.054136295,0.040680446,0.037494913,0.044124074,0.040459108,0.03880341,0.037257362,0.044163194,0.045592304,0.0371053,0.034391046,0.048012182,0.039580345,0.045711778,0.045236386,0.043535106,0.042329896,0.03851701
0.043094236,0.03797288,0.04240582,0.04109405,0.03832963,0.039051704,0.054463208,0.04058131,0.03741086,0.045370795,0.04189169,0.039750673,0.034489673,0.044753954,0.044381775,0.038028058,0.03489649,0.04727211,0.039376948,0.04399706,0.04616826,0.04605102,0.04086303,0.038304783
0.04235233,0.038053516,0.042350095,0.04152588,0.037595704,0.039290953,0.05678401,0.041332774,0.038844656,0.04709572,0.040693153,0.03995451,0.034769524,0.043770537,0.042951412,0.037825797,0.035172805,0.046309248,0.037289463,0.042515844,0.046467036,0.04785748,0.039670046,0.039527494
0.04121344,0.035806194,0.041163083,0.042920783,0.038317636,0.038853295,0.05672089,0.04278608,0.042735845,0.047039997,0.038349193,0.040462404,0.038147535,0.043163422,0.04272396,0.03762224,0.03358914,0.04589661,0.038545508,0.042764917,0.046365984,0.044211313,0.04228018,0.038320344
0.041833755,0.036358908,0.03998713,0.045318775,0.038591366,0.039687116,0.05473011,0.043955933,0.041982774,0.04540375,0.037102025,0.040491864,0.038659517,0.043938976,0.041895464,0.037182968,0.03333843,0.047101498,0.040319502,0.04279216,0.047136962,0.043810725,0.040775586,0.037604727
0.0436842,0.037145525,0.04298173,0.046231575,0.03774567,0.03851651,0.05312878,0.042383865,0.03977988,0.0446408,0.03856936,0.03941449,0.03762357,0.04402852,0.040740985,0.03739883,0.034871984,0.04808868,0.038139295,0.04433637,0.047562562,0.045362737,0.0392576,0.03836652
0.041764315,0.036991496,0.041790828,0.046153914,0.035837583,0.03775692,0.055721365,0.04089639,0.040335253,0.04546147,0.039298493,0.037175205,0.03628043,0.04616995,0.04337133,0.037169468,0.034776907,0.04867023,0.03695225,0.04459281,0.048681576,0.04680342,0.03879733,0.038551074
0.03808057,0.03428128,0.03957367,0.047535263,0.035638157,0.038167063,0.056460455,0.044245042,0.04263361,0.045351043,0.04011495,0.03886625,0.03687124,0.045266613,0.045342047,0.037277024,0.03402158,0.04889576,0.038656846,0.043378897,0.048546024,0.04481531,0.038220756,0.03776065
0.038502287,0.03425241,0.040106338,0.046187278,0.03665085,0.039054003,0.05525909,0.046811022,0.042765234,0.045702748,0.039799053,0.03658519,0.038121846,0.04333548,0.04621995,0.036852933,0.03484495,0.049509875,0.039777476,0.04205893,0.04519772,0.04428784,0.03959507,0.03852242
0.041907102,0.03421535,0.04077001,0.047359515,0.036163725,0.041016124,0.05404158,0.044675075,0.042653922,0.044515975,0.038562216,0.036751743,0.038555805,0.043720245,0.044377025,0.035047565,0.034463752,0.051740427,0.038544614,0.041806564,0.046161838,0.0435755,0.040792912,0.038581464
0.042618737,0.032308184,0.041867975,0.046311226,0.036022305,0.04065704,0.054177344,0.044498038,0.0417413,0.044376474,0.038823757,0.037510797,0.037120692,0.043839473,0.042431828,0.034779143,0.036015976,0.052296396,0.037432745,0.043163322,0.047724403,0.044972833,0.041543886,0.037766106
0.042427547,0.033176757,0.040457968,0.04617235,0.03686507,0.04008678,0.055640753,0.046438474,0.042794775,0.04600878,0.03759567,0.037342235,0.036446806,0.043434124,0.042980544,0.03551686,0.036520496,0.049394827,0.03811996,0.042756632,0.04740724,0.045539014,0.04057908,0.03629727
0.04117427,0.034302585,0.041227918,0.04583247,0.03841266,0.03870966,0.05266539,0.045381613,0.04226655,0.044800464,0.039018232,0.041066103,0.035812993,0.04457487,0.042577956,0.038067717,0.033989403,0.046699855,0.038922574,0.043398704,0.04801764,0.04547342,0.041030582,0.0365764
0.0421754,0.03453124,0.04005123,0.04350501,0.03818548,0.037051406,0.0521482,0.043086033,0.04021598,0.04650751,0.040101927,0.04029385,0.036024228,0.045690723,0.044031296,0.038685206,0.03372401,0.04674474,0.04034811,0.044828843,0.04606786,0.04408028,0.042804454,0.039116953
0.04394157,0.03230655,0.038941693,0.045407567,0.037171748,0.038712338,0.05437795,0.040856324,0.043239027,0.045179322,0.037452962,0.042319976,0.036104992,0.045531727,0.041627225,0.03761235,0.03583659,0.048036,0.03889856,0.04351096,0.047199614,0.04404577,0.0423316,0.039357617
0.043495063,0.031502664,0.039945424,0.04476041,0.034802895,0.03971199,0.055922613,0.04112379,0.043004256,0.044856522,0.036970798,0.03843013,0.035480928,0.044261444,0.04343216,0.037397318,0.03709719,0.048709396,0.038243644,0.044367645,0.046624117,0.046903733,0.043524083,0.039431747
0.041531734,0.03363107,0.042822406,0.044246644,0.03576793,0.037871707,0.0563562,0.043332025,0.040743425,0.045424778,0.037160642,0.034029797,0.034371544,0.043738216,0.04815719,0.035586964,0.035404697,0.048855513,0.038168736,0.04567102,0.045988426,0.048621114,0.04352055,0.038997672
0.040414486,0.03157637,0.04135639,0.047195334,0.038243774,0.038469665,0.053430833,0.04364434,0.04297961,0.0456656,0.03806917,0.037902404,0.035967715,0.04461451,0.046925757,0.036218334,0.033243973,0.048025195,0.03828715,0.04572673,0.046162605,0.045197736,0.043704737,0.036977578
0.041870862,0.029333238,0.039901778,0.049018454,0.038707018,0.03811106,0.053013895,0.042546194,0.042321734,0.046721015,0.03811323,0.03794217,0.039144337,0.046542354,0.044921316,0.033299144,0.0320842,0.05168979,0.03787009,0.04669686,0.04568541,0.04242993,0.044687875,0.037348043
0.044377636,0.03050044,0.04090245,0.04647384,0.040043984,0.03842088,0.052747823,0.04146957,0.042248573,0.045272287,0.040055107,0.036101487,0.037906464,0.04593052,0.044991557,0.03172213,0.03248363,0.053086355,0.039165836,0.045574605,0.04541804,0.043503426,0.04377211,0.037831273
0.04424551,0.031987224,0.040471207,0.04585738,0.038531695,0.037073996,0.051937297,0.04102586,0.04084885,0.044556297,0.039803892,0.03860748,0.037744757,0.044471666,0.045598034,0.03333054,0.03594981,0.050885424,0.03932168,0.04605458,0.045781057,0.04596179,0.04331028,0.03664363
0.044173546,0.032201685,0.039094962,0.04559957,0.037580118,0.03826167,0.05091726,0.041664347,0.040328924,0.04574649,0.041274264,0.038795996,0.03685837,0.045359954,0.04548543,0.035304576,0.033936035,0.05191139,0.03999037,0.044654526,0.045119748,0.044344645,0.04391548,0.037480626
0.042538498,0.032385323,0.03858868,0.044272743,0.038788144,0.038301323,0.05341909,0.04288246,0.042260323,0.047771525,0.04193249,0.035314552,0.036207583,0.04450503,0.04660996,0.035963424,0.03456625,0.051101055,0.04050903,0.04208088,0.04661866,0.044724785,0.042052273,0.036605943
0.04290021,0.03525501,0.039832488,0.04406258,0.036497768,0.038418207,0.052849352,0.041490205,0.04156756,0.045451812,0.04070664,0.03480042,0.036619384,0.046321686,0.047453552,0.03678462,0.034970745,0.049624927,0.040669154,0.044507857,0.047623567,0.044211414,0.041087672,0.036293104
0.043311235,0.034853693,0.039866615,0.045783587,0.036509883,0.03845919,0.05112638,0.04164886,0.042612605,0.04566815,0.03895795,0.034641914,0.038269367,0.04801359,0.045568697,0.036664408,0.033139322,0.05224374,0.04085179,0.043597694,0.04723568,0.042542025,0.041495312,0.036938354
0.041637696,0.034272563,0.04078356,0.046554036,0.036550023,0.039271545,0.05198318,0.04217324,0.042826124,0.0451946,0.038797237,0.03444313,0.038417507,0.046683144,0.044994064,0.035402067,0.033827905,0.051854294,0.040402412,0.0424449,0.048517223,0.043544747,0.041769344,0.03765553
0.041528106,0.033681884,0.041548803,0.047113195,0.03447412,0.0410714,0.053067043,0.043028988,0.04236326,0.046059202,0.03786149,0.036842853,0.03726036,0.044832215,0.0455749,0.03492789,0.033423595,0.050926525,0.04002427,0.04176241,0.048398446,0.04495026,0.04269889,0.03657994
0.0422959,0.03421586,0.040149115,0.04649408,0.034815606,0.039129358,0.053641196,0.04386353,0.041816045,0.0463056,0.038336,0.03799924,0.037287604,0.045576867,0.046333246,0.034195933,0.032504737,0.050972722,0.040724646,0.042215485,0.048878796,0.04421229,0.042047817,0.035988376
0.04159131,0.032252356,0.0394577,0.048057508,0.035773486,0.038513556,0.054246485,0.04462909,0.041419473,0.045542568,0.03925139,0.03935541,0.038114212,0.045741737,0.043195866,0.033187456,0.033226714,0.051476378,0.040303897,0.04358345,0.048971538,0.044223465,0.041182578,0.03670241
0.043768853,0.032117084,0.03946258,0.046818398,0.037069112,0.038025912,0.055679593,0.04408379,0.04135312,0.044502646,0.040635668,0.038922656,0.037510745,0.045727674,0.041306328,0.031346224,0.034152538,0.05211624,0.04053292,0.04371,0.048710726,0.045013387,0.04117073,0.036263097
0.044758752,0.03265635,0.041136757,0.047352977,0.036667865,0.04083168,0.05494713,0.04145118,0.042739864,0.045554686,0.040379863,0.034540873,0.03758333,0.044758577,0.042374168,0.031950183,0.034677293,0.05306783,0.03919427,0.042598296,0.048324447,0.04480253,0.041366678,0.036284428
0.043474037,0.03320628,0.039467484,0.047468018,0.03632093,0.039598763,0.05547571,0.04230356,0.04239824,0.046886306,0.039110765,0.036801916,0.038526423,0.04594966,0.04350642,0.03322632,0.031986304,0.052710656,0.04012347,0.03966795,0.04901721,0.045598,0.042157773,0.035017863
0.042324632,0.033671383,0.039837338,0.045670167,0.03690346,0.038687922,0.055535406,0.04343833,0.041580047,0.045637444,0.039041057,0.039266568,0.037724856,0.04790714,0.043745957,0.03394243,0.03174751,0.05147434,0.040049,0.041168403,0.049266238,0.04592444,0.04089021,0.034565736
0.043072566,0.03415998,0.039765876,0.045664247,0.03807284,0.040018227,0.054208457,0.04267847,0.040643133,0.044859663,0.040245112,0.038063746,0.037136536,0.04792539,0.043714736,0.034529734,0.03219773,0.053792097,0.03919807,0.04149358,0.04777008,0.044440567,0.04027351,0.036075708
0.041418754,0.035195496,0.037702814,0.046508614,0.037378486,0.04100556,0.05488251,0.041090123,0.03859964,0.046263218,0.043362204,0.03618547,0.037269577,0.048129857,0.044972636,0.03448318,0.03079154,0.05502569,0.04053131,0.04097098,0.04769179,0.04362269,0.04118703,0.03573088
0.041248836,0.033375174,0.036966823,0.04530812,0.037261125,0.038507767,0.055286396,0.040520675,0.03886437,0.048401903,0.043848448,0.037205555,0.036559816,0.047920495,0.045944523,0.034523707,0.03144113,0.05468367,0.04153568,0.0411211,0.05032363,0.044017464,0.040016588,0.035116963
0.040127657,0.032452505,0.037807196,0.044069067,0.034936152,0.038025063,0.055970307,0.042080604,0.041117243,0.048140444,0.04257479,0.0382043,0.038042825,0.047151454,0.045766,0.034176696,0.031932946,0.054282557,0.042308956,0.04015923,0.050506655,0.044548213,0.038776577,0.0368426
0.040678762,0.032688957,0.037327763,0.045141675,0.033223458,0.036932617,0.0551755,0.04274846,0.04179613,0.047090407,0.042986285,0.03805214,0.0369937,0.046940897,0.04559392,0.03460057,0.032587416,0.052704193,0.042792805,0.042744357,0.050051805,0.044354353,0.039611798,0.037182033
0.04174201,0.03407822,0.03617885,0.04457412,0.033421826,0.03712968,0.05478067,0.04275744,0.0416557,0.046510864,0.04223178,0.036953833,0.038766425,0.047563754,0.044551298,0.036662497,0.03431954,0.05111805,0.042778082,0.042977713,0.04918415,0.04330825,0.040667847,0.036087405
0.04192382,0.03480249,0.037750952,0.045973174,0.033783846,0.037754893,0.054390997,0.043847997,0.040949572,0.046532713,0.03991489,0.036341812,0.03866872,0.047740586,0.043728452,0.03631451,0.03369304,0.050384603,0.04187402,0.042829208,0.047861237,0.043489646,0.042992275,0.036456544
0.04387347,0.034969695,0.03871258,0.046337787,0.034130283,0.036485314,0.0531419,0.043024346,0.04212646,0.044926614,0.04094902,0.037204057,0.03875766,0.04795091,0.043713164,0.03737252,0.032374617,0.04983139,0.0411096,0.042904753,0.047670074,0.04419545,0.0424482,0.035790175
0.041473802,0.034215394,0.038091443,0.047062844,0.03519318,0.036947727,0.05385179,0.04367621,0.04084184,0.043235004,0.03961057,0.039277516,0.039216354,0.048294887,0.04459258,0.037081428,0.03173495,0.04991154,0.04236041,0.042344086,0.04868118,0.043534216,0.041421726,0.037349377
0.040915787,0.032858085,0.038124435,0.046624403,0.03477381,0.03890365,0.054584917,0.043592658,0.04058211,0.044155527,0.039093,0.038682032,0.038652446,0.04695412,0.04595311,0.03624114,0.031211277,0.050322626,0.042859,0.04238489,0.048661564,0.043944567,0.042823687,0.037101176
0.040284332,0.030787854,0.039461616,0.0478231,0.03588006,0.03957227,0.053925633,0.044646602,0.04024388,0.047343712,0.040921353,0.039376844,0.037294265,0.045980383,0.04414548,0.035638716,0.030944603,0.051557437,0.041319557,0.043028336,0.047492757,0.04389857,0.04321288,0.03521981
0.039668232,0.030678906,0.038890064,0.047283538,0.035631005,0.039478052,0.05481333,0.042580314,0.041040357,0.0497104,0.043136187,0.03802222,0.037509415,0.04649704,0.044596553,0.036373824,0.029998222,0.051744826,0.04059739,0.041636743,0.0485098,0.04427105,0.043340515,0.033992052
0.042020734,0.032416597,0.039585445,0.045240805,0.034925144,0.03855015,0.055977818,0.041645877,0.043870993,0.048332438,0.04175987,0.03494508,0.03843466,0.045831725,0.044933364,0.034649007,0.031491842,0.05041746,0.041406307,0.04190528,0.049381573,0.04521291,0.044446073,0.03261881
0.04150876,0.033059765,0.039867546,0.046599586,0.035324685,0.0354787,0.052744478,0.04317245,0.04219613,0.04681481,0.041694943,0.03941249,0.03849196,0.046327572,0.0437202,0.03561552,0.03241753,0.050086837,0.042457666,0.04402182,0.047198653,0.04458248,0.042712897,0.034492616
0.041326832,0.034401905,0.039726704,0.0450835,0.035162244,0.036127456,0.049932797,0.04396878,0.039163895,0.045014527,0.038806662,0.04225309,0.036905788,0.05113216,0.04477859,0.03592905,0.029473562,0.050630808,0.044692617,0.04548583,0.046200767,0.043221,0.041944195,0.03863726
0.040899295,0.03450383,0.03769988,0.04561316,0.036559857,0.03774266,0.052142907,0.045052104,0.04106847,0.044385504,0.03701562,0.040150393,0.03711287,0.0506317,0.04522823,0.035506144,0.029736945,0.048396427,0.04631665,0.046179045,0.0458601,0.04298438,0.041397452,0.03781643
0.038327932,0.035874322,0.038323127,0.046035223,0.037099283,0.0363974,0.053153273,0.044897344,0.0380059,0.046884574,0.039574947,0.03885371,0.037715457,0.04906548,0.04576405,0.036324654,0.031024268,0.04988815,0.0439899,0.046659388,0.045906395,0.042643853,0.039729774,0.037861567
0.03879857,0.03585615,0.039610438,0.044582333,0.037885696,0.037074555,0.05576793,0.044598114,0.039706077,0.046863463,0.040599357,0.03537249,0.038618617,0.047591534,0.044954702,0.035878178,0.03124197,0.05025634,0.041414622,0.043464042,0.047456153,0.044033434,0.040684104,0.037691135
0.04383242,0.035181653,0.039947756,0.044560015,0.03619168,0.03753536,0.05550219,0.04082811,0.043035485,0.043558378,0.040553425,0.037215635,0.037331466,0.046876017,0.044645783,0.03481898,0.032287788,0.049403246,0.04064266,0.043431625,0.04959536,0.045988813,0.03937971,0.037656363
0.044670384,0.03406271,0.041548457,0.04498397,0.035502795,0.037016638,0.052679934,0.041608,0.041987896,0.044851888,0.039645642,0.040502038,0.03623737,0.04881076,0.04334984,0.034899447,0.030946473,0.050130803,0.042845476,0.043786258,0.04922744,0.04406629,0.03912283,0.037516594
0.04217513,0.032884713,0.040726863,0.045667354,0.03643474,0.03716571,0.05095368,0.042857643,0.040390488,0.04611225,0.03701452,0.042369448,0.038489908,0.047789946,0.044077724,0.034149244,0.03130885,0.049035743,0.043722,0.04439381,0.049470168,0.044775687,0.04087486,0.03715955
0.04193342,0.03328212,0.03901945,0.044570047,0.036633465,0.03679276,0.050492488,0.044319615,0.039813332,0.04641625,0.03812062,0.040884443,0.039149888,0.046737533,0.04405889,0.03507283,0.032497074,0.048225775,0.042304993,0.04558155,0.04788202,0.045233585,0.043974753,0.03700312
0.04290289,0.03494902,0.039228562,0.04209509,0.038171113,0.03620856,0.051270857,0.044105884,0.040283184,0.047146432,0.04119785,0.036912654,0.04011945,0.04733765,0.04296882,0.03504141,0.03125976,0.050393246,0.0435993,0.044687044,0.046382163,0.042597346,0.04558345,0.03555825
0.043289986,0.03462537,0.04051531,0.04182898,0.03714666,0.03568375,0.052721497,0.041232537,0.039699692,0.048441563,0.042262953,0.037747167,0.039126366,0.049133517,0.04613803,0.035363104,0.027936256,0.051209792,0.043856837,0.04196291,0.048812658,0.044439625,0.041103423,0.03572198
0.04250724,0.031885415,0.040323604,0.044990174,0.036613334,0.037827022,0.0554827,0.041400135,0.04106921,0.047229823,0.042210475,0.0395245,0.036334246,0.04822085,0.044570625,0.035809696,0.02847233,0.050162863,0.041695233,0.041840937,0.048152465,0.04531929,0.041779585,0.03657829
0.040138096,0.031551357,0.03999632,0.046599157,0.036645483,0.03901755,0.05691133,0.041613262,0.041397214,0.045981426,0.03896586,0.039865945,0.03734078,0.04838713,0.0460894,0.03252689,0.029245239,0.05078876,0.042458825,0.045919117,0.046715174,0.04368167,0.042472962,0.035691075
0.03997455,0.034094706,0.040998287,0.045334045,0.037871465,0.038319428,0.054819256,0.040410865,0.039360933,0.046520572,0.04020432,0.0396054,0.03780179,0.05002344,0.04609083,0.03388896,0.028710876,0.05161151,0.042365838,0.045612592,0.045809932,0.04340011,0.041967377,0.035202898
0.039431665,0.03448395,0.038298894,0.046910763,0.03685956,0.03948504,0.05372649,0.04273366,0.03931117,0.04643647,0.04039979,0.040047012,0.03622658,0.051376514,0.044342417,0.037065674,0.028729696,0.050739877,0.041884016,0.042880327,0.04701464,0.04375649,0.041809045,0.036050223
0.041943476,0.035347264,0.03935488,0.045610692,0.035200574,0.038958613,0.05360826,0.040802743,0.04095201,0.046376694,0.03966199,0.04019316,0.035269845,0.049735337,0.044369686,0.036175363,0.029744023,0.050085276,0.042457208,0.04377555,0.048350412,0.04389224,0.042058464,0.036076225
0.042065956,0.033911336,0.041284654,0.045995157,0.034771558,0.036257237,0.053588722,0.03994033,0.03948678,0.046583053,0.04067307,0.042085405,0.035879567,0.050357733,0.043901064,0.035499524,0.029318912,0.051064525,0.040844887,0.043912534,0.04893654,0.04608851,0.03919902,0.038353898
0.04211669,0.03374309,0.04021232,0.044463456,0.034190238,0.03542268,0.053813014,0.041356787,0.04084211,0.0464916,0.042335276,0.040710405,0.036692113,0.05034655,0.045800973,0.035516556,0.030131489,0.05091383,0.041172367,0.044878677,0.049116414,0.04374339,0.037855197,0.03813478
0.041176144,0.034737267,0.040389065,0.046248402,0.034193035,0.036629114,0.053898238,0.044328213,0.041469608,0.045916613,0.040008556,0.038574524,0.03941677,0.047263283,0.04454484,0.03517776,0.03333554,0.050084516,0.04123357,0.045044813,0.048070807,0.041512355,0.03972821,0.0370188
0.03716113,0.035315923,0.039597977,0.047014493,0.035221394,0.037697885,0.051904116,0.044340834,0.040660203,0.047768682,0.039961115,0.037290215,0.04093176,0.04778003,0.04358415,0.036740895,0.031423375,0.051189594,0.040807102,0.04433901,0.04817377,0.041958466,0.039888658,0.039249264
0.03989247,0.034585327,0.038302165,0.044751048,0.035814397,0.037012417,0.051347665,0.043541063,0.040840007,0.048301067,0.041462954,0.03656635,0.038390413,0.047713917,0.045575216,0.038917657,0.03088127,0.0505281,0.040908165,0.04331472,0.047242317,0.04223292,0.041311733,0.04056663
0.040019345,0.033696532,0.039551415,0.046130195,0.036842354,0.0374962,0.053538896,0.043502685,0.041060377,0.046494603,0.040105335,0.040616795,0.037640043,0.047391415,0.046193603,0.037889536,0.032269098,0.047885463,0.041044828,0.04227256,0.046249177,0.042174153,0.039580047,0.040355284
0.037791144,0.03523025,0.040208273,0.04450679,0.03757851,0.037279617,0.0542145,0.040856037,0.041236226,0.04548302,0.041060835,0.041512664,0.037953906,0.05035841,0.046301004,0.037295267,0.030972542,0.04880143,0.041970387,0.044710327,0.048475817,0.041273005,0.037398662,0.037531424
0.038300864,0.03519686,0.04219942,0.043186318,0.03890304,0.037615955,0.054015376,0.041461304,0.0409452,0.04761504,0.04201285,0.038445998,0.03795004,0.04772188,0.043724854,0.03694566,0.030619688,0.050043218,0.040983044,0.04346144,0.048977178,0.044006404,0.038828343,0.03683999
0.038680512,0.033482317,0.042744886,0.0451999,0.03899425,0.03720394,0.053726386,0.04161354,0.040679704,0.048126195,0.03974712,0.03816106,0.03962001,0.0461889,0.042568542,0.035790414,0.03418801,0.048884463,0.03955404,0.045647316,0.04683227,0.04518054,0.04058275,0.036602918
0.04154702,0.035917252,0.041184407,0.043315396,0.039322954,0.03413108,0.053187404,0.03966022,0.03780999,0.04657666,0.03956216,0.039016843,0.039170865,0.048472025,0.042528756,0.036590833,0.035446037,0.04767712,0.04111625,0.04786012,0.046006005,0.044449992,0.04228649,0.037164167
0.04229192,0.037542902,0.04172181,0.04348086,0.039104465,0.036690053,0.053198572,0.04061989,0.037782222,0.04659504,0.038971096,0.038911514,0.03771047,0.04852995,0.042128365,0.036922876,0.032689426,0.048372228,0.038958043,0.046535574,0.04614887,0.04444756,0.03981042,0.040835917
0.040657528,0.037155826,0.039063174,0.044606626,0.03883132,0.038684778,0.053792138,0.04117498,0.040390886,0.048984163,0.039558876,0.0379823,0.036980882,0.04685194,0.04453326,0.037144333,0.03364906,0.047148604,0.037942566,0.045239586,0.045723755,0.044874184,0.03831546,0.040713824
0.04099266,0.035702307,0.039006185,0.044047177,0.03566917,0.0371856,0.053694587,0.04250086,0.040630322,0.047954466,0.040255506,0.04047004,0.03760778,0.04578352,0.0438605,0.036890365,0.034292057,0.046488658,0.039383896,0.045346063,0.04649106,0.045168895,0.04000295,0.04057533
0.041930668,0.03411305,0.0388462,0.043532,0.03664991,0.03733714,0.05431041,0.042400803,0.04210156,0.045996167,0.04020221,0.040817685,0.03897109,0.046415605,0.043009825,0.036890883,0.03348521,0.047136407,0.0421306,0.04353001,0.04628521,0.043842174,0.04088855,0.039176613
0.04074808,0.03479279,0.038540613,0.04136912,0.0383983,0.037768077,0.05415269,0.042794716,0.043139096,0.045986325,0.041471757,0.038347915,0.038251173,0.044173088,0.04451314,0.039003063,0.035868827,0.045810454,0.04216812,0.041873727,0.046512287,0.045388196,0.039859235,0.039069217
0.03877634,0.034543585,0.0399101,0.040892918,0.03936442,0.0369325,0.051633954,0.044683337,0.042306617,0.047818042,0.04043658,0.036550462,0.038651027,0.043322,0.045292117,0.04124452,0.035723045,0.045436665,0.040510915,0.044974133,0.045089584,0.04449984,0.041305836,0.04010144
0.040316932,0.034402683,0.041723236,0.041612457,0.038506035,0.03437307,0.052069567,0.04421728,0.041072994,0.04790148,0.040292606,0.03786644,0.039418414,0.045594223,0.045824617,0.040014617,0.031850472,0.046645287,0.040766332,0.045417648,0.045771986,0.044052612,0.042776246,0.037512816
0.0420959,0.036969252,0.039321937,0.041741543,0.037438337,0.035921346,0.05275345,0.041449204,0.04026388,0.04476652,0.04212366,0.038431805,0.0378062,0.04649626,0.045177665,0.039139424,0.03340284,0.04857373,0.042453386,0.04449089,0.047168825,0.04409032,0.04200088,0.0359227
0.0410826,0.03725006,0.038022313,0.042509213,0.03750366,0.03698314,0.052277327,0.042750143,0.041713156,0.044782862,0.042068154,0.036693092,0.036610574,0.04521568,0.044338834,0.036554836,0.034886774,0.04956662,0.04381457,0.044955242,0.047565725,0.044683103,0.040700965,0.037471365
0.040729653,0.03536408,0.04111407,0.043862466,0.03801168,0.037953362,0.052228145,0.043542013,0.04354622,0.045483544,0.0414745,0.038311277,0.036376875,0.046387468,0.04243569,0.03519364,0.032233536,0.0511235,0.04219296,0.04406664,0.047555316,0.04230291,0.041768786,0.03674158
0.04235581,0.03562373,0.041424416,0.04227075,0.03865032,0.03774531,0.051391397,0.041947406,0.041309442,0.046801474,0.042958025,0.03860742,0.03666447,0.04716636,0.042755656,0.038282037,0.030232748,0.04955847,0.041319292,0.043755088,0.048792645,0.04288947,0.042219512,0.035278764
