0,1,2,3,4,5,6,7,8,9,10,11,12,13,14,15,16,17,18,19,20,21,22,23
0.04094793,0.041899797,0.040282033,0.042450443,0.039790384,0.041710645,0.04107257,0.04216946,0.040365227,0.04456723,0.04149099,0.04291453,0.041324895,0.043956302,0.04037273,0.039671883,0.043512274,0.042125348,0.040279347,0.03930695,0.042776417,0.04304565,0.04182379,0.042143136
0.040818233,0.041738883,0.040732004,0.04274222,0.040203508,0.041279487,0.040783048,0.042218626,0.040809285,0.044101395,0.04149801,0.042783782,0.041330528,0.043852355,0.040068313,0.03988878,0.043310583,0.042034913,0.040368855,0.039752025,0.04279251,0.043037955,0.04162795,0.042226743
0.040823273,0.041694544,0.04083906,0.042553045,0.040470384,0.04121398,0.04071961,0.04231748,0.040726133,0.04395928,0.04143695,0.04262895,0.04114186,0.043790367,0.040238902,0.0399873,0.043119084,0.042195417,0.040611237,0.03997744,0.042912547,0.042919435,0.041617688,0.042106032
0.041095313,0.041986573,0.04040463,0.042442497,0.04027631,0.041458625,0.041012872,0.042096864,0.04042808,0.04409557,0.041272316,0.04289764,0.040884405,0.043692157,0.040240053,0.040321555,0.04301335,0.042113017,0.040280174,0.039661482,0.042832788,0.042879444,0.042174004,0.042440243
0.04103037,0.041742716,0.040644918,0.042480696,0.04045358,0.041196927,0.04074719,0.042560916,0.040745627,0.043614205,0.041493528,0.0424969,0.041248348,0.04344008,0.04037899,0.040142026,0.042931672,0.042085446,0.040590677,0.040214468,0.042932607,0.042884085,0.0418563,0.042087693
0.04106749,0.041882813,0.04069783,0.042380482,0.040424053,0.041320935,0.040740553,0.04236397,0.040820964,0.04323247,0.04145312,0.04252143,0.041169632,0.043258466,0.040496245,0.040252086,0.04290852,0.04209595,0.040588476,0.040319838,0.042950854,0.042958833,0.041858897,0.042236116
0.041801255,0.04174299,0.04010453,0.04159204,0.039738454,0.04214531,0.041138068,0.04232789,0.04024052,0.04382339,0.04059326,0.042632837,0.04081701,0.043107055,0.040867317,0.04057493,0.042920113,0.042574883,0.040864363,0.03974035,0.04290897,0.042832587,0.04291416,0.041997664
0.041134752,0.04143033,0.040089406,0.042229433,0.04024351,0.04186631,0.04094251,0.04237748,0.04026017,0.044142734,0.041046966,0.042545695,0.041154344,0.043522127,0.040720616,0.04006854,0.0432654,0.042420726,0.041010518,0.03959472,0.04272208,0.042788424,0.042433437,0.04198972
0.04147599,0.041381687,0.040472496,0.04233678,0.040440407,0.04094397,0.040663283,0.0424589,0.04106731,0.043152265,0.041501466,0.042087737,0.04157856,0.043038618,0.04054005,0.04031542,0.04253468,0.042357765,0.041200478,0.04052411,0.042803083,0.042836457,0.041988406,0.0423001
0.041377515,0.041718684,0.04025727,0.04192992,0.040005926,0.04156627,0.040851,0.042474724,0.04068831,0.04340761,0.041018993,0.04203542,0.04130037,0.043291308,0.04083015,0.040150847,0.042977814,0.042410657,0.041098885,0.040482197,0.042721048,0.042837087,0.042375278,0.042192716
0.04189882,0.041382685,0.03947001,0.04180055,0.04026876,0.042458687,0.040880796,0.042259082,0.039951567,0.043744545,0.04118535,0.04237351,0.04134637,0.043216955,0.04104025,0.040510006,0.04289236,0.04231137,0.041181326,0.039669376,0.042703856,0.042608343,0.043022327,0.041823097
0.04140929,0.04180141,0.039839003,0.04147241,0.039446585,0.042129688,0.04156004,0.042175416,0.040362746,0.044117734,0.040682036,0.0420586,0.040902097,0.04334807,0.040938057,0.040048916,0.042898245,0.04288438,0.041314166,0.03987177,0.042731453,0.043145396,0.0427503,0.042112168
0.042041443,0.04167728,0.039588705,0.04207064,0.039962765,0.041473225,0.041186426,0.042105168,0.03999131,0.044261977,0.040808223,0.04218361,0.041105896,0.04335601,0.040618975,0.040027164,0.042960033,0.042742323,0.041003264,0.03973772,0.042760804,0.042986415,0.042976424,0.04237419
0.04172342,0.041172806,0.03991138,0.04222997,0.04043807,0.040988803,0.041548833,0.042015873,0.04157206,0.042959847,0.040697012,0.04221145,0.041431718,0.042411484,0.04085836,0.039653175,0.042610608,0.04266467,0.041516688,0.040753227,0.04314907,0.04331447,0.042132773,0.04203425
0.042766612,0.04181249,0.038916897,0.041112628,0.039674584,0.04312714,0.04112123,0.04187221,0.039934803,0.043013435,0.040892284,0.04225287,0.041231748,0.042798012,0.041459683,0.041332886,0.042362124,0.04227158,0.041172203,0.039514706,0.04286659,0.042675566,0.043519974,0.042297747
0.042014018,0.042326476,0.038711574,0.041071445,0.038813468,0.04262865,0.042193662,0.04273598,0.0391851,0.044380277,0.03982162,0.041794747,0.041392434,0.042986054,0.041371632,0.04033672,0.04270469,0.042433914,0.041407272,0.039016657,0.04250011,0.043187268,0.04412521,0.04286096
0.041961327,0.041615356,0.039305575,0.04186771,0.039927732,0.041526224,0.0412146,0.043093365,0.039693903,0.04462457,0.04040565,0.042027485,0.041201264,0.04322208,0.040692467,0.040160395,0.0428462,0.043062508,0.041393194,0.03998676,0.04214857,0.042580586,0.043456618,0.041985936
0.042649332,0.04249336,0.039952245,0.041016128,0.039527312,0.042184904,0.040932566,0.0423193,0.04033955,0.043399468,0.040737092,0.042084735,0.040892,0.042711392,0.040730767,0.0406554,0.04250963,0.042127766,0.040613327,0.03999475,0.043011367,0.043052915,0.043872356,0.042192318
0.042664055,0.041825835,0.03876022,0.041376807,0.039890684,0.04302784,0.041415215,0.042183567,0.039649777,0.04269111,0.04066475,0.042522945,0.04151249,0.042695824,0.041341614,0.041725777,0.041857187,0.042483263,0.041110758,0.03934167,0.042777672,0.04228123,0.043500345,0.04269942
0.043160606,0.04236093,0.0384273,0.041211445,0.039286524,0.04291138,0.041708663,0.04111717,0.039060943,0.04426583,0.04015676,0.042290367,0.040920556,0.04357684,0.04095369,0.040582098,0.042527873,0.042898964,0.040981047,0.03879018,0.042999797,0.043137647,0.04370053,0.042972915
0.04235247,0.042444978,0.03949897,0.041424453,0.04013834,0.04228057,0.04082309,0.0428431,0.040153217,0.04360627,0.040650036,0.04259662,0.04082838,0.04310258,0.040817123,0.04121457,0.042241275,0.042215142,0.040336564,0.039591897,0.042704064,0.042448428,0.043778785,0.041909117
0.042067792,0.04145298,0.03956241,0.042105336,0.040631372,0.041525595,0.040459823,0.04256819,0.040205467,0.043975674,0.040803485,0.042497054,0.041136052,0.0434448,0.04032151,0.040600266,0.042876173,0.042772837,0.040849745,0.04006976,0.042719655,0.0425762,0.042926665,0.041851155
0.0425623,0.043413077,0.039957963,0.040154114,0.03824955,0.042292323,0.041781615,0.042896662,0.039933402,0.04295986,0.040486455,0.041501902,0.040717606,0.042037725,0.041556533,0.041151688,0.04243895,0.04171594,0.040708743,0.03991079,0.042911295,0.0438973,0.044054266,0.042709913
0.04279893,0.042737488,0.03860183,0.040095698,0.037440617,0.04321693,0.04310549,0.04208662,0.0392906,0.0441506,0.03889434,0.041776516,0.04092083,0.042521816,0.041749608,0.040351734,0.04264092,0.042840734,0.041547183,0.038696323,0.043125637,0.043540284,0.044726573,0.043142688
0.04316358,0.0423048,0.038116224,0.041084077,0.039674696,0.04316059,0.0415974,0.04231237,0.038246628,0.04423075,0.040134147,0.04261281,0.0413737,0.043388747,0.040786758,0.041904222,0.04232844,0.04269015,0.04050257,0.038804617,0.042304326,0.042368125,0.04434599,0.042564258
0.042187613,0.04104358,0.038645737,0.041706193,0.040314015,0.04269241,0.041004892,0.042841353,0.039374754,0.043982726,0.040613066,0.042356826,0.04157699,0.043072604,0.041170448,0.040858652,0.042602066,0.042868234,0.041628223,0.039559077,0.042210545,0.0420927,0.043739747,0.041857626
0.04277142,0.04274233,0.039469518,0.040617872,0.038430214,0.042064805,0.042319875,0.04285572,0.03960653,0.04287407,0.03988189,0.041862994,0.040970743,0.041905656,0.041330446,0.040961433,0.042039912,0.042609323,0.04122751,0.04001309,0.04288645,0.043430775,0.044108927,0.043018494
0.042769704,0.042242236,0.038464017,0.04034181,0.03806272,0.042571086,0.042606506,0.04280887,0.038915534,0.043622766,0.039711885,0.041572865,0.04138256,0.04227861,0.041800797,0.040202424,0.04269752,0.043328214,0.04246903,0.03980193,0.04222987,0.043478884,0.044085313,0.04255487
0.04275216,0.041269194,0.037950978,0.041404776,0.0401675,0.043627787,0.041217394,0.04204941,0.038941223,0.044069916,0.040672593,0.042376325,0.04155003,0.043297935,0.04164992,0.04109107,0.04259852,0.042876646,0.04160953,0.038886625,0.042237457,0.042147327,0.04379288,0.041762784
0.04273096,0.041496843,0.038767442,0.04158949,0.039935872,0.04270836,0.04123281,0.042241752,0.039654806,0.044295244,0.03991999,0.043036874,0.041030385,0.04329558,0.040749684,0.040691283,0.04285415,0.043096486,0.04066551,0.039303493,0.042712457,0.042368475,0.043898653,0.041723434
0.042524092,0.041653957,0.039329853,0.041551806,0.039954823,0.04178464,0.040933717,0.042987477,0.04017535,0.04320277,0.040617157,0.04212982,0.04133073,0.0425594,0.04078615,0.04105901,0.04215802,0.042848274,0.041136406,0.04030139,0.04262396,0.042541992,0.04363037,0.042178858
0.04248225,0.043035056,0.039479047,0.03988231,0.03756594,0.042580444,0.042565692,0.042821858,0.039086457,0.044096567,0.039733637,0.041590746,0.04059088,0.04246811,0.04168044,0.04035066,0.043090366,0.04261047,0.041552335,0.039395537,0.042584427,0.044026867,0.044237662,0.042492267
0.04291787,0.042325914,0.03892084,0.04072954,0.0387733,0.04315245,0.041600145,0.042572282,0.039730996,0.043984424,0.039839275,0.04239042,0.040835418,0.04256736,0.04130333,0.041377146,0.04246811,0.042324923,0.040640183,0.038953695,0.043154746,0.042651705,0.044586655,0.04219928
0.042420696,0.041958738,0.038107775,0.040811285,0.03850947,0.04300824,0.042301673,0.042189106,0.039383862,0.044435494,0.040079724,0.04246982,0.041316878,0.043170054,0.042299785,0.040285267,0.04262799,0.04286543,0.041006226,0.038475294,0.04300835,0.042888302,0.043656785,0.042723786
0.042921547,0.042692088,0.039571073,0.040877312,0.039633118,0.042589635,0.04093555,0.042877715,0.04048367,0.04264678,0.04048035,0.04247871,0.04067177,0.042184282,0.041018784,0.042167976,0.04177788,0.041827597,0.039737605,0.03978747,0.043225016,0.042587876,0.044299185,0.042527046
0.04272954,0.04211125,0.039332807,0.040371697,0.038063172,0.042582408,0.04232124,0.04321637,0.03892854,0.04457676,0.03970419,0.04213935,0.040911473,0.042563297,0.041457802,0.04060479,0.04289122,0.042775918,0.041467074,0.03936499,0.042595718,0.043220725,0.04430243,0.041767236
0.042808212,0.041974973,0.03884516,0.04126518,0.039564423,0.042437173,0.041369718,0.043153282,0.03967319,0.043263696,0.040516242,0.042345397,0.041108556,0.042690422,0.04094428,0.04178966,0.042125963,0.04241006,0.040754333,0.039672498,0.042423684,0.04246948,0.04434092,0.04205344
0.0426908,0.042046424,0.03871527,0.040662467,0.038998783,0.043047957,0.04187418,0.041969046,0.039410878,0.0436227,0.04000433,0.042318586,0.041027177,0.042984933,0.041581202,0.040850267,0.04262972,0.0429888,0.041490156,0.039280534,0.042785298,0.042878017,0.043773428,0.042369008
0.042254824,0.04248825,0.039935634,0.04102892,0.039362874,0.04260619,0.041010976,0.042278226,0.040186174,0.043466207,0.04054734,0.04225185,0.041027766,0.043250125,0.04088616,0.04111855,0.04251112,0.04202806,0.040443707,0.03973936,0.043009087,0.042715386,0.043408502,0.04244471
0.042137496,0.041446604,0.039484985,0.04126655,0.03891163,0.042566318,0.04145482,0.041956898,0.04004141,0.043709822,0.039957624,0.041780796,0.04173556,0.04330114,0.040992007,0.039965753,0.043248624,0.043141387,0.041895427,0.04029807,0.042406168,0.042700637,0.04321469,0.042385623
0.042751543,0.042074908,0.039317556,0.040785793,0.038836207,0.041859277,0.042025164,0.042959552,0.03996475,0.04282843,0.040043764,0.041662604,0.04122474,0.04172123,0.041576803,0.040566523,0.042184338,0.042858712,0.041866917,0.04066152,0.042648148,0.043304566,0.04387371,0.04240321
0.04159981,0.042209852,0.03982744,0.04111725,0.038930256,0.04187953,0.04163361,0.042566705,0.03993442,0.04456639,0.04066119,0.04226626,0.04062556,0.04326378,0.041192412,0.04043693,0.043230284,0.04219368,0.041018505,0.039403662,0.04274896,0.04341812,0.04327992,0.041995417
0.04156438,0.041372024,0.039903205,0.041817386,0.040198326,0.04173423,0.041146073,0.042187706,0.040696975,0.04330714,0.04096682,0.04231086,0.041110855,0.042991493,0.041005112,0.040174752,0.043058492,0.04271806,0.041065272,0.040114336,0.042809628,0.042745836,0.042747676,0.042253423
0.043344818,0.041808672,0.03934596,0.04038709,0.039016563,0.042628165,0.041230187,0.042564742,0.04029441,0.04327954,0.040146653,0.041841242,0.040430915,0.04229985,0.04147985,0.0409663,0.04257956,0.04286457,0.041242916,0.03999988,0.04286547,0.042801887,0.04463845,0.041942265
0.043025874,0.04226671,0.040049512,0.04109471,0.0403074,0.041437488,0.040214997,0.043499302,0.04062107,0.04310907,0.041557506,0.041252095,0.041197203,0.042337976,0.04063247,0.041750412,0.041671686,0.0416974,0.0407011,0.040275663,0.042729028,0.042644743,0.04350842,0.04241815
0.042593073,0.04260883,0.039251853,0.040159382,0.038665436,0.04279596,0.0415915,0.042452607,0.039835252,0.043260247,0.04050256,0.0415908,0.040818468,0.04253944,0.04160786,0.04047181,0.04286955,0.042302366,0.04144087,0.04003173,0.042835195,0.04360176,0.04386751,0.04230594
0.04284382,0.042642966,0.0394142,0.0401829,0.038729906,0.042718437,0.041361783,0.04329357,0.03976973,0.043775033,0.040156085,0.04180077,0.040438116,0.042272937,0.041527122,0.041480314,0.04252708,0.042103093,0.040637556,0.0394942,0.04267938,0.043089163,0.045016546,0.042045392
0.042796627,0.04151587,0.038854554,0.041447647,0.039652985,0.042332135,0.041469604,0.042739213,0.039825186,0.04351828,0.040178794,0.04230292,0.041375194,0.04241792,0.041480865,0.040474247,0.042329088,0.042817056,0.041629374,0.040002003,0.042694062,0.04251409,0.04360389,0.042028356
0.043269385,0.041745644,0.039100576,0.040783286,0.039565343,0.04243533,0.041175574,0.042832162,0.040457245,0.042411897,0.04035902,0.04186487,0.040982306,0.041806806,0.04147305,0.041680805,0.041868225,0.04256415,0.04104363,0.040277824,0.042938065,0.0425312,0.04452243,0.042311188
0.04268132,0.041537467,0.03917055,0.040874563,0.038947944,0.042504445,0.041491587,0.041785706,0.040406093,0.042919546,0.04046897,0.0417925,0.04104287,0.042692244,0.041408096,0.040472172,0.04295627,0.043162968,0.041933153,0.04023553,0.04291601,0.04317847,0.043244336,0.042177178
0.041970618,0.04090306,0.039967537,0.042614043,0.040935315,0.04110404,0.040855724,0.041886907,0.042113844,0.041918837,0.0416639,0.04177089,0.041516922,0.042066235,0.041136086,0.040279046,0.04214031,0.041889556,0.040811796,0.041131932,0.04374559,0.04287225,0.042418912,0.042286668
0.042369895,0.041233394,0.039351054,0.041963883,0.040691875,0.04226821,0.040502965,0.04243601,0.040714007,0.043258805,0.04073193,0.042859852,0.041079413,0.042959142,0.040658597,0.04117827,0.04235492,0.04275906,0.040586818,0.04003893,0.0429221,0.041960973,0.043235317,0.041884594
0.042779077,0.041893665,0.039398897,0.040978435,0.039452422,0.042829994,0.041221738,0.042429704,0.04045327,0.04230104,0.040553074,0.04181091,0.04148872,0.042441037,0.0415012,0.041164298,0.04223295,0.042064633,0.041497078,0.040185407,0.042821605,0.042579975,0.043770395,0.04215046
0.042842567,0.04178497,0.039044548,0.04090148,0.03911353,0.042117473,0.041825645,0.042847004,0.039913774,0.042912155,0.040249098,0.041926436,0.04115777,0.042277966,0.041131686,0.04091144,0.04252842,0.04292977,0.0416577,0.040195286,0.0425693,0.043059587,0.043840084,0.042262312
0.043006327,0.04118979,0.03973645,0.041483387,0.040488966,0.041620333,0.040372685,0.042563263,0.041219585,0.042654295,0.0411848,0.041689083,0.04135661,0.04236858,0.040825896,0.041189507,0.04206734,0.04258432,0.041260354,0.040737588,0.042927325,0.04232803,0.043375723,0.041769784
0.04116354,0.041925304,0.039429836,0.042163927,0.03926847,0.04188154,0.041306727,0.042614765,0.040398296,0.044200785,0.040697806,0.04213747,0.041169032,0.043241266,0.041122057,0.03986793,0.042641982,0.042715076,0.04171676,0.039415337,0.042491388,0.04298113,0.043398432,0.04205116
0.04193086,0.041767824,0.039962616,0.04075516,0.038779672,0.041792236,0.041132692,0.04261476,0.04027295,0.04394203,0.040881194,0.041804556,0.040657114,0.04273266,0.04154491,0.040167976,0.04363236,0.04222561,0.04153106,0.040022843,0.04292493,0.04370595,0.043528996,0.041688986
0.042621847,0.04209601,0.03992535,0.040664263,0.03878005,0.0418779,0.04170907,0.042451426,0.040553577,0.04261856,0.04044488,0.04148829,0.04084962,0.042025454,0.04152113,0.04058281,0.04257272,0.042621944,0.041542962,0.04051787,0.043004036,0.043472216,0.043614097,0.042443875
0.04301565,0.041526068,0.039433394,0.041468948,0.040165175,0.042209327,0.040959567,0.04282164,0.039919004,0.042341646,0.040326107,0.04222351,0.04177266,0.041518062,0.041721594,0.041429892,0.041561976,0.042444438,0.041926857,0.040583823,0.042644877,0.042615123,0.043526232,0.041844506
0.042257875,0.041578226,0.039506875,0.041542266,0.039892174,0.04157436,0.04104857,0.042672027,0.040330574,0.043118417,0.04107427,0.04175169,0.04159531,0.042501558,0.041406024,0.04053983,0.04291409,0.04238006,0.041671272,0.040702257,0.042406492,0.043236505,0.042639326,0.041659977
0.04173644,0.0412543,0.040722262,0.04196584,0.040581353,0.040490694,0.04037357,0.04300872,0.04219277,0.04235708,0.041501857,0.04122335,0.041047554,0.04204474,0.041007135,0.040275004,0.042672567,0.042217117,0.04107427,0.0416045,0.04290982,0.04299584,0.042878885,0.04186432
0.042612918,0.0416107,0.040185057,0.041106988,0.03984934,0.0414681,0.040593762,0.04259101,0.0413226,0.042430803,0.040778674,0.041570887,0.040926814,0.041878775,0.041368056,0.0409748,0.042291973,0.04225271,0.04118578,0.041242372,0.043227285,0.043206684,0.043458648,0.04186517
0.04229631,0.04082952,0.03942058,0.04130124,0.03974389,0.041625116,0.04170653,0.043156743,0.04014466,0.042490497,0.04114497,0.041340917,0.04175785,0.041387413,0.041614648,0.040983688,0.042032886,0.042250674,0.042400204,0.04101506,0.042555314,0.0429303,0.04361654,0.04225446
0.04289228,0.041837726,0.03911097,0.0416078,0.040664513,0.043100566,0.040464956,0.041950673,0.04036142,0.043005142,0.04045979,0.042546272,0.04071958,0.04321863,0.04102238,0.041362878,0.042180613,0.04258211,0.04060885,0.039522793,0.04279771,0.041708756,0.04396245,0.042311132
0.04240749,0.041364487,0.03964912,0.04207596,0.040908765,0.041892022,0.040274616,0.042416867,0.040876478,0.042639848,0.040937047,0.042537794,0.041156564,0.04277253,0.040868796,0.040926486,0.042416666,0.04267376,0.04095287,0.040436912,0.043028064,0.042269662,0.042776242,0.04174086
0.042620543,0.04015862,0.039238352,0.041681822,0.040433496,0.042043794,0.040685873,0.041985516,0.041174963,0.043487355,0.040828563,0.042041715,0.040826414,0.043358468,0.041058503,0.039721917,0.043147136,0.043463126,0.042069122,0.04064338,0.042608213,0.042110614,0.043483537,0.04112902
0.042704813,0.040003378,0.03867456,0.042494148,0.041586794,0.04197784,0.040753514,0.041214257,0.04167535,0.042540878,0.040800177,0.042417374,0.04168263,0.042229604,0.041495655,0.040387027,0.04168402,0.043055873,0.04178244,0.040991277,0.04327138,0.042206626,0.042749885,0.041620452
0.04278494,0.041910954,0.038609967,0.040636223,0.038604055,0.043047708,0.041803025,0.04245918,0.039587673,0.04345887,0.040362474,0.042396914,0.04149192,0.04293735,0.042164188,0.040881854,0.042156417,0.043121804,0.041285604,0.038933013,0.042344384,0.042502534,0.043694664,0.04282433
0.0429647,0.041135088,0.03933284,0.04121402,0.03973735,0.041640975,0.040976167,0.04250809,0.04054625,0.043007992,0.040670324,0.04179722,0.041527696,0.042139314,0.041347973,0.04073906,0.04258606,0.04295416,0.041948486,0.040676042,0.042413168,0.04280353,0.043509968,0.04182353
0.042365782,0.042121045,0.03994371,0.041358992,0.039741408,0.04184419,0.040892564,0.042594597,0.040531263,0.04317706,0.040858313,0.042046595,0.041169263,0.042394403,0.040926352,0.041086238,0.042550407,0.042167805,0.040661953,0.0402443,0.042779185,0.042760957,0.043522477,0.04226112
0.043000817,0.041785564,0.0393591,0.040825844,0.039017115,0.041786525,0.041861746,0.043022506,0.040529784,0.04226257,0.0399694,0.041635226,0.04104068,0.041506227,0.041483175,0.04108724,0.04193021,0.042944677,0.04148139,0.040613078,0.042966228,0.0429109,0.04428902,0.042690963
0.04266643,0.040930066,0.040188864,0.041695543,0.040522847,0.041608404,0.040566806,0.042238966,0.041749083,0.041768894,0.041046143,0.041947648,0.04100099,0.04192427,0.041137584,0.04132563,0.042003345,0.042500112,0.04098964,0.040947765,0.043365713,0.04237927,0.04331737,0.042178687
0.04328161,0.041174497,0.03849379,0.040980365,0.039864097,0.042844284,0.041118644,0.041954536,0.040149003,0.04317927,0.040414896,0.04195497,0.041296083,0.042634647,0.04157654,0.040620103,0.042500857,0.043444738,0.04184453,0.040052265,0.04250435,0.042376224,0.043916535,0.04182318
0.04226873,0.04196311,0.038660616,0.041736845,0.03946267,0.041835945,0.04206102,0.0421714,0.039903603,0.043953657,0.040137205,0.04170851,0.04131048,0.042805072,0.04117337,0.040044498,0.042493362,0.042824484,0.041261602,0.039379984,0.04281639,0.043307275,0.04365464,0.043065608
0.042542424,0.04158289,0.03929692,0.040713076,0.039124615,0.0418301,0.041371953,0.042761497,0.0408347,0.04297592,0.04070857,0.041703667,0.040761497,0.04204335,0.042002734,0.041481733,0.041993607,0.042403396,0.04102785,0.039611608,0.043191336,0.042826883,0.044863056,0.042346675
0.043287925,0.04106305,0.03904705,0.041118816,0.039131954,0.04288381,0.041424967,0.041749008,0.04047923,0.04289565,0.04027257,0.042261604,0.040872127,0.042569693,0.041552644,0.040511098,0.042538818,0.04309885,0.04164605,0.040002644,0.043099217,0.042709373,0.043774225,0.042009577
0.04320075,0.041361015,0.03894644,0.04160032,0.03976083,0.042293556,0.04054423,0.042463213,0.040499046,0.04162727,0.039748095,0.041198455,0.042471856,0.04109003,0.041884452,0.04122984,0.04167593,0.043199025,0.042309597,0.040848173,0.04250407,0.043705508,0.04450294,0.041335303
0.042767007,0.0415867,0.03796938,0.040682305,0.03863655,0.043631732,0.0418918,0.042916074,0.03803662,0.04469648,0.040223807,0.041778848,0.0418755,0.043291677,0.0418639,0.040728115,0.042805035,0.042471685,0.042161804,0.039025437,0.042083003,0.042569593,0.04449366,0.04181327
0.04296448,0.041395582,0.039273765,0.04130923,0.040196814,0.042389885,0.04076875,0.041751724,0.041400205,0.042089477,0.040975984,0.041868825,0.041101243,0.042209588,0.04144194,0.04129098,0.042028517,0.042349093,0.040909357,0.04033574,0.043385137,0.04264572,0.04354789,0.042370077
0.0427494,0.041430198,0.039390735,0.040779352,0.03927691,0.04219422,0.0417966,0.04214056,0.04015793,0.04317405,0.04017835,0.0419941,0.041349374,0.042234443,0.04123311,0.04044542,0.04239551,0.043210674,0.041928936,0.04016688,0.042920746,0.04286409,0.043426327,0.042562105
0.04276592,0.04052021,0.038647667,0.04167643,0.040996224,0.042671643,0.040208124,0.04182437,0.04029627,0.043117102,0.04127612,0.041921232,0.041866437,0.042711377,0.041616507,0.041507177,0.0421057,0.04231138,0.04223168,0.039993547,0.042343553,0.042086385,0.043515436,0.04178955
0.043161947,0.04110534,0.038774688,0.040916983,0.039580982,0.042414673,0.04156322,0.042256817,0.040118154,0.043368313,0.040247053,0.04223632,0.0408762,0.042500295,0.041310094,0.040903077,0.04248659,0.043183316,0.041621484,0.040087298,0.042726524,0.042786893,0.04393499,0.041838743
0.043418396,0.040335763,0.03897468,0.041361842,0.040675413,0.04286178,0.040380698,0.041673403,0.04121128,0.041993942,0.040616136,0.04188629,0.041363023,0.04240283,0.0414394,0.0415657,0.04191586,0.042947862,0.04150479,0.04066155,0.043176398,0.041520707,0.044109754,0.04200241
0.042122453,0.0409284,0.039551735,0.042033095,0.040089127,0.04083842,0.041556712,0.042738825,0.041817527,0.04218628,0.040483996,0.0414111,0.04145791,0.041665226,0.041197766,0.04031455,0.041948676,0.042823702,0.041507613,0.0408983,0.04322419,0.04290327,0.043399844,0.04290131
0.04373051,0.04152923,0.038388867,0.04063565,0.039620303,0.043347713,0.04108044,0.041984446,0.04022098,0.042761695,0.04016699,0.042360455,0.040919382,0.042421866,0.041504044,0.04168417,0.042036597,0.04303011,0.041066907,0.03978106,0.043017022,0.04221529,0.044426795,0.04206946
0.04314975,0.04165905,0.038796943,0.040714182,0.039171785,0.042575475,0.04185954,0.043141074,0.039061867,0.043612313,0.040367812,0.041874032,0.041263774,0.042223256,0.041810304,0.04162212,0.042772565,0.042445038,0.041253347,0.03940441,0.042048864,0.04245902,0.04454642,0.04216707
0.042746186,0.041257467,0.039351042,0.04156818,0.04109969,0.041765075,0.040568307,0.04249753,0.04100661,0.04240607,0.041513734,0.04128168,0.04119136,0.04287041,0.041814305,0.040491074,0.042533077,0.04247483,0.041826844,0.041066434,0.042130046,0.042317055,0.042863723,0.04135924
0.042302024,0.041422967,0.03957995,0.04170185,0.03998867,0.04162624,0.04112513,0.042732093,0.04077066,0.042685516,0.040929686,0.041951917,0.041264508,0.042339586,0.041050874,0.040547203,0.042520974,0.042604335,0.041289408,0.04062783,0.04298816,0.04273137,0.04317734,0.042041704
0.043115344,0.04252723,0.03971434,0.041805375,0.04090895,0.042411648,0.041044828,0.04136516,0.04110949,0.041332636,0.041020304,0.04240332,0.042616483,0.04199599,0.040423047,0.04095846,0.041386046,0.041412614,0.040173177,0.04058799,0.043848764,0.042358343,0.042707536,0.04277287
0.042460535,0.04214774,0.03994881,0.040641893,0.03873277,0.041517843,0.041693673,0.042560406,0.040920362,0.042690106,0.04106917,0.041014194,0.040615752,0.042186193,0.04135898,0.04044316,0.043053504,0.042072594,0.04128065,0.040558867,0.04304971,0.044063188,0.043543532,0.042376325
0.043522045,0.043207616,0.038913146,0.040045902,0.038574666,0.042609047,0.041889127,0.043641854,0.03949161,0.042571697,0.040631432,0.041237563,0.040810272,0.041659795,0.041123703,0.042336613,0.042049855,0.041385163,0.040594943,0.039811283,0.04251701,0.04380073,0.045231722,0.04234329
0.04344031,0.04083745,0.03858931,0.040706314,0.03947573,0.042753376,0.04148999,0.04187765,0.040625818,0.042911153,0.040377196,0.04218767,0.040804688,0.04247238,0.041854497,0.040416133,0.04264412,0.04329898,0.04238299,0.040091842,0.042846367,0.042285737,0.043948874,0.041681416
0.042624027,0.041110847,0.03998554,0.04122272,0.040423337,0.041669197,0.04003993,0.043420702,0.041448098,0.042104345,0.04141805,0.041497543,0.041009475,0.0418532,0.041480415,0.041970912,0.042019118,0.04209682,0.040678144,0.040783152,0.042700935,0.042283088,0.044227008,0.041933395
0.044123817,0.04347391,0.038622566,0.039603118,0.037846234,0.04396609,0.04186538,0.042513717,0.038520977,0.042900823,0.039933793,0.04168595,0.041143466,0.042224158,0.04177034,0.041655086,0.041608814,0.04189644,0.041294802,0.03922388,0.0425624,0.042884007,0.045409855,0.0432704
0.043134328,0.04083851,0.038930323,0.041279294,0.039556004,0.042610142,0.04119019,0.04251094,0.039639585,0.043136925,0.040363982,0.04187566,0.04155087,0.04229835,0.041254047,0.04067687,0.041900508,0.043422107,0.041428,0.04040641,0.042953968,0.04200985,0.044411298,0.04262186
0.043397207,0.0416806,0.039776135,0.040621426,0.039583746,0.041761063,0.0409509,0.042590063,0.040415633,0.043111064,0.041391596,0.04107386,0.041674446,0.042296384,0.040982086,0.041059814,0.041770916,0.04246876,0.042368636,0.04011134,0.04234815,0.04281333,0.043870777,0.04188205
0.04189491,0.04017459,0.03925471,0.04282184,0.04106886,0.04118999,0.041265305,0.04185649,0.04145091,0.042584654,0.040714312,0.042210244,0.041825503,0.042263456,0.04112164,0.039773982,0.042117175,0.043233037,0.042037416,0.041053083,0.04307729,0.042500973,0.04229659,0.0422131
0.043285824,0.042300105,0.039700575,0.040532082,0.038902637,0.04203675,0.041535795,0.04336843,0.040581997,0.042144764,0.039904438,0.04183706,0.040820714,0.04124016,0.041387625,0.042003807,0.041608028,0.042358108,0.040686507,0.040368304,0.04309892,0.042765606,0.04485789,0.042673897
0.043102097,0.041137338,0.039126657,0.041298736,0.04018013,0.04226491,0.04059341,0.04245067,0.040372927,0.04302099,0.041098606,0.041783288,0.041144755,0.04274871,0.04118484,0.040241733,0.04269581,0.043296583,0.042055264,0.040692188,0.04221642,0.04216895,0.043524273,0.04160078
0.042222362,0.041640535,0.040037934,0.041594107,0.0399281,0.04153885,0.041037105,0.042576995,0.040963043,0.042450216,0.04089231,0.04197314,0.0411205,0.04228137,0.041030206,0.040750667,0.042363435,0.04254602,0.04111725,0.04075169,0.04299364,0.04282862,0.04304974,0.042312175
0.042951502,0.042961594,0.03994382,0.041100893,0.040403336,0.04166789,0.04081261,0.042205323,0.041078933,0.04206818,0.04116592,0.041434098,0.04048056,0.041992567,0.04108365,0.042189162,0.04154386,0.041951288,0.03998104,0.04083918,0.043402817,0.042635307,0.043929756,0.04217672
0.04247333,0.04200083,0.040827475,0.042235505,0.040522266,0.040603943,0.040671986,0.042452887,0.041797563,0.04122844,0.041632667,0.041671574,0.04172897,0.041678183,0.041248314,0.040745903,0.041235834,0.041700944,0.040967762,0.04134735,0.04358719,0.04241281,0.042580817,0.042647496
0.043134872,0.041104008,0.03899946,0.041081123,0.03965467,0.042650834,0.040748943,0.04161087,0.0407839,0.043229673,0.040754046,0.041872844,0.04109877,0.04276162,0.04138563,0.040711068,0.042818237,0.043053895,0.04179703,0.040109396,0.043083176,0.042409275,0.043520555,0.041626085
0.0431788,0.041358173,0.038999364,0.041142214,0.04013382,0.042517643,0.040701184,0.042539425,0.04071594,0.042716634,0.040496226,0.042252637,0.040941834,0.042339776,0.04120228,0.04150496,0.042114746,0.042855944,0.0408882,0.04028624,0.042922825,0.042150542,0.044129796,0.041910768
0.041894484,0.04098454,0.040523794,0.041297667,0.040201552,0.040621493,0.040459417,0.0439017,0.041807123,0.04280073,0.042164564,0.040722672,0.041096874,0.042457383,0.041080717,0.041534834,0.042216845,0.04116857,0.040559083,0.040979594,0.04308272,0.043192957,0.043285687,0.041965045
0.04242718,0.041702848,0.039925806,0.04079041,0.03856158,0.041522615,0.04205087,0.041937098,0.040665843,0.043029416,0.04124751,0.041934248,0.040562697,0.042821597,0.04226039,0.040147282,0.042580865,0.043236524,0.041339,0.039665,0.042680766,0.043130893,0.042919643,0.042859923
0.04324834,0.041675754,0.039522547,0.04095859,0.039866757,0.041956477,0.040870894,0.04263698,0.04110486,0.042067416,0.040630773,0.04174229,0.04100306,0.04161002,0.04146822,0.041358728,0.04183129,0.042491056,0.041124824,0.041082274,0.043041993,0.042711873,0.043991283,0.04200367
0.041929975,0.04187772,0.039581157,0.04140355,0.039411496,0.0414242,0.041479,0.043073628,0.040395513,0.043213945,0.040682565,0.041481514,0.041444074,0.042285193,0.041241113,0.04005292,0.042703446,0.042604953,0.04168886,0.040552605,0.04247343,0.043299112,0.043370668,0.042329367
0.043067973,0.041331932,0.03849978,0.041538235,0.039851535,0.042745728,0.040479887,0.04236382,0.040402636,0.043547083,0.040503766,0.042123567,0.041646607,0.042764287,0.041097645,0.040827982,0.042662024,0.043017056,0.04171734,0.04001429,0.042761732,0.04192942,0.0437028,0.041402817
0.042700704,0.042048916,0.039434996,0.041301005,0.039206672,0.041965235,0.04158101,0.041784536,0.040577907,0.043235537,0.040146615,0.04145782,0.041480474,0.042728316,0.041149285,0.040559232,0.042033542,0.04246624,0.04117012,0.040267244,0.043052178,0.04290008,0.043791175,0.042961143
0.042664323,0.04136564,0.038406566,0.041124884,0.040028654,0.042382106,0.041143138,0.043003917,0.038786467,0.04429312,0.041246112,0.04196414,0.04178299,0.042794555,0.041654695,0.04136692,0.042186953,0.04277815,0.041659437,0.03955368,0.04216608,0.042008255,0.043845862,0.041793343
0.041784175,0.04264192,0.040628113,0.040995136,0.038911585,0.041540522,0.041087676,0.04320331,0.040825665,0.04313564,0.040538367,0.040615465,0.04131071,0.04244504,0.041259408,0.040125992,0.042625397,0.04139305,0.041031905,0.04073559,0.042675722,0.043202847,0.044279344,0.043007396
0.04373143,0.042048987,0.038266163,0.040455915,0.03951809,0.04355012,0.04107708,0.042468064,0.039794575,0.042864986,0.040213913,0.04230923,0.040984467,0.042252574,0.04156642,0.04218824,0.041785747,0.04249444,0.04070191,0.03947282,0.042866405,0.04227021,0.044891965,0.042226214
0.04307216,0.041988004,0.040469687,0.040501375,0.03963944,0.042633638,0.039035685,0.043210905,0.04025133,0.043028425,0.041683506,0.04200727,0.041207105,0.042311307,0.04202591,0.041131537,0.040800605,0.042247813,0.039518006,0.04028719,0.043600295,0.042188887,0.044409048,0.042750884
0.04422338,0.042313967,0.03877007,0.040297795,0.038112644,0.042277887,0.042343438,0.041214805,0.04103489,0.042568788,0.039848953,0.04258107,0.040792916,0.041009657,0.042591322,0.040419284,0.04154131,0.042097628,0.041543346,0.040815584,0.043829884,0.043756768,0.04411578,0.041898858
0.04360837,0.042804796,0.038794655,0.03979054,0.038380988,0.043101262,0.041604374,0.04255149,0.03972703,0.042966552,0.040146425,0.04152843,0.0407738,0.042034626,0.041861575,0.041481838,0.042259213,0.042388186,0.041140188,0.03979339,0.04277261,0.04331859,0.04481953,0.04235158
0.04214309,0.04128792,0.039616533,0.04151677,0.040343754,0.04302525,0.040280998,0.04257748,0.040160097,0.043407734,0.04088797,0.042661734,0.041622438,0.042304564,0.041399986,0.042366147,0.04240798,0.0419948,0.041091487,0.039479885,0.04218453,0.042079657,0.04329001,0.041869197
0.041655567,0.041558787,0.039597917,0.0415319,0.040410023,0.041733034,0.04124692,0.04229569,0.04016989,0.043845534,0.04092596,0.04194575,0.040929463,0.04280734,0.0414376,0.039827775,0.043629088,0.042948846,0.04111538,0.040087994,0.042271912,0.042909086,0.042944737,0.04217382
0.043185864,0.042278275,0.039354354,0.040353525,0.03847209,0.042505767,0.041598078,0.04290879,0.040163383,0.042728,0.04044028,0.041755285,0.040329427,0.042332295,0.041574698,0.04140543,0.042581834,0.042460218,0.04095011,0.040213373,0.042501055,0.042927973,0.044556353,0.04242355
0.042792495,0.042214133,0.039159637,0.04041439,0.039381463,0.042193394,0.041836135,0.042334206,0.03945738,0.0438609,0.039819386,0.041914467,0.04066354,0.042167418,0.04192953,0.040624075,0.04263225,0.043158323,0.042017173,0.04064465,0.042911824,0.043651983,0.043017432,0.041203827
0.04185416,0.04198851,0.039754808,0.040989798,0.03899716,0.042050947,0.041126113,0.04326246,0.04067084,0.042882055,0.041450385,0.041820925,0.04117034,0.04235384,0.042570066,0.04028,0.04222308,0.042246412,0.040772524,0.039837427,0.042868484,0.04250986,0.043133102,0.04318669
0.043641824,0.041719455,0.039717615,0.040641245,0.039025195,0.043149836,0.0414543,0.041691456,0.039978795,0.042459387,0.040175345,0.04201258,0.040969655,0.04215511,0.04160806,0.041195143,0.041903548,0.04252308,0.041490264,0.03962204,0.043053724,0.042459756,0.044486705,0.042865887
0.04357333,0.04133822,0.038106676,0.040487356,0.0392663,0.04327973,0.041103944,0.042230908,0.039370857,0.043193255,0.04107221,0.042470977,0.04129768,0.04280732,0.041855086,0.04160684,0.042028546,0.042851884,0.0415954,0.039507203,0.0428863,0.042081125,0.044516545,0.041472357
0.042594083,0.043400068,0.03902848,0.040160224,0.037538826,0.041806947,0.043398984,0.04401043,0.03854265,0.043744132,0.039836098,0.04162948,0.041359894,0.04145993,0.04206187,0.040843777,0.04257766,0.041572485,0.04110004,0.039358467,0.042638443,0.04446919,0.044107,0.042760815
0.043242376,0.041659653,0.03922679,0.0404572,0.039762344,0.04242201,0.04051124,0.042829264,0.040274516,0.043428835,0.040646266,0.041361336,0.04041668,0.04203219,0.041341312,0.041214384,0.0425501,0.042316154,0.041259486,0.04031603,0.043341015,0.043074988,0.04484046,0.041475393
0.04270881,0.042733427,0.039172433,0.04057934,0.038756724,0.042674154,0.041901022,0.042405322,0.03982462,0.04277814,0.0404386,0.04179172,0.041184865,0.042096287,0.04165665,0.04126435,0.04213623,0.041942988,0.041000318,0.03955881,0.04301997,0.0434651,0.043988373,0.0429217
0.04256092,0.041135464,0.037783634,0.041356962,0.039202582,0.043508478,0.042369578,0.041609682,0.03965132,0.044076633,0.039319605,0.043061487,0.041328665,0.042987097,0.041398868,0.040535625,0.04243339,0.04335408,0.041273512,0.03832723,0.043285515,0.04255443,0.043994002,0.042891253
0.042854767,0.04172275,0.038783304,0.04046285,0.038805205,0.042729918,0.042419918,0.04162594,0.040051047,0.044346076,0.03970255,0.04180566,0.040482935,0.043259487,0.04157517,0.04034057,0.042814244,0.04317721,0.0420761,0.038846187,0.0428601,0.043165088,0.044188533,0.04190439
0.042885937,0.041462865,0.03918952,0.040925354,0.03935948,0.042180635,0.041072898,0.042519853,0.040091936,0.04359983,0.040289268,0.041593906,0.041018374,0.042796753,0.04120321,0.040435016,0.0427981,0.043185893,0.04174099,0.040402073,0.042545594,0.042656805,0.044135828,0.041909907
0.043474846,0.04080632,0.037445206,0.041791547,0.040474307,0.043324575,0.0416717,0.04181312,0.039096132,0.043705735,0.039784484,0.04311061,0.0418956,0.042345837,0.041614898,0.04049856,0.041458856,0.043398004,0.04228637,0.039915197,0.042476565,0.042033087,0.043744247,0.041834276
0.042715102,0.04272221,0.039009828,0.04061377,0.038452774,0.043269664,0.04168603,0.041717988,0.04001067,0.0438374,0.039761007,0.041854493,0.041166663,0.043038204,0.041335218,0.040809352,0.042562492,0.04214769,0.040720485,0.03930034,0.043072015,0.042975806,0.044270687,0.042950165
0.042715974,0.04200768,0.039084017,0.041496612,0.040170625,0.04251987,0.040927056,0.042687282,0.04037036,0.04273215,0.04053306,0.042710513,0.04114026,0.042462524,0.04090306,0.041761972,0.041805215,0.042344805,0.040246047,0.03986303,0.04302063,0.04221998,0.04379483,0.042482436
0.042702336,0.041367814,0.03869785,0.04097509,0.03951148,0.042631637,0.041376133,0.04248616,0.039756298,0.044585597,0.039925534,0.042212162,0.040838003,0.04293289,0.041395232,0.040264983,0.04295382,0.043270968,0.04160634,0.039732207,0.04247099,0.04276663,0.044082247,0.04145762
0.042747084,0.04189374,0.039227176,0.04154982,0.039649915,0.041721854,0.041067958,0.042432554,0.0397021,0.043820083,0.040778246,0.042163435,0.041078098,0.04298896,0.04079958,0.040730566,0.042436562,0.04253617,0.04160556,0.03971705,0.042652383,0.04287348,0.04364865,0.042178977
0.04203291,0.040354304,0.038872253,0.04214093,0.04097362,0.042263303,0.04069343,0.04272015,0.039963864,0.043323167,0.0412826,0.041852582,0.041909374,0.042612642,0.04144986,0.04094249,0.042376027,0.042537384,0.04205031,0.039859552,0.042287283,0.042140532,0.04348323,0.041878186
0.0430078,0.041500915,0.03841246,0.040944308,0.03959231,0.042858995,0.04144963,0.04228035,0.040120013,0.04288195,0.04048782,0.041666377,0.041398596,0.042161923,0.04181138,0.041191675,0.042088576,0.042538915,0.04156097,0.03968195,0.042818762,0.042775832,0.044290043,0.042478487
0.04312516,0.04219442,0.039566956,0.04053697,0.039190527,0.04253701,0.04104085,0.04289419,0.04073406,0.042698704,0.040466983,0.042248506,0.040647663,0.042233158,0.041632626,0.041815978,0.041852158,0.042378463,0.04013251,0.039698992,0.0430153,0.04242519,0.04442804,0.04250564
0.0424138,0.041923113,0.038754296,0.041533828,0.03945482,0.04156896,0.04144629,0.042600483,0.039407063,0.044772275,0.040348332,0.04196062,0.0414631,0.042985544,0.040934637,0.040225595,0.042633433,0.043045085,0.04137177,0.039230704,0.042092606,0.0430318,0.043949813,0.042852093
0.042293876,0.04193465,0.04005938,0.042154625,0.0398317,0.041559055,0.041629236,0.04168554,0.040734954,0.042855386,0.039857548,0.04205527,0.041514162,0.041514434,0.041752506,0.03997668,0.041434422,0.041896485,0.041637737,0.04114658,0.043524656,0.043414835,0.042484753,0.043051574
0.0431506,0.04192313,0.03894542,0.040843785,0.03933795,0.04228131,0.041464888,0.043073725,0.040150203,0.042546507,0.04012704,0.041978553,0.041137174,0.041842055,0.04135532,0.04143609,0.041887388,0.04283184,0.041197315,0.040350482,0.04274648,0.04257409,0.044385426,0.04243323
0.04291395,0.040464513,0.03860354,0.041536886,0.040089536,0.042302035,0.041440636,0.042100914,0.04085928,0.042413764,0.04048454,0.042327143,0.041307155,0.04240906,0.04137965,0.040562555,0.04206377,0.043701816,0.042046484,0.040599454,0.042898476,0.042146634,0.04327633,0.042071868
0.042400472,0.041158855,0.03882351,0.041524235,0.039997004,0.04278097,0.0410198,0.04173311,0.039876666,0.043971226,0.04061493,0.042586446,0.041141722,0.043547265,0.041073658,0.04028756,0.043087117,0.043332726,0.04162111,0.039594315,0.042591095,0.042444218,0.043011464,0.041780565
0.042329673,0.04189218,0.039307494,0.041573685,0.039811842,0.041917462,0.041095432,0.042805914,0.040034,0.04273183,0.040782545,0.04214085,0.04168355,0.042381056,0.041077286,0.04093717,0.04212122,0.04273505,0.04133261,0.040381897,0.04259304,0.042677473,0.04326785,0.042388868
