0,1,2,3,4,5,6,7,8,9,10,11,12,13,14,15,16,17,18,19,20,21,22,23
0.0015948721,0.04799159,0.00065571483,0.0018801726,0.008061925,0.010407929,0.10406224,0.0032831496,0.00041471698,0.101853065,0.018478993,0.025402332,0.010325267,0.09501654,0.001157716,0.077769384,0.008307986,0.10446339,0.09669066,0.072449476,0.10394095,0.00052330917,0.003200356,0.10206824
0.00035575707,0.07110548,0.00072499446,0.0018545031,0.004568218,0.06461974,0.10004784,0.0012695193,0.0006621896,0.09913661,0.0649463,0.024996517,0.0019032563,0.1004765,0.00018599306,0.044417396,0.0012627501,0.10031173,0.1003569,0.0952952,0.10035818,0.00011871244,0.0004831949,0.020542525
0.051065765,0.040999625,0.0103334,0.037947945,0.034087673,0.08733259,0.08220426,0.03617319,0.013622399,0.036855105,0.032823488,0.013373136,0.023655845,0.087238856,0.0063259364,0.052467134,0.0103603285,0.087469,0.07408747,0.0879748,0.06293548,0.005606199,0.011964961,0.01309543
0.084623806,0.014669972,0.010820781,0.07534072,0.06699311,0.08703906,0.06491699,0.08502587,0.01280317,0.005633305,0.017704993,0.020994607,0.03699418,0.03591215,0.016907716,0.06971041,0.013546241,0.080755904,0.025625348,0.08644765,0.017353816,0.010229487,0.039561324,0.020389358
0.07693418,0.009681044,0.007984674,0.082659565,0.06975177,0.08104927,0.06439459,0.083889455,0.010934307,0.008091492,0.019042483,0.027578263,0.02371778,0.034601167,0.022626266,0.07346989,0.013928422,0.08325736,0.02344526,0.08464018,0.02589668,0.0131397545,0.038622867,0.020663323
0.07107161,0.010373704,0.0067167208,0.08283597,0.07042276,0.07804759,0.070940755,0.07755938,0.01094106,0.011717216,0.01886166,0.022794483,0.021189416,0.047146905,0.024643164,0.06920793,0.012473181,0.08540301,0.025388718,0.08218769,0.03335771,0.013764904,0.035390466,0.017564064
0.06261748,0.013984689,0.006083743,0.07957962,0.07135225,0.07034566,0.0668803,0.0752134,0.013572854,0.016500462,0.010864256,0.014941838,0.021987587,0.05585232,0.03219556,0.06505461,0.010566175,0.08074788,0.035671584,0.07613148,0.03938776,0.021729738,0.039236642,0.019502113
0.07256353,0.01052366,0.004212038,0.08577864,0.07737888,0.07407404,0.072751775,0.08100826,0.010775821,0.013326228,0.0068244613,0.012078655,0.0167211,0.06159735,0.02863668,0.07086945,0.008150536,0.08694669,0.026859974,0.08078838,0.032429148,0.015138468,0.033747427,0.016818788
0.063400954,0.0146047035,0.005188703,0.08309111,0.07118792,0.0725406,0.081795,0.07375554,0.011008723,0.016851163,0.0057736686,0.01110761,0.01750798,0.06353811,0.03228366,0.052032206,0.008812985,0.08724133,0.034597665,0.078902826,0.04906148,0.015324775,0.0377084,0.012682868
0.056789324,0.018150814,0.0059510437,0.08273458,0.06692507,0.07262662,0.08341104,0.072904795,0.0114903245,0.017838938,0.004322505,0.009985628,0.017831162,0.062100314,0.034118768,0.04160941,0.008349324,0.0862614,0.03957739,0.07666919,0.059303757,0.017373368,0.041789837,0.011885394
0.037313882,0.02800421,0.011241185,0.075450145,0.053969353,0.067377,0.0677459,0.056838904,0.023714578,0.02315728,0.009444268,0.024042455,0.011157627,0.060784712,0.042294275,0.02675747,0.012316147,0.07466282,0.056830645,0.06628277,0.06588837,0.045326702,0.04977171,0.009627615
0.036271915,0.027268296,0.012059306,0.076966405,0.05266263,0.06731762,0.07197577,0.053895973,0.025410367,0.021141768,0.009949134,0.027038107,0.009117644,0.061549906,0.04341556,0.02162849,0.012129089,0.07608292,0.055969905,0.06610513,0.06843697,0.0470406,0.049483936,0.007082575
0.035914466,0.02891212,0.0126583725,0.07601581,0.052594393,0.06620831,0.070586756,0.054113965,0.026009671,0.023770655,0.010149191,0.026880197,0.0096387565,0.06055372,0.044005536,0.022574108,0.013100924,0.07516976,0.055319,0.06442262,0.06785496,0.046886493,0.048249662,0.008410471
0.03410128,0.031893205,0.01517108,0.07372287,0.052229512,0.057490632,0.06812269,0.047449954,0.034264248,0.028678717,0.015505589,0.03312115,0.008569984,0.056304764,0.047611456,0.024654578,0.017373536,0.07528962,0.055177197,0.052208085,0.06718485,0.047710717,0.046191413,0.009972839
0.035750713,0.027749615,0.01283288,0.077272125,0.052981924,0.06580634,0.07200298,0.053253856,0.026945185,0.02063913,0.010480202,0.028482303,0.008512877,0.061393924,0.04503339,0.019009633,0.012638491,0.07521224,0.05497271,0.064994894,0.06829545,0.049060795,0.050319143,0.0063592675
0.033466,0.0269687,0.011791494,0.078676134,0.05438304,0.06822732,0.0732532,0.054710202,0.026022477,0.018469006,0.007417506,0.02680173,0.00601017,0.06412209,0.04580186,0.014793595,0.0099601755,0.07554925,0.0567059,0.0656643,0.07064596,0.052421633,0.053486217,0.0046520415
0.031112604,0.027861176,0.011967207,0.07820366,0.05524664,0.06781364,0.07219774,0.0573918,0.027676336,0.018037288,0.0057750354,0.025667116,0.0048403153,0.06355616,0.04759385,0.012713649,0.009392965,0.074053764,0.056496575,0.06426676,0.071379095,0.055794753,0.056696877,0.0042649833
0.030652467,0.02884036,0.012292302,0.077827916,0.055842374,0.06707699,0.071993634,0.060247734,0.02859394,0.017923255,0.005001613,0.024519153,0.004718978,0.06244588,0.048373707,0.012464306,0.00964136,0.073182546,0.054426517,0.063926786,0.07152857,0.05632617,0.057711925,0.004441537
0.028897313,0.029625544,0.012893332,0.07763037,0.055730164,0.066448055,0.07253184,0.06112259,0.030182676,0.01702655,0.0044210474,0.024892725,0.0039943396,0.06179491,0.049809348,0.0107000405,0.009662206,0.07244634,0.053034153,0.06320303,0.072402395,0.058493916,0.05910544,0.003951657
0.028059352,0.026412766,0.012179246,0.0790341,0.05474954,0.067927696,0.07536372,0.056770205,0.030391445,0.014198439,0.004474762,0.027646232,0.002643504,0.06343658,0.049753603,0.007578358,0.008208431,0.07457485,0.054761156,0.06321479,0.07453496,0.06084672,0.060924746,0.0023147967
0.025744453,0.028551007,0.012153111,0.07807021,0.056965705,0.06775386,0.07326237,0.062238485,0.030930249,0.014474431,0.0029262865,0.02393513,0.0022984622,0.06289777,0.05181943,0.007356256,0.007816446,0.072302,0.053684335,0.062129483,0.073996104,0.06272926,0.06335479,0.0026103738
0.024377923,0.03470687,0.011721655,0.07573001,0.062625244,0.06689663,0.0647284,0.071874395,0.03130952,0.017474193,0.0013140074,0.01558242,0.0026079637,0.060584307,0.05413281,0.010955894,0.008277813,0.065933734,0.050818086,0.060201097,0.07165053,0.064032726,0.066881105,0.005582676
0.023589622,0.032163672,0.013795979,0.07753629,0.05917595,0.06318223,0.0705683,0.06336973,0.037906148,0.017286012,0.0028127038,0.024306728,0.0017584447,0.059875946,0.055060636,0.007802177,0.00922269,0.07024789,0.052153002,0.051547345,0.07410929,0.06456016,0.06464488,0.0033241531
0.017815871,0.0385435,0.022345876,0.077796035,0.05653492,0.03471137,0.07008085,0.04146002,0.06495068,0.028456852,0.010756264,0.04535705,0.0007728215,0.047318116,0.06650638,0.0070420303,0.01840341,0.072698824,0.052692655,0.012113551,0.07805819,0.07054209,0.06170517,0.0033374892
0.014452239,0.04057708,0.029750247,0.07573785,0.05911345,0.022101626,0.066000514,0.037473217,0.07593166,0.027436702,0.0128115425,0.051651772,0.00057366904,0.043564375,0.070143096,0.007336793,0.021609806,0.07043297,0.051385235,0.006260214,0.076632224,0.069991395,0.065446764,0.003585568
0.017610956,0.0359755,0.01888205,0.079515435,0.056889657,0.046248205,0.07355965,0.04736337,0.05698767,0.022967268,0.0061203805,0.039445687,0.0006805098,0.05368249,0.06373897,0.0052737095,0.013190933,0.07346433,0.053216808,0.020662658,0.078488834,0.07045867,0.063222975,0.00235333
0.021313433,0.03030069,0.014578439,0.07945873,0.056741305,0.06111261,0.075278,0.0547202,0.04261952,0.016254313,0.0036096948,0.0309576,0.0010003314,0.06042801,0.057022378,0.004908878,0.008710763,0.07376239,0.05362348,0.044218995,0.076877296,0.066800505,0.06386966,0.0018328155
0.018952698,0.033568908,0.016373487,0.07896492,0.056865033,0.056341022,0.07415189,0.055339605,0.048154242,0.018434513,0.003688207,0.032618128,0.00083440694,0.05723811,0.060246922,0.0047069048,0.010259677,0.0722122,0.052256536,0.035688583,0.077307224,0.069106326,0.06464323,0.0020472442
0.015683247,0.03708005,0.020220844,0.078876324,0.056794886,0.045775693,0.07350051,0.05044131,0.05902675,0.021522269,0.0048280437,0.03887131,0.00056171056,0.052524,0.06520118,0.004315297,0.0130637335,0.07153263,0.051510293,0.02058612,0.07857531,0.07191033,0.065484524,0.0021136445
0.012319837,0.039812036,0.029220307,0.077269554,0.05904665,0.028926566,0.07035916,0.045348153,0.07325256,0.021184089,0.00665897,0.047349557,0.0004094014,0.0470027,0.069815546,0.0045739505,0.017190346,0.06912742,0.04960576,0.00973839,0.07795489,0.072190404,0.06927504,0.0023687445
0.013740148,0.040158305,0.024572559,0.07786647,0.05496942,0.03786186,0.07352496,0.044876285,0.06524528,0.023487806,0.0063858014,0.044778515,0.00048343584,0.04824572,0.06810043,0.0039389823,0.016308121,0.06999051,0.049779624,0.014717065,0.079457834,0.07377601,0.0655323,0.002202568
0.014719686,0.037892327,0.022479467,0.07830579,0.054851186,0.04507631,0.074646555,0.047854215,0.06001754,0.020143671,0.0050717457,0.041351445,0.00055402244,0.05172445,0.065591305,0.003727143,0.013880552,0.070426844,0.04985532,0.022492299,0.07887361,0.07253136,0.06597863,0.0019546184
0.012196635,0.043542217,0.028530842,0.0755026,0.055294227,0.027233765,0.069956526,0.03942083,0.072252266,0.028334623,0.009120526,0.050266292,0.00043998566,0.04294879,0.07094627,0.0049075484,0.020941827,0.06864543,0.049290106,0.008013452,0.07959616,0.07446696,0.06517888,0.0029732985
0.010828361,0.0451777,0.037215605,0.07210608,0.05698824,0.018181093,0.06579408,0.038139164,0.07863081,0.026943352,0.01172895,0.055199064,0.0004791589,0.03904536,0.07258586,0.0058233473,0.025686722,0.06480895,0.04680846,0.0055058687,0.07758631,0.07296001,0.06805557,0.0037218384
0.014823634,0.039923687,0.025190014,0.07650056,0.053409643,0.042451903,0.07327876,0.04908471,0.06143773,0.022436917,0.0062356936,0.04255124,0.00076531194,0.04870681,0.06599998,0.004447577,0.016974134,0.06809062,0.048133314,0.021576883,0.07832658,0.07234607,0.06469527,0.0026129542
0.017300412,0.03813081,0.023165444,0.076616764,0.052675843,0.046874423,0.07353834,0.048739612,0.056390837,0.022761416,0.006924149,0.04069109,0.0011233764,0.05071729,0.06312474,0.0055779205,0.016378589,0.069573425,0.049320262,0.027571265,0.077638835,0.06984891,0.06228666,0.003029629
0.01985504,0.036752384,0.021976426,0.07630363,0.052485563,0.04861667,0.07291679,0.0488863,0.0531055,0.023409272,0.008088931,0.039493665,0.001666273,0.051399834,0.06097559,0.0071941754,0.016716285,0.070199765,0.05006311,0.032407433,0.07644842,0.06707406,0.060289074,0.0036758324
0.021514552,0.037079524,0.02207777,0.074923314,0.05193959,0.04757611,0.07158813,0.049038734,0.052255474,0.025285011,0.009870069,0.03964461,0.0023059137,0.0500359,0.060039207,0.009133569,0.018582545,0.0698366,0.049886514,0.033604503,0.07535761,0.06529577,0.058438286,0.0046906853
0.02049123,0.040290453,0.023812126,0.07276032,0.053896863,0.04234074,0.06728943,0.04983206,0.056482747,0.029164087,0.010516621,0.039808545,0.0022956026,0.04751971,0.06188129,0.011158214,0.021095691,0.06768815,0.049614385,0.02622132,0.0745293,0.06565543,0.059137702,0.0065179896
0.02552889,0.034073494,0.0153794065,0.07581713,0.057602163,0.06261132,0.067566715,0.06416953,0.03615375,0.020784304,0.0038214712,0.023710627,0.003449935,0.057682727,0.05399975,0.011844862,0.01191111,0.06792793,0.050912656,0.054310724,0.07176456,0.061308708,0.06174986,0.005918408
0.029058756,0.02872587,0.009516129,0.077500895,0.061853234,0.06988637,0.06686545,0.06783648,0.025598777,0.017754149,0.0019883707,0.016023735,0.0031805509,0.06447876,0.050101757,0.012333937,0.0066345497,0.070864454,0.056929808,0.06310313,0.07099167,0.05956875,0.06437771,0.004826708
0.03429872,0.023451619,0.007614571,0.0812028,0.06339579,0.072915025,0.07425355,0.06878393,0.020251114,0.015374664,0.0018884882,0.014024417,0.0034104148,0.06669908,0.046958566,0.013108332,0.005468158,0.07653952,0.05361443,0.06699401,0.072384216,0.051462226,0.061843827,0.00406255
0.039617173,0.019847155,0.00628907,0.08460131,0.06576478,0.075687006,0.07979028,0.07188083,0.016044393,0.013772283,0.0016321441,0.011545628,0.0038765909,0.06816372,0.0441794,0.014934831,0.004815386,0.08101889,0.048035398,0.07075449,0.07281195,0.04188211,0.059051927,0.0040032393
0.031118145,0.02589359,0.009783252,0.07894232,0.059374,0.07046508,0.07118946,0.061985414,0.025210751,0.016873008,0.0031949128,0.019835645,0.003338743,0.065622374,0.04821501,0.0112017635,0.006669821,0.07389739,0.0583398,0.064100385,0.072015986,0.0574695,0.061569303,0.003694277
0.031671885,0.023711327,0.010847546,0.080480866,0.055862237,0.070481285,0.0762226,0.05522993,0.026863182,0.014969033,0.0045694807,0.025295485,0.0029922533,0.06579786,0.047375653,0.0085138865,0.007070438,0.07650786,0.05719505,0.06497353,0.07435178,0.05695251,0.059632592,0.0024316981
0.033015464,0.01973113,0.007552272,0.08201251,0.059182443,0.07382956,0.0779815,0.05713273,0.022315554,0.012746333,0.002908053,0.021116357,0.0019829455,0.069317825,0.045761764,0.007262462,0.0044423584,0.07900556,0.06009466,0.06667774,0.07592653,0.056576945,0.061804425,0.0016229312
0.030580789,0.023124615,0.009967477,0.080353685,0.056892473,0.071278,0.075888604,0.056542538,0.026235703,0.014252249,0.0036975527,0.024091654,0.0024166477,0.066628665,0.047871843,0.007567732,0.0061633387,0.07635816,0.05832011,0.06491514,0.07473085,0.058700196,0.0613277,0.002094234
0.027863998,0.026469449,0.012902527,0.07911335,0.05506219,0.06812411,0.07538395,0.05799113,0.031142646,0.014632483,0.00393901,0.026291965,0.0025602505,0.06295179,0.05042245,0.0072342195,0.008197064,0.073974326,0.053810667,0.06253405,0.07468478,0.06063537,0.06165356,0.002424755
0.02969553,0.024464887,0.010718002,0.079805695,0.056725506,0.070091814,0.0755652,0.057546675,0.027884874,0.0137953935,0.0036380512,0.024706189,0.0023417387,0.065222085,0.048525058,0.0075444113,0.0067931027,0.07544865,0.056380372,0.06425785,0.074818715,0.059794612,0.062071867,0.0021636875
0.03185547,0.024188858,0.010255779,0.07986823,0.05674066,0.07046272,0.07485085,0.05619452,0.026056204,0.014716431,0.00450527,0.024720287,0.0030287304,0.06550189,0.0470543,0.009776876,0.007229423,0.075921096,0.057643726,0.06539173,0.07377833,0.057342134,0.0602352,0.0026812586
0.03197137,0.02298455,0.009138752,0.08031515,0.05748982,0.071793094,0.07532361,0.05664617,0.024022534,0.013877123,0.0040713483,0.023607032,0.0027669044,0.06686063,0.046595857,0.009597995,0.0063409763,0.076760225,0.05893794,0.0662332,0.07406619,0.057515796,0.06069492,0.002388805
0.040131696,0.016831573,0.0060622566,0.086542785,0.06264972,0.077143244,0.08420548,0.0641802,0.015839009,0.010951301,0.002463846,0.015898969,0.0029876332,0.07006547,0.0423144,0.011593246,0.0044863746,0.08447916,0.050297864,0.07233947,0.076323666,0.042946562,0.05707487,0.0021912202
0.04295155,0.016280847,0.0061131716,0.08797094,0.062921256,0.07741317,0.0861945,0.06560144,0.01508244,0.011254174,0.0026727316,0.015100739,0.0038802542,0.069264404,0.04133053,0.013565855,0.0048028673,0.08623548,0.04697257,0.07366088,0.075612426,0.037995093,0.054486223,0.002636456
0.030199518,0.026681518,0.0126489615,0.07842951,0.05393842,0.06735861,0.07386479,0.056577332,0.029400831,0.016084943,0.0059626414,0.027506959,0.0041300342,0.061762493,0.048918292,0.010820178,0.009851495,0.07407836,0.054668106,0.06402497,0.07268848,0.057961486,0.058980275,0.003461773
0.022913815,0.037944768,0.023678984,0.07307067,0.054100916,0.04158689,0.0666619,0.04529244,0.05736424,0.028893368,0.013057627,0.041002054,0.002769215,0.048090678,0.06035772,0.013879093,0.021286117,0.07002403,0.051285006,0.026583651,0.07315532,0.061618585,0.058289286,0.00709368
0.017499179,0.037622586,0.05089936,0.06993013,0.06568444,0.0108582135,0.053861275,0.040442053,0.081998564,0.016974617,0.022340173,0.055954695,0.0020869428,0.04166092,0.06911724,0.018012943,0.029574811,0.06227741,0.047745436,0.00771968,0.06286872,0.05356943,0.073138386,0.008162874
0.02024931,0.041116435,0.029620307,0.069160014,0.057198714,0.025407868,0.05896527,0.038407993,0.07129212,0.03250611,0.019378964,0.048661955,0.0021659273,0.041882508,0.0655862,0.016839756,0.02725076,0.06793056,0.051099025,0.012944786,0.071137086,0.06149578,0.060703803,0.008998809
0.021431,0.041647922,0.023506036,0.07019312,0.056098636,0.02943971,0.060536332,0.039765827,0.06445515,0.03624021,0.018467968,0.046557076,0.0020546017,0.042003848,0.065222256,0.01581144,0.026123138,0.069669336,0.052118815,0.014854488,0.07340076,0.0647587,0.05722921,0.008414426
0.026424019,0.033934157,0.017505158,0.075787194,0.05631464,0.047164507,0.0675899,0.048403688,0.04949937,0.025522107,0.011884835,0.03721368,0.0029288589,0.05125763,0.057701774,0.015120299,0.017705804,0.0729079,0.05323262,0.03483886,0.07254338,0.060124762,0.05835018,0.006044645
0.028017228,0.032390926,0.01626718,0.075866245,0.05555517,0.0524258,0.06907653,0.051547464,0.044161815,0.022651006,0.010216889,0.034662753,0.0035174976,0.053019345,0.054811887,0.014483958,0.01613041,0.072350726,0.052128017,0.0450804,0.07221789,0.059087448,0.058690574,0.0056428574
0.028834939,0.029417716,0.013825177,0.076745875,0.054589525,0.061933022,0.0710201,0.05609105,0.0352613,0.017662464,0.006948451,0.030250665,0.0038212603,0.05726024,0.051477898,0.011613938,0.012326614,0.07166058,0.053045966,0.059433527,0.07224578,0.060014214,0.0603572,0.004162478
0.040615804,0.022011124,0.009411133,0.08437943,0.060202006,0.07049995,0.0842729,0.06574398,0.020618116,0.013688359,0.0043136734,0.019131191,0.005947717,0.06081434,0.0458139,0.01674715,0.009245478,0.08239367,0.040925622,0.072070345,0.07281202,0.040076047,0.053769123,0.004496972
0.03175834,0.026996646,0.0122559685,0.07835104,0.055318147,0.06480261,0.073948875,0.058155324,0.030561656,0.01636551,0.0062461053,0.02721411,0.004477097,0.058520056,0.049153272,0.012850497,0.01106475,0.07426549,0.05186182,0.063685656,0.07260769,0.05629657,0.059126332,0.004116409
0.033182,0.026713006,0.011989783,0.07785522,0.05574823,0.06379629,0.07147979,0.055921316,0.031381693,0.017980708,0.0073459228,0.02811585,0.004778798,0.058311764,0.04837685,0.01387238,0.011186613,0.07353398,0.054378316,0.062828645,0.07158895,0.056121536,0.058910836,0.004601563
0.03307657,0.027029531,0.012105484,0.07773622,0.056036614,0.062408034,0.07005503,0.053211685,0.032809865,0.019410696,0.00867911,0.029608147,0.0046225176,0.05822835,0.048998397,0.014999957,0.011784135,0.07375459,0.05588402,0.059566822,0.07092123,0.05590382,0.05823249,0.004936751
0.032249734,0.028188365,0.012560954,0.07747553,0.057191,0.057475723,0.06901399,0.051510952,0.036852453,0.02150189,0.010036414,0.031639468,0.004183647,0.055877034,0.051079903,0.016869444,0.013472205,0.07438576,0.05504314,0.053433973,0.07102599,0.055358805,0.05794341,0.005630216
0.03585297,0.025340822,0.010603304,0.07778983,0.056082223,0.0650785,0.07026295,0.054451555,0.028391957,0.018086921,0.008345217,0.027528238,0.005697332,0.05914708,0.045709386,0.017036824,0.010638563,0.07442833,0.056740716,0.06533607,0.070535235,0.05385289,0.057915825,0.0051472466
0.046174843,0.019288516,0.007814085,0.08313546,0.0586634,0.07247573,0.07907455,0.05788123,0.01843735,0.015410814,0.006723391,0.020374054,0.008129364,0.06388456,0.039138187,0.02114515,0.0077390606,0.081754394,0.053172268,0.0735224,0.06984851,0.03926559,0.0518234,0.005123755
0.04233416,0.0211862,0.009016217,0.08129299,0.0575335,0.07102105,0.075592704,0.056581557,0.021667546,0.016558668,0.0068476945,0.022223648,0.0068872105,0.06355136,0.041390255,0.017907713,0.008210209,0.078631066,0.05584621,0.07005481,0.070273094,0.045567077,0.055044033,0.0047810706
0.037340123,0.025084762,0.011700797,0.078053296,0.054899424,0.06713543,0.07090198,0.055641424,0.027118316,0.018831227,0.00807679,0.025675999,0.0071916347,0.060061324,0.044949632,0.016578794,0.010660914,0.073927335,0.056083865,0.06656008,0.069434084,0.051816303,0.056653522,0.005622981
0.024304682,0.048250627,0.07607558,0.056700755,0.07252798,0.0009375512,0.026514359,0.04745447,0.080346756,0.009527651,0.06232746,0.06835358,0.008684438,0.026083374,0.07420021,0.024265295,0.05885403,0.022189697,0.030546965,0.0022800774,0.032492213,0.05096317,0.07622159,0.019897502
0.038090587,0.053225894,0.0777411,0.0576969,0.07682969,1.9105775e-05,0.0015192431,0.06981779,0.07776987,0.0004439561,0.07687133,0.07671044,0.025451902,0.004942894,0.077577926,0.034142412,0.076675,0.0005003834,0.0089114485,0.00023192148,0.0052358517,0.06503404,0.07758326,0.016977098
0.045507226,0.055443306,0.0767619,0.06318814,0.07638311,3.3500262e-06,0.00019792272,0.07254688,0.07676398,0.00017962763,0.07655586,0.07631062,0.028940057,0.001807111,0.07672965,0.027310034,0.07660741,5.125083e-05,0.0046523702,3.8510378e-05,0.0014029259,0.07141829,0.07674635,0.0144541105
0.044890575,0.05472835,0.07486788,0.062017635,0.07462256,3.7247219e-06,2.785357e-05,0.07411424,0.074868664,0.00015558874,0.0745493,0.074214675,0.038439073,0.00058861164,0.07485748,0.028574994,0.07482414,5.5186547e-06,0.0025938875,7.828451e-05,0.000922667,0.07305274,0.074866444,0.022135098
0.03085505,0.05370734,0.07861438,0.059899066,0.077523194,1.6746688e-05,0.00019563285,0.07694535,0.078620285,0.0006164829,0.077581465,0.0772364,0.027381493,0.0010102213,0.07857465,0.0224554,0.07843681,4.437848e-05,0.004851837,0.00018291936,0.0030683295,0.0750421,0.07860472,0.01853574
0.029684922,0.045357637,0.080151595,0.062229786,0.07573758,0.00033078037,0.009856119,0.07186596,0.08080565,0.0028263421,0.07268,0.074939854,0.013577355,0.00810115,0.07996636,0.017938716,0.074593134,0.0036085611,0.018622555,0.0012595898,0.020120723,0.06697921,0.07939825,0.0093682045
0.0397912,0.036043387,0.0727561,0.06697331,0.071504064,0.0027492188,0.023495935,0.06768394,0.08030646,0.0063605173,0.060702417,0.06256999,0.015620146,0.018358886,0.076811716,0.020710874,0.057036296,0.016337851,0.031535484,0.0060660094,0.028065788,0.057168424,0.07266986,0.008682123
0.03524826,0.037716057,0.076173574,0.06292017,0.07336828,0.0011872512,0.015035895,0.064327694,0.08087413,0.006391188,0.06929444,0.06910219,0.014587435,0.014753255,0.07796134,0.02700942,0.06420448,0.01310581,0.029285688,0.0023680679,0.022985574,0.05579113,0.07433247,0.011976177
0.023007033,0.037822112,0.06339526,0.063128814,0.06841971,0.003764345,0.035805628,0.042397384,0.08326896,0.018818527,0.052331433,0.062335376,0.005624659,0.029176278,0.072714485,0.02559064,0.044847276,0.045275472,0.04212915,0.0033376121,0.043377638,0.047770172,0.07091811,0.014743885
0.034354143,0.030611863,0.016500594,0.075574346,0.054606665,0.05090386,0.06679648,0.040096253,0.039948147,0.03543277,0.021843283,0.035155617,0.0075329524,0.05402768,0.04796429,0.025160877,0.018164476,0.07741877,0.058711316,0.035462424,0.06679091,0.045298636,0.049268104,0.012375522
0.051897775,0.017060181,0.00832353,0.07952431,0.061607074,0.06656957,0.06371186,0.055417642,0.025130007,0.014800653,0.013277555,0.030113125,0.007967828,0.060890205,0.029886058,0.036064614,0.0076299817,0.07692176,0.060179044,0.06569866,0.061869454,0.047035005,0.049973212,0.008450872
0.04527221,0.021561738,0.009399135,0.0776647,0.05969,0.06884685,0.06417846,0.060259473,0.022498984,0.0203576,0.009559722,0.022126304,0.011023206,0.05965187,0.033706784,0.033850722,0.0087642195,0.07491938,0.05797352,0.06475633,0.064064026,0.044668607,0.052272163,0.012933977
0.033413365,0.03165161,0.012395445,0.07178775,0.06055127,0.065537125,0.05446007,0.068394855,0.024789112,0.031733863,0.005567776,0.014644539,0.013593086,0.056537468,0.043214694,0.032957565,0.012772941,0.06588878,0.053835124,0.05633359,0.06258587,0.04466767,0.058848668,0.023837762
0.029256687,0.040656716,0.038544413,0.060242202,0.06970083,0.03212489,0.011977488,0.074907586,0.0700184,0.02127929,0.00750063,0.022459082,0.023082241,0.037088092,0.06393354,0.0533886,0.03745579,0.029113712,0.04120818,0.030446831,0.03976713,0.051977493,0.0701326,0.043737557
0.029758565,0.04404657,0.012388934,0.06310786,0.06763569,0.06275163,0.01834739,0.07634208,0.027354054,0.03684272,0.0010772829,0.0053032823,0.018939974,0.045794614,0.049755268,0.04979149,0.016326096,0.039436124,0.04710383,0.055785693,0.053993445,0.0552484,0.06918043,0.053688597
0.06757535,0.014479771,0.002731679,0.08043071,0.079844154,0.071186036,0.008243613,0.08159671,0.02230137,0.011165165,0.0009461154,0.009565684,0.003620754,0.061108988,0.02864095,0.076785855,0.0043489924,0.06459174,0.042672906,0.06939198,0.025992185,0.06253682,0.06886796,0.041374497
0.096591935,0.0022985998,0.000528902,0.09772864,0.09731531,0.0936818,0.005255313,0.098316796,0.008015052,0.0022919904,0.0004013844,0.0044045644,0.0010932027,0.063738994,0.00833186,0.09783441,0.0016597124,0.089824654,0.0036863347,0.0922911,0.002245229,0.028470077,0.05756895,0.046425235
0.10524311,0.0012721872,0.00033420973,0.10554992,0.104614586,0.102526955,0.0042932774,0.105677545,0.003182325,0.0005541667,0.0003913923,0.0056349477,0.00042264233,0.045985874,0.0009251793,0.10548585,0.0011007907,0.10301606,0.00096267305,0.10271747,0.00055519363,0.008481847,0.04785577,0.04321613
0.10546013,0.0012779367,0.0003074385,0.10577264,0.1049794,0.10140243,0.0027416856,0.10583642,0.0029266754,0.00050531793,0.00042821091,0.0077008386,0.00034792416,0.045987487,0.0007269512,0.10567607,0.0011678835,0.103538625,0.0010782876,0.10339649,0.00035603138,0.008786541,0.051902916,0.03769567
0.10766831,0.0013921337,0.0003165632,0.1078222,0.106823616,0.10424238,0.0019180385,0.107877,0.0023123617,0.00026480708,0.0005290536,0.012442086,0.0001614106,0.0313494,0.0004772139,0.107687555,0.0013525216,0.10551656,0.0006459928,0.1055659,0.00022315976,0.0052241315,0.057660665,0.030526968
0.108503446,0.0011312746,0.00036866168,0.10858346,0.10594736,0.1033905,0.0056050685,0.10877776,0.0013123044,6.654869e-05,0.00020825493,0.0125990175,8.215946e-05,0.0121659,0.0008103735,0.10776321,0.0007646176,0.1062616,0.0008430475,0.10633046,0.00013918821,0.0017047944,0.068333834,0.03830717
0.107684374,0.0014276366,0.00059966394,0.10773884,0.10232979,0.100635484,0.0061648367,0.10824879,0.0014236004,0.00012570198,0.0002289239,0.012405649,0.0001728507,0.010055847,0.0015358919,0.10640647,0.001089723,0.1044164,0.0018060621,0.105159484,0.00019259684,0.002759313,0.070861064,0.046531044
0.10978426,0.0014737531,0.00035044592,0.109758906,0.09033198,0.106258355,0.04868421,0.11034306,0.0006787485,0.00012290792,0.00042793536,0.017066965,0.00020453401,0.023049165,0.0007745926,0.108262844,0.00071247393,0.109551445,0.011246837,0.10830416,0.00066903926,0.0010241279,0.024919428,0.015999848
0.10693757,0.001963797,0.0005288248,0.10685814,0.07508769,0.10486529,0.07692846,0.10707474,0.00081495376,0.00015491339,0.0011100085,0.02142183,0.00030762967,0.027521888,0.0006059815,0.104463734,0.0009479671,0.1073164,0.02207809,0.10544789,0.0018740986,0.0008968921,0.015933426,0.008859883
0.108579144,0.0022891606,0.00061220804,0.1081218,0.082905315,0.10573026,0.064259455,0.10887254,0.0010338112,0.00017344269,0.0010510944,0.018412752,0.00028905188,0.021915095,0.0009829849,0.10624343,0.0013331489,0.10824774,0.014371472,0.10660236,0.0014627211,0.0011837317,0.020877691,0.014449541
0.10831477,0.0026812486,0.0008101183,0.10772413,0.09755069,0.10492409,0.04124378,0.10870653,0.0018024028,0.00024226049,0.0014200396,0.016858093,0.0003043806,0.020904787,0.0014206776,0.106166005,0.002079951,0.10662536,0.0043316577,0.10463973,0.0013792588,0.0017866857,0.029063132,0.029020213
0.1056809,0.002601973,0.0011353096,0.10567309,0.10003415,0.10240514,0.033065576,0.10634101,0.0031011982,0.00050317583,0.0019638417,0.014157187,0.000548897,0.03028119,0.0014176788,0.104339175,0.0024552,0.10411311,0.002854422,0.10125305,0.0018666505,0.0031987973,0.032460086,0.03854919
0.102567285,0.002573989,0.0013349836,0.10290112,0.09915142,0.100084014,0.02672141,0.10327187,0.0056069,0.0012266237,0.003047268,0.012867218,0.0010386539,0.04943797,0.0013223244,0.102500245,0.0028769774,0.101216525,0.0028296544,0.097520284,0.0032063667,0.0065466464,0.03153698,0.0386133
0.099493824,0.002635989,0.0013722783,0.100084834,0.09684649,0.096660145,0.032775313,0.10048405,0.0074758586,0.002049983,0.002972881,0.010722732,0.0017974724,0.05882727,0.0027253604,0.09975857,0.002696222,0.09834261,0.0050694942,0.09398819,0.0054053017,0.010356695,0.03283276,0.03462572
0.09807776,0.0024628427,0.0013307953,0.09904327,0.09567398,0.09489841,0.038037047,0.09908148,0.007871901,0.002529662,0.002674977,0.009083359,0.0024577258,0.062334303,0.0044494383,0.09850392,0.00242002,0.097424544,0.00622027,0.09251608,0.006367169,0.012267643,0.031899698,0.032373715
0.09063779,0.0035977478,0.001650894,0.0940158,0.09132198,0.08508097,0.03630003,0.093128264,0.011802622,0.0047992496,0.0032009687,0.011305044,0.004387294,0.067978494,0.012106242,0.092454426,0.0028769348,0.090715796,0.015861556,0.08488917,0.012053137,0.02498946,0.03687846,0.027967678
0.08820791,0.0044449577,0.0018183698,0.09257692,0.0901142,0.08099838,0.035098176,0.09225951,0.012607018,0.0055064643,0.0032030116,0.011928584,0.0055864244,0.06649542,0.013942068,0.09082334,0.0031308166,0.08839058,0.020396186,0.08271352,0.014433689,0.027718311,0.03858679,0.029019339
0.059627183,0.018018156,0.0073035383,0.07663904,0.066047184,0.06438086,0.0466806,0.06529477,0.023373023,0.015070011,0.0133098895,0.027426744,0.011876314,0.05891069,0.025705786,0.055695295,0.007817827,0.07265158,0.057946306,0.06465591,0.050439004,0.048707813,0.0451812,0.017241227
0.053836726,0.022765305,0.010195414,0.07356433,0.058903895,0.06555017,0.060397238,0.051246002,0.022878122,0.020599091,0.018124603,0.02858815,0.015569188,0.059978332,0.028241744,0.043755066,0.011535971,0.074584626,0.05892611,0.0647574,0.059198864,0.03918599,0.042622373,0.014995294
0.074579075,0.008163764,0.0038456223,0.08355801,0.07667553,0.07243462,0.04306081,0.073670045,0.020467987,0.0076092537,0.009691785,0.026738537,0.0048088883,0.06514837,0.015548009,0.07296456,0.0043946765,0.08117001,0.04564011,0.07172515,0.035486754,0.044892073,0.042076994,0.01564937
0.0683131,0.012695886,0.004387083,0.07977655,0.07524798,0.069011085,0.035234306,0.076097816,0.021716917,0.0099140145,0.0059852,0.020886226,0.006228601,0.06137531,0.019854104,0.06992702,0.0049357195,0.07515146,0.050690208,0.06758115,0.04253743,0.050787453,0.04998684,0.021678578
0.06375136,0.017470405,0.0047811023,0.077712424,0.075215705,0.06753822,0.027590293,0.078649744,0.021427857,0.013555303,0.0038219776,0.015717609,0.008145316,0.058611233,0.025515895,0.06994147,0.0061106957,0.069444075,0.050008282,0.0657443,0.042450342,0.05132489,0.055206038,0.030265404
0.06436188,0.017668812,0.0045337165,0.07765249,0.07687003,0.06836636,0.024912097,0.08075667,0.020849597,0.0139232455,0.0028488035,0.012355631,0.008943392,0.057236902,0.02568061,0.07239506,0.006243104,0.06784821,0.046569485,0.066494286,0.040186428,0.049208395,0.05803898,0.036055844
0.07471464,0.010416042,0.0033863566,0.08211786,0.0816149,0.07656949,0.023786299,0.084923334,0.019631747,0.008757898,0.0022495582,0.008978125,0.00626134,0.057051722,0.01727512,0.080341734,0.0042422204,0.075124174,0.03272602,0.07278493,0.029932288,0.047121838,0.058985047,0.041007258
0.08605203,0.0057346295,0.0021145663,0.08897075,0.088590294,0.08570484,0.024432346,0.090820745,0.015431901,0.005479548,0.0019702534,0.0070588705,0.003946961,0.059047457,0.012636365,0.08886112,0.0031140922,0.08319516,0.016740246,0.08070459,0.018493818,0.036780324,0.054280687,0.039838463
0.060655754,0.019606277,0.009260091,0.072885334,0.07380378,0.06510033,0.009654185,0.07782483,0.040448155,0.011644577,0.00337431,0.014180606,0.010278952,0.043883447,0.035140526,0.071299985,0.010765866,0.048966922,0.046548657,0.06075214,0.03975767,0.061692707,0.06864005,0.04383493
0.055266786,0.024083694,0.011526814,0.06861587,0.071272835,0.06177369,0.016317155,0.07657532,0.041233856,0.0144704655,0.0048330864,0.015635867,0.015016495,0.044620454,0.03634013,0.06720636,0.013461303,0.05077655,0.047297433,0.059810765,0.04485529,0.052977193,0.065411486,0.04062109
0.07102525,0.009395053,0.0042175404,0.08235402,0.07515383,0.06939678,0.037294995,0.07519265,0.022740744,0.009551735,0.010890616,0.028823469,0.005911134,0.06274411,0.020635217,0.071732335,0.005245547,0.07804197,0.048137642,0.07007302,0.033328447,0.047928225,0.043759618,0.016426021
0.073362365,0.0070305117,0.0038303365,0.086929955,0.07563967,0.07126061,0.05261655,0.07547985,0.018129421,0.009430197,0.01250508,0.03013798,0.0069763693,0.0662027,0.023238156,0.07149016,0.004937444,0.08357808,0.042514797,0.0752633,0.027216226,0.036304783,0.033929914,0.011995488
0.059831236,0.012034225,0.007080473,0.08204748,0.066042066,0.06541638,0.054238215,0.06922549,0.02318752,0.013931,0.014388324,0.029553775,0.012151278,0.05747061,0.030001575,0.059037507,0.0069736945,0.077334926,0.049973678,0.070024624,0.038972203,0.044559166,0.040417038,0.016107542
0.08239243,0.0058416054,0.0029200711,0.09109027,0.085770465,0.07403427,0.0411776,0.088910654,0.015875151,0.007638384,0.0073210616,0.020597812,0.007934085,0.06041584,0.021034723,0.085978,0.0048274,0.0842296,0.02498744,0.08091371,0.016337158,0.030188171,0.03627861,0.023305485
0.06097936,0.014507011,0.007822586,0.07763623,0.06708817,0.062163852,0.04163956,0.06869882,0.028138187,0.012376875,0.0154694095,0.03265329,0.010308746,0.053766456,0.024914311,0.06302601,0.007756552,0.072427884,0.053499956,0.065471485,0.042633384,0.053020768,0.044028353,0.019972745
0.041651946,0.029001655,0.01861112,0.06360096,0.048657175,0.06257141,0.05701397,0.052596904,0.032020796,0.025982559,0.022531737,0.029556138,0.025537508,0.047807198,0.04173291,0.03985939,0.021841984,0.064747505,0.052270412,0.06322838,0.056931123,0.039447244,0.041912068,0.020887904
0.04158084,0.029522412,0.023684897,0.05701208,0.04825609,0.061888333,0.04503512,0.055391718,0.042449795,0.021478523,0.025997303,0.03252096,0.030293962,0.03949987,0.048915785,0.046053723,0.029179133,0.05303056,0.047497917,0.06262974,0.052803952,0.041160103,0.041009903,0.02310726
0.03936013,0.030630011,0.028741404,0.054287728,0.052228995,0.057459902,0.033448838,0.063206516,0.054839663,0.017721733,0.02237715,0.031618692,0.03179909,0.033697996,0.055064972,0.050793476,0.033341832,0.042795207,0.042433027,0.05897368,0.048750248,0.041860577,0.047882173,0.026686916
0.036258794,0.026224015,0.04463413,0.05824877,0.057976417,0.03617711,0.026831074,0.062510185,0.07595382,0.009641154,0.03170225,0.045971133,0.02642526,0.026355144,0.06453196,0.05206365,0.039891616,0.039163493,0.035580497,0.04335828,0.041581918,0.03956524,0.058835797,0.020518327
0.037125982,0.028712181,0.02050226,0.06837056,0.057006314,0.05973679,0.049149666,0.06531696,0.046690404,0.019009179,0.010494502,0.024631167,0.017938895,0.04702803,0.051577553,0.038532227,0.019555425,0.059642762,0.046573162,0.059397586,0.056625094,0.04274473,0.05563684,0.018001767
0.04876809,0.0274224,0.0068015545,0.072956316,0.06979732,0.067074575,0.032377027,0.07477665,0.023993982,0.019596564,0.0022550859,0.011467994,0.007822661,0.05768221,0.033883117,0.053068202,0.0073112315,0.06363956,0.054544933,0.061408605,0.057664797,0.05628311,0.061886013,0.027518006
0.064728476,0.015924226,0.0042204494,0.07965853,0.07735471,0.0702272,0.029065873,0.07963616,0.020722592,0.013611569,0.0033800486,0.016570427,0.004576968,0.06525715,0.026709009,0.067987934,0.00618598,0.071334474,0.04681266,0.06806302,0.040080126,0.049327012,0.056131907,0.022433508
0.06514373,0.014670869,0.004161593,0.08320832,0.07906427,0.07256634,0.04682765,0.08085269,0.015671166,0.01608346,0.0037783324,0.015661566,0.0047184154,0.071021184,0.029284239,0.061110053,0.0071267174,0.077000044,0.041233793,0.07191368,0.038381364,0.034047503,0.051796325,0.0146767115
0.06294043,0.014950023,0.0043477053,0.082870625,0.07757281,0.071941905,0.04625277,0.08120963,0.015642362,0.01576711,0.0030841567,0.013120699,0.0065689264,0.06786064,0.030947285,0.06193042,0.0063822055,0.076245904,0.042483054,0.07135635,0.039300937,0.036762595,0.05246631,0.017995123
0.05310582,0.023077687,0.0061068735,0.074441314,0.07175869,0.06696377,0.019214466,0.07722256,0.024623139,0.017727675,0.0019544007,0.01050402,0.011572785,0.05455325,0.036004122,0.06638924,0.006940052,0.060580526,0.050705772,0.063776106,0.04302504,0.05776755,0.06104526,0.040939875
0.06774701,0.011703981,0.0037766034,0.08116886,0.07890181,0.070445284,0.015329238,0.08260261,0.02297541,0.009987171,0.0015607135,0.010346698,0.008709652,0.057075623,0.029949518,0.07808395,0.004293846,0.068779826,0.040136997,0.06970407,0.024974674,0.056686923,0.06069095,0.044368625
0.065626286,0.011176498,0.004444273,0.080103494,0.07750141,0.0684338,0.0112060625,0.08086706,0.029906414,0.009398971,0.0020908932,0.01425998,0.007892117,0.056747433,0.034188118,0.07680503,0.004741187,0.066665016,0.04264476,0.068957806,0.021448664,0.06105295,0.062381953,0.041459866
0.053335004,0.01761144,0.012999672,0.075461626,0.07288177,0.059850305,0.007520063,0.07720079,0.053205382,0.009406009,0.0024003072,0.014322013,0.015891625,0.044347316,0.0486552,0.07142505,0.010232165,0.051031735,0.040092066,0.06465655,0.022755548,0.059450824,0.06978054,0.045486964
0.03452768,0.0368698,0.04661778,0.06474879,0.068911016,0.04414354,0.004348978,0.07354952,0.06903716,0.012729649,0.0026957472,0.011212419,0.03294499,0.029596645,0.064504266,0.05848446,0.0379032,0.014328092,0.031803206,0.056569874,0.027643405,0.053882368,0.072705984,0.050241444
0.033739578,0.041838665,0.055882264,0.06158805,0.0690651,0.040902168,0.0025557014,0.072302125,0.07009629,0.011531843,0.0021013392,0.008751235,0.038175084,0.02414703,0.067272976,0.056002956,0.04678447,0.005724292,0.027919658,0.053227123,0.026673742,0.056927208,0.07196549,0.054825686
0.032214012,0.04285979,0.056359366,0.059232652,0.070302136,0.029586041,0.003779139,0.07343007,0.07252898,0.008723836,0.0034796281,0.016169237,0.036202334,0.027499989,0.06746829,0.061223622,0.04474601,0.010639852,0.029527798,0.04900471,0.028327586,0.05186058,0.07260607,0.05222823
0.026423922,0.040541388,0.06543606,0.05840241,0.07261205,0.015230236,0.006750235,0.075122215,0.07685152,0.005385581,0.00992717,0.037870985,0.02318588,0.026994534,0.07103404,0.062561974,0.04840336,0.0169984,0.02938456,0.03139483,0.03344955,0.047890067,0.07537834,0.042770717
0.027341822,0.03790123,0.07486386,0.054891758,0.073938824,0.002837397,0.003388271,0.07127168,0.07744454,0.001946873,0.043778453,0.06475562,0.023853099,0.016623164,0.0745049,0.06548664,0.06432371,0.009269741,0.02193176,0.012935363,0.020965701,0.04432963,0.07631189,0.035104122
0.021628775,0.040204745,0.07793234,0.053962443,0.07566866,0.00094465865,0.005384535,0.059722975,0.07960402,0.0019285366,0.060436394,0.073339544,0.0133834565,0.01723533,0.076655895,0.06090815,0.06739906,0.01210424,0.022606064,0.0047985082,0.02370347,0.04389133,0.07841095,0.028145894
0.021738697,0.036535583,0.06432955,0.06168177,0.070237756,0.010233296,0.031048598,0.05795179,0.07933407,0.0069276365,0.023754688,0.054706268,0.009364391,0.03771642,0.06788237,0.044463046,0.038566872,0.041678246,0.0364118,0.018143142,0.047409624,0.041859917,0.07506612,0.022958389
0.024138529,0.037303347,0.06562283,0.06096679,0.07242437,0.011560908,0.016137296,0.07012943,0.077386685,0.004705591,0.015056921,0.047182623,0.015527859,0.035819728,0.068853326,0.05736205,0.041164473,0.029695272,0.032949474,0.025206704,0.039690994,0.041405957,0.075362206,0.034346618
0.026987042,0.03801656,0.07721329,0.05149957,0.07560855,0.0005486248,0.002326557,0.06340072,0.078066535,0.001076807,0.0666582,0.07345046,0.022344492,0.013322314,0.076118335,0.068213664,0.07026659,0.007057956,0.01921134,0.0042492854,0.01410601,0.03875858,0.07727754,0.034220904
0.033471256,0.038130697,0.07734221,0.049089644,0.07573432,0.00026128668,0.0013111056,0.061979257,0.07781653,0.00077922485,0.0735394,0.07506961,0.027405212,0.008494217,0.07668837,0.0681752,0.073396355,0.0034172558,0.015552622,0.002622213,0.009310468,0.042348936,0.07697426,0.031090353
0.03450301,0.038309664,0.07720278,0.050022475,0.07565078,0.0002847835,0.001484587,0.06290235,0.07774397,0.0008412256,0.073107764,0.07467764,0.025959114,0.008366018,0.07667382,0.06640781,0.07295579,0.0032279687,0.015567365,0.0025423432,0.0100646755,0.04499995,0.07678847,0.029715633
