0,1,2,3,4,5,6,7,8,9,10,11,12,13,14,15,16,17,18,19,20,21,22,23
0.0430678,0.041687746,0.040757038,0.0418193,0.041104652,0.042272747,0.040475108,0.042722758,0.04210124,0.04291052,0.040716235,0.041109618,0.04394993,0.041125037,0.04145772,0.042817432,0.040290862,0.04103667,0.041383304,0.039583586,0.04131612,0.042792704,0.041829105,0.041672744
0.04257709,0.0415935,0.040859863,0.0414891,0.04167077,0.04228135,0.040577702,0.042622894,0.042002667,0.042729862,0.04100361,0.04124398,0.04415469,0.041169364,0.041398913,0.04335842,0.039962173,0.041228566,0.041137643,0.039277453,0.04116676,0.043110687,0.041459125,0.04192384
0.042165894,0.041759353,0.040828146,0.041520625,0.04178615,0.04215063,0.040596537,0.042226624,0.04138483,0.043227937,0.0410045,0.040950064,0.044259407,0.04069628,0.041779004,0.043386415,0.040059034,0.041468747,0.041030787,0.039196752,0.04123184,0.043064345,0.04209029,0.042135783
0.04257037,0.042157296,0.040926635,0.041369114,0.041248307,0.04233304,0.04113736,0.041775037,0.04179915,0.043117847,0.04100917,0.0419921,0.043766562,0.0400844,0.041461077,0.043073446,0.040290598,0.041333918,0.041542526,0.038882483,0.041306954,0.04297057,0.04177408,0.042078
0.04304092,0.04164378,0.040355306,0.041550502,0.04156738,0.04218477,0.04124646,0.04135029,0.041769877,0.04267489,0.041176695,0.041631218,0.044259947,0.04033103,0.041172132,0.043565407,0.040244605,0.041284498,0.041481882,0.03911504,0.041523207,0.043195516,0.042109396,0.041525245
0.043472953,0.04162207,0.039965544,0.041412372,0.04194694,0.041833356,0.040898394,0.04158859,0.041425895,0.042775307,0.041134503,0.041130204,0.044335656,0.040083308,0.041247398,0.043515686,0.040633745,0.04159191,0.041466568,0.039915297,0.041404556,0.0430335,0.042370293,0.04119596
0.042759508,0.041875917,0.040220615,0.040593706,0.04186919,0.041531723,0.04108641,0.04173007,0.042109843,0.042913597,0.041009095,0.04142435,0.044638216,0.04026559,0.041196465,0.043211155,0.040588353,0.041572943,0.041351598,0.039672233,0.04187443,0.042880967,0.04201853,0.041605543
0.041897718,0.041803893,0.04002039,0.040614102,0.04203783,0.04227496,0.04122935,0.04071147,0.042030822,0.043292128,0.041582707,0.04194961,0.044701427,0.039799284,0.04143593,0.042895067,0.04060691,0.041403048,0.041661114,0.040015135,0.041524004,0.04300913,0.041638855,0.04186515
0.042053852,0.04138168,0.0399536,0.041066807,0.041617516,0.04266622,0.04169577,0.040354677,0.042065073,0.04273911,0.041376125,0.042064734,0.0443902,0.039682154,0.041653473,0.043016087,0.04060437,0.04130152,0.041658904,0.040273957,0.041957255,0.043300502,0.04117635,0.041950006
0.04254755,0.041878063,0.040521074,0.04098174,0.041042287,0.042566113,0.041333154,0.040741708,0.042297598,0.042324543,0.041081168,0.04197411,0.04472411,0.039898545,0.04116937,0.04355431,0.040610254,0.041224945,0.04166384,0.039895903,0.0419807,0.04372277,0.0409579,0.04130821
0.042498194,0.042006478,0.040570386,0.040763978,0.0414094,0.042532228,0.041047014,0.040784914,0.042491924,0.042794175,0.04127183,0.041681517,0.04507503,0.040008847,0.040711936,0.04327642,0.04048911,0.041454267,0.04129219,0.03989254,0.042010345,0.043557495,0.041057203,0.041322578
0.042986494,0.041036103,0.04129571,0.040413592,0.042393737,0.041940887,0.040188625,0.04060482,0.04251202,0.042918574,0.042436447,0.042393494,0.043527655,0.03982764,0.041813597,0.042690974,0.04110394,0.04154088,0.041912414,0.039700184,0.042500146,0.042858273,0.0404694,0.040934388
0.043142583,0.0406564,0.041960333,0.03928743,0.041553672,0.041332185,0.04001944,0.041711897,0.042082783,0.043201864,0.042330313,0.04231092,0.043111064,0.04040506,0.042270016,0.042289887,0.041381158,0.040716145,0.04413846,0.039382834,0.042372197,0.04262006,0.041204095,0.040519133
0.042507038,0.04172096,0.040685926,0.03872552,0.04151571,0.0429576,0.04095672,0.040598027,0.042262714,0.042627618,0.043014284,0.043440077,0.043793652,0.04038935,0.041125488,0.041836187,0.040692233,0.03940973,0.043367848,0.041086245,0.042275254,0.042750824,0.04108544,0.041175507
0.041451994,0.04207865,0.040140785,0.039404802,0.04164457,0.04408491,0.040164173,0.04184161,0.041964527,0.043558996,0.041825034,0.0420626,0.04400639,0.04040978,0.04032962,0.04217312,0.041186623,0.040779803,0.043409947,0.040997203,0.040746845,0.043397706,0.04183729,0.040503006
0.040904894,0.04134189,0.041004177,0.03964949,0.04229011,0.043282997,0.04002561,0.041421264,0.042717785,0.043099895,0.04159814,0.042676553,0.042909727,0.04135266,0.040693764,0.041927505,0.040076125,0.041593727,0.042621035,0.04049418,0.042140316,0.04357197,0.041102894,0.0415033
0.042658392,0.040279098,0.040447086,0.038759064,0.042646505,0.04193085,0.041314907,0.03932611,0.042547673,0.042432986,0.04256964,0.04449548,0.043554306,0.04164697,0.041502703,0.04189283,0.04071585,0.040721927,0.041687384,0.039269805,0.04266657,0.04423864,0.040554315,0.04214087
0.042690586,0.04115666,0.04005842,0.03955581,0.041176457,0.042196285,0.04243451,0.042188507,0.041857384,0.042188965,0.042575844,0.042868484,0.041376024,0.041382216,0.04078915,0.04276104,0.042249884,0.039624307,0.04257084,0.039442327,0.041500594,0.04355422,0.041584153,0.0422173
0.042853616,0.03990055,0.03941381,0.03985178,0.041618597,0.041610904,0.04066161,0.041786395,0.04352014,0.044283003,0.04171528,0.04229705,0.044571,0.04220497,0.04039103,0.04274609,0.040589724,0.041047808,0.04167133,0.039419137,0.041234814,0.044363942,0.040343415,0.04190404
0.042325743,0.03919581,0.040556476,0.040619697,0.041289527,0.04223778,0.04018594,0.042475767,0.04322334,0.04363674,0.041958988,0.04190163,0.042925093,0.042241726,0.04206374,0.04130119,0.039838824,0.04272129,0.041824855,0.038747877,0.042624205,0.04343981,0.04060362,0.042060327
0.042652395,0.0404835,0.040154777,0.040299337,0.041549444,0.04253594,0.040510938,0.041159112,0.042144407,0.043440085,0.042484805,0.041948516,0.042692106,0.041337192,0.042494945,0.040963385,0.0404181,0.04365093,0.04229626,0.038603254,0.04212757,0.044086184,0.03994473,0.042022035
0.041471973,0.041932706,0.039985504,0.039331935,0.040641136,0.04375178,0.04160891,0.038059693,0.041702975,0.04246944,0.043979373,0.04236952,0.04410872,0.04088459,0.041385602,0.040626936,0.040973738,0.043030277,0.04371613,0.039731972,0.041568827,0.044994928,0.040802825,0.040870525
0.042387664,0.041778237,0.039297137,0.041639827,0.04070584,0.043726783,0.04207465,0.038584154,0.04175603,0.04211721,0.04456909,0.041789412,0.044007495,0.04102522,0.042000156,0.04081997,0.041094363,0.0416698,0.04362914,0.038263075,0.042219635,0.042884547,0.041412994,0.040547628
0.0432727,0.04230312,0.03943317,0.03968714,0.041265428,0.043984324,0.04266678,0.039532475,0.042936232,0.043423776,0.04299955,0.043048322,0.043505732,0.03986705,0.04090991,0.042281926,0.04069025,0.040961925,0.041198455,0.038314827,0.0419096,0.04345813,0.040301405,0.0420478
0.043377772,0.04153544,0.04027879,0.037417177,0.04199983,0.04341789,0.042841434,0.039932586,0.042492125,0.043687664,0.04163226,0.041887026,0.043392543,0.039947286,0.040585402,0.04346629,0.0411632,0.041040394,0.041045614,0.039437354,0.04214209,0.044035118,0.040903255,0.042341474
0.04199903,0.042406984,0.040707324,0.037316028,0.04083849,0.042952232,0.041639537,0.04171746,0.04256774,0.04345423,0.042227883,0.041392647,0.043458525,0.041131243,0.040792614,0.042883735,0.041467246,0.041425202,0.041204616,0.038403742,0.042611696,0.04211921,0.04393926,0.04134337
0.041153833,0.041573275,0.04111362,0.038412824,0.04134829,0.04184624,0.04054718,0.041288733,0.043475054,0.042424314,0.04287411,0.041787915,0.04348153,0.041504912,0.04013623,0.04266513,0.041635253,0.041131213,0.04185885,0.03841176,0.041246735,0.042297304,0.04452102,0.043264695
0.041724037,0.041171715,0.039209504,0.04066871,0.041581165,0.043120027,0.04096535,0.039725993,0.043021087,0.043264195,0.041911677,0.04345717,0.04306724,0.039758254,0.040260237,0.043594256,0.042442616,0.040558863,0.041449122,0.039158195,0.041110527,0.04541889,0.041315984,0.042045202
0.041046925,0.041875754,0.039324798,0.039866604,0.041581932,0.04398461,0.041022386,0.03797332,0.042054255,0.042856477,0.04218528,0.043402832,0.044551432,0.039453138,0.04095594,0.04267571,0.040918294,0.041457754,0.041991126,0.04030732,0.04148121,0.04613155,0.04142459,0.041476775
0.042331118,0.039759412,0.039981,0.040762067,0.04157149,0.044517454,0.041181598,0.036802765,0.041187275,0.0423666,0.043275826,0.042887267,0.0451948,0.04037372,0.041379698,0.041754477,0.040825624,0.041860055,0.040577877,0.03945414,0.04248779,0.045055773,0.04138962,0.043022532
0.042099033,0.040307768,0.039020758,0.040244173,0.04150076,0.04296368,0.041224796,0.039386526,0.042719856,0.04329352,0.044533048,0.04294388,0.042567655,0.040488474,0.041477025,0.04202696,0.041000385,0.041647647,0.04190542,0.03828054,0.042075466,0.04424112,0.04121174,0.042839777
0.040696543,0.042025868,0.039041597,0.04036474,0.040615194,0.04384445,0.041446522,0.04002506,0.04216575,0.042374007,0.04445504,0.042887952,0.04281281,0.041072976,0.041291054,0.04194724,0.03956272,0.042033006,0.04125015,0.038143393,0.0420302,0.04501985,0.04181772,0.04307616
0.040039852,0.041539934,0.039774258,0.040224396,0.041510925,0.04336022,0.04024476,0.041130863,0.04205485,0.042751227,0.042372297,0.041912533,0.04367396,0.041675057,0.04097298,0.042397022,0.040123735,0.04118179,0.041357398,0.039358,0.04286887,0.044351738,0.042696122,0.042427205
0.040699724,0.041749816,0.038933527,0.040183485,0.041315783,0.042613264,0.04052169,0.03919209,0.042930707,0.043629892,0.041518666,0.043965366,0.043646097,0.040209144,0.042105444,0.042003907,0.04101191,0.039986227,0.04239491,0.039446134,0.043178562,0.043641966,0.042793974,0.04232768
0.041389596,0.040052302,0.037766203,0.0410321,0.04034887,0.042262826,0.042082924,0.038562223,0.042735934,0.043326754,0.040745806,0.045288123,0.044062003,0.039608758,0.042407066,0.041864198,0.04183678,0.040482823,0.04151723,0.04041041,0.04334227,0.044419732,0.04251656,0.041938573
0.040131874,0.040355004,0.038138155,0.04132994,0.04026718,0.041902497,0.042624634,0.040007476,0.042020958,0.04333878,0.04021049,0.04463707,0.044014648,0.04079346,0.04085261,0.042577,0.04243213,0.041101962,0.0411584,0.040430494,0.04247805,0.044870988,0.04273622,0.04159001
0.040642284,0.041446704,0.039014164,0.041016098,0.040780332,0.043480054,0.04277907,0.03898319,0.041474886,0.043262348,0.040497497,0.044763062,0.04465073,0.04112987,0.040646087,0.04149267,0.041463353,0.041378308,0.041212995,0.039493963,0.042202532,0.044933353,0.04220141,0.041055042
0.041820113,0.040783856,0.04025718,0.038720198,0.039684102,0.04262904,0.041035403,0.03784085,0.04285781,0.041971017,0.04149018,0.044317365,0.045711096,0.041075535,0.039358824,0.042933326,0.04257189,0.04149536,0.0412261,0.039261527,0.041779492,0.047451712,0.042306487,0.041421533
0.041035157,0.04134805,0.04036309,0.03871759,0.040304646,0.042477004,0.040743332,0.039101638,0.042736653,0.042358033,0.04191987,0.043336704,0.044922285,0.04132504,0.039325938,0.04319477,0.04194946,0.040919617,0.041394096,0.03911967,0.04344134,0.046509773,0.04181815,0.041638054
0.04075645,0.041145056,0.040521603,0.039855126,0.04143648,0.042306464,0.041425448,0.038927395,0.04193334,0.04448829,0.041468818,0.04451377,0.043932516,0.040176675,0.040098414,0.041463565,0.040860757,0.04101721,0.04104845,0.038744614,0.04237165,0.0472813,0.042525675,0.041700974
0.041276384,0.040908594,0.039471228,0.038894046,0.040646292,0.04219178,0.041498285,0.03894341,0.041744016,0.044506356,0.040768646,0.044709183,0.043530393,0.04025505,0.039954886,0.042925432,0.0431291,0.04174807,0.041075807,0.03813899,0.04053471,0.04821452,0.043530557,0.041404195
0.039573256,0.040828783,0.03925684,0.03788549,0.041354015,0.043938037,0.0417401,0.03738857,0.041831765,0.043560877,0.042103328,0.04341119,0.04307487,0.041090176,0.04104689,0.043430563,0.04342744,0.041683733,0.04100854,0.03822807,0.041484248,0.04731164,0.04309286,0.042248767
0.039152864,0.040135432,0.039541747,0.038764533,0.04096071,0.045490738,0.042627804,0.03649827,0.041582268,0.04269418,0.042588376,0.04345017,0.043123763,0.040297654,0.040574513,0.04357747,0.042764112,0.041644074,0.04171368,0.038316973,0.043094043,0.04651126,0.042761844,0.04213351
0.041686635,0.041286245,0.038240887,0.04054297,0.0405867,0.044497997,0.042968273,0.038525056,0.042880356,0.04259002,0.041180573,0.04450366,0.04175589,0.03964197,0.041120928,0.0420147,0.041959554,0.04172611,0.040981878,0.03846777,0.04280383,0.04405984,0.043717783,0.04226033
0.042194102,0.04127646,0.037468262,0.040960584,0.040869556,0.045428928,0.043672994,0.037376836,0.043018963,0.04374954,0.042453878,0.045076583,0.041186996,0.038875267,0.04004325,0.042727474,0.042612758,0.041967414,0.039622344,0.038346026,0.041554883,0.042649344,0.045051802,0.041815743
0.041416854,0.041679516,0.037960604,0.0388677,0.042562686,0.04576627,0.04292594,0.0366098,0.04176623,0.044926587,0.042795215,0.04397186,0.041808635,0.039982956,0.04075599,0.04253995,0.042975765,0.04184739,0.03925692,0.03728597,0.041400585,0.045666806,0.044472054,0.04075773
0.0420129,0.04043358,0.038443968,0.03929773,0.0427194,0.0442106,0.039534345,0.036912534,0.043843452,0.044992663,0.04135289,0.04579887,0.041828025,0.039865173,0.04130953,0.04161816,0.043194585,0.041490924,0.04042684,0.037783336,0.04224842,0.046809297,0.042495634,0.041377187
0.04034519,0.03974587,0.03955801,0.038840428,0.04026455,0.04437041,0.0410021,0.036037117,0.043272372,0.044334814,0.040039003,0.04619955,0.044967238,0.038800273,0.040679503,0.042305835,0.043978024,0.041351568,0.040740192,0.039007362,0.042022835,0.047719352,0.04281979,0.041598577
0.039779935,0.038963873,0.038061496,0.03838436,0.04220102,0.042857245,0.044033576,0.037019342,0.042956002,0.045458853,0.04049257,0.0443234,0.04627736,0.038884725,0.041600473,0.04356461,0.042187203,0.040141195,0.040342674,0.038516477,0.042680968,0.04573869,0.04351038,0.042023506
0.040226437,0.038222082,0.039538335,0.03934705,0.043819465,0.042663768,0.042024124,0.036944237,0.042346682,0.045387276,0.042631377,0.04361907,0.045881927,0.041778967,0.040895168,0.042403974,0.04134387,0.04105352,0.041518643,0.036979713,0.042927798,0.044317123,0.042304624,0.041824747
0.03890968,0.037935875,0.039981246,0.03798642,0.043495867,0.041815754,0.041140813,0.037038364,0.042134166,0.04422309,0.04266578,0.044243064,0.04568677,0.041465912,0.040741894,0.042381298,0.041634925,0.04208595,0.04222886,0.037726283,0.04249248,0.048228994,0.04265877,0.041097756
0.03945327,0.03940918,0.038548395,0.03860616,0.04344186,0.043004185,0.041172072,0.038499363,0.041373864,0.044028517,0.042313457,0.045463562,0.042894974,0.039505832,0.039725963,0.04239254,0.041755315,0.041988097,0.041535348,0.039202094,0.043273654,0.04612422,0.043936294,0.042351693
0.039444365,0.041502174,0.040216267,0.03796222,0.043082356,0.04309896,0.041179717,0.035868373,0.041786924,0.043831065,0.04327124,0.0449168,0.04267048,0.039369676,0.040074732,0.04201583,0.04305997,0.04138065,0.041232202,0.04004728,0.042156115,0.04630465,0.043712907,0.04181507
0.036575485,0.040394258,0.041995775,0.03712809,0.042482283,0.04260165,0.042428844,0.035285346,0.040866796,0.0441002,0.044566527,0.045203045,0.043149322,0.041298192,0.040983155,0.041109465,0.042001147,0.041559614,0.04193948,0.038340203,0.041686885,0.046291653,0.0457787,0.042233832
0.03835663,0.039194543,0.03997952,0.036678296,0.043318946,0.040386446,0.04049877,0.037213173,0.041738953,0.04412988,0.04334544,0.04649838,0.041818146,0.041344088,0.041765846,0.041286573,0.043410376,0.04081059,0.043370336,0.038493756,0.041697543,0.046529733,0.045212116,0.042921923
0.038731746,0.04061388,0.041259576,0.035690088,0.040407483,0.040255554,0.042004522,0.037068084,0.043384638,0.043653905,0.041880194,0.0460304,0.041880876,0.04146701,0.041089512,0.043214615,0.044622984,0.04022234,0.04238864,0.039063174,0.042503346,0.04706935,0.044376936,0.04112115
0.04019056,0.04053816,0.04033926,0.035894137,0.039005417,0.040811244,0.043009885,0.036935154,0.043250002,0.04378923,0.042235106,0.04486423,0.044329852,0.042005252,0.04270508,0.042243287,0.04453092,0.040979393,0.040784277,0.03929466,0.043664813,0.045493368,0.042759243,0.040347457
0.041502323,0.040084712,0.03849043,0.035646472,0.03891479,0.04051508,0.04456631,0.037027244,0.04145916,0.042967334,0.042164326,0.04513954,0.04503872,0.04249791,0.04140248,0.04146983,0.044173643,0.04166522,0.041169375,0.04051461,0.042455107,0.045105428,0.044156834,0.04187313
0.038230494,0.040680483,0.038800366,0.037680086,0.039481327,0.041469954,0.043188192,0.035592433,0.04057265,0.042147662,0.04324632,0.043386918,0.043949287,0.041019097,0.040140335,0.042569675,0.044789467,0.042606115,0.04374271,0.041035924,0.041387025,0.04673365,0.044656616,0.042893283
0.037502397,0.03872199,0.036779914,0.037611715,0.04091896,0.041408237,0.042728975,0.036043536,0.040219024,0.041343175,0.044349838,0.043661993,0.044864632,0.039189275,0.041631337,0.043973878,0.044295296,0.04245182,0.04321392,0.041543826,0.04120208,0.04895553,0.04347652,0.043912176
0.040504355,0.039432313,0.03732259,0.0365218,0.040340144,0.041844793,0.042872865,0.03612779,0.039754614,0.041201696,0.04411772,0.044486854,0.044885177,0.039097134,0.041496906,0.04257628,0.046226054,0.04167765,0.040516827,0.039445467,0.04170942,0.049404405,0.045354325,0.04308275
0.039720353,0.03853573,0.03807232,0.03801186,0.040658254,0.045109227,0.04227363,0.035706263,0.0402673,0.04201847,0.04269765,0.0461718,0.044693667,0.038795073,0.03999877,0.043309078,0.046059508,0.040996123,0.04011041,0.03807592,0.043681737,0.049132045,0.04393204,0.04197277
0.039208807,0.038861685,0.038193412,0.036629304,0.040710166,0.044263575,0.041980866,0.03565822,0.04097111,0.04230543,0.042080164,0.0467302,0.04561803,0.03919884,0.040498044,0.041885693,0.04493177,0.042419318,0.041364122,0.038803868,0.043121457,0.047369476,0.043436695,0.043759756
0.041494865,0.039497104,0.037123125,0.037971772,0.04216587,0.044419333,0.042260304,0.035572402,0.04045335,0.043751035,0.04069261,0.04420654,0.046071436,0.036756996,0.04056951,0.043895278,0.04567335,0.04291237,0.04168846,0.038711745,0.041731752,0.045738194,0.04356873,0.043073837
0.04172646,0.040528093,0.037010446,0.037799377,0.04077471,0.044004712,0.042971283,0.036011957,0.0403947,0.04440519,0.03838144,0.04519384,0.044670507,0.037009906,0.03888395,0.045346744,0.046757095,0.042097084,0.040045332,0.039028127,0.04158496,0.0478303,0.04583879,0.04170501
0.04244419,0.039849173,0.0382975,0.036400273,0.041464116,0.041199423,0.041803524,0.03602697,0.041164994,0.043806333,0.038924217,0.04643685,0.045191165,0.03769815,0.040479954,0.044099122,0.045692544,0.042519934,0.039384406,0.039335027,0.04166988,0.04886218,0.04456068,0.042689368
0.042043053,0.040091116,0.038217936,0.03597703,0.043072987,0.040513936,0.040323183,0.035713315,0.04276522,0.04537679,0.04055397,0.046389293,0.04521131,0.0373884,0.03888768,0.044262342,0.045338415,0.042441495,0.03813079,0.03878163,0.04122877,0.049656145,0.045044288,0.042590898
0.041427273,0.039324652,0.03592869,0.03589835,0.04442773,0.04249285,0.04166066,0.034821164,0.04378055,0.043508183,0.041785363,0.047730796,0.042781245,0.037012614,0.0382252,0.043484036,0.045928344,0.043187194,0.03848873,0.038857218,0.040730596,0.050601725,0.044874597,0.043042257
0.040555246,0.038656965,0.034896735,0.036298517,0.04367989,0.042194035,0.041095737,0.03402191,0.04345812,0.042845972,0.04124923,0.046857636,0.044835784,0.037645046,0.042010378,0.04293472,0.04678044,0.043800782,0.041083727,0.038509782,0.041668467,0.04900365,0.04275704,0.043160208
0.039458856,0.03865528,0.03572443,0.036343854,0.043511182,0.042684056,0.040040094,0.03469389,0.04237133,0.043378066,0.04123256,0.048113864,0.045402355,0.038462963,0.040453747,0.042261366,0.045234717,0.04262659,0.042833753,0.038923595,0.043544486,0.047891207,0.044239532,0.041918233
0.03914837,0.039672907,0.037897147,0.038477913,0.04292714,0.04280923,0.040377874,0.033850346,0.044123974,0.040904675,0.04151654,0.04735622,0.04566836,0.038583837,0.038928345,0.04300235,0.045428257,0.041913774,0.043124918,0.03983462,0.042453792,0.048214987,0.042389248,0.04139517
0.038668625,0.0383453,0.037860576,0.039420653,0.044040255,0.04223004,0.040696047,0.033083953,0.043714594,0.04156954,0.042131215,0.047949377,0.04598005,0.036669154,0.038615424,0.04352843,0.045982957,0.042754162,0.04235284,0.040071253,0.039806396,0.0485478,0.04330826,0.042673133
0.038695462,0.038574602,0.037771996,0.037983336,0.042844176,0.04382351,0.04147029,0.034526322,0.041609745,0.042374734,0.04360032,0.049029864,0.045086697,0.037397917,0.038100712,0.041580196,0.046529923,0.04180748,0.041149214,0.03963635,0.040083636,0.048574373,0.046155147,0.04159392
0.03818006,0.038595855,0.038305275,0.036074735,0.0440548,0.04354038,0.04061704,0.03569227,0.041241392,0.04283324,0.04198951,0.04842182,0.04622838,0.037790768,0.03926445,0.04216696,0.047281034,0.043084696,0.038572572,0.03846307,0.041520387,0.04926804,0.0457286,0.04108461
0.04072848,0.03785632,0.038739413,0.034715876,0.04424709,0.04153619,0.04069533,0.034218866,0.041887254,0.043386087,0.041493755,0.049694296,0.0462068,0.036068946,0.03906978,0.04278935,0.046102326,0.04328464,0.039345663,0.038592156,0.04186823,0.04972591,0.04438187,0.043365385
0.041569095,0.037856117,0.040184114,0.034039322,0.042104416,0.040572383,0.04309328,0.032656297,0.043855324,0.041876704,0.04247654,0.04930636,0.047787484,0.035667196,0.038704205,0.04226395,0.046075635,0.041300736,0.040136434,0.03911371,0.042467922,0.051139507,0.043941334,0.041811913
0.03964602,0.037451763,0.038609013,0.035667207,0.042318054,0.040536918,0.044372287,0.033321965,0.04517593,0.043724403,0.041048236,0.048468206,0.048274726,0.036351003,0.039246585,0.044053037,0.043843757,0.041657623,0.04036347,0.03902391,0.041970205,0.051235754,0.042395998,0.041243922
0.039348185,0.03715737,0.03844856,0.036790654,0.043223467,0.041644353,0.043713048,0.033719946,0.044606645,0.04432153,0.042145584,0.04655635,0.046846006,0.03838977,0.038573705,0.044779263,0.043567147,0.041772358,0.0400504,0.03854145,0.041118912,0.05126853,0.040796958,0.042619757
0.039175835,0.039237794,0.040032677,0.03560324,0.043169964,0.043131758,0.044707585,0.032862853,0.04388672,0.044605207,0.043080363,0.04708017,0.04785662,0.038215853,0.03852398,0.04243784,0.045215055,0.04288331,0.038504962,0.036375828,0.041689422,0.048940837,0.041591205,0.04119091
0.03931093,0.04008462,0.040620003,0.034702174,0.043421537,0.042314045,0.043493636,0.032951523,0.04537006,0.04423362,0.042059217,0.046141125,0.04733804,0.039128695,0.040416673,0.041858796,0.043241706,0.043900643,0.039128255,0.037228238,0.04318601,0.047963597,0.04115169,0.040755168
0.039874215,0.038166836,0.040258154,0.035176966,0.04379132,0.040786546,0.04222613,0.03201736,0.04492508,0.044373553,0.04233413,0.04590654,0.046948537,0.036952488,0.040179014,0.043622147,0.042346586,0.04360127,0.041494384,0.039815433,0.041844934,0.050970796,0.04057398,0.04181354
0.039084896,0.037686072,0.03916563,0.035852797,0.042573318,0.041340876,0.0434228,0.034010157,0.044189338,0.043604225,0.042120323,0.048305973,0.04688294,0.03628925,0.039402757,0.04282115,0.04351524,0.043087658,0.041786175,0.037741546,0.042049937,0.050120573,0.042972606,0.041973826
0.03965519,0.037421238,0.03964587,0.035140608,0.04318165,0.040812325,0.043968372,0.03421618,0.046007335,0.04120196,0.041941814,0.04960828,0.046695482,0.036685936,0.040653512,0.042214524,0.042835634,0.042926703,0.040866807,0.037927393,0.042536717,0.04999333,0.041916143,0.041947078
0.041337498,0.037989262,0.040299173,0.03462687,0.04311663,0.04080612,0.045043875,0.034251615,0.0440017,0.041379757,0.044066478,0.047837008,0.047263127,0.035783265,0.03988754,0.04267281,0.04412209,0.041459955,0.04006581,0.038458426,0.040463958,0.049652666,0.042001184,0.043413207
0.040422812,0.039202895,0.03947383,0.03302607,0.043144383,0.040494334,0.045087736,0.035391595,0.043428764,0.04043446,0.045945723,0.04929879,0.047015358,0.036847107,0.03740188,0.04298595,0.046224847,0.039369084,0.039907634,0.03732693,0.039561346,0.049237005,0.044676345,0.044095114
0.03765026,0.037808187,0.038962778,0.034077656,0.04305882,0.037964866,0.04465019,0.03543806,0.042608935,0.04140051,0.043480426,0.048728596,0.047120363,0.037330065,0.039570272,0.042688455,0.046966966,0.0394511,0.040936332,0.037723865,0.04012765,0.051141325,0.04519384,0.04592053
0.036220238,0.037205126,0.039233156,0.034288432,0.045013882,0.03801499,0.043902706,0.03287285,0.04365021,0.042989567,0.043563366,0.04695998,0.046631545,0.037458435,0.04078414,0.04167511,0.045375884,0.040851332,0.042351022,0.036877286,0.040955294,0.05167581,0.044854864,0.04659479
0.0371953,0.03879231,0.038153183,0.032830928,0.042879682,0.040516987,0.044582285,0.032553118,0.044407636,0.04104916,0.04582232,0.046605382,0.04662428,0.037268493,0.04060812,0.04228385,0.045724135,0.039749835,0.0420794,0.035757083,0.04356588,0.050789397,0.04627061,0.043890666
0.03803861,0.039981388,0.036979347,0.032588314,0.042563986,0.040944304,0.044293866,0.031960987,0.04253017,0.040270016,0.04606196,0.049188573,0.0465027,0.037401292,0.041665535,0.04086303,0.044930108,0.039528985,0.042099845,0.035237826,0.046095423,0.049728207,0.04607668,0.04446885
0.0371649,0.039605014,0.03918125,0.03277443,0.04259829,0.041472036,0.04695538,0.032425877,0.04382109,0.04225726,0.04592858,0.047664892,0.0440805,0.0388549,0.04032623,0.04116457,0.043455876,0.03907775,0.04140477,0.035645097,0.04603089,0.04937338,0.043500517,0.045236588
0.03657316,0.038840003,0.03886895,0.032856144,0.04274963,0.04063282,0.0470011,0.03337014,0.0457316,0.042984653,0.046054333,0.048069064,0.043330725,0.038209915,0.039219376,0.0425137,0.043065198,0.039840247,0.040791932,0.03630495,0.04227354,0.05412914,0.042850032,0.043739602
0.037017692,0.039779212,0.038113218,0.032480042,0.043761432,0.0404532,0.04519444,0.033150923,0.043883264,0.04375851,0.04587099,0.048908234,0.042806365,0.03789323,0.040039077,0.042499036,0.043560643,0.04029757,0.039745245,0.03495319,0.041396495,0.055712733,0.044660527,0.044064675
0.037873287,0.039068364,0.037499357,0.03280883,0.045244407,0.041594207,0.0440916,0.033750698,0.04400558,0.043012455,0.045727775,0.04784562,0.042292133,0.038391907,0.040704515,0.04142947,0.044212695,0.04044361,0.040111966,0.03492651,0.042059287,0.0535364,0.04690694,0.04246234
0.038095,0.038972873,0.03802959,0.032511473,0.0455299,0.042152267,0.042650614,0.03466887,0.043627616,0.041581597,0.04573009,0.048419062,0.043158516,0.038708713,0.040414136,0.04149268,0.042974506,0.040910166,0.040296927,0.03656409,0.042607456,0.053410497,0.045118574,0.042374793
0.037806943,0.038101256,0.037713155,0.032922093,0.045193564,0.042456195,0.042749565,0.034539428,0.042638388,0.042316042,0.04383327,0.047398467,0.04408513,0.038222663,0.04055246,0.043071058,0.043239348,0.041687515,0.040946122,0.0369221,0.043880843,0.051515173,0.044485353,0.04372382
0.037835833,0.03739083,0.037182853,0.03381701,0.044788007,0.04346672,0.04409374,0.033589188,0.04177136,0.04275861,0.043129016,0.046808295,0.044221677,0.036870174,0.03929851,0.04382105,0.04520188,0.040061723,0.039648574,0.037904706,0.04391523,0.053367365,0.04409368,0.04496393
0.039113063,0.036218718,0.039143715,0.035072215,0.04685117,0.043282457,0.044003256,0.033286616,0.043184955,0.042932983,0.044374112,0.04636716,0.044520758,0.035618998,0.037775543,0.04441475,0.04413224,0.04078055,0.037283424,0.037567757,0.04189721,0.053924553,0.04315602,0.045097854
0.03862997,0.036431916,0.03897619,0.03605412,0.04701687,0.044812925,0.043177575,0.03155815,0.044843413,0.04208492,0.045710746,0.04594722,0.044557996,0.035137862,0.038234565,0.04308634,0.04402536,0.04002542,0.03846845,0.037916128,0.04284192,0.05207936,0.044299964,0.044082653
0.037631813,0.037955947,0.03907143,0.03467776,0.04683512,0.043167233,0.043762386,0.03165324,0.045310818,0.039608717,0.047512982,0.046126362,0.044832747,0.036255915,0.039515402,0.041303616,0.045411754,0.03954298,0.039911143,0.037158985,0.042708375,0.051150218,0.04433551,0.044559587
0.035906103,0.037741452,0.038837746,0.03275675,0.047672395,0.043017875,0.045223206,0.03216188,0.045169324,0.041403,0.046853352,0.045586232,0.044171505,0.037451193,0.03967977,0.04279809,0.044239182,0.04066987,0.038434096,0.0362776,0.043386962,0.051296,0.044151474,0.04511493
0.035420258,0.038584318,0.03800592,0.03236576,0.047824785,0.04192634,0.044384085,0.031773888,0.041953705,0.043435182,0.046083916,0.04473736,0.04479644,0.037085168,0.040836856,0.043515436,0.04423439,0.04063593,0.03954042,0.03615213,0.0431951,0.052093454,0.044655617,0.046763547
0.037267495,0.040294457,0.037159592,0.032608803,0.045680862,0.04189993,0.044409875,0.033031523,0.040833868,0.04415575,0.04506021,0.044562843,0.046476755,0.037550822,0.03992716,0.043116227,0.0445135,0.040818233,0.039402887,0.035582654,0.04141654,0.052511256,0.04606956,0.045649182
0.037707515,0.04071964,0.036439057,0.033752095,0.04473698,0.042711303,0.044657078,0.03365944,0.0408761,0.04369945,0.0458534,0.045580972,0.046205092,0.038306788,0.038903654,0.042765096,0.046422638,0.04001081,0.03746891,0.035953622,0.04203418,0.05153189,0.046246786,0.043757565
0.038353402,0.041119684,0.0385882,0.033774626,0.04392181,0.0418937,0.043234304,0.03279996,0.041377492,0.04263356,0.045624707,0.04658998,0.044270474,0.039354336,0.040507015,0.039966695,0.04623147,0.038841758,0.041184843,0.03767238,0.04262689,0.04907652,0.04543634,0.044919796
0.038037345,0.04168243,0.0400918,0.03252688,0.043684337,0.04239157,0.044217058,0.032306153,0.043209847,0.043472048,0.04651026,0.045976747,0.043573182,0.038763236,0.040565576,0.038589712,0.044604085,0.037726544,0.042181455,0.03845929,0.043204624,0.04740198,0.044562977,0.04626084
0.038019527,0.041846592,0.03783926,0.031427037,0.04562127,0.043612413,0.046323277,0.033024434,0.040743448,0.0433548,0.045913823,0.047053665,0.043991774,0.037370723,0.040115584,0.04019726,0.046750586,0.038424414,0.039841823,0.037095644,0.043430615,0.048399433,0.04506448,0.044538055
0.036636762,0.041309185,0.0386169,0.032624755,0.04532798,0.041266434,0.04907212,0.03458244,0.038367707,0.045354076,0.042082068,0.047932,0.0447984,0.035785757,0.03906059,0.04241021,0.04814368,0.039792426,0.038018767,0.03899401,0.04205109,0.047316723,0.046003327,0.04445265
0.036651712,0.041563697,0.039476693,0.033584047,0.04504565,0.042862773,0.048154306,0.032948095,0.04055829,0.043372396,0.04313367,0.04855729,0.04472646,0.03636776,0.040284753,0.04104568,0.04617401,0.03917571,0.03880747,0.037923817,0.04251346,0.04814192,0.04564022,0.04329014
0.03902463,0.03991279,0.03861389,0.034484692,0.046146896,0.041657276,0.043698523,0.032067344,0.041547433,0.04183691,0.044404335,0.05010537,0.043262623,0.03646347,0.04058393,0.040348362,0.045393128,0.038438432,0.039512787,0.038108673,0.044094905,0.051440384,0.046096023,0.04275721
0.03810383,0.040076654,0.03769082,0.033368997,0.046598967,0.040350646,0.046493378,0.033778,0.04110826,0.04182996,0.046866838,0.049213897,0.042824633,0.038471784,0.039229058,0.041673232,0.044523112,0.0390889,0.03728998,0.037551526,0.043918736,0.05082464,0.045403123,0.043721005
0.039522223,0.040147945,0.037848312,0.0321679,0.04610937,0.03926033,0.046829563,0.034189567,0.041852903,0.044040874,0.044014335,0.04967185,0.044554338,0.037813444,0.03932619,0.04095867,0.046244826,0.039992046,0.03728455,0.03724044,0.041715942,0.049543012,0.04580707,0.043864306
0.040001266,0.03853028,0.038157985,0.034270197,0.0468531,0.038665656,0.04446376,0.0336454,0.042104445,0.044249676,0.042037714,0.047630534,0.04588219,0.037057977,0.04130466,0.042594574,0.04568286,0.04105143,0.03792945,0.037364807,0.040967427,0.051346038,0.04418783,0.04402074
0.038671054,0.039321657,0.03772065,0.032676224,0.04424064,0.04008161,0.046107985,0.032599196,0.040488165,0.043068755,0.04445187,0.048952013,0.046582658,0.03558536,0.038730033,0.042592417,0.04576298,0.039602615,0.04021173,0.03856995,0.040642995,0.0536652,0.045330137,0.04434408
0.037496284,0.040193744,0.037687574,0.03102389,0.04323227,0.040248554,0.04705754,0.033511493,0.038943242,0.042122364,0.044344373,0.051611487,0.048478793,0.03454852,0.04010798,0.041736126,0.046668105,0.040957853,0.039044403,0.037626438,0.04120582,0.05258621,0.046565793,0.043001153
0.039321303,0.040128637,0.039203815,0.0316183,0.0436357,0.040296026,0.044911962,0.032648347,0.04075845,0.03871119,0.045577936,0.048586246,0.049879108,0.03612216,0.041735355,0.041402526,0.045637622,0.041182045,0.03866928,0.037755262,0.042830147,0.051959347,0.044421848,0.043007314
0.042471334,0.041563854,0.03849111,0.032583095,0.044454608,0.04158186,0.045693275,0.03266238,0.042446,0.04149887,0.044560354,0.048774384,0.047420554,0.034882642,0.039295968,0.041437525,0.046419322,0.040264927,0.036931794,0.036498576,0.04399468,0.049021877,0.044058964,0.042992037
0.04103442,0.0406842,0.036296025,0.031819005,0.04368444,0.03916796,0.049490195,0.033505477,0.040715188,0.046742395,0.0428625,0.04945676,0.04546666,0.035761937,0.03881836,0.04199872,0.047146924,0.042163204,0.036035247,0.035828583,0.042463984,0.04918091,0.04671486,0.042962015
0.037184115,0.04053549,0.037219804,0.031486027,0.04337093,0.041073207,0.04870724,0.03368121,0.040093318,0.047577564,0.04307498,0.048112303,0.043865692,0.037558928,0.04063908,0.04380403,0.045485456,0.039380506,0.03879493,0.035042316,0.041970767,0.050232984,0.046409123,0.0447
0.03805157,0.040556204,0.038008705,0.032229863,0.04618542,0.04337199,0.0470169,0.031870324,0.040041465,0.04578698,0.044575542,0.049185123,0.043287825,0.036342517,0.0392901,0.043076605,0.045345403,0.039628994,0.03862725,0.036718875,0.041295,0.050264258,0.04502396,0.044219125
0.03854053,0.039975632,0.036291275,0.03336882,0.04547756,0.042609416,0.04506068,0.033209395,0.04158198,0.04417791,0.04528128,0.04763227,0.046720702,0.036218394,0.03728837,0.043855865,0.044856876,0.039006893,0.03875566,0.037585955,0.0394613,0.052184083,0.046671662,0.044187494
0.038486097,0.041105445,0.035983108,0.033811796,0.045876496,0.04439228,0.044532854,0.032889236,0.041672334,0.04419231,0.043856625,0.048020866,0.046236213,0.037784774,0.038349163,0.041727677,0.045323677,0.03903952,0.038335044,0.036258075,0.043439023,0.049698293,0.046900135,0.042088974
0.039504413,0.04123378,0.037193894,0.033774983,0.044317685,0.041671213,0.04681572,0.03351485,0.042354453,0.044001654,0.04327391,0.049959265,0.04630128,0.03649772,0.038059093,0.040157896,0.04805474,0.040008977,0.03660944,0.03658492,0.041464046,0.050738636,0.046071243,0.041836165
0.039205328,0.0406738,0.038297903,0.032536253,0.044415236,0.03965753,0.046089485,0.034224506,0.042394806,0.04285539,0.046647042,0.053381663,0.04387766,0.036221962,0.03699939,0.039134085,0.04702071,0.03998187,0.037437245,0.037075616,0.039668832,0.05271832,0.045865502,0.043619893
0.0399119,0.0411804,0.03881835,0.03278387,0.044178475,0.040839788,0.046081256,0.03359562,0.042993624,0.042316105,0.04728556,0.05150682,0.044279747,0.036794025,0.035631116,0.039136007,0.045969084,0.039671388,0.039372087,0.037629128,0.040694766,0.0492153,0.04695618,0.04315945
0.03977953,0.040723685,0.03954241,0.033000458,0.04329543,0.039858863,0.043973785,0.03389384,0.043601446,0.042881683,0.0450631,0.04834579,0.04662569,0.039475996,0.036798764,0.040375188,0.04598196,0.03945408,0.0386721,0.03804364,0.04215889,0.048919793,0.046315838,0.043218024
0.04133117,0.04067056,0.039066583,0.035440333,0.041425984,0.038899805,0.04242149,0.034794345,0.043107428,0.042659126,0.044185348,0.047064282,0.04610019,0.038160454,0.03855149,0.041350156,0.045596976,0.039872773,0.040062096,0.039989315,0.042147994,0.04908578,0.045043845,0.042972464
0.04180004,0.03974839,0.03687772,0.034347147,0.041216314,0.03887984,0.043757766,0.03493242,0.04295014,0.041248746,0.045025826,0.048469856,0.045447223,0.037576906,0.03852127,0.041512858,0.0457609,0.039684217,0.04125336,0.038984053,0.041688997,0.050352186,0.04560322,0.044360608
0.0384859,0.038928557,0.03903082,0.034036823,0.04354712,0.0403996,0.04403358,0.03650341,0.042376075,0.04349102,0.043013074,0.04663887,0.04492954,0.041221373,0.039588552,0.040861275,0.044467416,0.039530147,0.0394635,0.038209245,0.045220517,0.050534744,0.042506848,0.042982038
0.038412835,0.03892352,0.040674057,0.033656076,0.045145527,0.04245042,0.042598233,0.034232408,0.042160295,0.044174362,0.04187114,0.04675381,0.044009503,0.04030801,0.038393036,0.042221352,0.044841226,0.03954466,0.03990254,0.038149625,0.044621944,0.0505671,0.04363684,0.04275151
0.039641876,0.041399278,0.040307265,0.03304007,0.04378936,0.041004267,0.04153725,0.03480624,0.04455231,0.043423686,0.041972388,0.04980411,0.045319077,0.039776485,0.036688425,0.040889937,0.04518813,0.039952945,0.04025497,0.039244547,0.04261744,0.048854753,0.045007512,0.040927626
0.03864394,0.042192187,0.039350312,0.03483865,0.042821433,0.04059337,0.042402714,0.034652192,0.04679694,0.04390938,0.04248427,0.049381383,0.044731136,0.040420175,0.03894547,0.0404963,0.043680545,0.04176623,0.041003205,0.038726516,0.042750336,0.047747083,0.041638352,0.04002785
0.039472118,0.040012263,0.03764508,0.03629555,0.041854944,0.039656304,0.044907,0.035875827,0.04425313,0.043891367,0.04348634,0.047052804,0.043037314,0.039661527,0.03936226,0.04080267,0.042811427,0.041742105,0.041105434,0.038397033,0.044223525,0.050753195,0.042579327,0.04112145
0.039505497,0.03909792,0.039536644,0.033691984,0.04295373,0.039927907,0.045128074,0.035452902,0.042861413,0.042290915,0.04495393,0.04808372,0.042898856,0.040275153,0.037743885,0.042296074,0.04269196,0.04127109,0.039585307,0.038370356,0.046131022,0.051485855,0.04218584,0.041579984
0.038865604,0.040441815,0.037474867,0.033428762,0.04440452,0.041931428,0.04577375,0.034776114,0.04194221,0.041537184,0.044176526,0.046500057,0.043864243,0.0408884,0.03722801,0.044575475,0.04307204,0.043170743,0.03850782,0.03806057,0.045915056,0.04980315,0.040913302,0.04274836
0.040110413,0.04254288,0.037678186,0.033602066,0.044287823,0.041531686,0.04419524,0.034976598,0.040751573,0.042898834,0.043428473,0.046715178,0.04469523,0.038443904,0.037537616,0.0434623,0.044590425,0.041308492,0.037729777,0.039683245,0.04363195,0.04835927,0.043666326,0.044172477
0.040429708,0.04081313,0.03915534,0.034984164,0.043754682,0.04108635,0.042882577,0.034905523,0.041268703,0.041685432,0.0424727,0.048005547,0.045159444,0.038469445,0.039542586,0.042068798,0.04401122,0.042638764,0.03880186,0.038750064,0.04442685,0.047528792,0.043195684,0.04396259
0.039966747,0.040215217,0.039238755,0.033944502,0.042571906,0.042921692,0.044483595,0.034490414,0.0422185,0.039518792,0.04456788,0.046639755,0.04445499,0.03861147,0.041408513,0.04223221,0.042993315,0.043395646,0.03994272,0.037328765,0.044626843,0.047785457,0.04258499,0.043857377
0.041163575,0.042108323,0.039272208,0.032518867,0.043325797,0.042528618,0.045012593,0.033659525,0.040487684,0.04142697,0.043906,0.04598816,0.04450637,0.037253022,0.041061696,0.042590793,0.044240523,0.042465284,0.038927935,0.037876505,0.04321637,0.05052516,0.04300672,0.04293132
0.04295687,0.040690232,0.0396518,0.034408156,0.044645526,0.04059946,0.04319033,0.033599142,0.039460674,0.042821933,0.043731775,0.045737233,0.045779083,0.03891645,0.04125422,0.041495163,0.04501265,0.041709468,0.03766,0.038833525,0.043996252,0.048837125,0.04100384,0.044009116
0.04272945,0.039748218,0.03838198,0.036212847,0.041351378,0.04139957,0.04317641,0.035046704,0.040502813,0.041144963,0.04376393,0.047424514,0.04749658,0.03783317,0.04025281,0.041781023,0.04494446,0.04275838,0.03940588,0.039647844,0.041861877,0.047727704,0.041949682,0.04345779
0.041756365,0.039092142,0.03784578,0.034228645,0.042682447,0.040108003,0.043703992,0.034998238,0.040511455,0.0422964,0.04299082,0.04926024,0.04841412,0.036496013,0.039835155,0.041552465,0.04657552,0.04349838,0.039556473,0.03814604,0.04083612,0.047866642,0.04389533,0.043853182
0.040975854,0.03982897,0.039443973,0.035873074,0.044189405,0.042016573,0.041794408,0.033989552,0.04069985,0.04068877,0.043310806,0.04733386,0.04532132,0.03840347,0.041428525,0.040157218,0.045222785,0.043693382,0.04165365,0.037131656,0.04292638,0.046209976,0.04397561,0.043730877
0.041714527,0.041162424,0.038513135,0.037727285,0.045648526,0.043140534,0.04117941,0.033225548,0.041539386,0.04100243,0.043105412,0.047547948,0.04411517,0.038721036,0.041556273,0.04072616,0.04468217,0.043586414,0.039011735,0.03678275,0.042854663,0.047078155,0.042450465,0.04292838
