0,1,2,3,4,5,6,7,8,9,10,11,12,13,14,15,16,17,18,19,20,21,22,23
0.0031394088,0.07220622,0.07276243,0.050601747,0.060303647,0.07259765,0.06749909,0.0015028334,0.0023989517,0.07169705,0.0032924158,0.072893344,0.0730424,0.00333651,0.07318722,0.00209471,0.073582105,0.073236465,0.0039734934,0.008111983,0.05328188,0.066906214,0.0024240848,0.015928108
0.003191546,0.07212211,0.07281554,0.0519794,0.061784104,0.07231734,0.06704983,0.0016118432,0.0024186915,0.071417354,0.0035520275,0.07305566,0.07278908,0.0035235079,0.07325946,0.0020617354,0.07347664,0.072972134,0.004396267,0.0073481095,0.05446783,0.06586959,0.0026057598,0.013914425
0.0029011257,0.07190353,0.07255384,0.05128175,0.062881455,0.07218025,0.068906024,0.0011897922,0.0018286332,0.07174617,0.0025812443,0.07270959,0.07235452,0.002662256,0.073066704,0.0020802855,0.07321127,0.07264404,0.00402561,0.008044643,0.054045714,0.06719516,0.0020299691,0.015976405
0.0023882494,0.072347336,0.07267851,0.051457006,0.057819728,0.07251277,0.0677198,0.0014210492,0.0020093408,0.07197031,0.0026031968,0.072818324,0.07262766,0.0030563385,0.07301842,0.0017746014,0.072878085,0.072833896,0.003228323,0.008501625,0.054017648,0.06738875,0.0035329077,0.01939616
0.0027024397,0.07233134,0.07262385,0.051445454,0.06316722,0.07274737,0.06681922,0.0014932203,0.0019708935,0.07201538,0.0039767935,0.07311553,0.07314514,0.0029102988,0.07314239,0.002348829,0.073470354,0.07316551,0.0036918456,0.008262458,0.052266367,0.06780881,0.002280528,0.013098726
0.0033842623,0.07239786,0.07264763,0.05467601,0.06667466,0.07205669,0.06985006,0.0009310405,0.0018900167,0.07168925,0.0028669597,0.07322038,0.07230716,0.0025766937,0.07341656,0.0018023527,0.07330767,0.07222381,0.0043605017,0.0055607413,0.054581076,0.06599864,0.0019571185,0.009622792
0.0018140757,0.072754815,0.07268893,0.048290435,0.06811293,0.07213624,0.06922834,0.0011392409,0.002732189,0.07242832,0.0026287423,0.07331118,0.073109955,0.0027395512,0.07336634,0.0025427537,0.07298787,0.07264155,0.0048122304,0.0069509954,0.05433109,0.06300929,0.0022480479,0.013994871
0.0023055973,0.07242315,0.07258607,0.05437578,0.06610233,0.07243461,0.06771435,0.0011278541,0.0017273532,0.072278306,0.0028586679,0.07310813,0.07294282,0.0030509247,0.07341772,0.0020319987,0.07356086,0.07288604,0.0038279481,0.0067203036,0.050634306,0.06596931,0.0028725276,0.013043038
0.0028163784,0.07269435,0.073137134,0.04567296,0.06157185,0.072949715,0.07180899,0.00086800073,0.0017746331,0.0717867,0.0027638841,0.07334779,0.0730731,0.0031114512,0.07343335,0.0017018736,0.073896885,0.07362416,0.003917881,0.0065897317,0.05145397,0.06914752,0.0025853754,0.016272323
0.0021284227,0.070942014,0.07251568,0.044647276,0.062210534,0.072681494,0.06831988,0.0015823682,0.0031228657,0.072113775,0.004649987,0.07305201,0.07345305,0.0035267482,0.07285124,0.0030374601,0.073080964,0.07319053,0.003666278,0.010678355,0.051334534,0.06426974,0.0034128013,0.01953195
0.0027976097,0.07082259,0.07237207,0.03976919,0.0568538,0.07295444,0.067971796,0.0017157721,0.0015656061,0.07177339,0.0077086915,0.0732481,0.073234424,0.004154343,0.073008046,0.0022007425,0.07342254,0.07292063,0.004248296,0.0077894,0.053463425,0.07067967,0.004584659,0.02074074
0.0028922355,0.07070991,0.07262099,0.04824797,0.053806,0.072405905,0.066979945,0.0012208709,0.0025386747,0.070884004,0.0051132618,0.07228398,0.07264468,0.0052328617,0.07228172,0.002108983,0.073240906,0.07313177,0.0058612623,0.00862396,0.05480867,0.0695382,0.0028990253,0.019924263
0.0027388823,0.07054928,0.07409579,0.043139614,0.038890168,0.074244715,0.070978686,0.0014251234,0.002467347,0.07053583,0.006603059,0.07407322,0.07399315,0.0033368045,0.07422548,0.00202678,0.07416788,0.07365173,0.003962982,0.0059886957,0.060513124,0.072797954,0.0036241896,0.021969508
0.0024422032,0.07328388,0.07253485,0.05372854,0.06487596,0.07222453,0.0649926,0.001388336,0.0021910963,0.07155759,0.002120788,0.07309158,0.07250586,0.0020376446,0.0730382,0.0016910052,0.07323509,0.0721189,0.0015134106,0.0077678,0.051716045,0.06328876,0.0053976746,0.021257654
0.0017405433,0.07218881,0.07301199,0.054721724,0.06339381,0.07339006,0.07082058,0.00089388085,0.0019486075,0.07349447,0.002915864,0.07313401,0.073794894,0.0031187516,0.073850505,0.0016734863,0.07403358,0.07409648,0.0053654024,0.0067222337,0.045086704,0.06962919,0.00061085995,0.010363571
0.002262906,0.072509244,0.07263874,0.05272576,0.05977165,0.072154075,0.06953812,0.0007136508,0.002708451,0.069014445,0.002314788,0.07322342,0.07251339,0.0032330204,0.07314733,0.001374198,0.072666675,0.07128155,0.002827702,0.0038750703,0.059538595,0.06809181,0.0031288236,0.018746547
0.00435205,0.07386894,0.07259651,0.046767488,0.07095138,0.07435641,0.06911382,0.0015728466,0.0025842993,0.074659385,0.004093673,0.074346654,0.07552477,0.0020013994,0.074758284,0.0028308851,0.07596534,0.07583925,0.004696513,0.013106106,0.03688592,0.06110258,0.0004803414,0.0075451415
0.002952356,0.07257272,0.072136566,0.056230776,0.060613494,0.07336,0.05479938,0.002893938,0.00339657,0.073141314,0.0077275243,0.07295742,0.07429991,0.003832079,0.07143118,0.0026735768,0.07410695,0.07413568,0.0037880586,0.014505957,0.03989855,0.068098426,0.0020758356,0.018371709
0.0035508033,0.07502126,0.073439755,0.058264766,0.068085246,0.07450466,0.06293245,0.0017660509,0.002605677,0.07387204,0.0034265718,0.07470604,0.07568976,0.0024363326,0.07389553,0.0018104082,0.07629676,0.07576906,0.0039834557,0.009915529,0.03580616,0.063479826,0.001820872,0.0069209537
0.0031710274,0.07160858,0.07274083,0.052333497,0.06321554,0.072295465,0.07122107,0.0012218106,0.0031024972,0.07165347,0.004057153,0.07245408,0.07250661,0.0024418277,0.073146395,0.002384626,0.073170245,0.07260881,0.0033500309,0.009905398,0.050397106,0.06573269,0.0016834104,0.013597818
0.0022066336,0.07214844,0.07327568,0.058137104,0.06223139,0.07282127,0.070556305,0.0012304382,0.0024207986,0.07226093,0.003483124,0.073287174,0.072597325,0.0027699412,0.07410378,0.0020804033,0.07392092,0.07284106,0.004815723,0.0064457064,0.05189092,0.06416712,0.0012177124,0.00909007
0.002825884,0.07045861,0.070887856,0.046031915,0.06135085,0.07114917,0.06377032,0.0030480088,0.0016212778,0.07052692,0.003951381,0.07171247,0.06965568,0.004030723,0.07160631,0.0033655607,0.07118868,0.07102989,0.004331118,0.008855047,0.052814465,0.06714148,0.0052323863,0.033413988
0.0050691157,0.071337886,0.071143754,0.05257764,0.06783577,0.071821965,0.07110192,0.0012361488,0.001476261,0.0730028,0.0029840523,0.07188381,0.07211785,0.0033161545,0.072120264,0.0029683732,0.07321251,0.07347995,0.007344743,0.011898024,0.041275844,0.061726354,0.0017299607,0.017338848
0.0028357317,0.07205873,0.07300687,0.04724622,0.058055714,0.07233093,0.0640682,0.001515814,0.00202134,0.07262126,0.0037876847,0.07302282,0.0723511,0.0037505196,0.07303745,0.0023621854,0.07300573,0.072153404,0.0054490687,0.008327792,0.052823436,0.06590229,0.0054327887,0.022832947
0.0034704562,0.06738027,0.070515126,0.03861116,0.06329142,0.07387069,0.053613365,0.00311361,0.0017528192,0.07436553,0.011640153,0.07152236,0.07396619,0.0072969086,0.06785986,0.0032261824,0.074375905,0.07521172,0.011796538,0.023475025,0.030679999,0.071220234,0.0026691966,0.02507526
0.0041156528,0.07074443,0.07363021,0.059616514,0.06773971,0.07259375,0.06494092,0.0020582299,0.0018958552,0.07046148,0.0038194603,0.07340758,0.073338814,0.002798764,0.07381009,0.0030869313,0.074514784,0.07329167,0.010263848,0.0056007523,0.043260492,0.06608572,0.0028249724,0.0060993736
0.0025604588,0.072444804,0.07466268,0.04095127,0.05562378,0.07411534,0.071445026,0.0011207107,0.0014497514,0.07319436,0.007470626,0.07440715,0.074221335,0.0019947994,0.07479017,0.0019759848,0.07551617,0.07417618,0.004640516,0.016551368,0.041880053,0.07107847,0.0015132513,0.012215784
0.07134737,0.03923481,0.011218328,0.07868186,0.07866931,0.009453841,0.025344154,0.07793013,0.00034599873,0.07064637,0.05672647,0.0035106353,0.016094672,0.0635403,0.036152985,0.0057057953,0.07557441,0.0800213,0.033190113,0.025789594,0.07009502,0.008025084,0.0008808534,0.061820634
0.0018912932,0.07136987,0.071280904,0.046262376,0.06427154,0.072112925,0.07159666,0.0010019208,0.0012571868,0.07268904,0.0020577677,0.07252989,0.06929675,0.003690341,0.07276264,0.004200226,0.07081401,0.07266443,0.005629498,0.009332588,0.052725215,0.068660714,0.0039502988,0.017951943
0.002310899,0.053849533,0.065538,0.0507529,0.03840749,0.06993847,0.07365216,0.0021323427,0.0011237124,0.074152835,0.00808343,0.05729429,0.06772787,0.010520595,0.07069595,0.010568876,0.07171221,0.07448232,0.012741575,0.019141529,0.053576797,0.07180032,0.0013420748,0.03845373
0.005267008,0.069492094,0.06672735,0.05739538,0.024371339,0.06259948,0.061305188,0.013752205,0.00052662037,0.06575672,0.0033509647,0.063593164,0.046463978,0.024186786,0.058728993,0.0064701764,0.059069607,0.0669414,0.0016748,0.012559906,0.066556945,0.061067518,0.037158825,0.06498356
0.0012717871,0.07134846,0.07480968,0.047016416,0.031230675,0.074999094,0.06285845,0.0016923484,0.001369798,0.0731252,0.0048644794,0.073612995,0.07343735,0.0030449184,0.07320759,0.0032148177,0.07503189,0.07477694,0.0035790459,0.013347087,0.053134266,0.075128354,0.004120093,0.029778311
0.047813363,0.041501977,0.018518496,0.06869009,0.07241033,0.016550383,0.042837422,0.06761467,0.00065398886,0.06516413,0.05317062,0.01787922,0.04690091,0.048936684,0.06283837,0.0025344258,0.073780015,0.075543135,0.026133379,0.012605319,0.062461704,0.025542067,0.0008388091,0.049080465
0.0020479537,0.0738052,0.07378619,0.05697561,0.05458906,0.07324742,0.0613456,0.0024972302,0.0042917067,0.071906485,0.005088244,0.073532395,0.07454232,0.0038242862,0.07284804,0.002173697,0.07486789,0.074695505,0.003226135,0.0130500235,0.04722903,0.07109058,0.0007820437,0.00855735
0.0022303404,0.07169404,0.07181538,0.048175,0.06433275,0.07240633,0.069633976,0.0013936332,0.0013368375,0.07130748,0.0023324578,0.0732448,0.07233598,0.0040252204,0.07285119,0.0027002753,0.0730403,0.072500825,0.0058966475,0.006332442,0.055602767,0.06419661,0.0037730585,0.016841624
0.0015169899,0.07284452,0.072210215,0.053618968,0.0551345,0.07207301,0.0592012,0.0016250873,0.0019372227,0.07104041,0.0015184488,0.07230189,0.07168184,0.0030140146,0.07203614,0.0020272464,0.07227598,0.071917385,0.0012703087,0.013208224,0.055515755,0.0668472,0.009741022,0.025442453
0.0038004494,0.0717981,0.06785435,0.047764186,0.071840815,0.07254631,0.06948305,0.0031321791,0.007225603,0.07407778,0.008376682,0.07292623,0.07458353,0.0027578857,0.07160702,0.0059248074,0.07390005,0.075120926,0.0037697079,0.0126111945,0.04151097,0.05256596,0.0015993566,0.013222827
0.001625671,0.07503635,0.07542279,0.040850785,0.040522404,0.074731335,0.075043015,0.00048598368,0.0021350838,0.070843905,0.0026707947,0.07536161,0.074559174,0.0026204432,0.07539972,0.0006474423,0.075263955,0.074504375,0.0016036261,0.0022587725,0.06491403,0.07244684,0.0014339002,0.019617938
0.0019459935,0.07106362,0.073953874,0.04545635,0.049792197,0.07384445,0.07310462,0.0007521989,0.002738333,0.0721628,0.00836087,0.07364352,0.0722337,0.003631023,0.07397851,0.0020423394,0.07390729,0.07338823,0.0030384457,0.0069970284,0.054090317,0.0716907,0.0005594847,0.017624145
0.0009927485,0.074786626,0.072568014,0.048085503,0.0665885,0.07396542,0.068966195,0.0025194155,0.0005782821,0.07483428,0.0026342224,0.07384684,0.0728915,0.0021038312,0.0741979,0.002332876,0.0732489,0.074438296,0.0019500667,0.010004226,0.036939867,0.07243728,0.008122465,0.0109667275
0.06440657,0.033269808,0.011679489,0.07488024,0.07818003,0.012361834,0.05824482,0.068807304,0.0009182985,0.06621614,0.051311456,0.008646742,0.042455614,0.06085555,0.044381026,0.0023951973,0.0777459,0.08000269,0.0520373,0.013975902,0.052748635,0.013250939,0.00057818834,0.030650357
0.0022438497,0.07561687,0.07467524,0.05290334,0.06988813,0.07453808,0.068353094,0.0023581358,0.0019064349,0.07423228,0.0020081464,0.07568575,0.07575981,0.0016810861,0.07523907,0.0017411568,0.076579966,0.075891964,0.0014606421,0.0064070732,0.04087218,0.059143547,0.0014830832,0.009331061
0.0013533392,0.07186169,0.072014906,0.04252619,0.06838397,0.07162745,0.067287825,0.0011182801,0.0004821949,0.071559384,0.0016897131,0.07239242,0.07022752,0.0020360048,0.0721155,0.0012451236,0.07190709,0.07125901,0.0030946764,0.0063317637,0.05380505,0.06883994,0.003346052,0.03349489
0.002160588,0.07074915,0.07135084,0.054328144,0.071545765,0.074226335,0.07111044,0.0009851838,0.0008020276,0.074564435,0.005843435,0.07323185,0.073596254,0.0043365187,0.07318604,0.0032286022,0.074825935,0.07505798,0.013511635,0.009887965,0.027365655,0.069556765,0.00015560207,0.004392804
0.0040992503,0.07240511,0.072527215,0.05088484,0.050545387,0.07161281,0.068956286,0.00186928,0.0018500024,0.067994155,0.0022442439,0.07262885,0.06937259,0.0034627577,0.07198184,0.0021903994,0.070810504,0.07117799,0.0018602834,0.003590971,0.05768338,0.06766941,0.009206366,0.03337604
0.0013113382,0.07306928,0.07301562,0.053321436,0.07001841,0.07270303,0.06880853,0.0007219704,0.00076265994,0.0729131,0.00124276,0.073319204,0.072785854,0.0010904764,0.07327977,0.0018392579,0.07330769,0.07268041,0.0014195042,0.0090443585,0.05380262,0.06730606,0.0010988794,0.011137757
0.0023598305,0.07332584,0.07294424,0.045000035,0.06593998,0.072900124,0.06981122,0.0011622275,0.0017034501,0.07421839,0.00287343,0.07317578,0.07356545,0.0025435665,0.07324821,0.0039673033,0.07322504,0.07432586,0.0050056307,0.007959609,0.04615185,0.06431878,0.0023636608,0.017910467
0.0035126253,0.07361715,0.07291889,0.062074192,0.052054428,0.072987966,0.06571957,0.0011692906,0.003976616,0.07065171,0.004409003,0.073545516,0.0729793,0.0024609552,0.07290993,0.0016146088,0.073644385,0.07298589,0.0013497225,0.0075867763,0.052827995,0.06915544,0.00497175,0.010876282
0.0017819147,0.074810214,0.07443374,0.052455194,0.06664093,0.07445217,0.072084226,0.0018149709,0.0012073945,0.07521593,0.0033798919,0.07521472,0.07537431,0.0020361745,0.074917555,0.0024534494,0.07522764,0.07549926,0.004018689,0.0075323135,0.03638739,0.06798229,0.0007392117,0.004340462
0.0030013225,0.07284249,0.07243891,0.05322944,0.06647068,0.07271041,0.058345802,0.0026154898,0.0008937534,0.07245786,0.0031678933,0.07267713,0.072385654,0.0021969462,0.07203462,0.0024075776,0.073021755,0.07355424,0.0019174869,0.009057913,0.05414792,0.06541707,0.0044636447,0.018544016
0.0013575332,0.07419983,0.07372419,0.04304563,0.071829595,0.0731188,0.069815,0.0020152945,0.0014824498,0.074580036,0.004429402,0.074627995,0.0737975,0.004904276,0.07381086,0.00680749,0.07483269,0.07403041,0.012584483,0.010575254,0.033217818,0.05779871,0.0030821813,0.01033253
0.0046588317,0.07245048,0.0729723,0.05771918,0.03670496,0.07198645,0.065335125,0.0014139988,0.0021958388,0.06510053,0.004435439,0.07269375,0.07014805,0.0046332027,0.07167631,0.00096040097,0.07246152,0.07136237,0.0029568253,0.0057469313,0.06369538,0.06948021,0.010803665,0.028408185
0.00145692,0.07418528,0.074718066,0.04941888,0.04891169,0.07422286,0.073681206,0.00072468305,0.0016832921,0.07302337,0.0020992495,0.07456621,0.073884845,0.0032795952,0.07497889,0.0010393267,0.074986726,0.07410581,0.0019911581,0.0038201902,0.05521214,0.06819814,0.0010614306,0.018750068
0.0021289852,0.071599744,0.07254892,0.048000284,0.048022643,0.07173659,0.06884433,0.0016266245,0.00083130266,0.06846501,0.0026451806,0.07213218,0.06809915,0.0053254645,0.07179921,0.0012362672,0.070933096,0.071284115,0.0030079691,0.0040865834,0.0539825,0.070156306,0.009907766,0.041599717
0.0014825852,0.0717449,0.07293316,0.043121595,0.06544805,0.07302021,0.06899815,0.0008227742,0.0010259213,0.07289745,0.002860748,0.07334035,0.07242367,0.0020948998,0.07296053,0.001257883,0.072878286,0.07315138,0.0025086724,0.008915205,0.042487632,0.07131554,0.0028986537,0.029411765
0.0024595412,0.07435776,0.07534123,0.060183495,0.06966365,0.07476264,0.06939652,0.0015476828,0.0014809507,0.07544847,0.0029434748,0.07443521,0.07595149,0.0019586699,0.07552553,0.0018818108,0.07630499,0.07603418,0.006219198,0.0052961987,0.026616419,0.0678248,0.0008148414,0.0035513027
0.0011345539,0.07201605,0.072263196,0.044406313,0.05473848,0.072245166,0.070562154,0.0005223202,0.0007519441,0.07059597,0.0018068904,0.07261545,0.071848534,0.0018730939,0.07254909,0.000983409,0.07172634,0.07030437,0.0016702478,0.005282745,0.060624383,0.0697547,0.008397896,0.03132669
0.0034010017,0.07407856,0.06925272,0.04524379,0.07241097,0.071969956,0.06532699,0.0039815796,0.0016015427,0.07588271,0.0032703215,0.070879385,0.07509805,0.005981646,0.06923491,0.0059315693,0.074719295,0.07645792,0.011939262,0.016706137,0.028417116,0.06729716,0.002165628,0.008751749
0.010801179,0.06678031,0.065163024,0.061981995,0.057900667,0.06590805,0.046304114,0.006984737,0.0023030716,0.064995326,0.027616514,0.06666813,0.069846876,0.008716103,0.07131997,0.0027042078,0.07407851,0.072656825,0.010876565,0.010213691,0.05135481,0.06371097,0.00450681,0.016607575
0.0019889602,0.07478385,0.0742611,0.050944027,0.062064737,0.07512246,0.057045903,0.002728027,0.0036588132,0.07546103,0.0026457955,0.07423211,0.07569853,0.0022877678,0.073116355,0.004399793,0.07588069,0.076187484,0.0017913098,0.012717772,0.037464626,0.07136255,0.00029748806,0.0138588315
0.0023257383,0.07225503,0.07298051,0.038631834,0.04712147,0.0724926,0.06904222,0.0010876738,0.0013792504,0.0707277,0.0025012884,0.072909415,0.070185065,0.0035243821,0.07212235,0.0013082551,0.07178956,0.07235394,0.002303402,0.0058598598,0.063316,0.07093073,0.007859376,0.03499244
0.0024729234,0.07527077,0.073613875,0.06383137,0.07048976,0.074804254,0.059515532,0.002373616,0.0024364286,0.07499482,0.0032714107,0.075369544,0.07542303,0.0021082463,0.07425241,0.0043573715,0.076105945,0.07584146,0.002132809,0.011648765,0.031400867,0.061732456,0.0007852998,0.0057670474
0.0050954735,0.07234304,0.073185906,0.05348575,0.064057484,0.07226466,0.0706237,0.0014517726,0.0019359362,0.07133134,0.0026454078,0.07382552,0.0723805,0.003133088,0.07339012,0.0021563228,0.07362301,0.07323097,0.0029366123,0.004035685,0.05312986,0.067014456,0.0021328963,0.010590431
0.0015225294,0.07404056,0.07375812,0.06507033,0.0701801,0.07379178,0.067582235,0.0004997385,0.00075470255,0.0726616,0.0015408021,0.07434208,0.073501095,0.0023588755,0.074296914,0.0013754443,0.074466884,0.07243195,0.002507644,0.0039884932,0.041832488,0.06777421,0.0016682986,0.008053078
0.004349364,0.072172426,0.07013836,0.04050091,0.0716466,0.073336385,0.071885966,0.0019233758,0.0030669225,0.074289344,0.009609296,0.07341538,0.07438529,0.003333129,0.07337025,0.0044417004,0.07444168,0.07499265,0.010104209,0.014057277,0.03286673,0.058555286,0.0008953289,0.012222087
0.003588837,0.073546536,0.0733063,0.06547245,0.06909669,0.072651684,0.06274985,0.001308147,0.0020926415,0.07108698,0.003948021,0.07419096,0.073378846,0.0033651735,0.07345085,0.0019974413,0.07488166,0.07179245,0.0058772825,0.0044042934,0.04463624,0.0645205,0.0031370274,0.005519105
0.0016590036,0.06998059,0.07359694,0.03353595,0.066424824,0.07522783,0.07037575,0.0012453132,0.00093164126,0.07565296,0.014951876,0.07410201,0.075017035,0.005829508,0.07391684,0.0037279371,0.076386616,0.076367125,0.012173467,0.010897164,0.02682596,0.07311482,0.00042039904,0.007638421
0.0023717815,0.07348359,0.0734381,0.045932405,0.064049035,0.07290332,0.069604605,0.0016251501,0.0007030564,0.07241259,0.0018327765,0.073616914,0.07317157,0.0027984318,0.0730306,0.0012217454,0.074287705,0.0735292,0.002633318,0.0077549806,0.053506177,0.063425235,0.0075941733,0.015073573
0.001112978,0.07258541,0.07224052,0.054240305,0.058982644,0.07282551,0.06714131,0.0010461495,0.00084705604,0.07236135,0.003424301,0.073002264,0.071933165,0.003273497,0.073250376,0.0028632586,0.07211909,0.07109856,0.0013711115,0.007949208,0.049230162,0.06760512,0.007241786,0.022254845
0.004879453,0.07387631,0.073614255,0.06124662,0.027764067,0.071463175,0.0554961,0.0025428403,0.0018812978,0.06256269,0.0014732924,0.07227684,0.069713764,0.0051461584,0.07025048,0.0014817896,0.07296472,0.07173887,0.0013810989,0.005121792,0.06680819,0.07009563,0.018482989,0.03773762
0.0013964679,0.075744264,0.077822074,0.058379173,0.016242314,0.07745805,0.07672287,0.0014887364,0.0014888719,0.067774594,0.0020062227,0.07707835,0.07163828,0.005313118,0.07741917,0.0014093688,0.07488129,0.074133575,0.0010028696,0.0023146288,0.062298108,0.076454386,0.0014634833,0.018069671
0.007830338,0.072238065,0.0713162,0.07012935,0.044493992,0.07080337,0.0292034,0.009534483,0.00208782,0.06338492,0.001079373,0.07145891,0.06434848,0.010643216,0.06432636,0.0058441744,0.07006457,0.06869029,0.00039599865,0.014207113,0.057808336,0.06459148,0.009971715,0.055548035
0.0018765356,0.07307529,0.07317174,0.04104894,0.06751548,0.07370454,0.07143288,0.0005278506,0.00056307134,0.07410327,0.0011440056,0.07389372,0.0722748,0.002062011,0.07372732,0.0019185041,0.07388464,0.07305783,0.003538365,0.010155616,0.04211862,0.0715685,0.004091957,0.019544503
0.06661349,0.053687513,0.020332541,0.07868955,0.07340265,0.025861552,0.027960956,0.06323326,0.0012604967,0.06140525,0.06469114,0.010522659,0.036236793,0.05782527,0.054519303,0.001781313,0.07913235,0.0796021,0.034241177,0.021732446,0.044679012,0.02214581,0.0012322553,0.019211072
0.016975855,0.07288662,0.06898266,0.06274574,0.056956116,0.07171531,0.05642769,0.003202511,0.0014205651,0.073269956,0.006327334,0.07146889,0.06456316,0.005112279,0.07201483,0.0045767315,0.07380458,0.07464338,0.0021940346,0.0047989786,0.04853522,0.06620104,0.014249214,0.0069273086
0.0022710955,0.07470523,0.073582694,0.06524083,0.07261243,0.073773794,0.06517276,0.0014943646,0.0006105364,0.07369465,0.0025558348,0.07471903,0.07380047,0.0024266152,0.07411309,0.001019479,0.07492576,0.07467104,0.0035841872,0.003865994,0.035697583,0.06354938,0.0010902681,0.010822959
0.00070265366,0.07387309,0.07394814,0.05361595,0.05210559,0.073373094,0.07113407,0.0009614074,0.00040473245,0.072213605,0.00095317175,0.074033275,0.071729384,0.0020843004,0.07365506,0.001053402,0.07167182,0.07294067,0.0019254517,0.0023740898,0.05575277,0.07236237,0.005708959,0.021422919
0.0017448767,0.07179843,0.071808904,0.04912596,0.06654217,0.07120564,0.06925304,0.000612739,0.00046142173,0.07142337,0.0005493109,0.071895175,0.0695122,0.0026898659,0.071657114,0.0006014847,0.071201935,0.07105235,0.002289542,0.004108489,0.050055344,0.06928636,0.003305395,0.037818905
0.0010363022,0.07434673,0.0744673,0.039824765,0.047698263,0.07480411,0.07441038,0.0004918639,0.00057531166,0.074206375,0.005927276,0.0750786,0.07164553,0.0024377885,0.07483356,0.00047961308,0.07303023,0.07483683,0.0010575796,0.0048343125,0.055209782,0.073521666,0.0010840999,0.024161695
0.0024258438,0.07719728,0.0776604,0.07734704,0.07873297,0.077968396,0.040266585,0.0030816167,0.00050929526,0.07825021,0.002178553,0.07864815,0.078593686,0.001618483,0.07802286,0.0038407024,0.0788065,0.07789251,0.0035976674,0.012219616,0.008629001,0.058878597,0.0010464906,0.002587518
0.0022398073,0.07456178,0.0734551,0.06898889,0.07546148,0.07494089,0.06487963,0.0007158271,0.00017549579,0.07540365,0.0064214612,0.07546809,0.075396076,0.0029315036,0.075135246,0.0021315543,0.07562037,0.07521925,0.0055921315,0.0033057572,0.021565998,0.06771681,0.00087060663,0.0018026083
0.0017350273,0.07317688,0.073086135,0.059456363,0.07267859,0.07242242,0.069871664,0.0016938435,0.0019664473,0.07171293,0.0038679005,0.07420777,0.074240446,0.0016144135,0.07342861,0.002122292,0.07392242,0.07175687,0.010690399,0.0039263573,0.04011208,0.058200147,0.0071193622,0.0069906497
0.002502969,0.07169585,0.073064156,0.060295615,0.07241208,0.07316868,0.06843566,0.0008702259,0.0003241757,0.07408349,0.008149846,0.07372921,0.0738021,0.004965036,0.0733712,0.0050165774,0.074239306,0.07374274,0.008947026,0.0060082437,0.028792849,0.06534897,0.0007528901,0.00628104
0.006820482,0.06849785,0.06852401,0.059387274,0.06546767,0.06726736,0.06474055,0.003993367,0.0015145056,0.06641587,0.009795523,0.06945919,0.06620311,0.016858723,0.06898033,0.0019879749,0.06818435,0.06871323,0.018365534,0.0045908857,0.042734377,0.056943983,0.0029449817,0.031608883
0.00082697783,0.07407462,0.07390763,0.061589424,0.0675579,0.072890244,0.07226152,0.0011217991,0.00061083137,0.07212108,0.0015051499,0.07422848,0.07368123,0.0025452264,0.07406046,0.003229734,0.07337815,0.07046194,0.0035693434,0.0034748178,0.040775076,0.06653924,0.0067518502,0.008837223
0.0012204037,0.068875335,0.06991061,0.03863489,0.047933683,0.069204554,0.06820699,0.0019308075,0.00024420803,0.06936763,0.0009357873,0.06840897,0.06544911,0.0049841143,0.06939913,0.00792465,0.06588915,0.06833882,0.0008082999,0.0061247465,0.056926634,0.06895273,0.019133065,0.06119564
0.0019301592,0.07235487,0.07314725,0.053506818,0.008707393,0.072591044,0.072142065,0.0010263517,0.0011039573,0.060933925,0.0023687028,0.07313208,0.06761953,0.003847517,0.07255765,0.0004394601,0.067012824,0.06916307,0.00031626842,0.0012873079,0.06863508,0.0727395,0.03556481,0.047872327
0.0016797427,0.07434432,0.074091405,0.052539296,0.07597698,0.07540667,0.07152203,0.0018977378,0.0011939482,0.07672214,0.0036090994,0.07564693,0.07668725,0.0016722408,0.07601204,0.0038891751,0.07624097,0.07674802,0.007438798,0.010746934,0.016337225,0.0664326,0.00046297704,0.0027014315
0.0073562884,0.06442878,0.06345031,0.055788707,0.0756416,0.07201751,0.07101534,0.0029214066,0.0009391444,0.07569026,0.0139007345,0.0730713,0.07525414,0.0053105513,0.07525752,0.0020152936,0.07563247,0.07586268,0.014638326,0.0070087574,0.03590329,0.04199513,0.00013556702,0.014764868
0.0007499024,0.07603229,0.07589922,0.053357553,0.076627344,0.076168746,0.067108475,0.0018097899,0.0013089948,0.07688908,0.002891722,0.076618895,0.076892555,0.001039516,0.07660575,0.0023341393,0.076951295,0.0768912,0.004151177,0.009135454,0.020231025,0.06783507,0.0002717193,0.0021990621
0.0010052787,0.06404448,0.069068015,0.027798235,0.07707344,0.075755164,0.073961,0.001323893,0.00083679176,0.07754214,0.015360494,0.07232281,0.07696457,0.0029346554,0.074754395,0.011107989,0.077308975,0.07758541,0.030213129,0.027432118,0.008509943,0.052595615,6.335318e-05,0.004438112
0.0010116317,0.07605242,0.07633373,0.026675515,0.061546195,0.07788052,0.07020822,0.0018370217,0.002014806,0.07854517,0.009768998,0.07570929,0.07850999,0.0011183118,0.07598855,0.0026105558,0.078557186,0.07903892,0.004083745,0.014456422,0.02747769,0.07660465,0.00028777515,0.0036826872
0.0029251438,0.05973922,0.07010019,0.04439722,0.06655899,0.07123316,0.069361396,0.00242358,0.0040316153,0.07401815,0.018839281,0.07030684,0.07119504,0.0076569472,0.07094895,0.0049726353,0.07435552,0.07555047,0.014462178,0.0042449865,0.04639024,0.06884861,0.0015023957,0.005937227
0.028724734,0.051155698,0.01859844,0.07261294,0.076879755,0.015389726,0.07559338,0.06271125,0.00014724096,0.077873476,0.029608121,0.010550993,0.037771996,0.038829163,0.04533112,0.009071277,0.0705888,0.07901927,0.019250335,0.031843774,0.06715695,0.015848396,0.0008506195,0.064592496
0.043914534,0.07244242,0.028380051,0.080541775,0.07532178,0.019267632,0.04333101,0.07161622,0.0008050066,0.0715316,0.02492488,0.010881891,0.044257388,0.037417002,0.045024052,0.011908078,0.07509709,0.081183754,0.023118408,0.03021861,0.06459348,0.014801183,0.0010433376,0.028378794
0.0014547855,0.072675146,0.07234917,0.051412288,0.0628477,0.07169142,0.07051027,0.0013482786,0.00054069277,0.072523504,0.0011696124,0.07167975,0.070673995,0.001822839,0.071712986,0.0066912756,0.07064036,0.07212382,0.0018094699,0.011141559,0.035713833,0.07133479,0.00890613,0.027226333
0.08117371,0.051088292,0.0010031073,0.08194829,0.080166705,0.0013136602,0.013158745,0.08179191,0.00016263609,0.058163483,0.07151178,0.0006091484,0.0025297285,0.0806326,0.017103367,0.0015455773,0.07796712,0.081997305,0.041251667,0.030763106,0.07044123,0.0002834946,0.00011987021,0.07327341
0.002909675,0.07491182,0.07444448,0.06765596,0.07160264,0.072903365,0.062252834,0.0022322019,0.0022915993,0.073834725,0.0029713698,0.07466674,0.074674025,0.004479157,0.073968664,0.002518215,0.07474864,0.07382744,0.0064300145,0.0060954276,0.030024765,0.05935593,0.00337308,0.007827184
0.0009593872,0.07333143,0.072874896,0.04265174,0.074355364,0.07437172,0.072170354,0.00043558227,0.00053075445,0.07492622,0.0072393026,0.07469332,0.07484105,0.0022215685,0.074732065,0.002124443,0.07477387,0.074729726,0.0044699325,0.010634559,0.030610925,0.06862276,0.0007040919,0.012994937
0.0034000995,0.07235412,0.07198507,0.052412137,0.07213864,0.07267709,0.07356624,0.0015161233,0.0025825454,0.07368887,0.0059724953,0.0739906,0.07421804,0.0021645054,0.07428662,0.0026234405,0.074413136,0.074363016,0.003470996,0.0057182494,0.046431202,0.06220103,0.0003283592,0.003497346
0.00048803273,0.07457196,0.07446031,0.044561055,0.07414706,0.07430193,0.07326977,0.00045712982,0.000800044,0.0744284,0.0014247756,0.074879155,0.07493741,0.00088859216,0.07508956,0.0018051115,0.07511771,0.074358374,0.0027257106,0.0055298354,0.051936798,0.06209037,0.00048917497,0.0072417445
0.0008156627,0.07334719,0.0739059,0.02124967,0.03715913,0.07464713,0.07400502,0.0008760716,0.001073724,0.074401654,0.0016907715,0.07411466,0.07400277,0.00148951,0.07401947,0.0008421654,0.073868036,0.07506644,0.0013999719,0.018365243,0.06483649,0.07395816,0.00218924,0.032675903
0.0017995761,0.073692314,0.073595576,0.053259965,0.06975716,0.07251219,0.06723068,0.0025536455,0.0045337593,0.074066795,0.0044926624,0.074193336,0.07477711,0.003155854,0.07371958,0.005949458,0.07368668,0.07470492,0.0059735007,0.008301791,0.043556664,0.056011952,0.0022551792,0.0062196613
0.0022745265,0.07284061,0.074032135,0.042580478,0.04226622,0.07349253,0.072503515,0.00056672376,0.0009574789,0.06823151,0.0027266373,0.07383805,0.0712773,0.0027726984,0.073576465,0.0013945395,0.07363313,0.07147567,0.0014246954,0.0059820376,0.057000954,0.07240263,0.0035517744,0.03919773
0.0024164845,0.06935632,0.07189435,0.058244,0.051734965,0.070032045,0.06743195,0.0024849973,0.002975006,0.07102236,0.0022663206,0.0703948,0.07251849,0.004932008,0.071396396,0.0037125775,0.0723806,0.07233173,0.002673356,0.013633088,0.062777326,0.055460043,0.0023131215,0.025617708
0.0019329675,0.07328323,0.073592626,0.060113296,0.02423304,0.0729939,0.06904879,0.0011945055,0.0017951049,0.06556783,0.0022399572,0.072674856,0.070102304,0.0055558877,0.07282794,0.0012097694,0.07167743,0.06933115,0.001171012,0.0037920144,0.060676165,0.07127587,0.012998798,0.040711585
0.0013194463,0.073149614,0.07306337,0.04853566,0.041381493,0.073426515,0.06369557,0.0023545248,0.0029648452,0.072954945,0.0025257107,0.07374742,0.07258025,0.0045222947,0.0687055,0.003793455,0.06850374,0.07339192,0.0021416736,0.016725758,0.04780309,0.06879736,0.002976045,0.040939793
0.009645341,0.06965744,0.07184426,0.05854299,0.06412634,0.071336225,0.05387008,0.00448164,0.002532433,0.07319339,0.0060469313,0.07007527,0.07270951,0.0077062906,0.068018615,0.0029344547,0.07331737,0.07434243,0.0048229326,0.009905817,0.04400032,0.06423323,0.0031832557,0.019473452
0.0015681161,0.07229222,0.07157304,0.04786599,0.0669948,0.07374326,0.0716541,0.00054905337,0.0008073918,0.07375101,0.0051908274,0.07331742,0.073322386,0.0027868152,0.07328349,0.0018930793,0.07399804,0.07416196,0.0046694824,0.012607154,0.04180001,0.06963213,0.000747467,0.011790731
0.010682431,0.06899191,0.06785068,0.058129027,0.07151322,0.06903431,0.06438628,0.0036375616,0.0052610594,0.06747359,0.0072293743,0.07170979,0.07246768,0.00839286,0.07116141,0.0021303473,0.073147856,0.07312036,0.021505713,0.00779927,0.04842154,0.043860223,0.0008787825,0.011214774
0.0009883208,0.073925585,0.07344293,0.052756432,0.07128747,0.07390273,0.07242033,0.0007569411,0.00051113364,0.07443736,0.0019097353,0.07375488,0.07412093,0.0014198362,0.074552625,0.0041741957,0.074697696,0.07457599,0.002674896,0.014501646,0.030626869,0.07082583,0.00095156627,0.0067840293
0.019393701,0.06991961,0.06223819,0.06273268,0.07019011,0.06774366,0.03845895,0.0070770187,0.0047982535,0.07336811,0.014616887,0.065368116,0.071601145,0.0076500447,0.06407312,0.007863847,0.07370751,0.07525841,0.010138208,0.015396626,0.046371408,0.051546533,0.0026352783,0.017852545
0.001907075,0.07103046,0.07255794,0.0356608,0.055622723,0.07292081,0.07133976,0.0007598193,0.0016615976,0.07264355,0.005585718,0.07322293,0.07306263,0.0057454365,0.07318276,0.002547918,0.073039114,0.07305138,0.0079660015,0.006070601,0.060663443,0.06765465,0.0022067023,0.019896219
0.001800693,0.07288237,0.07315212,0.051632322,0.06576826,0.07337022,0.06657497,0.0011010364,0.0032334884,0.072497144,0.003835225,0.07310989,0.0739124,0.0022508106,0.07305879,0.0026504367,0.07411077,0.07366986,0.0055813654,0.011742223,0.04225987,0.06692176,0.000822063,0.014061931
0.0011964386,0.073305905,0.07367029,0.041439764,0.06946123,0.074409604,0.067021154,0.0010400643,0.00066232285,0.075137526,0.0029611313,0.073369116,0.07443048,0.0012922566,0.07385915,0.003492833,0.07505165,0.07506144,0.004620106,0.019751742,0.029708082,0.0713451,0.001665898,0.016046701
0.003325049,0.0722652,0.07198119,0.05369229,0.06484481,0.07314731,0.06620758,0.0023080532,0.0024107078,0.0723462,0.008241449,0.07303124,0.073639356,0.003566871,0.072522625,0.0020944304,0.07425174,0.07400978,0.00277633,0.011644679,0.047227643,0.06388715,0.0009583488,0.009619978
0.0023134972,0.0713438,0.071969315,0.046475243,0.06388496,0.07156725,0.07104687,0.0009285652,0.001740295,0.07221467,0.004899766,0.07269754,0.07237684,0.004272436,0.072778285,0.0014569715,0.072842665,0.07268562,0.0037660685,0.007234749,0.051826384,0.06410504,0.0031342038,0.022438984
0.0021568965,0.07166889,0.07244069,0.062503874,0.071629554,0.0729854,0.06780813,0.0008391776,0.0011098738,0.07348138,0.0045849704,0.07307706,0.07361803,0.0037841357,0.073538765,0.0016149654,0.074075714,0.07380028,0.0063170646,0.01023255,0.037417404,0.06548227,0.0005182947,0.005314605
0.0015237284,0.07272443,0.072648376,0.051555097,0.071726926,0.07311956,0.06474112,0.0018560396,0.0016387731,0.07406198,0.005137604,0.07300877,0.074050605,0.0027440568,0.07276307,0.005828611,0.07441671,0.074261576,0.0120508075,0.014397185,0.032348398,0.06489768,0.00058188237,0.007917022
0.0016229827,0.07193486,0.0728191,0.043107312,0.059104573,0.07308696,0.071124926,0.00088070467,0.0010249816,0.07207063,0.0048881923,0.07280381,0.071938545,0.0039636455,0.07320386,0.0030480225,0.07267817,0.07240028,0.0038462426,0.00884565,0.04990848,0.07117013,0.0016848147,0.022843076
0.0012952033,0.072072506,0.07238794,0.048178025,0.06368825,0.07162377,0.06575736,0.0014024033,0.004926235,0.06946283,0.0023668837,0.07294475,0.072888784,0.002407509,0.07228399,0.002201038,0.07273618,0.07029239,0.003492279,0.0091096265,0.053288724,0.06536979,0.005402437,0.024421073
0.001361144,0.0734185,0.07362441,0.053684633,0.06383627,0.07355483,0.063786246,0.0022057907,0.0038533104,0.0730553,0.0017205107,0.07342682,0.07470283,0.0016365878,0.071645856,0.0024110095,0.07476933,0.07448332,0.0014642857,0.027042534,0.041514926,0.05634378,0.0003835807,0.016074229
0.0018372715,0.074046664,0.07387498,0.060484122,0.039864153,0.07356884,0.072493434,0.00054445624,0.002573604,0.06928418,0.0010001786,0.073953904,0.072995655,0.0016394908,0.07415934,0.0010695729,0.07400723,0.07254631,0.0013052528,0.004566497,0.060983047,0.07094176,0.0026554293,0.01960463
0.001138381,0.07327647,0.07341314,0.03477823,0.06705486,0.074022435,0.06849372,0.00091118005,0.0007582667,0.07439354,0.004371099,0.07443367,0.072765656,0.001776493,0.074497744,0.0027936061,0.07352615,0.07399932,0.0010597665,0.008387911,0.051192492,0.0717375,0.004413412,0.016804978
0.0025795212,0.07262556,0.07217461,0.05348819,0.072175704,0.07332631,0.067916505,0.0021647396,0.0020724342,0.074686974,0.0044816523,0.072717585,0.07413572,0.0021596118,0.07326128,0.0051351087,0.07406249,0.0746675,0.004978863,0.014232024,0.034301683,0.05896966,0.0015196018,0.012166686
0.0014106581,0.072890885,0.0727109,0.04484819,0.06964244,0.07291024,0.07083084,0.0011072843,0.0022733253,0.0729506,0.0043369704,0.07420385,0.073886134,0.0042555644,0.07358448,0.0022454706,0.07387046,0.07390334,0.0061778543,0.010660132,0.04543015,0.06115662,0.00095257116,0.013761041
0.0026293092,0.070397474,0.07257184,0.042480372,0.0564192,0.072190806,0.069538236,0.0016607257,0.0014271063,0.071569234,0.0025072247,0.072398044,0.070354715,0.0025902318,0.072310954,0.002639925,0.072672755,0.072210185,0.0042393375,0.011973521,0.053006444,0.07023247,0.0016643846,0.03031554
0.0020569381,0.07259075,0.07371483,0.042563256,0.06029724,0.07448075,0.07272748,0.0007373567,0.00066592,0.07454596,0.003181389,0.074068666,0.07322194,0.0023568734,0.07468914,0.0025895825,0.07481419,0.07490202,0.0052798353,0.0075896834,0.046074968,0.07225362,0.0012297255,0.013367817
0.0025877536,0.07139263,0.07208375,0.041725837,0.067001164,0.07384421,0.056188323,0.002712473,0.0036489693,0.073747374,0.009042376,0.07365492,0.074304126,0.0035073757,0.071732156,0.0019402136,0.07451539,0.074650906,0.0058982368,0.013382648,0.0426224,0.06912256,0.0017108788,0.018983342
0.0023833453,0.07063612,0.072384134,0.04494843,0.060907803,0.07211139,0.06820513,0.0011014757,0.0015454644,0.07079249,0.0045035137,0.07294966,0.07236049,0.004284794,0.072836995,0.0019852766,0.072580546,0.07201487,0.0048071076,0.0057119806,0.056026835,0.070211396,0.006349669,0.018361067
0.0028029606,0.071911916,0.07213748,0.047468618,0.071525335,0.07213078,0.07066595,0.0011404203,0.0027181304,0.072962314,0.004340458,0.073385805,0.07354976,0.002728781,0.07291061,0.0046753134,0.07388857,0.07363788,0.0076810215,0.013966276,0.046201527,0.05813733,0.0010836343,0.008349132
0.0015286165,0.07146583,0.072927915,0.040290497,0.065159865,0.072978236,0.07165004,0.0006080607,0.0008031436,0.07293101,0.004632186,0.07277995,0.0724214,0.0036518117,0.07304825,0.0034724753,0.07327325,0.07318531,0.007655975,0.012324013,0.043448858,0.06923092,0.0021080095,0.018424371
0.011949951,0.065391526,0.061155863,0.06440546,0.062425535,0.06793562,0.05579625,0.011169576,0.003547853,0.06915795,0.013231633,0.0606229,0.07017785,0.014121463,0.06494792,0.0038099047,0.07275615,0.073350534,0.008776183,0.021215703,0.046765927,0.05841785,0.0008241678,0.01804623
0.0027203585,0.07192192,0.07315194,0.044654828,0.060888182,0.072660044,0.069273144,0.0008374263,0.0024091431,0.0719916,0.00496357,0.07303208,0.07354934,0.0031669643,0.07298826,0.0026737375,0.07377436,0.072631426,0.004708295,0.008775846,0.05036595,0.06803017,0.0037590496,0.017072402
0.0010904236,0.07109101,0.072469056,0.04224085,0.02987994,0.07259977,0.068585284,0.0014260664,0.003936035,0.068969324,0.004621176,0.072799675,0.07195516,0.0050896197,0.072069675,0.0020248473,0.06914363,0.06978954,0.001616304,0.011469361,0.06481041,0.06994233,0.009040464,0.04334002
0.0023532193,0.06998649,0.07471646,0.045976184,0.060068395,0.07535793,0.05868221,0.0016542195,0.006069107,0.073921256,0.010492364,0.07361876,0.07556372,0.002465544,0.07276434,0.0016211882,0.07588661,0.07572086,0.005443301,0.023759028,0.028529128,0.07292716,0.00062702835,0.011795521
0.0016380807,0.07166681,0.073200546,0.042118616,0.05329887,0.07380178,0.07270304,0.0006934546,0.0015499517,0.07212286,0.0029277,0.07366221,0.07349206,0.0028205407,0.07388751,0.0018776219,0.07392226,0.07370826,0.0025876015,0.0078058518,0.056601733,0.07171508,0.0012436302,0.020953968
0.0023902769,0.073589794,0.07269857,0.051576734,0.06848443,0.07319849,0.062955245,0.0020118472,0.002768334,0.07389575,0.0035796568,0.07274647,0.073660515,0.002501506,0.07280633,0.0033349702,0.073369175,0.07428613,0.002623471,0.012498868,0.045818638,0.06161381,0.001202543,0.016388493
0.0031026762,0.07317765,0.072831005,0.05225947,0.069841795,0.073048,0.060856577,0.002971775,0.0015002791,0.073903285,0.004131803,0.07374172,0.07394829,0.0027800393,0.07366817,0.004395772,0.074681155,0.074247666,0.004785454,0.015113263,0.04101042,0.066547185,0.0009100689,0.006546484
0.0015429724,0.07288602,0.073033795,0.053929262,0.057797972,0.07286444,0.06670506,0.0004911978,0.0013762276,0.07176932,0.0038334467,0.07280059,0.07263575,0.0036805961,0.07303233,0.00282987,0.07342603,0.07194116,0.0066061434,0.007547824,0.051931676,0.07065818,0.0025693937,0.014110746
