Stock_1,Stock_2,Stock_3,Stock_4,Stock_5,Stock_6,Stock_7,Stock_8,Stock_9,Stock_10,Stock_11,Stock_12,Stock_13,Stock_14,Stock_15,Stock_16,Stock_17,Stock_18,Stock_19,Stock_20,Stock_21,Stock_22,Stock_23,Stock_24
0.011366848532791622,0.008662034787144782,0.07185715529541949,0.09056869252940059,0.014606097773567424,0.04601572008750738,0.08092832730371563,0.07217381361412943,0.012541940511321768,0.0335366496977846,0.007168930169936534,0.0453733209826087,0.10207580946504867,0.09251405162213122,0.0936943051697708,0.003784699240261224,0.0072161166980580565,0.029994127491830357,0.10109105784512099,0.06420588517374473,0.0030671180140529795,0.0014789931713861297,0.0010622919627202752,0.0050160128605466515
0.011376363286173249,0.008855929268356615,0.0702860502902177,0.09078109758854087,0.013553834916866563,0.04580925827177728,0.08021184112504452,0.06981735982625308,0.01201562162253199,0.031581158067180676,0.007303150321710654,0.04832319932004585,0.10250917974831718,0.09313135628794873,0.09366033544624461,0.003948364968330391,0.007510314355965168,0.031107383395954136,0.10131433405812307,0.06638481079467742,0.003174087055557659,0.0014323756746705048,0.0010638023057608058,0.004848792003751296
0.010800985195491124,0.008008431289767857,0.07078174306834485,0.09114792479775251,0.014024327462314815,0.04483692664285641,0.08236443294952024,0.07110406241066214,0.012280858443024982,0.032420937166241864,0.0072299156584736705,0.04686899400034679,0.10273572603323336,0.09253169571706259,0.09345742721963506,0.003706013724322,0.007414089091551589,0.03160342133155758,0.10148647810536499,0.06483544555352458,0.0029537927490365825,0.0014416362637147708,0.0010147051699898365,0.004950029956209818
0.010968536595940603,0.008397469277052105,0.06926818402467015,0.09122296163802907,0.013027413541451167,0.04493310439254378,0.08116931324174559,0.06868120849911259,0.01176624488585663,0.030549350614643048,0.007365518604655444,0.04981212301532261,0.10302995716342539,0.09322884275610804,0.09347367033859373,0.003911344077909103,0.007697652662864966,0.03243536981578324,0.10162491548503354,0.06712227991306106,0.0031037266442402196,0.0014002743709233094,0.001029576540581435,0.004780961900453161
0.012433882400743172,0.011125637491445697,0.06469524594015931,0.0907563323771543,0.01029728352080975,0.04687411741076914,0.07388688808973864,0.06028400247394082,0.010242998427754318,0.02518562011134966,0.007826506488274177,0.05930044116804005,0.10335354207361816,0.09574545805658506,0.09389496180532937,0.004943151904893767,0.008585040280473513,0.03352095406664985,0.1016482164272445,0.07475259834349299,0.003942020739546289,0.0012945181576077627,0.0011562842824945725,0.004254297961885142
0.01247290034277817,0.01142293040353376,0.06286890512083512,0.09095514842513065,0.009492197516795283,0.04670588251286008,0.07283629205957075,0.05744784624821061,0.009784231820359259,0.02348635839792924,0.00797866106140254,0.0624254116252566,0.10378282565345462,0.09635529630213926,0.093852130507577,0.005172967084931889,0.008942364348191746,0.03471517603992663,0.10186372206926424,0.07682704267012112,0.004093885508780787,0.001252532815558574,0.0011603715523783578,0.004104919913013713
0.012298548670847457,0.010577788094984202,0.06731827905761238,0.09051512732864042,0.011616726010437875,0.04699168695934429,0.07565437334196035,0.06444149875241689,0.010968861237013879,0.02787578199223322,0.007601887986096623,0.05457452028600526,0.10275494610234416,0.0947849719004282,0.09391683666150272,0.004592163395073649,0.00807917560071537,0.031903528523983454,0.10135649482084891,0.07148479839662109,0.0036990433334909206,0.001358668049384646,0.0011436162545704026,0.004490677243443638
0.010695984964697607,0.007750449842126701,0.07191039503012196,0.09107265089641309,0.014824411606087304,0.04480388855931386,0.08316752462693693,0.07286992124378208,0.012683767366817655,0.03388494925936347,0.007128832569010975,0.04466688699922467,0.1024957807221383,0.09200574858381746,0.09345121825943085,0.003562834050367808,0.007203610124041308,0.030942341507045296,0.10136979905136449,0.06309744888376069,0.002850591590389203,0.0014743355695417746,0.0010053050998694018,0.005081323594337107
0.010722337829240609,0.006930985001717917,0.06968993141605488,0.09165011045303725,0.015908571900479774,0.0409868784561656,0.08753184377034766,0.07028545226468848,0.012198820796477751,0.03193838671276037,0.006532681520370842,0.047820951509619056,0.10309049845646351,0.09101557261195847,0.0906305736905657,0.0035964104481016664,0.00753956643528403,0.03546165218192771,0.10179962344768397,0.06370305053598159,0.0027094630201974024,0.0015773745600128318,0.0010977925428362868,0.005581470438026639
0.008899409902175335,0.00551733007482812,0.0722673002634919,0.0925279127579855,0.01563160152084313,0.04126414221383284,0.08915779872649018,0.07519821563005263,0.013184288395866361,0.03518642567109468,0.006996194527784467,0.04223646310626157,0.10361468918559619,0.09026249877366463,0.0926869213629162,0.002958538263457053,0.007133658352279441,0.03374475040381387,0.10217380423215282,0.0594553861649564,0.0022803474245020965,0.0014663717812128181,0.0008526914994700613,0.005303259765271712
0.009046328741600345,0.00410079610931,0.0708874510451725,0.09445701228536439,0.018175071271688582,0.035108584879172955,0.09714776188583497,0.0710572415313749,0.015057501859688328,0.03341548903771739,0.00546590712995809,0.04244900013649603,0.10559747391767582,0.08785771518784075,0.08842306364586437,0.002840313346162197,0.00913443641044125,0.04370065994990764,0.10315022747068041,0.05096586533155432,0.001800718515763128,0.0015112795978184039,0.0009482042035167886,0.007701896509396466
0.013867845108638236,0.0033925216702431478,0.07233659432610472,0.09615031983471965,0.021792434188625368,0.030141968727071686,0.10428877138486371,0.05185862343124307,0.03584201044246186,0.028992784876880406,0.0020744135235380807,0.0314635190561662,0.10726285557325874,0.08378186363898052,0.08054908175055782,0.0032061419703227003,0.022601456427903083,0.06506143568524766,0.10020837621048687,0.015667041673672204,0.001028183096720075,0.0010826853902172482,0.0014168987812821353,0.025932173230794817
0.023727567544361047,0.0031729318530416043,0.0700939724353859,0.0936234870163559,0.019564530741116307,0.029600150432732966,0.10214597730300877,0.03419185582591872,0.05258550366659725,0.019671027075171064,0.001802673170204965,0.02978942012868358,0.10476509624561521,0.07797006188498398,0.07240754526432738,0.004021974769666177,0.04254463031465576,0.07928300676986168,0.08584975617311044,0.006504523620964632,0.0011963205218793072,0.0008435259463550625,0.0018594039247149723,0.042785057371287294
0.057076736137469386,0.005084173609020832,0.0386643026161726,0.09409353297611146,0.02082988453675981,0.011462774246685846,0.097235092337158,0.017780921580736797,0.03583736297822659,0.007070884774099246,0.003837388464839068,0.07562962157510603,0.10335267191976338,0.06105040615093509,0.01937543861037453,0.020320941777638775,0.08728913377007393,0.08673814986531245,0.043365186304706864,0.02673885904454659,0.0033106930045542983,0.0035001490635553855,0.003812976178707916,0.07654271847744512
0.08125404111589918,0.011652837310064224,0.012697012593585832,0.08958655680075261,0.009938773250765219,0.005497287768550473,0.0907386096003307,0.004501730461418065,0.056097166539956306,0.0023974856128491087,0.005109853189158735,0.09321229957802236,0.09887403145942032,0.05387341717251675,0.0051356284995458515,0.05007125408479484,0.09825384967429418,0.09067297281681908,0.007539503193350848,0.025688044241535837,0.0032950227585633244,0.004451925814596577,0.007350544422495678,0.09211015204071389
0.08236034346329552,0.011814505456226825,0.008619911767902043,0.08910766118293433,0.007689236389508302,0.004509723082442651,0.09077242219316897,0.0027894965418397656,0.05815157567132418,0.0014221644688348417,0.003916584978077967,0.09556223516092693,0.09854459331757298,0.056983999017563666,0.004180525515448521,0.054441978570286445,0.0980887835669748,0.09302595709667164,0.0061417083372752096,0.02513015228911677,0.0030299374809974974,0.003707674138928341,0.006955262660516023,0.0930535676521658
0.0811216554118552,0.013250978478590454,0.006109584706295425,0.08842270519899346,0.004514610408371747,0.004723466037696191,0.0933224713263517,0.0013260623038826634,0.07001365820370531,0.00099304546590452,0.0024972290866567327,0.09642235302837661,0.09858102804021429,0.06385520341030708,0.004817513739938264,0.05148262134981052,0.09827174305789968,0.09516148124345461,0.005739928542929497,0.014487144536757354,0.0019320101930350199,0.0019222361756144608,0.007190852301144997,0.09384041775221419
0.07889140749523887,0.01336704182650253,0.00464643853108026,0.08798927481201431,0.0033266824595402263,0.0046354938959342566,0.09550466172739894,0.0007838788939521008,0.07496304143288496,0.0007999080214159996,0.0016994974557395092,0.0972430626275499,0.09886680881578062,0.06781623892116699,0.004923319220052799,0.04808672176160412,0.0985973071290003,0.09652431478252378,0.006601980284709982,0.010274729689188819,0.0012814955617720192,0.0012762223179991672,0.007552762652707521,0.094347709684242
0.07786289830816155,0.014569426004277323,0.0028690827707594153,0.08697597623725717,0.0014993542532708562,0.004757705583222872,0.09597294919546549,0.0003027945137661793,0.08107692094972548,0.00044073279815095494,0.0013361399361443845,0.09772923034918733,0.09868660054858643,0.07408891885277402,0.005333507733055093,0.045795595748102845,0.09852164427437228,0.09745357152505374,0.005241310534697053,0.0061064129158561724,0.0009990653546901077,0.0005878546096820441,0.007338091334146896,0.09445421566959432
0.07451270961433092,0.013706931721699624,0.0026893150417754445,0.08779039348404157,0.001824179550323275,0.004784122964205365,0.09803095091305078,0.00027003703479542505,0.06517261182641064,0.0004501787914363899,0.001347171454888469,0.09995949099281161,0.10065906404397103,0.07222577109657467,0.003929373397102549,0.04490903105440308,0.1003867667198591,0.09949171616422611,0.00925559358494832,0.013864719727291561,0.0012722877396447359,0.0008343109084627162,0.007782233149215208,0.09485103902453142
0.07538645104774515,0.013750300863427278,0.002781387946346411,0.08761813505015804,0.0018557476408621629,0.004776097566649856,0.09761824031668857,0.0002912652889663223,0.0689759553884089,0.0004658798441207957,0.001328372183201878,0.09943743599989908,0.10020048239321362,0.07247310494675395,0.004206463109801534,0.04507813129600038,0.09994474717278615,0.09898491242576136,0.008442175554472027,0.011835666115445138,0.001198356215467375,0.0008151119424096044,0.007768702821460043,0.09476687686995436
0.07624487527173544,0.013760736143388696,0.0029672343862487847,0.0875287439361203,0.0019480253874755832,0.004748368535239184,0.09716534807926522,0.0003338032807931699,0.07327688303194177,0.0005037734850529184,0.0013040281927938168,0.09878915183233489,0.09966426761043823,0.07252113958907118,0.004523901231164587,0.045166169212095125,0.09942723479739177,0.09835788264171852,0.00762550453691105,0.009695363054659302,0.0010978771687082532,0.0008139436231440282,0.007809716443865501,0.0947260285284427
0.07556764088208645,0.011912049430963054,0.003011969771282415,0.0890265337482327,0.0017806200707820067,0.003975744524489754,0.097743038260388,0.0003985583442489152,0.07599302992285362,0.0005353082494765012,0.001525746380827365,0.09919759067277027,0.10019838760421343,0.07242641169067347,0.004449865041895296,0.04410400314171322,0.0999763979505483,0.09879105482744077,0.007296132853466625,0.008537019701326304,0.000943902708380739,0.0007868206327960615,0.0065819015048477186,0.095240272084297
0.07772160224751998,0.014363766248563092,0.0031571187986258863,0.08702922338966078,0.0018218336347726695,0.004781488624120987,0.09615874880901282,0.00036059555826747366,0.08055703829639171,0.0005090076792829049,0.0012921478221112235,0.09767315123783622,0.09872836015236794,0.0730005406401598,0.005278131815905334,0.04560058022182821,0.09854515377474644,0.09735672633919455,0.005795514963505714,0.0064915149087251475,0.0009724345585800537,0.0006813303639800717,0.007641594769477938,0.09448239514536307
0.07707812255828009,0.013857884609912363,0.0033164199102633514,0.08732795165856624,0.002166584017475778,0.004727095893197865,0.09664315005302122,0.00040521028818640777,0.07793480730141435,0.0005672559977031229,0.0012751834235360505,0.09799388646511135,0.09906905861035348,0.0719988310941713,0.004944236139491982,0.04535424572935063,0.09885063029402692,0.09759447840064905,0.006871803400145644,0.007780832236937575,0.0009864932503712241,0.0008108105425294254,0.007905012823505288,0.0945400153017993
0.0773761806086017,0.01411388944898692,0.003268272275255976,0.08711401863523412,0.002062907497857964,0.004779808576461686,0.09641919125398726,0.0003881013426947595,0.07891752163498077,0.0005449602465654942,0.0012672360486815112,0.09782337215597102,0.09889137628247606,0.07232840965289264,0.00508122644270735,0.045576641427929845,0.09868484578556881,0.09745584247280029,0.006471116882814178,0.007307624963454046,0.000985864934363077,0.0007626966359887075,0.007916140314099516,0.0944627544796263
0.07612609354508963,0.01365360280626453,0.00300037623564845,0.08759217638054739,0.001995678278004171,0.004728013308796966,0.09725840526660666,0.00034206052867595635,0.07287537042900114,0.0005153661599962752,0.0013076519175832216,0.09885812210030875,0.09974218396718604,0.07232888379222548,0.004488933212839416,0.0450594760406266,0.099500400199873,0.09841585619433207,0.0078011418011618245,0.009910695504376316,0.0010939785990938472,0.0008364308513802802,0.007788795332738692,0.09478030754764331
0.0739851922136495,0.012951641220535512,0.0029956256214048044,0.0882374452537478,0.002232228593514336,0.00463146994557597,0.0984722900182828,0.0003461224817277817,0.06465646096819247,0.0005494893429970552,0.0013665536710641116,0.10012098680301224,0.10092523779979204,0.07076361913165267,0.0038719707950679288,0.04422194263388207,0.1006255376832142,0.09958186370689169,0.010123452759771381,0.014222842878010497,0.0011890572778272424,0.0010054266188719277,0.007660948406301362,0.09526259417501264
0.07554355299441297,0.013360636645522334,0.0030307906534231413,0.08778407952707165,0.0020998146216121213,0.004683797205226898,0.09764340105303905,0.0003507124800728831,0.07047119380350034,0.000535625138114273,0.001325732821420611,0.09923823317146435,0.10011107656616436,0.07177711817960299,0.004303675080115981,0.04475779869090508,0.09985000513795544,0.09875899119812404,0.008545963385156128,0.011158752553378759,0.0011119120735504442,0.0009008170394067749,0.007719167535382182,0.0949371524453772
0.0741367268405733,0.012795015349506698,0.0031116227282484347,0.08828952058157215,0.002357623904147319,0.004587563094388796,0.09845095110418688,0.00037645800552296016,0.06565424006943575,0.0005846498700825858,0.0013651144499411043,0.09999616142771933,0.10085174014765395,0.07048602864060984,0.003929901546245613,0.04406178673261768,0.10055015264926967,0.09944422153534578,0.010088127086592036,0.013712088827534295,0.0011492135579912954,0.0010464545990532448,0.007641080870969825,0.09533355638079145
0.07704410617108476,0.014526666015839405,0.00276870498649167,0.08703399730834582,0.0016574227564317035,0.004916987550156755,0.09649729283164125,0.00028170205773353176,0.07595417145345626,0.00043198570837234187,0.0012769234418984364,0.09828279475249775,0.09910549549390774,0.07378596277180594,0.004791718668722317,0.045930951955673864,0.0988985570109965,0.0979182085545818,0.006492823447407891,0.00831025207428731,0.001121512723974383,0.0006759336383616265,0.007955521074870655,0.0943403075514603
0.0784941560160749,0.01584807924976022,0.0026710088715291135,0.0860325590078245,0.001361282430365196,0.005196552752235679,0.09534671500797567,0.00024361836786775739,0.08108843536140559,0.00037659611347752765,0.0012424867529823148,0.09733451115824639,0.09817636106991888,0.07491433269730538,0.005533427366056059,0.04674281478173232,0.09802101107509174,0.09708661621624456,0.004808198255256106,0.005928555300781148,0.0010871718840207614,0.0005185514448977971,0.007930870142157188,0.09401608867679319
0.07727567333604111,0.013776075411707675,0.0024652334619592875,0.08759809559541266,0.0011491618483269036,0.00436995086465908,0.09630014607383731,0.00024725719094454384,0.08014914563692176,0.0003668928076375865,0.0014917833765874496,0.09834630155566483,0.09916844420747349,0.07537899511090572,0.0050732000231909135,0.04567136013012078,0.09901263968340814,0.0980992069814051,0.0049762124756936475,0.006306458350908871,0.0010257476112119025,0.0005104389903340554,0.0065871081389157,0.09465447113673146
0.07774553960795219,0.014008026486701112,0.0021848292489974118,0.08763421558867238,0.000863682924174091,0.004357874058142657,0.09578336075735218,0.0002041554648732175,0.08197079373335052,0.00030455476269759015,0.0015390743928679449,0.09818205915343386,0.09894429265197698,0.07668837948480346,0.005379241341950654,0.046053871173005,0.09881740417521082,0.09801340744777484,0.003980397358627687,0.005208592623580759,0.0010355056618333895,0.00041458809820836545,0.0059516642394506145,0.0947344895643623
0.07809391818791081,0.014861256139554017,0.0023157378992455847,0.0869441740316194,0.000975502503181919,0.00468633710436302,0.09551871543996752,0.00020773520781134936,0.08193691959754804,0.00031906265604077195,0.0014287541792212667,0.09781341998776286,0.09858910271290641,0.07627324589116227,0.005480061013296638,0.04640492863273043,0.09845658319313474,0.09761900551063521,0.004159656810949413,0.005353102575266706,0.001062313575720096,0.00043026371604879134,0.006652541029165825,0.09441766240475688
0.07571341601129311,0.01203332803246719,0.002243291619907249,0.08912779553246926,0.0010130324862702362,0.003808201575226965,0.09745973187044261,0.00024001044238329956,0.07643210148549506,0.00034667676546866255,0.0017029107258175378,0.09957775747952392,0.10031417232322679,0.07561328455196609,0.004457587585747133,0.044594337969132786,0.10014149639922128,0.09929822083145168,0.005641313106012909,0.007657696909681173,0.001031210473420463,0.0005342348322941016,0.005756135297962811,0.09526205569311767
0.07572721991974686,0.012513312743386984,0.0026402736588473567,0.08860291537641006,0.0015088144201720083,0.004219031278857021,0.09759825361943067,0.0002987026823709948,0.07373218706370623,0.0004316598727362303,0.0014750046575038784,0.09936745398652584,0.10016825553834377,0.07362323122076157,0.004347666673587911,0.04474178803276331,0.09994916708156303,0.09898423884439712,0.0071282896749739685,0.009255673415565208,0.0010603303077617874,0.000692072700212753,0.006888942241145707,0.09504551498922974
0.07794450187165265,0.014922335395039586,0.002965125947380462,0.08658428116436363,0.0016879442230678591,0.004972836494316399,0.09590856373355987,0.00030966967721479053,0.08001719415435424,0.0004547575493061923,0.001256168592700945,0.09759837095836758,0.09854938339226453,0.07361485056633843,0.005299067492991587,0.04618273176752484,0.09836916588957358,0.09729506017037215,0.005609927258068596,0.006617767122008583,0.0010326759691534869,0.0006325654913872195,0.007931321457576829,0.09424373366141597
0.07912661233448322,0.01610944998753889,0.003350321778824463,0.08626067648702371,0.0017119766509809732,0.005199283037974128,0.09492592758289546,0.0003692014967773568,0.0842982383553118,0.0005142484826379204,0.0012482747568741896,0.09657053016554068,0.09778957333602752,0.07348197404993838,0.006095405383917027,0.04628187940316443,0.09764566353906382,0.09633599516110379,0.004442550892097135,0.004772388157829187,0.0009773526236066085,0.0006017537103171483,0.007626219096020612,0.09426450353005157
0.08002378688534467,0.017114058971113007,0.003507001684070335,0.08605131864006713,0.0016648187140090003,0.0054839025106960875,0.09381063807578285,0.00038677202336583153,0.08501040900932719,0.0005134268139858689,0.0013255581834984603,0.09589950853337087,0.09723426052561066,0.07328682709981793,0.006515774897081965,0.0483584482036095,0.09710504851666521,0.09565086689034383,0.0036392695979080352,0.00444540803059681,0.001070140781711257,0.0005894997101558291,0.007334247124278973,0.09397900857758872
0.0638054208852462,0.01095911678168315,0.008326318894203195,0.08830934231563992,0.002104419881719398,0.010916996533169203,0.09736840174930647,0.0007387193021275088,0.08117164386706907,0.0009818496746945076,0.0010110771891276096,0.09528223487164267,0.10020646451248054,0.08057740684749391,0.020496584792427056,0.026483695613932202,0.09896771030435861,0.09783871315156131,0.015304344640739185,0.003625254562403201,0.0010073303783425852,0.00032832101778439875,0.004856428500220812,0.08933220373262728
0.07967350233818664,0.017828805069798788,0.0027200264335190513,0.085273192001753,0.0011449099865035635,0.005685804486327224,0.09400164013318163,0.00023166210295546842,0.08588982473570947,0.0003690775870988526,0.0011866313979275638,0.09614258657691518,0.09709882094660226,0.07576211133246316,0.006623858834938618,0.047544029253645606,0.09699218991215933,0.0959974185296443,0.0033159721562323963,0.0037439698020817823,0.0010027150095582764,0.00041529768526673986,0.00758906741885095,0.09376688626868017
0.0780101579874535,0.01574606307836114,0.0024636778416475256,0.08618164362240281,0.0012711179652440978,0.005204844025804866,0.09561715735434441,0.00021199440013728568,0.07851752833559057,0.0003430351286208669,0.0012555408054328717,0.09773799382774566,0.09846659742297176,0.07545698340309108,0.0051582563987705,0.04679453962831511,0.09829844277546565,0.09746336491864258,0.0051761234539177145,0.006933500693759021,0.0011745049324081319,0.0005166679103538387,0.008025378569460225,0.09397488552005881
0.07645774600631428,0.0146723658860907,0.0025412446178003168,0.08706251852253881,0.0015151277598109837,0.004948689067441259,0.09681734464949479,0.00023799424831702105,0.07240676302884443,0.00038942570845898076,0.0012993202711071264,0.09882586961807076,0.09953093136256741,0.07407408198802436,0.004462850670438558,0.04588664673520482,0.09931318891301981,0.09846032227609752,0.006973029076410277,0.009898559291961977,0.0012322376715490804,0.0006543610220205578,0.007978742781331058,0.09436063882708515
0.07973399202326426,0.01841945039305654,0.0021176156716983603,0.08474203402583728,0.0008396692129850294,0.00551949834188902,0.09390050196422225,0.00014139743324793135,0.0824060958927187,0.0002570256199107858,0.0011996471480386476,0.09661079581072651,0.09725478343161884,0.07787532422738193,0.005725504448730769,0.04777013806532006,0.09713821296264949,0.09649440510022794,0.003439756620251512,0.0048788768433285275,0.001235859781909891,0.0003446607737452293,0.008462060427949657,0.09349269377929083
0.0798616936090558,0.01927095805114937,0.0019456088085809224,0.08428094578431922,0.0007986513988567332,0.005332440055339776,0.09377560031629394,0.0001226271087332937,0.08107014152842751,0.00024037199225845595,0.0011628369705021524,0.09675535319168815,0.09730925222985846,0.07872137637372342,0.005207094797456144,0.04710510124304935,0.09718838887212133,0.09667150539762052,0.003551071855557891,0.005379075024113348,0.001356164966206676,0.0003380193973273289,0.009066956519029936,0.09348876450873028
0.08087104068742364,0.020878800528624345,0.0018030686448359476,0.08294088040768212,0.0006847701883285671,0.005380238587030436,0.092911805306293,0.0001051228794446781,0.0832191171231331,0.00022433954310568162,0.0011845450184651822,0.09637463075982095,0.09688119255571748,0.08006426973543723,0.00540615324395115,0.04617754752680354,0.09678095340354939,0.09634412695881832,0.002906109424700941,0.004489164856094333,0.0013764659698027792,0.00029109440547784264,0.009361475589864653,0.09334308665559471
0.08114284810536071,0.02147919355930075,0.001745028249327207,0.08283575722441316,0.0006320069527115182,0.005436251142968676,0.09229453744044877,9.75832872494631e-05,0.08423310047401686,0.000206278311006396,0.0011046106287187752,0.09587845894679727,0.09639410443846146,0.08019703732312469,0.0057431011575596195,0.04788859593085968,0.09630298072805937,0.09588249330884963,0.0025525558126117216,0.0038773667495902394,0.0013609018111791437,0.00026676788049663296,0.009280377507785601,0.0931680630291027
0.08252902068467642,0.0234086580320203,0.0016840642233275946,0.08109010654045629,0.0005684548415543317,0.005702906686307529,0.09186555039693059,8.587284939395046e-05,0.08529818615032249,0.00019656208544008673,0.0012082761690813614,0.09584908275250881,0.09628569731091546,0.08096706938683235,0.005394128379198016,0.04519065157472531,0.09621236755771281,0.09582842826276221,0.0023347524071887877,0.003613450742186339,0.001377915086952919,0.00025552324836041997,0.009999511278492336,0.09305376335265331
0.08169045639822206,0.019905400422161167,0.001673213217644992,0.0827794176116079,0.0005840404080181908,0.004918647375841246,0.09295092427803298,0.000101458948255319,0.08487468996694134,0.00020920201500955327,0.0013273229295481012,0.09676825379973153,0.09723531916801621,0.08070580923305531,0.005318891810659382,0.044797193800217384,0.09715441404092133,0.09675485656924168,0.0025548188106171237,0.0038485008364297956,0.0012796905867009263,0.0002717620378702952,0.008455345209020665,0.09384037052623553
0.08269497624430845,0.0218769859922874,0.0017034919357843948,0.08142329505073902,0.0005842165697077518,0.005232141440592229,0.09227614990977102,9.614062817651859e-05,0.08557760861059119,0.00020969214239184504,0.0013367383711239797,0.09632283673339391,0.09676332407355531,0.08090224919081422,0.005250149419641315,0.04424361709807507,0.09668638272594114,0.09630700655735332,0.0023690948788494966,0.00360972723588451,0.001347537966440298,0.00026778323482649577,0.009338145272250572,0.09358070871750054
0.08248633071343041,0.023338879564524604,0.0016774696948048107,0.08115323924809204,0.0005642977240821539,0.005702730296018048,0.09190543575426556,8.549808911670336e-05,0.08526129337480506,0.00019552674250397032,0.0012064363492063866,0.09587724533546181,0.09631290402254225,0.0809807903000177,0.0053922222756690955,0.045162600575385285,0.09624022533528277,0.09585502886702482,0.002343917810528161,0.00362845345857442,0.0013707744775166382,0.0002545763814731512,0.009947646251875917,0.09305647735779822
0.08132601537387382,0.021631610544789463,0.0017463931582837279,0.08244649891548544,0.0006358778804678558,0.005434964701099105,0.09247457805435257,9.76607595453535e-05,0.08409754985000989,0.0002128329446550502,0.0011727154005934306,0.09612531282124051,0.09661733203656235,0.08046985067221135,0.0055157908747195256,0.04626525546504302,0.09652688321938757,0.09611291081491155,0.002642430915129214,0.0040681892952960826,0.0013745057785357025,0.00027227962617611004,0.009494271556191168,0.09323828934144013
0.08148432888516977,0.021709219141721296,0.0017614309950795327,0.08210173191086051,0.0006513325216711622,0.005501035079251556,0.09276045186035915,9.881348318599811e-05,0.08375263425839749,0.0002215425385791829,0.0012462901474075575,0.09642487208649336,0.0968900357426314,0.08053506552320885,0.00525150438914005,0.044631217746218775,0.09679928365582587,0.09638567134422332,0.002786089064929837,0.004395410666392574,0.001384463232340818,0.00028320312257423385,0.009651256251791971,0.09329311635254574
0.08005835533378274,0.019631812192859827,0.001915291284554589,0.0833847863753742,0.0008030496494216383,0.005306266688846527,0.09407715768969395,0.00012115624071673722,0.08071168771622854,0.00025863806549501897,0.0013067784609234624,0.09729761236846306,0.0977883769170503,0.07939621296650944,0.004835040366041518,0.0439693515495794,0.0976676550534809,0.09719432972701084,0.0036733905168594497,0.005952103879038361,0.0013950794637163414,0.00034465640180214975,0.009309815905804902,0.09360139518674612
0.07912890851659679,0.01809660209300026,0.0020703488675820046,0.08507543234131315,0.0009019976603473656,0.005342868607235012,0.09451450342085574,0.00014012669853370573,0.07937858107717309,0.0002626890939350009,0.0012043368931875808,0.0972022003742698,0.09778655380734622,0.07779799786184854,0.00502981879353032,0.04686248488741122,0.09764838323286261,0.09705492842976471,0.004123742716571793,0.006223243954498047,0.00132880585360939,0.0003836714308636378,0.008813805209925052,0.09362796817773897
0.07985935102425866,0.01873801498873866,0.0021777051294649143,0.08474799493216988,0.0008229266970747614,0.005804233987460625,0.0936037429229939,0.00014614170672946653,0.08401962813506955,0.0002610544774333802,0.001191238490426306,0.09628437789590236,0.09697639284690147,0.07759911269115946,0.006177177215316237,0.04828482961399124,0.09687207282028178,0.09616150322093864,0.003087946798382274,0.004211488865370852,0.0011744733913694478,0.0003286439326584682,0.00806252954653564,0.09340741866937204
0.07983714952993914,0.018674617672770177,0.0021954635531330124,0.084770742679729,0.0008350685622016278,0.005800871701787401,0.0936279405111212,0.00014894373468193073,0.0840935175244348,0.0002644081630939475,0.0011914313308143657,0.0962875951227645,0.09698782989195422,0.07751602942864272,0.0062031293687870755,0.04827833643348221,0.09688330066833648,0.0961622421696575,0.0031020475451023276,0.004194862527445499,0.0011669355468331315,0.00033203757613939935,0.008024332501885745,0.0934211662552626
0.04072343768370374,0.00650791409474954,0.012028354210589466,0.09000198778716842,0.0015202949436512242,0.01807487878453264,0.10155508725904984,0.0006795651095807329,0.05562667062109333,0.0010105230603094338,0.0011843512877299947,0.09739646945491712,0.10524226882870313,0.09151283530581354,0.04117655325574189,0.011802529062809822,0.09547301012026302,0.1032611271754465,0.049741903785032855,0.006746481186384978,0.0016307962435067739,0.00015275271969355402,0.003272109846236553,0.0636780981732919
0.060566166906077606,0.0113056753503822,0.006208917043719401,0.08643847421536378,0.0011216295306765737,0.012582852537483018,0.09833855533824008,0.00030415290736122356,0.07130412773314493,0.0005739045048638633,0.0011226134696727947,0.09926184957428524,0.10218270447019996,0.08824689925790408,0.022094682201473273,0.02080395224473101,0.100209702683976,0.10106468170042594,0.020119465790945118,0.005356110004062968,0.0015924793722520382,0.000179317551122424,0.0054947296450011465,0.08352635596663532
0.08139439992936437,0.021840065631464324,0.0017255099405702986,0.0824963060351226,0.000616984330656828,0.005478432649895195,0.09220473974655183,9.483646382824244e-05,0.08446498794279153,0.0002042565227484949,0.0011250111632306404,0.09588056419458947,0.09637958976565358,0.08040102611048475,0.00568597881338056,0.04733739294345458,0.09629233527728787,0.09588169617576879,0.002497908966441309,0.003815983254769051,0.001364209704006918,0.00026287820798438387,0.009408691415851145,0.09314621481410323
0.07882130335066861,0.045063203244876726,0.0065801300475229465,0.008728118778787458,0.001617661529165938,0.02345520990790245,0.09424693925441315,0.002875805798336695,0.07187700696490071,0.00035969772329138276,0.027479002887810904,0.09245944171204394,0.09570303170803993,0.06858061283553674,0.05661648065469701,0.03231149486545114,0.09396075311160473,0.09300074566574641,0.0011211668983600552,0.003957359570932071,0.002707459323451295,6.934087319297052e-05,0.030311984459509233,0.06809604883375753
0.04123932606095392,0.03097994229798441,0.021491220150095428,0.00691178778666326,0.004664653524440469,0.07276547590976104,0.1107469398517604,0.02266815159408775,0.03920195204897163,0.0008470169700634261,0.050027185574313106,0.07717098276372557,0.11133711446970913,0.06924979252388432,0.10684269793065349,0.015088787640317177,0.05288312074757389,0.09967166591843038,0.021462700425910693,0.006896273164353754,0.0046764980572140515,4.454230572423091e-05,0.02516109775600701,0.007971074527401461
0.07739715883403978,0.04209830221534959,0.007559228962984557,0.007925591721435336,0.0017830271857853944,0.024181440592720066,0.09575521122287456,0.0034597977874009215,0.06719912305268974,0.00041212325360669416,0.029378963924481166,0.09319692161769673,0.09691152843251276,0.06978587901399617,0.057021451083742666,0.03114754593016213,0.0943008830358346,0.09413355243928109,0.0016551028314588806,0.006470644953100197,0.0029667943034145726,8.252397222507255e-05,0.03191119470354781,0.06326600892965951
0.07882130335066861,0.045063203244876726,0.0065801300475229465,0.008728118778787458,0.001617661529165938,0.02345520990790245,0.09424693925441315,0.002875805798336695,0.07187700696490071,0.00035969772329138276,0.027479002887810904,0.09245944171204394,0.09570303170803993,0.06858061283553674,0.05661648065469701,0.03231149486545114,0.09396075311160473,0.09300074566574641,0.0011211668983600552,0.003957359570932071,0.002707459323451295,6.934087319297052e-05,0.030311984459509233,0.06809604883375753
0.07882130335066861,0.045063203244876726,0.0065801300475229465,0.008728118778787458,0.001617661529165938,0.02345520990790245,0.09424693925441315,0.002875805798336695,0.07187700696490071,0.00035969772329138276,0.027479002887810904,0.09245944171204394,0.09570303170803993,0.06858061283553674,0.05661648065469701,0.03231149486545114,0.09396075311160473,0.09300074566574641,0.0011211668983600552,0.003957359570932071,0.002707459323451295,6.934087319297052e-05,0.030311984459509233,0.06809604883375753
0.07879084675209516,0.04496012184812882,0.006615060021896162,0.008705642826024883,0.001620324093127786,0.0234245611125954,0.09428208937055314,0.0029026431117181828,0.07177959028484161,0.00036152631945645405,0.027564045206680883,0.09245907111409006,0.09572818318718032,0.06865101542953553,0.056585078099300946,0.03228113646357541,0.09396174313782794,0.09301775870323598,0.001132346369021783,0.004004262007172899,0.0027120491088522642,6.952076568050426e-05,0.03040921613779405,0.06798216852961383
0.076941840395398,0.04155805097488887,0.007495525631291921,0.0075698397732908386,0.0018682419226355696,0.022949510745070102,0.09565049019020254,0.0034410171756091242,0.06773833981609174,0.0004192916623263324,0.03031224448621093,0.09326845171380532,0.09677697735638781,0.06964138757374715,0.05739286089215333,0.03222214433440782,0.09407065107589599,0.09418177562300965,0.0015776140705109011,0.006244050183573946,0.0030253981409820007,7.95619962705365e-05,0.034550700532556544,0.061024033733683015
0.0376466294080866,0.024569904232158678,0.032588286904473907,0.005630968487479283,0.004595551251103709,0.06625379199778628,0.1101111924361739,0.022158383485102257,0.03225845893076448,0.0014035914004462318,0.05281808866705348,0.0802040612814714,0.11008359439457338,0.07460408885280953,0.104882157981264,0.014434783813254587,0.0431157381186851,0.10021298858701816,0.031930179758615604,0.017562778827048185,0.0043342176912358945,6.871137957746591e-05,0.02110124964753499,0.007430602466282899
0.008597553482392993,0.01614377120655246,0.050050136820187545,0.003554290865279654,0.008933402705240892,0.072937360640142,0.10121499905227074,0.04472868575673822,0.007895756731366325,0.004930390097070398,0.08079539606351925,0.0772694023793149,0.09417480424267126,0.056228222419848504,0.10105996596445564,0.015621203369183653,0.0149698721977719,0.0798674729672717,0.07274463104467181,0.07005330500085312,0.00574212982868819,0.00019768966226691278,0.010498926887998508,0.001790630614243419
0.0037000396850146553,0.01949046948905816,0.05202004612739099,0.0029144070790083814,0.019546822621935907,0.0691228540386456,0.09406197331741263,0.06663556932867278,0.00657943871208279,0.0070716941886839815,0.08926415129270926,0.06702831646325312,0.07671212523334409,0.04010715101123793,0.09538696951094187,0.02589366117321242,0.013905772770075538,0.06369748310237507,0.07685504191150204,0.08518513340425403,0.008635515701070089,0.0003854682618337385,0.015084011230479456,0.0007158843458054988
0.0035673825308248537,0.009969991197143162,0.05054176084357296,0.005094837812182326,0.01298042725083079,0.061271262938286615,0.09633033383828671,0.053732809843157876,0.004385314595708673,0.005240862450155358,0.08324104525408109,0.07586899350470931,0.08917477232951083,0.04934880507234693,0.09482605948074421,0.021023645185296223,0.013346329812885202,0.07645636661884575,0.08475148769614196,0.09073011795056557,0.006603089274414282,0.00038885128963751916,0.010554432089633557,0.0005710211410382417
0.008425741609372579,0.011999275839426952,0.04981862166184397,0.005006869530847089,0.00783839569344679,0.053180330333284474,0.09830728434049708,0.03458769093521766,0.01067582967919498,0.0032884129444113834,0.08024689655062262,0.07379522697257587,0.09492241325131569,0.05469623600819964,0.0945975223031365,0.02266887099557583,0.022334363575410455,0.08947329490906937,0.07194643225198813,0.08365354158298006,0.0066878978040128285,0.0002155584074439951,0.02072555715461039,0.0009077356655156424
0.008057966103109021,0.008602093508844555,0.050805169285107706,0.008259673090938148,0.007143550533252872,0.05363540213317746,0.10416304692950318,0.028154469149795195,0.007543844512318607,0.003106864099248606,0.058168082502643215,0.07892071608147255,0.10309395554887957,0.07125677545666115,0.09322087362102842,0.016877148024608365,0.0204909688087669,0.09262996210395123,0.08215702994797305,0.08515344300033721,0.005221217688551126,0.0002496820826416272,0.011375631109188912,0.0017124346780012902
0.02927284897849635,0.022125324190979234,0.02220108494037567,0.0031262981638505104,0.0028716438739051406,0.03077324601900822,0.10117601116103526,0.006343967526677112,0.017146198974402678,0.0010960980689112085,0.06188960861396035,0.09821529680179732,0.0970381177751717,0.07322227281744428,0.06836172189734037,0.032339448384460075,0.07698038565133428,0.09919552982581582,0.024019213913910098,0.08107244292373314,0.006106302885811847,0.00029626986863588587,0.03775358049559043,0.007377086247353035
0.024460227699142648,0.018885242419687892,0.02449750905898474,0.0035197798386067815,0.003147737642761949,0.029794194594602464,0.10212314308258448,0.006507750404053079,0.014512975990435599,0.0012303592268445743,0.059880654727471755,0.09891097318770388,0.0982944955113122,0.07502082748230417,0.06668883700389036,0.03182132593848443,0.07450722826674314,0.1001271249759382,0.03109656998322943,0.08677442520400849,0.006227675504890344,0.0003409878206531143,0.03521236519294645,0.006417589242719822
0.023703527827458694,0.023950271498594557,0.022820853951298094,0.0024018089652219953,0.0028905474075112355,0.030209611316173682,0.0992484373992009,0.006210583639868189,0.016569877507766912,0.0009948191190761568,0.06805763214331632,0.09671305581642826,0.09334370222758226,0.0700296445404917,0.06888327094624379,0.033171419377234085,0.07473522514181817,0.09844671205323735,0.026324075832534814,0.08491464009170169,0.007471902336741794,0.00027396385896433223,0.04466098764604746,0.003973429355487561
0.020106395394087345,0.021650475561647644,0.023948876253878613,0.0021630838366959973,0.002844731278664275,0.03400467223343693,0.09968329361614447,0.007379807536270227,0.011227351560354907,0.0011475707348533857,0.07069399183065414,0.0967680327620565,0.09122736659825605,0.07087630819090554,0.07271898468287596,0.031069492224015016,0.06749461772750312,0.09807443829581251,0.03506834300093014,0.09070247714827961,0.007699517558967362,0.0003277989582269633,0.040146890824652816,0.0029754821908304623
0.013962406417198219,0.01643378997265129,0.028629758129309582,0.0026435065280155487,0.0032558761252782713,0.03392755205951062,0.1009983567813667,0.0080044617855848,0.0076785335146041045,0.0014753577241842003,0.06806710344783518,0.097563550646934,0.09301902583898351,0.07361397359264733,0.07149247785048551,0.028574759113386305,0.06021026236931456,0.09902523603951305,0.05009178338312098,0.0961481224408532,0.008014304392548823,0.00042063193412427173,0.03435443297587561,0.0023947369366743346
0.017812489037201278,0.021833579793688395,0.025069918054928864,0.0018302574190278266,0.0030039937642838102,0.03764995247063651,0.09917961705896775,0.008753044386103194,0.008579026169761757,0.0012683730615970685,0.07358280195663948,0.09595232619830955,0.08743202505937232,0.06999686549106304,0.0766136781308671,0.030703962470548633,0.059137549999386925,0.09698359090628277,0.04079631516381584,0.09319308349999456,0.008569761269065316,0.00037012175677536796,0.03942227631758858,0.002265390564094068
