0,1,2,3,4,5,6,7,8,9,10,11,12,13,14,15,16,17,18,19,20,21,22,23
0.046559665,0.06341606,0.04850357,0.06496148,0.007477396,0.049658034,0.024000285,0.028360695,0.06973091,0.061941024,0.012613054,0.022228932,0.0018065532,0.026735853,0.046243206,0.036672536,0.055006124,0.06834215,0.063903354,0.04472715,0.009115969,0.061475445,0.016293721,0.07022683
0.038102966,0.052203584,0.04035912,0.006864681,0.057003614,0.036243413,0.069173306,0.0038064865,0.03392147,0.0071311872,0.06985803,0.056819923,0.03705775,0.058918785,0.024037292,0.05117107,0.06161917,0.056639824,0.030528227,0.035219982,0.03179844,0.05849197,0.01493319,0.068096496
0.014168476,0.06725351,0.047380995,0.05971854,0.03807425,0.04988316,0.06340476,0.012059527,0.0040218974,0.053516164,0.0034786852,0.036597673,0.019843174,0.038985025,0.020786483,0.06797531,0.06881552,0.023637576,0.008018377,0.07178962,0.04841252,0.055429447,0.07065161,0.056097694
0.042607117,0.059489276,0.01949934,0.08456799,0.0716069,0.044376895,0.0082987575,0.009321386,0.01327083,0.0019867474,0.031379934,0.07864546,0.012056001,0.016338388,0.06891608,0.081368886,0.018426983,0.0696384,0.017169971,0.06429553,0.074442245,0.06762184,0.010464817,0.0342102
0.07558494,0.021035638,0.0036116736,0.06695298,0.038142,0.03407438,0.025634442,0.06457197,0.025179138,0.03597084,0.04499603,0.015242811,0.058403317,0.056649398,0.020939909,0.07764394,0.047687832,0.018105242,0.07491413,0.06536513,0.02165628,0.007632318,0.02823324,0.071772344
0.06478053,0.008735423,0.07792366,0.019901615,0.006552154,0.021135325,0.07871825,0.019671822,0.038911544,0.0011543983,0.099519305,0.06278082,0.014571692,0.027728746,0.07280997,0.09347637,0.05495711,0.052307405,0.045180045,0.09211856,0.0024162056,0.020149643,0.019334545,0.005164846
0.0655207,0.06643233,0.003702598,0.033389576,0.009687468,0.07393582,0.04508656,0.00942938,0.074615695,0.06464848,0.02543806,0.054263756,0.038066264,0.06597023,0.0675855,0.0722793,0.038047314,0.0021322172,0.07725448,0.03189843,0.018088842,0.01743694,0.0050472585,0.040042825
0.041268855,0.041177068,0.015101686,0.0015449008,0.005284727,0.059169948,0.038556617,0.040339954,0.009906391,0.029095056,0.055815853,0.050536845,0.03491115,0.07001915,0.042357486,0.040426154,0.018726531,0.07269185,0.06768588,0.0070902198,0.07160431,0.061685495,0.071470365,0.053533476
0.027970329,0.024969375,0.075778134,0.030973636,0.022676788,0.0012627981,0.04566363,0.083710544,0.085478954,0.07682721,0.06294265,0.0069185835,0.0016528254,0.03674255,0.04514869,0.039777752,0.054444633,0.062344488,0.016712187,0.06668874,0.07331886,0.0007746861,0.047787752,0.009434253
0.08013344,0.03182127,0.06785265,0.07744004,0.0066084056,0.07011951,0.01178378,0.02166742,0.042879004,0.03969699,0.032839928,0.0035102414,0.010830256,0.0066331923,0.07183359,0.04290361,0.07846691,0.07892339,0.00858716,0.07420556,0.029645348,0.047411412,0.051441193,0.012765682
0.0043521184,0.09941485,0.07696681,0.08879937,0.09481021,0.0002727063,0.051023558,0.10068872,0.032302245,0.038087822,0.03004812,0.01417364,0.0020868902,0.019098414,0.058174826,0.005997244,0.02483854,0.067547135,0.037917007,0.08339533,0.042171694,0.017918332,0.0072508687,0.0026635516
0.038069773,0.037918698,0.055126663,0.07027788,0.06551968,0.0016054729,0.024031501,0.06411371,0.05348915,0.01680879,0.006108918,0.05210024,0.06278965,0.0542645,0.004895726,0.051806074,0.061315093,0.0055905473,0.068726495,0.0112757245,0.04811146,0.070664704,0.011482974,0.06390653
0.058308687,0.022091342,0.06371931,0.027893174,0.047230314,0.06582059,0.0014445012,0.0023287267,0.07737221,0.016773382,0.02723426,0.07366606,0.05515996,0.054739244,0.06673264,0.03257821,0.017969303,0.030734995,0.022048658,0.06281849,0.07718943,0.03997847,0.023184728,0.032983314
0.018797388,0.066892594,0.050325137,0.06173161,0.07023429,0.065890774,0.056489855,0.032822475,0.008664396,0.028461646,0.043532405,0.03423859,0.02130825,0.046764396,0.01716567,0.06570607,0.06612161,0.049584307,0.04738238,0.005185144,0.028117536,0.016018027,0.06831998,0.03024546
0.06955672,0.055947233,0.05531528,0.0076586497,0.03436344,0.018630445,0.059118934,0.058975782,0.00596047,0.0030620557,0.045688912,0.0719049,0.006187719,0.0795231,0.06605652,0.0036560227,0.08151229,0.016217513,0.025206426,0.05066046,0.07523091,0.02519108,0.06382456,0.020550607
0.016196575,0.059445493,0.029340358,0.03920141,0.01185724,0.01133326,0.06370634,0.070906945,0.054828797,0.036532793,0.02951178,0.032641064,0.07018717,0.043034732,0.044671413,0.033127256,0.06912543,0.06541449,0.06973478,0.050907083,0.049409043,0.002299294,0.0041269646,0.042460304
0.0646621,0.015882475,0.036681414,0.06647984,0.042029135,0.052676287,0.047133584,0.054777,0.044206273,0.050997917,0.061637305,0.036252376,0.04981554,0.033897642,0.03148183,0.025621157,0.0598777,0.06341203,0.0013335309,0.047681864,0.014671057,0.03859708,0.05046733,0.0097275805
0.04916762,0.07684706,0.022182647,0.05308388,0.037676852,0.008114767,0.011171056,0.010963639,0.012015048,0.079764284,0.07132814,0.078430176,0.011097083,0.063984,0.05274926,0.016944071,0.07870476,0.028240154,0.017337186,0.029370388,0.033061273,0.07711741,0.0034725314,0.07717668
0.08420379,0.053810854,0.0009196394,0.024942873,0.0056864726,0.0040957197,0.091455504,0.012894479,0.05088643,0.07514368,0.033629887,0.009202425,0.042735927,0.019749282,0.08951423,0.04412826,0.0023089994,0.033775307,0.039698184,0.0025862544,0.06868752,0.081921205,0.076574996,0.051448077
0.032568213,0.065479845,0.028959744,0.057558995,0.025902132,0.027884604,0.02995235,0.024131518,0.046436638,0.027814528,0.06668097,0.05368246,0.05006129,0.052234493,0.018388374,0.024999958,0.06774248,0.056880083,0.0139850145,0.04131692,0.04057781,0.04852781,0.0656571,0.032576695
0.08274883,0.027244737,0.04763899,0.03181659,0.05988995,0.00043710304,0.032499116,0.07470041,0.009968567,0.065988556,0.088944785,0.029643387,0.03206649,0.0063468968,0.0403779,0.047676,0.06275591,0.0369706,0.030629285,0.011592888,0.085083805,0.007474187,0.0238679,0.06363711
0.042452607,0.064851075,0.05788602,0.07780839,0.044747863,0.009795188,0.058892094,0.08211505,0.034763604,0.031967815,0.017686786,0.043785807,0.067320816,0.03460619,0.007195219,0.048648987,0.002859028,0.063921444,0.029681446,0.08080247,0.0085861385,0.05388691,0.015135323,0.020603787
0.07439537,0.08662043,0.051805936,0.100023896,0.01102091,0.07336903,0.08746753,0.009966292,0.023824925,0.047398143,0.0126094,0.104022354,0.020468637,0.07610009,0.04888466,0.03530646,0.016503694,0.0075370427,0.0019761787,0.0043550315,0.016250923,0.025942476,0.04403302,0.02011756
0.05713169,0.07791256,0.008155055,0.07708088,0.004113845,0.0076666875,0.09358332,0.070242636,0.024306271,0.019309731,0.08576183,0.0032393169,0.04470591,0.021748604,0.06210834,0.040622678,0.041472387,0.037518855,0.024294693,0.08944327,0.01495312,0.030223176,0.019097239,0.045307867
0.039088022,0.028047558,0.031307932,0.062098842,0.005758339,0.069686756,0.013400921,0.023566637,0.069125205,0.061002452,0.02483638,0.02628357,0.019368673,0.06095272,0.0019451244,0.07600392,0.019458443,0.02759102,0.0757888,0.07516553,0.075069346,0.02048498,0.058472145,0.035496652
0.075861685,0.08601606,0.011747534,0.06873362,0.0012972229,0.019349935,0.011742589,0.036683254,0.057900485,0.0047724345,0.088668026,0.01584633,0.022935994,0.036874887,0.056755006,0.08877523,0.0465348,0.071395546,0.0020813644,0.019084562,0.010330221,0.08383498,0.02923626,0.053542
0.02597185,0.017663056,0.004483945,0.053027615,0.078695655,0.057515502,0.033024564,0.07352014,0.016447023,0.037627816,0.02549114,0.07780782,0.043728348,0.006809127,0.060298257,0.04246868,0.07215425,0.078729235,0.0287698,0.024563236,0.027036358,0.0134536475,0.040111147,0.06060174
0.023478467,0.026141023,0.030645022,0.03599116,0.082560174,0.0067919367,0.061438236,0.0043509873,0.013204365,0.07769456,0.06897874,0.0011612179,0.08394922,0.0505094,0.028536258,0.029049097,0.066555016,0.027192706,0.02005581,0.07079414,0.07783512,0.06780322,0.04441306,0.00087108987
0.060344826,0.04604912,0.049475793,0.07624918,0.07287464,0.0025131947,0.0044649034,0.00906245,0.03636866,0.013925176,0.0018708209,0.07277267,0.052844394,0.06526372,0.05633185,0.027165424,0.06703943,0.030225623,0.070470065,0.05363993,0.015470444,0.06703751,0.007848016,0.040692165
0.054925617,0.01741696,0.028795559,0.030482631,0.055119805,0.0050749443,0.04339447,0.00079804985,0.009749894,0.061626058,0.08365514,0.07395799,0.041863173,0.0660348,0.0686779,0.041698363,0.017532904,0.060149573,0.030875016,0.006492895,0.0538031,0.08668561,0.05088876,0.010300722
0.0025417812,0.053073447,0.066178344,0.013281534,0.016339647,0.04147496,0.046827633,0.05160041,0.038079485,0.0060865735,0.086078346,0.043296073,0.056245018,0.06531364,0.07430814,0.08958643,0.013737939,0.023195328,0.012273015,0.063237384,0.000115083196,0.0035183136,0.08061602,0.05299543
0.01179247,0.079879574,0.008665663,0.08610148,0.023411619,0.053151008,0.08721046,0.0013370834,0.081453755,0.062265906,0.036113676,0.007290187,0.05230599,0.052715085,0.0021930877,0.037607014,0.01472868,0.076205134,0.050261214,0.030106759,0.017217563,0.02220477,0.08478232,0.020999508
0.07000379,0.040607218,0.028645592,0.05878527,0.05607185,0.048470818,0.006202913,0.05114985,0.05906355,0.05520555,0.057184473,0.054187868,0.024622846,0.06057987,0.008421153,0.046973806,0.068757,0.057710677,0.019394998,0.049337436,0.0038684995,0.0022308102,0.0075559146,0.06496827
0.04668479,0.05362108,0.031769585,0.06998395,0.07162251,0.004925296,0.03538845,0.0014283736,0.058431085,0.03314519,0.011485232,0.017712392,0.0362185,0.030253781,0.06852376,0.064576924,0.0640675,0.068935156,0.011639901,0.048077337,0.0350132,0.0005895035,0.07299313,0.0629134
0.06362048,0.052673955,0.008166016,0.02511464,0.0068478826,0.057763834,0.043751955,0.00048948143,0.055312283,0.023006836,0.08102229,0.021500343,0.034741115,0.040471844,0.0061115413,0.054411843,0.012664844,0.0011469127,0.082938865,0.08279672,0.04054536,0.07824804,0.06948118,0.057171807
0.04003099,0.019827532,0.046858452,0.053294845,0.009089567,0.0048857764,0.031613022,0.021224799,0.021675967,0.07996391,0.007427031,0.05941834,0.020073706,0.006812619,0.081999116,0.059338316,0.069854215,0.06762125,0.046490714,0.07790087,0.076090164,0.006343146,0.062691554,0.02947409
0.055900123,0.031827006,0.016577572,0.036073945,0.037408,0.036256496,0.05988092,0.06347264,0.005765937,0.060051773,0.004242667,0.0034268366,0.006139223,0.06293097,0.053139906,0.058011603,0.060186084,0.059534002,0.062945575,0.061543316,0.051590506,0.018127978,0.048348665,0.04661828
0.008791082,0.03420745,0.069426075,0.017559098,0.070499614,0.01374566,0.0056310114,0.029993396,0.036346927,0.035104252,0.069465026,0.040172115,0.036294583,0.016407333,0.044551954,0.017862972,0.065411866,0.06556859,0.012916649,0.07240857,0.07778934,0.011852217,0.0735691,0.0744251
0.04599455,0.09332261,0.09348171,0.019209601,0.064711496,0.03214258,0.08791762,0.045187775,0.06352601,0.041268945,0.053299908,0.025176262,0.003187608,0.0014257975,0.003960763,0.0070846477,0.059409875,0.026131725,0.016516738,0.0023426404,0.060196627,0.05732133,0.04117444,0.056008745
0.0061961873,0.005617807,0.06019798,0.07872431,0.005740637,0.098092616,0.043906014,0.08198316,0.06444511,0.05151962,0.022540728,0.03907147,0.021779593,0.03736554,0.039326783,0.0010934541,0.013091946,0.029399749,0.084615745,0.041058738,0.004911093,0.06941446,0.08250512,0.017402142
0.038374715,0.081667155,0.004642305,0.039242268,0.08341522,0.051494844,0.0050077164,0.08648157,0.0014430973,0.0048127878,0.054198407,0.07761712,0.072239906,0.0066174804,0.017314617,0.08646298,0.02081942,0.031681933,0.028786503,0.05968291,0.0060008625,0.034094818,0.02814394,0.079757474
0.01170646,0.07213301,0.029960252,0.04505115,0.0931759,0.04728807,0.075514354,0.060166955,0.045795623,0.027294569,0.00041486335,0.055630215,0.04342783,0.088538975,0.08815596,0.06693521,0.0019716374,0.007263688,0.0022480595,0.019371036,0.012606857,0.0071823024,0.059086833,0.039080236
0.08740979,0.048547704,0.09717158,0.021399284,0.022289358,0.036079224,0.043039575,0.0065306015,0.06936259,0.0019390931,0.0032717257,0.008666489,0.03067413,0.027435115,0.06657469,0.009894273,0.096670315,0.09670861,0.014242617,0.035260927,0.040874638,0.0051266425,0.08484412,0.045986943
0.08123246,0.028322306,0.031760618,0.08254388,0.027834723,0.02528833,0.06519621,0.018041195,0.05173851,0.059418812,0.015698124,0.024102904,0.024272798,0.0269858,0.0567438,0.061786722,0.031796858,0.070274964,0.028610881,0.08088367,0.02993278,0.04757165,0.014337356,0.015624579
0.006391627,0.027087912,0.018850425,0.01032388,0.046048176,0.08347918,0.055440772,0.06133463,0.030042492,0.003034313,0.0008502133,0.00399673,0.07752693,0.057676457,0.04005731,0.10264965,0.018036615,0.0026119414,0.08186789,0.07367276,0.036199458,0.098558575,0.023834364,0.04042771
0.069710575,0.0053363782,0.013807311,0.03277428,0.05292198,0.014479588,0.008071137,0.09501232,0.0059608025,0.039656222,0.062952064,0.029914917,0.08552301,0.061652947,0.094588324,0.08692886,0.008429396,0.030176025,0.033591416,0.0012477466,0.044580333,0.08354801,0.034341794,0.0047946093
0.007358431,0.012710494,0.027805317,0.036922555,0.0128835505,0.067834474,0.03923715,0.066886134,0.062936254,0.013934364,0.047766354,0.04747008,0.041864607,0.0317939,0.04652473,0.059611563,0.028491674,0.008582012,0.0562974,0.057370927,0.056385472,0.045137834,0.065491594,0.058703132
0.0756468,0.079245456,0.013561197,0.0124817435,0.023278052,0.07527726,0.026876023,0.061356746,0.022428164,0.0049436996,0.01872615,0.018581368,0.018889347,0.047515772,0.062699005,0.044111826,0.010629461,0.08409601,0.06573921,0.007421319,0.08550644,0.03417469,0.029373132,0.077441216
0.020606278,0.08810815,0.03822895,0.042959485,0.061959073,0.0029981032,0.07718263,0.02622664,0.08614387,0.0053695897,0.0013815173,0.064768314,0.0073741106,0.027304778,0.0011800836,0.028761223,0.06371446,0.01345423,0.091141194,0.057679784,0.07656867,0.037218377,0.029351454,0.050318968
0.009452773,0.043027144,0.004549777,0.056400787,0.049958464,0.010491756,0.05210697,0.0867582,0.065955445,0.087408125,0.034789693,0.0057872455,0.083386056,0.023996433,0.0061418726,0.038694747,0.028419085,0.009123387,0.01805269,0.03358824,0.037691325,0.08558118,0.060859427,0.06777923
0.029099109,0.060530826,0.01777845,0.04661218,0.0175756,0.062444814,0.09087479,0.013563208,0.036749735,0.014022053,0.0029166108,0.010096232,0.069552384,0.06745455,0.07920567,0.05670079,0.050576266,0.045165084,0.06717539,0.018678773,0.0014148486,0.07927788,0.020127134,0.042407673
0.0011095081,0.043080598,0.05634862,0.012785023,0.014855248,0.094535425,0.06633042,0.033860832,0.0020472636,0.09398747,0.096097924,0.08861539,0.0025688338,0.079151064,0.0333058,0.036690455,0.0033997695,0.009785914,0.018307008,0.0027016513,0.063205205,0.044089362,0.027858911,0.07528234
0.04565485,0.06960047,0.037745584,0.065729745,0.059520334,0.0443516,0.012421681,0.009519796,0.03033535,0.021430012,0.070560224,0.004722874,0.05447182,0.059177957,0.08065543,0.00740865,0.053501572,0.005241209,0.0009577137,0.035872225,0.07896465,0.04007834,0.069480576,0.04259739
0.039466586,0.059627973,0.06398515,0.020697093,0.048764158,0.04971682,0.019861173,0.06737494,0.028667552,0.06995871,0.018971236,0.010740626,0.037889294,0.06831991,0.018540915,0.015317324,0.012968677,0.07148962,0.058054946,0.042535257,0.008545083,0.05728901,0.03952422,0.0716937
0.0009881591,0.030767778,0.0332388,0.014725156,0.055955227,0.016278557,0.04509237,0.07652829,0.052913904,0.004357077,0.016017433,0.06364,0.003395937,0.010871721,0.06478995,0.07451867,0.066681415,0.064216316,0.04659725,0.07384783,0.044714462,0.07604082,0.008039948,0.055782914
0.052414615,0.029523088,0.075967774,0.081464924,0.07612136,0.016723292,0.0653572,0.03011743,0.08128792,0.024827994,0.017205402,0.0570922,0.0013514109,0.0012195196,0.03152985,0.031558562,0.012292914,0.07322859,0.010143986,0.06298508,0.023140725,0.022724146,0.056720108,0.06500195
0.05568437,0.046601925,0.020764431,0.046065602,0.05268974,0.010165982,0.05065954,0.0011116579,0.061917666,0.04028294,0.03585661,0.04948326,0.037682965,0.0075743175,0.0138497045,0.033571597,0.036510542,0.07851177,0.07270577,0.06441907,0.015311033,0.037050355,0.056220848,0.07530826
0.03191559,0.020918405,0.050334394,0.082956366,0.036446124,0.04095204,0.009563243,0.022468004,0.0004801175,0.1189714,0.08526655,0.052719768,0.061623093,0.016260466,0.10385567,0.008875321,0.008011943,0.005895754,0.04572889,0.050212063,0.0068247835,0.018587835,0.07972906,0.04140309
0.019123456,0.014393575,0.0045558508,0.06733503,0.051832028,0.010696674,0.061865438,0.013877148,0.002307821,0.089616336,0.05443056,0.08957215,0.07424277,0.00871385,0.009185834,0.059271898,0.016242214,0.04032093,0.011920867,0.07918867,0.05849399,0.065323435,0.01690442,0.080585055
0.044225316,0.018903483,0.04584853,0.06157575,0.06824252,0.00776461,0.054851465,0.015535061,0.021598753,0.017129699,0.034424335,0.00404946,0.0482434,0.024950964,0.08526062,0.037485298,0.08228206,0.0043439455,0.052314576,0.052481078,0.061653737,0.07422282,0.000867146,0.081745386
0.058711365,0.052822664,0.04699473,0.024069427,0.065591775,0.030301318,0.0744647,0.011957726,0.07308293,0.035711996,0.067240626,0.022558767,0.05786748,0.04731905,0.0027455648,0.08778291,0.012910551,0.05310441,0.081235155,0.012068358,0.023119368,0.00365777,0.046484176,0.008197139
0.07471181,0.016994113,0.08079861,0.08713868,0.022052173,0.03508132,0.031931307,0.045162488,0.016611002,0.08418611,0.010083053,0.087769784,0.02570188,0.0145566985,0.087868795,0.08811458,0.024888372,0.037073493,0.022610316,0.043965444,0.015623303,0.0026237732,0.037280865,0.0071720714
0.061138865,0.059908368,0.0026414273,0.07222454,0.063696265,0.021298597,0.081938215,0.04564115,0.030952303,0.0069885384,0.0220122,0.018113349,0.07137211,0.049997386,0.07333211,0.09062084,0.0037090515,0.011030748,0.031653617,0.02912494,0.023506062,0.05792071,0.025315534,0.045863077
0.069492415,0.09764733,0.097207695,0.005690599,0.039602187,0.039174393,0.01279955,0.06390297,0.032631487,0.0021461367,0.0052908515,0.047736246,0.054592595,0.047957283,0.002320575,0.00575705,0.0924469,0.032703955,0.06517579,0.033317216,0.06657732,0.04066695,0.036538582,0.008623852
0.059017964,0.032639228,0.068162486,0.07059741,0.026782269,0.012032814,0.032756746,0.0642878,0.0033144404,0.036592264,0.07255913,0.03657521,0.062775716,0.04618377,0.010713839,0.045675255,0.06241319,0.040634543,0.016356075,0.077052005,0.062459882,0.014552477,0.030199649,0.015665898
0.074904524,0.06672649,0.014231496,0.06448736,0.027934233,0.08606792,0.009815755,0.012796061,0.06034868,0.07323948,0.0736755,0.062015936,0.012207698,0.02839808,0.05574912,0.07793652,0.013791434,0.0556771,0.01336015,0.07932998,0.012569936,0.0036089208,0.0084819095,0.012645747
0.006822885,0.06599117,0.053996157,0.08501458,0.015250728,0.030537086,0.021654315,0.013285346,0.0189214,0.07195743,0.020381967,0.047366176,0.0086845895,0.003936813,0.06213799,0.008839972,0.042135555,0.08089233,0.081898265,0.05607815,0.080822684,0.072375946,0.011077665,0.03994075
0.008460998,0.0046152035,0.07078138,0.044254523,0.07408029,0.04540708,0.06904811,0.035415404,0.0018016049,0.061324086,0.007427687,0.0015358707,0.010510193,0.05650917,0.06855206,0.051431652,0.041796852,0.07431788,0.029491583,0.056331106,0.0021853675,0.073599756,0.0587279,0.052394245
0.06248444,0.06301557,0.054827146,0.013675074,0.034207206,0.0095271915,0.027679535,0.04824307,0.0040022787,0.07201294,0.0012768699,0.0680906,0.052008543,0.07250734,0.051350176,0.03455613,0.032153733,0.07118534,0.02304219,0.06585811,0.03526889,0.004698211,0.06988331,0.028446151
0.018748216,0.047729533,0.04784056,0.08536114,0.038216323,0.023315242,0.06268779,0.06889281,0.09436054,0.072711974,0.070031516,0.005853284,0.011896328,0.08323955,0.011634365,0.055347983,0.024741465,0.0006396068,0.015980493,0.082209654,0.006821113,0.016122265,0.006187682,0.049430534
0.018749442,0.048700403,0.053141303,0.018721502,0.00022781239,0.091496095,0.029963264,0.04837743,0.017698094,0.036631443,0.02118337,0.05719352,0.07076912,0.034370877,0.08681697,0.035186682,0.06341916,0.08070193,0.01255577,0.036970124,0.03292074,0.024792792,0.071714416,0.007697721
0.032407068,0.009099194,0.026239116,0.047263652,0.04708219,0.06133656,0.022122001,0.062668934,0.04268842,0.050879255,0.056664113,0.051014304,0.05387824,0.026287155,0.040132646,0.021109534,0.06176078,0.02567506,0.05522847,0.05822159,0.052865427,0.0053997827,0.032985106,0.056991417
0.0523841,0.027767126,0.020969555,0.04842424,0.06434592,0.062406562,0.032503597,0.058172956,0.040626355,0.051685777,0.03274192,0.05483459,0.041639622,0.061288297,0.03010323,0.036503445,0.017259514,0.049941923,0.05009944,0.03081732,0.045423012,0.06386426,0.007702214,0.018495014
0.028568402,0.07367863,0.06701654,0.022370726,0.010994632,0.039381236,0.08553316,0.021520361,0.05181027,0.006706759,0.057767544,0.05010299,0.001204646,0.02357936,0.010079543,0.045786977,0.08788259,0.06648774,0.002466902,0.07738759,0.053311914,0.021280734,0.062723294,0.032357447
0.071313605,0.014953276,0.0501406,0.00023590431,0.023677776,0.059499554,0.032381855,0.035320636,0.040693562,0.08580133,0.008712806,0.08009936,0.054633178,0.05273124,0.01695836,0.08077697,0.010331167,0.08139786,0.010008206,0.08240039,0.0024902818,0.08245508,0.0050565796,0.01793045
0.04342889,0.017485874,0.086954035,0.012569444,0.004001354,0.031546112,0.002562869,0.013972604,0.09112616,0.092091486,0.016532538,0.028943457,0.012992018,0.021957038,0.046411954,0.090884075,0.04706646,0.047687538,0.057220425,0.035061304,0.02433701,0.07964054,0.004218519,0.091308296
0.020296378,0.019186141,0.06353354,0.055524353,0.037296224,0.0038932676,0.08374452,0.07347501,0.025826566,0.049016334,0.074452996,0.06908716,0.012038369,0.012393672,0.032090303,0.06348034,0.006465157,0.023067875,0.024679182,0.045164615,0.0026315888,0.057298943,0.06489951,0.080457985
0.09033375,0.07177802,0.018793361,0.041763913,0.08997154,0.094801515,0.006056316,0.0042784954,0.018635312,0.019606428,0.036630098,0.030672867,0.019570705,0.09056479,0.05420216,0.009621647,0.0028204138,0.010476406,0.072878435,0.049569733,0.05967793,0.0035726228,0.036899958,0.066823535
0.005381065,0.03214516,0.0074655726,0.0129479645,0.05750523,0.01231085,0.004837656,0.03373675,0.074113265,0.056346193,0.0002865171,0.06061542,0.062050845,0.061447162,0.056471538,0.069897644,0.027425848,0.071294695,0.039091054,0.07366838,0.026574448,0.07209515,0.008357909,0.073933676
0.0782775,0.07604276,0.083837725,0.024248466,0.08306058,0.051361885,0.008473139,0.07355674,0.035031144,0.029743435,0.0019233259,0.025896024,0.00022641584,0.0037888186,0.03455411,0.008824259,0.057114508,0.08018816,0.06305356,0.043993443,0.04153587,0.0030031577,0.08221107,0.010053918
0.07807671,0.0003698042,0.0703007,0.031570725,0.060881905,0.06706499,0.07455581,0.045014575,0.034881752,0.032865994,0.068928786,0.007890591,0.023804223,0.020822058,0.07760247,0.050110847,0.06459697,0.07166231,0.049409624,0.04053601,0.0030798067,0.008275089,0.015129603,0.0025686182
0.022512423,0.006022327,0.02931612,0.050489623,0.05358786,0.0069839936,0.07534465,0.07714551,0.02351851,0.03173034,0.0023065573,0.073523045,0.037863858,0.037308354,0.059819993,0.008641393,0.0068962234,0.052654795,0.07889837,0.039722443,0.075085595,0.019070113,0.06694297,0.064615
0.010100627,0.08052345,0.0017075342,0.024667889,0.08093077,0.062143028,0.04306994,0.05166295,0.05005653,0.07223664,0.060277592,0.005031873,0.07228447,0.0045481375,0.026654817,0.069571346,0.023710445,0.026771437,0.012092504,0.04438406,0.040916048,0.009322363,0.07653131,0.05080423
0.08645964,0.015356643,0.02155777,0.0028986372,0.037115704,0.013751303,0.033543542,0.017391073,0.050368153,0.013088918,0.056614216,0.0042173746,0.044731308,0.076291606,0.07679017,0.08345876,0.06788486,0.077425525,0.044658527,0.006317785,0.092786826,0.00046675754,0.06278054,0.014044401
0.047203567,0.053117443,0.04667593,0.06960419,0.029373497,0.0710854,0.04116975,0.0031829078,0.025979469,0.06798964,0.017638857,0.016928261,0.08012759,0.04314031,0.021361342,0.011007371,0.0038802857,0.06516456,0.07747709,0.041540112,0.032227598,0.06786241,0.015297524,0.050964847
0.015154091,0.018311178,0.010639682,0.008189823,0.02511653,0.023839947,0.015474395,0.060133327,0.029896012,0.0010816465,0.062160376,0.047016855,0.07549539,0.041254736,0.06594169,0.052670803,0.036025733,0.07209488,0.076302476,0.046638485,0.007383534,0.05850327,0.07441595,0.07625918
0.03394789,0.010331112,0.076238,0.018027788,0.045132603,0.08645061,0.04159309,0.0050729187,0.040905256,0.07004209,0.08063387,0.009771342,0.008590499,0.012595781,0.05778398,0.018685037,0.0060775545,0.020763665,0.011288676,0.08771242,0.071487054,0.085024886,0.018384349,0.08345955
0.07251661,0.012651644,0.00947102,0.06319426,0.016794441,0.07331366,0.08412218,0.023941224,0.013950615,0.0079008015,0.008305834,0.06967744,0.06988795,0.04475497,0.039424952,0.045306448,0.023529604,0.081988,0.049330764,0.00551997,0.014822798,0.047641125,0.06332213,0.058631554
0.0026124346,0.1043718,0.0023741755,0.08555052,0.013953005,0.005036085,0.008962312,0.080421284,0.097265296,0.026557274,0.029007887,0.056911543,0.0875003,0.028509129,0.0074236174,0.0010241807,0.09784648,0.028299438,0.060199406,0.01275243,0.037580933,0.0010457743,0.08150733,0.0432873
0.033147685,0.069962054,0.07661,0.027839812,0.007268126,0.07149462,0.014908619,0.04188335,0.012428976,0.01917478,0.028233685,0.056366082,0.06798974,0.013780054,0.032646373,0.0569653,0.024268597,0.012836888,0.04199399,0.072212555,0.07105284,0.051427286,0.080222264,0.015286269
0.04075029,0.028321609,0.06689112,0.049330607,0.0067386054,0.054754216,0.061099745,0.06751004,0.010586551,0.0320413,0.018374,0.0043922453,0.044527575,0.016429184,0.040381696,0.058119114,0.084202945,0.011660662,0.07554278,0.0850463,0.052099075,0.037620276,0.008529812,0.045050263
0.0012365548,0.015615676,0.053176854,0.035206955,0.048771005,0.033421375,0.013607463,0.0079456605,0.09038621,0.07743788,0.042315006,0.059401546,0.025584333,0.054440986,0.0410118,0.030808333,0.08885154,0.011740718,0.07046829,0.029209109,0.0547885,0.0012235856,0.0685352,0.044815425
0.02577165,0.012089374,0.0009352779,0.037791695,0.043126438,0.06628588,0.030011786,0.049100015,0.06747901,0.06509061,0.0050024595,0.04478611,0.0062786667,0.025611183,0.06870806,0.06796429,0.06135077,0.06848947,0.06308242,0.043530248,0.046796877,0.0031534664,0.06883353,0.028730692
0.055344995,0.065894894,0.001871156,0.048920415,0.007694656,0.011333492,0.0896606,0.07642159,0.09577669,0.024287852,0.01642547,0.019614903,0.03493185,0.08270434,0.022413889,0.064294696,0.061078165,0.009725283,0.058769375,0.00618248,0.016277341,0.09544052,0.034328576,0.00060673873
0.014283427,0.05971182,0.040036257,0.021772793,0.09134442,0.04942531,0.047756024,0.011695494,0.028072648,0.040962234,0.067013696,0.039368622,0.058409095,0.06322589,0.0010180578,0.08867542,0.05160469,0.08735298,0.046534505,0.021475857,0.01570013,0.049513925,0.000564331,0.004482409
0.041464824,0.0106347855,0.01778355,0.037919726,0.107358076,0.019842826,0.071287625,0.071572624,0.03887565,0.025692495,0.0016553528,0.012904067,0.009356834,0.1007026,0.004161601,0.009166054,0.029312387,0.10191002,0.06341554,0.043725185,0.038620424,0.0086952215,0.09994791,0.033994615
0.07278268,0.041672792,0.09199588,0.057823777,0.0023493744,0.018123863,0.013441802,0.022612156,0.08569687,0.020583108,0.10452677,0.013121988,0.006740986,0.003343039,0.07889687,0.0752125,0.0017502204,0.03728651,0.013113532,0.08642643,0.095866956,0.042695206,0.008847458,0.0050892583
0.045013662,0.039967295,0.07341912,0.0065226024,0.07267153,0.066844374,0.002797616,0.010927014,0.069205955,0.03584724,0.00037622446,0.043296188,0.029224861,0.02747489,0.07346367,0.017753735,0.06449206,0.0517324,0.04165004,0.054573324,0.074357025,0.0019301441,0.047947895,0.048511133
0.041217666,0.0025599697,0.039436627,0.045905467,0.039199017,0.039684538,0.06558561,0.013417652,0.05271474,0.046708412,0.06527133,0.067722656,0.01839319,0.0150516825,0.04506273,0.051079474,0.022356478,0.03559985,0.054834746,0.019342896,0.06779929,0.033331186,0.06688841,0.050836366
0.07759144,0.03620434,0.07384348,0.07882177,0.057346225,0.07737245,0.061830193,0.022484057,0.025991466,0.020367857,0.04570325,0.02946934,0.013818832,0.018800892,0.05850364,0.04882161,0.080336496,0.004341997,0.02535243,0.034828003,0.008429915,0.061037913,0.0019289928,0.0367734
0.007585614,0.010509466,0.0017392092,0.09918623,0.041510187,0.010760437,0.014900231,0.029453706,0.036105707,0.0065587335,0.056997634,0.015180002,0.076171674,0.020910181,0.089946195,0.0013422662,0.04114656,0.09780872,0.09495701,0.093404226,0.078868106,0.028992036,0.015067856,0.030897973
0.027456524,0.056529112,0.07658384,0.034160446,0.046073597,0.06865329,0.06343517,0.06687488,0.07093783,0.059177414,0.014362947,0.003199989,0.06714557,0.018712427,0.056611888,0.042704582,0.053578485,0.009935537,0.08165442,0.054097857,0.0013858819,0.00025707498,0.01692525,0.00954596
0.033155203,0.0065425844,0.0008076112,0.05117516,0.033209868,0.020535411,0.07320836,0.077920824,0.07884461,0.044165965,0.047841948,0.0011810914,0.023190182,0.027175725,0.0438463,0.0011470028,0.08796312,0.062529705,0.082784235,0.033072002,0.0053295293,0.05957336,0.023169314,0.08163083
0.01622684,0.022950599,0.040613167,0.07560011,0.011099482,0.001310553,0.07426675,0.022908548,0.036526494,0.016699784,0.0066076783,0.090983935,0.014061706,0.015476405,0.096568555,0.031229008,0.0019174297,0.09215958,0.059753384,0.0014713657,0.0114697125,0.087745905,0.08811106,0.08424195
0.044513363,0.05715925,0.06847233,0.034672543,0.045855347,0.0072179367,0.012445427,0.0493164,0.054401696,0.04537219,0.013107128,0.07102028,0.027316995,0.019493151,0.050639447,0.0012283847,0.015058233,0.065802,0.06048675,0.04854917,0.01904736,0.041053697,0.079067126,0.068703845
0.041906487,0.06797454,0.038156528,0.015856963,0.055400845,0.0647672,0.057272088,0.055533864,0.058505453,0.047920637,0.059910286,0.0114838965,0.032862086,0.051819675,0.0075304206,0.0048570335,0.06460933,0.0072712437,0.019927682,0.060147684,0.047141656,0.062175073,0.06326829,0.0037010843
0.04686852,0.007771566,0.0022895732,0.055651546,0.05894951,0.055389598,0.0024282858,0.012974091,0.06871498,0.06849826,0.061614573,0.011658868,0.0691343,0.04995641,0.028817285,0.062403243,0.04604522,0.030229438,0.021278363,0.05073284,0.05417632,0.06171652,0.004944843,0.067755915
0.074535124,0.041581504,0.0747946,0.03314265,0.02432673,0.036613353,0.05103362,0.06890347,0.025101261,0.04944355,0.07555135,0.03499886,0.003741651,0.001865706,0.07371809,0.011723706,0.011396515,0.06449937,0.023623705,0.024982383,0.01263753,0.063206814,0.03958864,0.07898977
0.01531988,0.069215514,0.0149632385,0.03477205,0.058107898,0.0460894,0.051930316,0.054778934,0.06882936,0.04814335,0.027695104,0.034641486,0.04746458,0.025413785,0.06861985,0.01130944,0.008817977,0.060595687,0.05944532,0.031115085,0.06914254,0.06309013,0.020424763,0.01007438
0.00396764,0.04560613,0.07275628,0.0022898812,0.029803079,0.054261196,0.06145927,0.009611762,0.042913556,0.022860674,0.06474319,0.055160005,0.010204066,0.06943893,0.010646607,0.04531103,0.05461797,0.07234233,0.057414815,0.00047743556,0.020657724,0.06682122,0.055274725,0.0713605
0.031259447,0.07333587,0.07069569,0.028707972,0.05556447,0.07058857,0.017311407,0.057459824,0.006149491,0.04354716,0.065970674,0.046402086,0.020769956,0.012708007,0.02282662,0.02948424,0.05631206,0.05748466,0.005297106,0.060419712,0.03269623,0.056683205,0.009491495,0.06883405
0.0717872,0.006385212,0.04487993,0.049451858,0.08069343,0.0037572666,0.08816741,0.05577629,0.024287771,0.03694931,0.072481625,0.021020101,0.009283302,0.021385388,0.057574306,0.02736995,0.061514236,0.0035873416,0.0578429,0.049685247,0.051135678,0.00044566605,0.06637609,0.03816249
0.03804713,0.012690959,0.012651849,0.05884512,0.063782156,0.06678432,0.02422301,0.011582969,0.020985603,0.064508215,0.08176013,0.01995862,0.0031639906,0.034560088,0.022275703,0.037016876,0.08023505,0.060141765,0.019275932,0.061943308,0.051051028,0.061388474,0.082576245,0.010551372
0.04042696,0.025218204,0.014602839,0.041523393,0.04502235,0.07721749,0.03932473,0.07638034,0.07812179,0.0072064647,0.019871274,0.0666582,0.07509136,0.000379824,0.017128296,0.035133198,0.018950263,0.0039080693,0.07276165,0.0724001,0.038423,0.0017418722,0.05895146,0.073556855
0.03541752,0.04836018,0.06366184,0.06986075,0.033768408,0.03703867,0.064033404,0.07428856,0.0087822145,0.0059586717,0.05365066,0.022086784,0.0084734745,0.015258387,0.071378455,0.057395875,0.038782146,0.04832887,0.050325684,0.0075919135,0.009346149,0.0765052,0.07038097,0.029325198
0.025092956,0.04064261,0.011154764,0.06585058,0.072499424,0.006520711,0.06166938,0.019883608,0.048967484,0.0009899047,0.07702689,0.06012638,0.027374577,0.060656182,0.00654174,0.037386518,0.07131444,0.00030950288,0.0066298447,0.07568601,0.029290088,0.056535218,0.0766836,0.06116763
0.029410478,0.035730302,0.062052157,0.053510454,0.0076312004,0.06044794,0.05091837,0.030949915,0.04810836,0.046430018,0.064070754,0.0048877574,0.022000862,0.0076696263,0.017121265,0.053167313,0.067401454,0.067265026,0.010401614,0.058257096,0.059914026,0.05405777,0.025739431,0.062856786
0.081426375,0.012858931,0.05215475,0.02827033,0.02682808,0.018850097,0.07228654,0.07685483,0.048923418,0.023634005,0.07834885,0.04585735,0.04548734,0.035908688,0.027523424,0.0027237993,0.072652884,0.018186606,0.011619416,0.08313233,0.014909996,0.044339444,0.009215535,0.06800703
0.019799206,0.029004484,0.0022416522,0.0781258,0.07009055,0.054395486,0.0023893178,0.08057859,0.044248525,0.07998083,0.019821718,0.024146264,0.06226225,0.041773077,0.06633392,0.05944811,0.012065787,0.05334078,0.050502416,0.01583379,0.07791448,0.021205617,0.024796879,0.0097004585
0.0029056976,0.0034047633,0.0023541213,0.08164882,0.05194747,0.049052224,0.06239753,0.07646162,0.045538515,0.004425817,0.07077666,0.043352257,0.006268709,0.07756671,0.06365649,0.062670864,0.043447275,0.042919938,0.039029483,0.011756903,0.046244975,0.059950303,0.043491226,0.008731586
0.061578605,0.065338105,0.03582232,0.051846832,0.032775663,0.024766542,0.061640996,0.059073836,0.021664642,0.06280936,0.07238068,0.028527612,0.01706285,0.028385706,0.0005250105,0.010761959,0.012002937,0.051080383,0.055063095,0.042353798,0.012287707,0.07373733,0.0521158,0.0663983
0.04704025,0.053952556,0.027853841,0.0042215683,0.003377154,0.06105012,0.011211778,0.04778281,0.062095173,0.07932337,0.05324327,0.0055343453,0.08396042,0.027049193,0.07372388,0.052486897,0.007086716,0.016737746,0.0728303,0.06426286,0.01236964,0.034657605,0.01355558,0.08459293
0.010827873,0.062184177,0.0034247723,0.070012346,0.033269327,0.05583734,0.05784152,0.004944633,0.049058486,0.06858115,0.012318486,0.027607588,0.07309206,0.03228808,0.013936578,0.020498965,0.05285056,0.05327103,0.07003137,0.0473549,0.005882658,0.07121146,0.055453736,0.04822086
0.06808237,0.024239331,0.08393005,0.07451392,0.023144655,0.0032682281,0.0077264314,0.022340503,0.07390327,0.06360042,0.019770153,0.0004147858,0.013128043,0.007873715,0.029654592,0.027970348,0.08313894,0.078633666,0.016722772,0.05828571,0.07504716,0.057248328,0.073984504,0.013378156
0.027361065,0.019736007,0.06695206,0.0792659,0.005979549,0.083625965,0.04476218,0.01581155,0.077333696,0.06980847,0.022838397,0.019203776,0.07112149,0.047686443,0.060895845,0.032615606,0.025578087,0.008433203,0.076630965,0.0077481545,0.051492773,0.0039650006,0.04432142,0.036832497
0.07039034,0.04370073,0.003132228,0.05330847,0.0071267434,0.070677236,0.0639106,0.009581947,0.020799277,0.0060552973,0.046748392,0.0051898514,0.021521222,0.011430446,0.004485161,0.044041622,0.058235046,0.06172181,0.07013043,0.07391492,0.05962876,0.07507188,0.055277668,0.06391989
0.06859767,0.039214145,0.0012481258,0.013745847,0.014188807,0.021377435,0.039028402,0.077090815,0.0035829053,0.085164905,0.05063067,0.0786197,0.05814848,0.013978364,0.017297233,0.022018993,0.06606123,0.091668084,0.05862936,0.05612061,0.02244721,0.08683438,0.0029059476,0.01140067
0.026004178,0.07164402,0.06940347,0.024200197,0.08448664,0.021452041,0.0051795947,0.015396575,0.075114295,0.027448587,0.032658473,0.03886135,0.015794,0.08211429,0.08641062,0.0063302745,0.0018489273,0.0577527,0.050334815,0.028398978,0.0269989,0.041785292,0.07967047,0.030711288
0.05339386,0.05294766,0.06055413,0.033488695,0.07145835,0.06041595,0.00621643,0.07799484,0.005074125,0.070617676,0.018299475,0.073358096,0.050745577,0.060480587,0.06835944,0.0029838372,0.013119737,0.07835477,0.01936723,0.021220852,0.02517972,0.05689019,0.013723067,0.0057557416
0.0034823683,0.004219773,0.047073632,0.07169034,0.045849174,0.021555645,0.03210775,0.012247901,0.06895207,0.00270329,0.06843356,0.069858305,0.06228205,0.010176811,0.07424245,0.066,0.04701783,0.06884409,0.04308856,0.052390207,0.049282383,0.00037580793,0.0049414583,0.0731845
0.015566554,0.061359536,0.07468753,0.03925159,0.006516218,0.06542441,0.05379074,0.0082109105,0.04399074,0.06910089,0.046684165,0.0035159276,0.03647818,0.06955787,0.032585245,0.048816957,0.064275526,0.010467126,0.039375097,0.050574884,0.006322182,0.04779113,0.06982665,0.03582996
0.049904365,0.057063974,0.03454265,0.07539423,0.022512725,0.009297941,0.0357247,0.007764199,0.018233549,0.0018782698,0.09140537,0.024527745,0.035233635,0.022169132,5.9218495e-05,0.09668952,0.09479021,0.044230226,0.09123744,0.0512683,0.023159651,0.0058911275,0.082655564,0.024366228
0.0437249,0.024771808,0.08873841,0.077428296,0.018180441,0.057256773,0.0436962,0.03330019,0.012369103,0.027592735,0.013680974,0.07169743,0.028989539,0.06067812,0.03298822,0.051192567,0.07311023,0.052818917,0.0073717553,0.030602822,0.0899464,0.009351816,0.045981348,0.004530996
0.066590905,0.066742465,0.04172336,0.05496564,0.02370349,0.083747834,0.022055773,0.07804859,0.06694591,0.00201848,0.083815984,0.004686679,0.03327071,0.0044837478,0.0036765828,0.0760354,0.04177956,0.072989345,0.04696104,0.08012392,0.002159927,0.007439043,0.008299705,0.027735947
0.08703473,0.00866788,0.037611105,0.06964012,0.08362783,0.021501392,0.05457439,0.01916205,0.056646537,0.07948506,0.012302248,0.005707057,0.059442382,0.011969582,0.08477038,0.018824311,0.019913131,0.06394222,0.06849951,0.01648321,0.011014309,0.016452337,0.08397692,0.008751261
0.079202995,0.07623859,0.060577214,0.059603427,0.03868925,0.06295788,0.004447315,0.07715357,0.059759602,0.040107694,0.0016033347,0.07360623,0.055199854,0.01642936,0.03601765,0.06323176,0.0015432098,0.0003821238,0.008755461,0.05329784,0.05528157,0.0004330969,0.044907995,0.030572882
0.014957781,0.015161528,0.019513069,0.058724653,0.025860734,0.0053738276,0.0047089257,0.06236869,0.049684063,0.0015359435,0.07488038,0.0656014,0.01503302,0.07302036,0.051467646,0.041826263,0.04609001,0.037792448,0.05368044,0.061538115,0.068546414,0.055369258,0.021441024,0.07582398
0.0029290025,0.027814478,0.03185389,0.07016667,0.078166015,0.06555233,0.03099771,0.0592417,0.07495686,0.0055781254,0.06684031,0.06266971,0.03354136,0.038596645,0.030535063,0.037596926,0.08013374,0.07427588,0.016081793,0.038160242,0.04175718,0.01324186,0.0140632475,0.005249241
0.05536527,0.023583546,0.07588994,0.010900613,0.06698384,0.08484977,0.083146505,0.08141667,0.0069006397,0.021754146,0.0028973946,0.019831084,0.005479967,0.023767164,0.06477098,0.0049677873,0.012754623,0.034017034,0.01497768,0.057173945,0.021862188,0.07390623,0.07640168,0.07640135
0.05908332,0.03852455,0.026168486,0.015565581,0.012041548,0.07089131,0.0061809383,0.035784006,0.086454935,0.08747316,0.009984587,0.045627497,0.08195001,0.0015322074,0.07513648,0.05561295,0.027975187,0.014646372,0.06433672,0.010387141,0.045545854,0.06384581,0.0052583315,0.059993062
0.07116481,0.035442602,0.036958393,0.01396196,0.014329187,0.07140211,0.044283055,0.026380386,0.048367217,0.009946084,0.006972071,0.002879944,0.051520992,0.008811398,0.043365378,0.02909147,0.069718555,0.06696598,0.06575967,0.07060119,0.0692027,0.054421622,0.030100292,0.058352903
0.053366564,0.01098797,0.026322635,0.013834275,0.0531727,0.06486436,0.0006941376,0.042100012,0.059553526,0.06595607,0.03145532,0.07232858,0.0013664191,0.056010965,0.06981958,0.017422162,0.057790417,0.07124585,0.043288384,0.07618299,0.06027866,0.04272195,0.004481812,0.0047546416
