Stock_1,Stock_2,Stock_3,Stock_4,Stock_5,Stock_6,Stock_7,Stock_8,Stock_9,Stock_10,Stock_11,Stock_12,Stock_13,Stock_14,Stock_15,Stock_16,Stock_17,Stock_18,Stock_19,Stock_20,Stock_21,Stock_22,Stock_23,Stock_24
0.019791087707650222,0.05171128541613904,0.00899784769037477,0.04989330721389387,0.03743658668366576,0.013379885991383483,0.04980813707612977,0.0037506415894696114,0.009094793389126605,0.07258585686819057,0.024009275952937215,0.006649993878746278,0.021619137172307307,0.07075660028535691,0.0634752365696877,0.05676451501658931,0.051590690055152426,0.042678077449530845,0.06537463590074044,0.04453243940297547,0.07095123073480541,0.0689831443639098,0.03477640056194375,0.06138919302929341
0.020099498253601876,0.0492580625104378,0.007957829115455178,0.051892007284677195,0.04062145001160432,0.011761822846927925,0.05265745209808968,0.0035710596877317324,0.009235714511614914,0.07256126714742123,0.024582521381441746,0.006016095560820189,0.022135311648124812,0.07072533483335057,0.06126507979387681,0.05571382801191248,0.053337100999892285,0.04833079929890682,0.06592965156153849,0.04142346577404566,0.07097097209324153,0.06822190665912498,0.028231316700676957,0.06350045221548484
0.0171487466058447,0.04748245785202477,0.006074991260450675,0.04304953654506144,0.03964461813793142,0.00821068806958206,0.04655519020880555,0.004179215552214901,0.007185106578939575,0.07520547522280185,0.015968913239764026,0.004939426815509353,0.02894997668912848,0.07507874631230967,0.06716829676242345,0.060695381079246685,0.05738233719308893,0.050841534001325905,0.0695020671605019,0.03587456049337762,0.07470439876854683,0.07210810590569977,0.027766264434066528,0.06428396511135391
0.01718474369352728,0.0495986284176998,0.005920447255575832,0.04652391809310047,0.03888232183321985,0.00815822974571479,0.04717629634488084,0.0037233304841146515,0.008746376910500975,0.07462474269320143,0.014294152408435606,0.005064515978327373,0.023748866732506185,0.0746175196444483,0.0678539612216177,0.0620967104394719,0.05696088002291589,0.048258136830834,0.07054076130842253,0.038259696862796795,0.0735722157849402,0.07163314094160525,0.0271948106173412,0.06536559573480116
0.018441290271173985,0.049857265445073094,0.006084023320619136,0.051590848707920904,0.04049729109748236,0.009508540968411446,0.05132215259639895,0.003876100819338619,0.009267279847454636,0.07387886415666794,0.01592246817582566,0.005165104525393854,0.020868404098963476,0.07346091515188671,0.06408554739535965,0.059469465365660466,0.057538226550807606,0.05091479309348416,0.0699467594159777,0.037973246968810194,0.07256599316775793,0.06909726321346056,0.023974616318657344,0.0646935393274136
0.021204874140887786,0.05042951487061899,0.00730152201178034,0.05511162608715635,0.03982542498996674,0.010348918828199577,0.052326170574219434,0.00411154008055685,0.011561360376303408,0.07265475968008556,0.01802744057768252,0.006261787932549138,0.018350029713742656,0.071720496392118,0.06335250195276279,0.058018914764503646,0.054298515131209826,0.04635503312409704,0.0688565391130246,0.04021216018292103,0.07060291898331739,0.06836281021425153,0.02426969489148189,0.06643544538656293
0.020485934852758656,0.04850773925405654,0.007882278555143875,0.05450408182046916,0.03962167745602394,0.011918509119489851,0.05187560496888734,0.003908461609594479,0.012612342752159124,0.0723116402452705,0.019517474586242617,0.006748972512444991,0.01969165779772499,0.07136416124508754,0.06258930754087629,0.05804250001906523,0.054413772222231954,0.04753624331439688,0.06830142430361216,0.04038561120190503,0.07020042688543987,0.06743352602296576,0.02536903769047258,0.06477761402368067
0.024039778236675673,0.04705156283283981,0.006455173532527097,0.058952420661517825,0.0434735156621138,0.010438775187991267,0.05676455988235974,0.0042093048665228245,0.010236592554404502,0.07236039268697186,0.023064101227522442,0.00684249856380743,0.019801451543758862,0.070573919660333,0.05758785162575944,0.05615798292177174,0.054204903196773735,0.05018980068807503,0.06875432737159344,0.035852202538898134,0.0709714178666822,0.06594767109198217,0.017921048212485066,0.06814874738663293
0.023695904654513284,0.04836656425559096,0.007034777286804278,0.05781715133214809,0.04528742812673033,0.0077109767458991415,0.056158054423643786,0.0035137908962211482,0.012061918715876677,0.07168326281700918,0.026519162631468314,0.008496823413821804,0.019804259586185747,0.06945069916872945,0.055478496182125345,0.05718763850621369,0.050604385128533685,0.051357292274756834,0.06862034974001265,0.036720127810566015,0.06986947163026884,0.06636838569364993,0.01672063401757713,0.06947244496165367
0.02636926712362811,0.04867772915974321,0.006469531607631915,0.050467489781309896,0.04659901258686431,0.008157245114213141,0.05673908879444928,0.003938781278449634,0.010917427962735012,0.07151408069625244,0.032932688530409496,0.008607782662762265,0.023354839459670537,0.06889934161775685,0.056080881145698216,0.05574731300867334,0.04804093253126284,0.05090135466915277,0.06607121723484585,0.03967909371447543,0.06882537989145841,0.06758571541063267,0.0161577884343229,0.0672660175836015
0.02385858157462781,0.04484662461282609,0.006261901397557635,0.05178482860303071,0.044988956515270816,0.01017103134012112,0.05745982708280387,0.0038958957883085403,0.013566237153836362,0.07096866356161805,0.029733090965270922,0.008181251008624168,0.023112960983972846,0.06889935101090207,0.058197972461287634,0.05664967298108549,0.050999922546179466,0.05062486705353809,0.06614573392286026,0.041332076575906686,0.06712141371511063,0.06658129781231903,0.01754705100125474,0.06707079033168699
0.021351023189979654,0.04203325069677893,0.005521977104953119,0.04997382108344772,0.04375120267645434,0.012134127397466048,0.056393591914836984,0.004506974209373875,0.014519349840288735,0.07143114856271167,0.02458324376822307,0.006944377799201355,0.025087060745525733,0.07025417971419802,0.06090862451784508,0.05737446801217543,0.05534984482892448,0.053804788067827694,0.06663923531834447,0.03999498477503416,0.06690413588839701,0.0666261335009089,0.018521307735095537,0.06539114865200799
0.019220809337057075,0.04586680913792023,0.008103739159408391,0.05696682597753901,0.039840880863521805,0.014992032371496706,0.0556473758854533,0.0036345335549698536,0.012400579188469171,0.0714695274453065,0.022578758789588455,0.00628474958811912,0.020723178359768443,0.06936140688199921,0.05918083813385941,0.054286229542036296,0.05398674852643169,0.0476622542289046,0.06532066308037207,0.043362978640161476,0.06873722288427919,0.06566382062087911,0.029447034883670432,0.06526100291878843
0.01888777447979103,0.04553958147770259,0.007076464134857321,0.05975521506769677,0.036135123311723784,0.017278688377462877,0.0557530646126938,0.0036825255601173825,0.015293086203581684,0.0708535584020092,0.01742338405151424,0.006133184906844272,0.01742092287643634,0.06995466119882453,0.062187205767585,0.05616791905979422,0.0546112629810838,0.041616713209578444,0.06594813046419801,0.04748933923763843,0.06690514724582082,0.06577423948329453,0.03094719575318164,0.06716561213656927
0.02023944132539343,0.04858831173373204,0.006635743603973511,0.06301379013282028,0.03709493366595121,0.015745284967592078,0.058099072403943484,0.004247264454292409,0.013343930798175658,0.07088465177276508,0.014771808772777228,0.005185171902997356,0.01508256821258746,0.0698462272838326,0.06177322017685232,0.05398910794770527,0.05487150076161266,0.0392834157376164,0.06646860095099949,0.048257044148637386,0.06789817663423567,0.06625430899125877,0.029468942431089624,0.0689574811891586
0.017589991802874426,0.04924573258713486,0.006993443515397349,0.06176431253652182,0.033738328963112546,0.019452444332380255,0.05604210009238599,0.004268381716122929,0.010671250039052527,0.07122701928463869,0.013114340603187277,0.004058067115848839,0.014752457851164935,0.07031290591857581,0.06345826057539951,0.053104885669154334,0.057294046154728814,0.038357884930021256,0.06558893092802734,0.04960729090497445,0.06893408145380935,0.06643308985755814,0.03790632260145626,0.0660844305664723
0.015708390675022738,0.05035610670264101,0.007499912344968368,0.05710823833068809,0.03164937113555223,0.016788686810237922,0.05192789988054423,0.003980531381681826,0.010201220868548057,0.07179103534725283,0.013562359400281153,0.004206790587308129,0.017204340460924908,0.07130176470927005,0.06529221958934726,0.05546842617216622,0.05697881118064697,0.03905229476018411,0.06552884514710963,0.049755414328288956,0.06958770228480976,0.06819848311892071,0.04202166549944072,0.06482948928416411
0.01567401766477827,0.05135763508944608,0.006189510351796539,0.05354865189923014,0.030636089185374138,0.016563903760382893,0.04958067128553208,0.004247546030183176,0.010052930669158721,0.07239726080196206,0.011770978234388425,0.003530568746675646,0.016079430332168885,0.07232898992723981,0.06843825105573789,0.057583949512028845,0.05821115157133539,0.03740623693793503,0.06629995916635929,0.05094924766110529,0.0703386374918262,0.0698316060143189,0.042915423231563124,0.06406735337947318
0.015366497548833558,0.05151246295667103,0.006803409783390442,0.04891582151690285,0.03405677307225657,0.010761312182573812,0.04874765100033705,0.0034737499828521377,0.009368953895178557,0.07311810010403398,0.015574448195446284,0.004421147129671288,0.02129286595883112,0.0725925420511317,0.06717085535404894,0.05916861211922182,0.055611641128112003,0.04192921087907274,0.06659966221302732,0.04716973196335554,0.0710822181132731,0.07085675185021657,0.0392505507685172,0.06515503023304436
0.015534867558320713,0.04752575320249401,0.005491802348509361,0.04807778071630581,0.03741923101502265,0.01036837766874996,0.053431065661036524,0.0028730362838645007,0.011241230740038742,0.07229356369873231,0.018695441828102642,0.004796658301907254,0.022501716206800967,0.07148633953827795,0.06541308625298312,0.05934406240594685,0.05492723934743852,0.04712268465569548,0.067279386399435,0.04737642454472765,0.06882278367846396,0.06962558035204203,0.03218673152116339,0.06616515607394062
0.01761396690694214,0.04679749509494686,0.004230999135599405,0.04919725291649056,0.036225927953890166,0.014625068255343128,0.052614934565008875,0.0036358541997393284,0.016523463520673583,0.07192547989617971,0.016607957066558952,0.004821215883884696,0.01694923350829305,0.07171988528923584,0.06822183189155433,0.06111240965116358,0.0567440282478891,0.044522368485721324,0.06829517839867005,0.048977546469625995,0.0664339494247829,0.06917520500728926,0.028416462037135732,0.06461228619338143
0.01846835779336686,0.04909695331470623,0.004702581557073598,0.057563336072126194,0.03520654095671003,0.01833208621148801,0.056388690622034804,0.003364882515843697,0.015445953907466736,0.07072083068600603,0.016164622787401002,0.004130487184531945,0.01242069336002111,0.0700103206208852,0.06656054122382833,0.05720793034905472,0.05547680636881131,0.03893985746666768,0.06637210919790468,0.05212061008456979,0.06600726594339727,0.0674656831530424,0.03174778471063678,0.06608507391242557
0.020372992630386447,0.04876138513618423,0.0050004812477274395,0.058154002613863366,0.03582930554043586,0.017108858629269672,0.056292721352284046,0.00323685425590056,0.01471942697761669,0.07099427159279953,0.01735830524192763,0.004646907828129168,0.013034892445222827,0.07001588330370305,0.06640605746666887,0.05709025031177153,0.05463669840023064,0.03859193352910478,0.06676434859868155,0.05052480249992856,0.06649245449227718,0.06769496761832867,0.03026759372676336,0.06600460456079434
0.020045921973350034,0.051135958247737555,0.0056729100975082035,0.05880858705253512,0.038396915483287046,0.011556483465086914,0.057038917406044706,0.0029347067975283637,0.01229552628166728,0.07134792902151528,0.018202186659851325,0.004977804062424184,0.01343344070230456,0.07026699905127134,0.06405508360464897,0.057175045840390126,0.053758011881228585,0.041685653519180674,0.06751506822217064,0.048000885999056726,0.0682200333165394,0.0678944389153973,0.027429610183004646,0.068151882216271
0.018465331040652663,0.05191540809641724,0.0059848368414015,0.0593113021943751,0.03600328277589897,0.01280602474177619,0.05673537524368509,0.002771015088836309,0.009839350389529688,0.07143895824580286,0.017987399087404803,0.004326977465579524,0.01344158726785889,0.07011617133041295,0.06479427845407683,0.055744813848723575,0.05382062117255817,0.03695318135501858,0.0663934552519284,0.05103554076686162,0.06903793026375944,0.06846908950092066,0.0348245779522738,0.06778349162424713
0.015655063931467553,0.057097651085316004,0.007016680506456749,0.05659081254943365,0.03401743039037241,0.00933529743851588,0.05306522989727046,0.002697290313948259,0.006459337631122285,0.07247304125510073,0.01690170139352193,0.00349465726234891,0.015020803438936869,0.07124543802534239,0.06495016396477162,0.054836946207490855,0.05457664629944267,0.03967826973707645,0.06625827950511542,0.049464127809266116,0.07116114136269808,0.070056820678857,0.04109175610572566,0.06685541321040206
0.015503400603640473,0.055756840369448196,0.006311602684589817,0.05110507033383385,0.03376319461258119,0.009784122771267646,0.05101929875291253,0.0033352155232001532,0.006884282329693351,0.07314359361253667,0.015657305902420766,0.0034079549804652636,0.01795420264174774,0.07233656547099605,0.06712022769062691,0.056494864944041025,0.05580134095667885,0.04060301650192491,0.0659717815513457,0.04837940490519142,0.07165266781355005,0.07110731704251114,0.04105926796168223,0.06584746004311409
0.01748447183376671,0.05827020892363582,0.007771045710848498,0.05619628478257212,0.029329795768895738,0.014893664287868522,0.0519174593537893,0.003519710505764292,0.007466758054201823,0.07204106732851213,0.016186840162435906,0.003250709070110528,0.014390528190938915,0.07055132032329399,0.0673379420019175,0.05287801845478142,0.054580440266188114,0.032212090163488916,0.06337324475481679,0.054770877813615504,0.0702143487715118,0.0702448783361274,0.048024344734239305,0.06309395040667896
0.016244083466488198,0.05671009835938723,0.008799477683096833,0.051802364924316016,0.031819489261951904,0.011502583161987417,0.05032923462820172,0.003538990285401434,0.007569684432901645,0.07242316277673767,0.01924961636242706,0.004271561791434304,0.018445126019607037,0.07087569749041155,0.06557411107890633,0.054364765519931336,0.05294538077070373,0.03705159961437481,0.06342381440377595,0.0515912388200127,0.07054819222014083,0.07036408532282176,0.046437860901408355,0.06411778070357416
0.014637296056760547,0.06058045955824383,0.009494659599728705,0.05471152244602636,0.028335790297958224,0.011471931307444226,0.05063382580705625,0.0035077815230634135,0.005384550126742065,0.07253569853377176,0.016960811007083076,0.003147602649524323,0.017331427723710737,0.07118892362741253,0.06533520355792759,0.050225612867950624,0.05507050874047214,0.03736445794504187,0.061754628073000944,0.0537832473062592,0.07123286028436238,0.07062299710005628,0.05211483581716985,0.0625733680432331
0.01461004167637274,0.06115853200383904,0.008338569538801733,0.055190347478479146,0.027554968102024634,0.00925676319218626,0.050191421094494836,0.0035430396859350457,0.0040768799527664285,0.07337298029901959,0.014052506713409145,0.002571269254518685,0.017222458958014233,0.0726036887493595,0.06681289844073808,0.05038999771732472,0.05849016060256042,0.038121826449973875,0.0635009174660564,0.051805044520512225,0.07308706504873778,0.07161429180312699,0.050309150109620074,0.062125181142128394
0.01528584943497792,0.05992349750940058,0.005029585051124715,0.04836798112982838,0.025973847711677888,0.010149274360292122,0.048124794374723674,0.004785963119244227,0.004311436843446164,0.07403162486293206,0.00881274675387307,0.0018522460838991586,0.016536443227455466,0.07443438096891271,0.07076429496494917,0.056695673503093603,0.06285358807161419,0.038903090245815154,0.06593581824787563,0.05070248694347846,0.07383310265753278,0.07306153876717343,0.04721687056152979,0.06241386460514966
0.014449147077084822,0.06057114097683338,0.004847310600463233,0.039113907289591104,0.026893482267109633,0.008967639568443823,0.04425954262870726,0.004852478503213754,0.004376992246976697,0.07544911559692398,0.009129424211623464,0.0018240575124989394,0.019898337321492977,0.07588513346602352,0.07235931855457814,0.05905238637064603,0.06249098110456788,0.04203405599023911,0.06626027088098428,0.049032858362791205,0.0748984122572359,0.07466929037161305,0.04660957549285598,0.06207514134750184
0.015245969444815174,0.05743485467773018,0.004587411517239224,0.04276333014920805,0.030376304648783298,0.011309871299750756,0.047338293937329974,0.005942952009270674,0.005668487039399203,0.07483715169469947,0.009607246818708056,0.0021652853480940105,0.018662964015260287,0.07524516186827322,0.07106129310919919,0.05758301133562949,0.06205786555298873,0.04357225586438676,0.06678287208810388,0.0472984199029336,0.0738981454893608,0.0731578807596394,0.04133089825617205,0.06207207317302454
0.013115487682983104,0.05434219932533936,0.004487117410695855,0.038140461200483054,0.028393880247397717,0.013243403415235082,0.04284407190657686,0.005107882364939997,0.009991267216183118,0.07519674516890182,0.008357981293836015,0.0026776168174673888,0.01836847380998963,0.07577288332948165,0.072892261508642,0.06264254380909758,0.06346827745600649,0.04337859089128465,0.07002166508044337,0.050774088503545395,0.07283025123599467,0.07320253821327291,0.042575800677350936,0.05817451143485133
0.014844991508544276,0.06120885515502546,0.004830625410625816,0.03789790290798458,0.024993570901978714,0.012050606036864028,0.043170861161094476,0.00516936412578347,0.008434434878420185,0.07480115107832098,0.007734699993983092,0.002027585152752752,0.015314797573125599,0.07536983464071625,0.07281181412751293,0.06087899331978038,0.06510597257934314,0.03850175054613361,0.06921235265944876,0.055112203956713186,0.07279494874256684,0.0739912874740193,0.04564018614320328,0.05810120992605889
0.01369157398430294,0.05925542645408738,0.0051534042094696095,0.033058062214965524,0.0247577055281506,0.008558756731239115,0.04086520553016123,0.0045925806661338215,0.011322435453397579,0.07507827272680967,0.007420999218758746,0.0028738355785888296,0.018971770087496228,0.07619213152844673,0.07261724860994365,0.0660653965793353,0.06579796489754763,0.042468704798769616,0.07146981467329724,0.05277544388579458,0.0719088243543528,0.07429039409748386,0.04113761524339232,0.05967643294807499
0.014859585650515799,0.061674973828491256,0.006138545186861864,0.041712489093592466,0.02762563951595785,0.007306873111393962,0.04595976864281568,0.004385612878535475,0.007673260577365993,0.07395426744789631,0.00924162098611541,0.0027797790845614343,0.01802533104335382,0.0745706800531747,0.06918500075861754,0.06175994445635846,0.062037803781033615,0.04116879270011901,0.06883692435825121,0.05031586758875837,0.07210815241416321,0.07332816784507687,0.04126513917707226,0.06408577981991743
0.01385549486825173,0.05994316164900428,0.00586934787661436,0.03890753223844474,0.027760819399668898,0.007966365809969398,0.044901603599061,0.0038437417512183973,0.010588124667708445,0.07386986922376401,0.01001412649683085,0.003108718019264373,0.017604317265184823,0.07435857278550276,0.07013366261877654,0.06376723534437918,0.06176131084992566,0.04295263569471493,0.06979114929749236,0.051891060039180585,0.07070381677413842,0.07292416448133782,0.0404667273770733,0.06301644187249313
0.014905238939733034,0.05541163125510455,0.005862116733776141,0.04307087340460374,0.025553846996103798,0.00919453851092217,0.040310865261703854,0.004102987529696015,0.011474912144539216,0.07467393223206757,0.007556410752481933,0.003182947237783674,0.018024273560870777,0.0757506320562071,0.072568989298396,0.06572417812263126,0.06429682856025415,0.03853876718001274,0.07143218676737172,0.049086518458538855,0.07299243684138199,0.07370754494007127,0.04047023268269247,0.06210711053305598
0.016411868564336324,0.05361583514360947,0.0046527395656208075,0.04590797420198937,0.026767462875993516,0.010294417081286984,0.042767313325060265,0.0039280167836601805,0.011328768439575759,0.07463697866441067,0.007258402607816306,0.0030661364265792135,0.01599282883923986,0.07536426865828395,0.0731506154522023,0.06559203160789644,0.06383739589179825,0.035694115089538556,0.07161054388481497,0.04993496442127253,0.0728079462880667,0.07372174593886928,0.0378567503785257,0.06380087986955259
0.0195171569066905,0.055394291648410775,0.005036535093479601,0.05041423450808792,0.029412985567279278,0.009812129382293562,0.04715202745459762,0.004576261671208387,0.007521662599850156,0.07395471552290292,0.009455801623598091,0.003077418796486335,0.016709119635842973,0.0743162370478101,0.0714092345925632,0.06056697420978095,0.06136241686303936,0.03533557626887305,0.06897715429469578,0.0473024628848452,0.07322183404133058,0.07311307580539352,0.03703376991328879,0.06532692366765137
0.017019397837985152,0.05789891481852239,0.006402537519785981,0.05577481297837144,0.02657393860671825,0.015952820512678163,0.047643141650003606,0.0052077478635048306,0.006429275098463137,0.0735932198371621,0.009062297557673292,0.002524254418958512,0.014599270886555764,0.07304855136194956,0.07155516894513153,0.05658853617404676,0.059628409038203295,0.028462680806299982,0.06595044952251942,0.05386955007126816,0.07269096982581642,0.07246289004173231,0.04611016773816849,0.06095099688848144
0.014792666159459202,0.058261371787966046,0.00584844744934403,0.04862671592587102,0.02280074807432196,0.01004135695888116,0.03884776319950369,0.004166072477352849,0.005051830498982327,0.07614909945326656,0.006602923852946853,0.0021726819733520943,0.018589458677381276,0.0761670737664245,0.07529567906452751,0.06457439301366653,0.06303363488976782,0.02637865493716452,0.0699040026961101,0.05395362485254265,0.07557253418394051,0.07574942446940588,0.04752541593228923,0.059894425705531655
0.011178081691532572,0.04799637952122596,0.004827258069453641,0.044031791645928665,0.023955883497205784,0.006618961315978813,0.032973612531315755,0.0027818064714362736,0.007321446758116965,0.07723649541958326,0.004902844383439185,0.0029266438438890945,0.023537343362069432,0.07814455497221555,0.07651141157154896,0.07181028566867026,0.06558481933017109,0.03439195601758484,0.0742354909857192,0.04850923465752861,0.07673341789780175,0.07668204550335081,0.04187598731687481,0.06523224756735874
0.007699018466628823,0.05241758504850181,0.005884254037179011,0.0485639031371023,0.016172228847330484,0.00741443786166466,0.031051297823651063,0.0022402588073128604,0.004153022360642352,0.07645488468661452,0.004226360409688092,0.002578701081670192,0.022058534868541296,0.07761215709748447,0.07586681075212522,0.07078922867138392,0.06845958161983447,0.03588696938735394,0.07271133445848361,0.04947647004700858,0.0764615646981959,0.07619465304994597,0.05080383586295721,0.06482290691869926
0.009685391558894444,0.05417450157660118,0.0029648254944964715,0.04935404797819881,0.012984165449615994,0.008713719880600504,0.033451974333473584,0.0026326416716155277,0.006399272642405012,0.0757960199652755,0.0024585016405976124,0.001761236149723905,0.01618275644034465,0.0772171929980379,0.07601903150862403,0.07202295974953622,0.07244951008714073,0.03178556260872507,0.07427606782809018,0.053307154804668876,0.07598071505886568,0.07591482223616439,0.04907546278156121,0.06539246555674248
0.008340177259188475,0.05504790647383866,0.0028868560813814,0.05488260406283039,0.007778886475352426,0.013775213033414033,0.037073768213692605,0.0029773221444231697,0.005257154623046973,0.07385612402462428,0.002250785743601653,0.0023546006737629405,0.013035364113647594,0.07581056537252481,0.07459885353722727,0.07099116544667464,0.07309045427033088,0.02973246832522948,0.07291147585863174,0.054838263833347965,0.07411290116051929,0.07449547478516111,0.052585549364731934,0.06731606512281627
0.009938700186498742,0.057438029990947354,0.0025253149236205475,0.046616411754162757,0.008511654806800608,0.006815041908996238,0.03384095865565963,0.0027214850106116995,0.004151541614779563,0.07552246061377825,0.002300076731686321,0.0019653553590512508,0.017453861107383208,0.07778853288337995,0.07645379132248918,0.07303123172566063,0.07473884305092061,0.03150769552674075,0.07451225540158084,0.05069499876495514,0.0766859259642732,0.07679430673849248,0.04951781043483344,0.0684737155226976
0.011371131308477314,0.055047524213934586,0.0008896580243257539,0.03573759470132108,0.012424536339964607,0.0059484813335655825,0.04053952763876071,0.0040099595656546,0.004725853450352319,0.07684431135324395,0.0019038187203905064,0.0019351780274908484,0.017502370128446992,0.07850086234807141,0.07708705187969882,0.07435968210411742,0.07480698252554446,0.039442470827490916,0.07626285743625293,0.048845209776846206,0.07650608637422984,0.07734208253070356,0.03449763525347228,0.07346913413764332
0.011994263634625468,0.057751190834581766,0.0010130495066245555,0.036170354865588,0.009254264151217882,0.01070077393856588,0.0423597800444507,0.006401689179259349,0.005361935611654325,0.07556743149064225,0.001482477812504268,0.0016872499239955988,0.012328204724831409,0.07749139958987313,0.0766795432521452,0.07191373700873992,0.07529160008859263,0.03327361486061208,0.07461684763730225,0.05758503790274168,0.07474205264136076,0.07632223349917731,0.04014059904976685,0.06987066875114675
0.013039136405316013,0.05689059675331494,0.0011591859801151746,0.044820544803312164,0.00924616856482651,0.011493889131300719,0.041327409415883955,0.0049916756606151235,0.006332994755378574,0.07570113122927728,0.0012932298892249774,0.0016930395126414381,0.010145559954982607,0.07701226758052145,0.0764874444521011,0.07219629317530366,0.07473966041824211,0.028168366751967818,0.07501692146838766,0.059167189272508365,0.07454890695355192,0.07614316951026144,0.03964478251205851,0.06874043584890652
0.01557638804599764,0.05634817326808343,0.0011098335726641357,0.05171211233160326,0.013067750936470382,0.015012665878138582,0.04816877370510351,0.005145033813756314,0.013194725280590115,0.07441453915977715,0.0010389742701396778,0.001200873140147215,0.005586801391216531,0.07521289825156083,0.07476642142060988,0.06994677384804611,0.0733810503937036,0.027893036675713436,0.07416417247419285,0.059926265420344245,0.07181098122988984,0.07392819679927588,0.03079332032554869,0.06660023836742669
0.014897398515208573,0.059622208722185176,0.0011352606182939084,0.054654117206548045,0.010188038749280506,0.018185646826595857,0.050814587483536955,0.006136771879490218,0.009600990159066307,0.07166519211556008,0.0015696429277830583,0.0014522931535100746,0.0050512361497021,0.07306126501367739,0.07241557435225911,0.06697683673409872,0.07133303362323497,0.0255050852203293,0.07085639751918377,0.06217590957812227,0.06977458311613015,0.07164800531789622,0.041925565230698784,0.06935435978760845
0.01833161715739276,0.05558037183618927,0.0013982912962939714,0.058170181335763266,0.010706313999664614,0.01641576892288771,0.045362124916463416,0.004758767621601949,0.01292901336303923,0.07230056564680223,0.0015597113252992872,0.0008928545354356534,0.005791056029927852,0.07370522692893693,0.07320562417519381,0.06764193561424764,0.07211871225601421,0.0223216104213533,0.07203816987271788,0.06136126191572242,0.07180847982925898,0.072203520412377,0.041025126232694824,0.0683736943547218
0.017819441681414163,0.05608527994690942,0.0016474002512905821,0.06178024982916147,0.012551181058613173,0.023019249184639982,0.050316221198951384,0.004642864951837729,0.013058647827244597,0.07062763531518453,0.0019093860550074687,0.0009575797603920464,0.00497890519134915,0.07183870745051212,0.07111756865140896,0.06398590742408372,0.0695467943199245,0.021688967784648426,0.06994871189126058,0.06122896669446832,0.06977946305403993,0.07002784043525537,0.04378877479143796,0.06765425525096444
0.01612444689441515,0.06035772080238439,0.0036774382322879505,0.061194424238594385,0.009064691689987244,0.017010237002177537,0.043057441300882675,0.0036978953846893282,0.009341002077071068,0.07094302584017101,0.002567894057477729,0.0010853200379493404,0.007032876906723243,0.07283049712489448,0.07187387546604736,0.06464501261161473,0.07094472240426884,0.0213523807400814,0.06988220103953117,0.061673585536360806,0.07144060885068018,0.07153931564950645,0.05369355143725892,0.06496983467494459
0.01902694469021762,0.06520523110164714,0.003426712080531732,0.062225246643698065,0.009846972881279592,0.019631905659870136,0.055079395019716926,0.006266930585179472,0.006299895865819027,0.06882023411403927,0.003013460347925827,0.0009595759496703955,0.005087630251020699,0.07098246596805326,0.06930706059289696,0.056060085413234415,0.06904804706317452,0.01752023267600101,0.06530687440635922,0.06500566617199446,0.06965305289808262,0.06987992154041017,0.05687986763587383,0.06546659044330361
0.01642665965969793,0.06649420333012855,0.005613258005231993,0.06313511315707068,0.010547012137208557,0.022968154570630835,0.059230097843983906,0.0054314444464948946,0.005349669492754261,0.06882292147002933,0.0050270123590887535,0.0013449773358623416,0.006305434097996567,0.070071099127117,0.06687988307133619,0.04961668133234548,0.06601177468364677,0.01947565279378574,0.0605477886544324,0.06662462352850912,0.06766950832056981,0.06906246238331501,0.06173642168876475,0.06560814650999913
0.014237785116878718,0.06602874449111344,0.010422842240846792,0.06434405403450902,0.010358431458365604,0.028660717165628607,0.058070282830857925,0.00441009664695619,0.006172763721785283,0.06876506715448913,0.00765178419272438,0.0019346136731501452,0.008584216204409599,0.06964760494768531,0.06548351240416096,0.04537914242887992,0.06348537740762449,0.02216111208652308,0.05681045803946825,0.06647125989808197,0.06542572080301981,0.06839608318300049,0.06384789220156344,0.06325043766827745
0.01565364047910566,0.06474084424497614,0.008223773041299894,0.06544869716503811,0.011741403180340768,0.037063051294849575,0.059424896883890056,0.005828190602560558,0.007719036270746933,0.06774364916641422,0.006430449027928674,0.0016536182824399117,0.005891644748153319,0.06867817460367864,0.06579501512444573,0.04530223706784461,0.06346677228892454,0.019710401809415554,0.0566747341621324,0.06578518695724754,0.06476562288685296,0.06694695544514924,0.062455720410798235,0.06285628485576675
0.0221009918622902,0.06500553297764457,0.0070685729284220705,0.06483541628558982,0.011246881397923788,0.040679524687241474,0.06126867894872796,0.009779941129070149,0.010027087254874624,0.06651041931730628,0.006679045231202257,0.001591783273695283,0.004794017453448587,0.06758373516935581,0.065193188236273,0.04350073721003632,0.06043789218660602,0.01934043834759704,0.053037258747381674,0.06599899159000643,0.06152570285774695,0.0660092251626226,0.061084951769620595,0.0646999859753165
0.019327901137575213,0.06695910336797219,0.008457569612807622,0.06381351371681453,0.010968298459019874,0.029453587432495983,0.06291642981277845,0.009180794982218018,0.008292953042957475,0.06771661990429202,0.0069949680926698656,0.002915204435738427,0.009558798718248029,0.06912988387518681,0.0625591019432132,0.04613030715085064,0.059883758634782444,0.021208131976352962,0.05055381709900901,0.0671627005851481,0.06065718357477975,0.06776986289497834,0.062151966522547515,0.06623754302756354
0.018223162989258752,0.06630983006085725,0.008658434328793093,0.06557071181800572,0.01346876740243272,0.03293678496102145,0.06333923048236915,0.008236165936849916,0.008763785439722517,0.06768349509622461,0.0057469245945462,0.0027613597470401738,0.011395456022164276,0.06899762777728405,0.059682630726560965,0.04547978548165561,0.05779520307498138,0.023361492953106206,0.04856881761152136,0.0667283350100426,0.06113408481727416,0.0670364315903933,0.06206888101162437,0.06605260106627014
0.014796827326478058,0.0623108845363991,0.009032189909920363,0.06314853405511452,0.014095211671794403,0.02954341665644944,0.058485982157496244,0.005651888324800171,0.011550165213956532,0.06748690599036536,0.006235071103664785,0.0031770247018708376,0.016173728753621903,0.06915022675297519,0.0601853051328944,0.05218690056834282,0.057758196667861694,0.025111248595930023,0.05455853580634757,0.06440589491084231,0.06208772388541769,0.06635603723298474,0.06022821043725502,0.06628388960721684
0.017712734602371487,0.063918202065406,0.0050769837993871435,0.05484035142777312,0.014262402647976655,0.018968724506959637,0.059003168503369584,0.006716971092683058,0.013341730203562165,0.06806620008144258,0.00496175665848249,0.0034099824177997403,0.017373552505405235,0.07056231633462857,0.06305054527552457,0.058114783788407565,0.06176750717663905,0.022041208811834023,0.05598581016214281,0.06606520071578445,0.062427172752841494,0.0681358019129658,0.056012310528720556,0.06818458202789221
0.015400482333999765,0.05903142883666397,0.00384662454556934,0.04655888744974721,0.01433528482955437,0.016081405112531134,0.05493818943377325,0.005004753801567561,0.01906413352088801,0.06947527028158688,0.004788757626770909,0.003832480550283844,0.01898400653476775,0.07186890603840877,0.06773327353052826,0.06297233732392797,0.0627226314377041,0.02309127113029572,0.06414839281952214,0.06624197628784247,0.060592988125569465,0.06925166209711,0.050538365756775686,0.06949649059461142
0.015383533909021174,0.056513114465388675,0.004791765350825245,0.04972094681470789,0.014450553347466052,0.01898280425864245,0.053984663765883685,0.004814679749811409,0.021473744592392704,0.06899767044542346,0.005911213850296311,0.004240310070034038,0.018466717368815715,0.07142748707687575,0.06745988308641371,0.06213471439896337,0.060676158601422246,0.023633203574464735,0.06404204832429752,0.0657136015788436,0.05889537753603551,0.0685674733037628,0.05073540844137684,0.06898292608883509
0.012465322464958658,0.055887594121332596,0.004486980841575777,0.05305549899788178,0.01471998878232876,0.020555093816846868,0.054464745884900724,0.003881782791935739,0.017625698376753346,0.06902848590554395,0.005021390730195498,0.004164956815063553,0.01981451081704608,0.07102940218154827,0.06567266400303273,0.06299368561094838,0.06004690045439389,0.0276513103248628,0.06474898229698858,0.0641164960323365,0.059145974605493895,0.06796439089759129,0.052691131631779436,0.0687670116146609
0.017142656322921158,0.05573475500347511,0.003964715009087946,0.05854245396730331,0.01654254855518072,0.024625856849305648,0.05691569857535131,0.00476984263395428,0.028743834174034776,0.06782545676199117,0.004954599084514226,0.004626437792691893,0.011182968224970306,0.07005588278798486,0.06613029180571127,0.06217283964367793,0.058175890081629926,0.02014755751065295,0.06471077330610282,0.06457875107381711,0.055058118386389875,0.06583768112713649,0.048954297685854,0.06860609363626093
0.0200719818537099,0.057128594547945555,0.004046365031031239,0.06287068145739359,0.01508919017275823,0.03171077465655357,0.05922585205766884,0.006243565191485639,0.028698574722097737,0.06661598010240212,0.005610469492304489,0.005337547815930152,0.008564945921903173,0.0689494641819252,0.06580033301256717,0.06077713300495424,0.05585772415924975,0.016832403386779753,0.06235677929043578,0.06362018993653583,0.05143087479060998,0.06486134623893224,0.04958976286202616,0.06870946611279966
0.02300501716957355,0.05737895416632631,0.0034604641360878406,0.06331633154014107,0.016650287110367312,0.036799804779516325,0.059862999499421615,0.009429012633585707,0.025197500624280642,0.06576598400279074,0.004873022254341902,0.003978565681567207,0.007144500540932935,0.06828984830614224,0.06597900804931715,0.056882159988395756,0.0575595208719127,0.015110246664665984,0.05849669764132859,0.06349724151271242,0.05456847433776758,0.06398179388009476,0.05066043761437072,0.06811212699435895
0.025271273341348967,0.05903754545479823,0.004003978925965765,0.06517989354744345,0.01811650537214779,0.04394037775684089,0.061051681592161504,0.010945785562701886,0.0259396014217627,0.06480436927363031,0.0049234824812184495,0.0036787129010520166,0.004937409367971456,0.06678734915566456,0.06539713429516132,0.05356930173918706,0.05567038698284991,0.013869552337641549,0.05592092877113979,0.06272129535149666,0.053973545012371275,0.06286409417807247,0.05039337036969885,0.06700242480767314
0.02460726213957396,0.06044312034020233,0.003832426338613085,0.06532192925357753,0.016653262227437897,0.041499993274888555,0.061786600228670066,0.010237868107521286,0.023938710773142212,0.06519697037493788,0.00467641866836404,0.0033739060019065945,0.005135044816203722,0.06706756063237372,0.0653297429987978,0.053959526875285116,0.056305192842112876,0.013374653394776231,0.05578094344339991,0.06359990596645987,0.05493738453232914,0.06361717759912382,0.05208852151263445,0.06723587765766789
0.02539278129236266,0.06015699258666311,0.004223510652752036,0.0649171605522566,0.015492636800522696,0.037117714142251707,0.061522990311687994,0.008444698423763263,0.027342720788149394,0.06543423607435261,0.005151820153236845,0.004017066840453422,0.006267579047133526,0.0674467767214062,0.06512858576909894,0.05542407703803934,0.054907783314027014,0.01279382069741743,0.05706355673774341,0.06432391497498045,0.05414942280011208,0.06428701492406698,0.05130341581172134,0.06768972354580093
0.026873556552021467,0.06115076134811489,0.004080074858422706,0.06495226667643736,0.013690343402153232,0.03855126970860668,0.060877299126552986,0.009013759372601828,0.02583670971452227,0.06560017514826522,0.005367707875342746,0.0034889604730794083,0.004995351441943769,0.06728115859300308,0.06596947127423264,0.05413660195805972,0.05545102540779162,0.01221086927453561,0.0571549540223061,0.06463855356259451,0.05393599992728661,0.06484687466327825,0.052361277043986215,0.06753497857486107
0.025389965429549397,0.058405385873033205,0.0035597941642277068,0.06358444968033546,0.014149962564354772,0.03714125308936376,0.059569376320102285,0.0076921675350438475,0.028622187692995765,0.0661171447981746,0.004901584788303948,0.003000674033300249,0.005404631594252879,0.06792591896538874,0.06655851956636623,0.05531813497075487,0.05596934653856237,0.012342674272526185,0.06008326755358897,0.06503439725581966,0.0548966430212585,0.06496693769238931,0.051612620350724135,0.06775296224958316
0.022730863834043186,0.058218484060482426,0.0034250231444687253,0.06420840731827121,0.013635562363095642,0.037600395260219716,0.05960014093767629,0.00738602031887782,0.026775463047757683,0.06633021312536544,0.005135501815351072,0.003580793181770675,0.006080080786676692,0.06817488591899788,0.06657856453547502,0.05728565394211228,0.05649409812215244,0.013487607061962675,0.060086687481505204,0.06467399111010182,0.05342775861076674,0.06504521782683047,0.05188675354298029,0.06815183265305863
0.02024529176422705,0.05696724457724899,0.004511868618242874,0.06452445648758949,0.012052986839150737,0.03974332375095378,0.05821975004112774,0.006388018476653282,0.027077189837202642,0.06657386680915453,0.006778550969601763,0.004160574682104442,0.006962447011078719,0.06830926962545154,0.06661238931131229,0.05743881712294763,0.05456215113151844,0.01501438046161142,0.060774509226975006,0.06477011894938926,0.05138765593013496,0.06521593829030276,0.053477784379650346,0.06823141570637031
0.019565825573033456,0.058385967249548754,0.005065667625813319,0.06554748664830817,0.0119254759938065,0.04175339147205064,0.05944900239842707,0.006393494651232835,0.025545369545029194,0.06627562992290717,0.007207286504202762,0.00443068445012071,0.006894407757745674,0.0678677889777512,0.06594599344424706,0.05698047738363282,0.053721187770814284,0.01509998950604245,0.059310818339864124,0.06449007230927573,0.05091518424170938,0.06491115677748814,0.054349536009537625,0.06796810544741094
0.019790847943372016,0.05642049165431934,0.005518730045293297,0.06531481740657769,0.013712297117700098,0.04317625580964343,0.058876113649736675,0.007022208123909367,0.027409937960269023,0.0659386743291622,0.007487884591329391,0.004695217608700652,0.007218786005167972,0.06775746277012128,0.06565392854002373,0.05607088326448112,0.05307750816399137,0.016292979552520504,0.059207342589487545,0.06374177084792741,0.05090691566734472,0.06385848652358277,0.05313551650444602,0.06771494333089235
