0,1,2,3,4,5,6,7,8,9,10,11,12,13,14,15,16,17,18,19,20,21,22,23
0.035324518,0.006498639,0.040410906,0.062988885,0.054579146,0.021633003,0.01065018,0.025748244,0.038892377,0.08586665,0.010398093,0.033115726,0.037884776,0.057078578,0.013201513,0.035089906,0.18959698,0.012901872,0.057737786,0.0102130575,0.06522093,0.031706028,0.045826264,0.017435934
0.036444474,0.007019129,0.040545367,0.06241012,0.05461649,0.021066766,0.011094965,0.025837779,0.040750843,0.081762716,0.010798781,0.03222459,0.039276652,0.055377528,0.013941177,0.035723954,0.18606645,0.013241061,0.055927012,0.010763271,0.06696134,0.03265995,0.04731127,0.018178314
0.034658298,0.006243447,0.040020466,0.06342304,0.054206166,0.019860603,0.010319115,0.025049511,0.04034322,0.08222742,0.009812815,0.031507626,0.0390428,0.055042848,0.012962602,0.03373215,0.19917227,0.012278433,0.05700589,0.009849436,0.06710643,0.031593546,0.04717809,0.017363774
0.03701269,0.006983279,0.040607832,0.06343602,0.054427803,0.020972755,0.011051749,0.025935194,0.04094655,0.080330625,0.0106062535,0.03157938,0.0401415,0.05484108,0.013655522,0.035182413,0.18784194,0.013052275,0.055543736,0.010684608,0.06724152,0.032433018,0.047368772,0.018123502
0.035280842,0.006530744,0.04022975,0.06363702,0.05477743,0.020115336,0.010596154,0.025546417,0.040864468,0.08127601,0.010172392,0.03189806,0.039279856,0.054520838,0.013361786,0.03434902,0.19280832,0.012564605,0.056980286,0.010246605,0.06754896,0.03201791,0.047604486,0.017792713
0.036104217,0.006730641,0.04051371,0.06327133,0.053988907,0.021179913,0.010654404,0.025735805,0.039324187,0.084263325,0.010404545,0.031674977,0.038845114,0.056749552,0.013513797,0.034939006,0.1889489,0.012918024,0.057596005,0.010167029,0.06664039,0.032145668,0.046100162,0.017590392
0.03580761,0.006319361,0.039827622,0.06419098,0.054071926,0.020447154,0.010349131,0.025205603,0.039425593,0.08335735,0.009978987,0.031652577,0.038680848,0.05529163,0.012990611,0.03401973,0.19572361,0.012383071,0.0574425,0.009815283,0.06717534,0.031321216,0.04719979,0.01732247
0.03686846,0.0073483186,0.041107412,0.063758485,0.05532851,0.021656418,0.011454187,0.026558734,0.040703073,0.081521384,0.0111986,0.032559298,0.04001386,0.055028364,0.014169,0.03587652,0.17829421,0.013624173,0.05682951,0.011089713,0.06615378,0.032989223,0.047209,0.01865977
0.036227386,0.006950976,0.04082035,0.06325794,0.05412481,0.021429023,0.011137406,0.026083937,0.040160555,0.082285255,0.010780939,0.033254053,0.039299317,0.056344308,0.013922439,0.035454318,0.18334958,0.013317116,0.056516528,0.010751921,0.066545725,0.032276668,0.04742185,0.018287593
0.03634256,0.0068524103,0.040517434,0.062986106,0.05481297,0.02082273,0.010982572,0.025606172,0.04094508,0.08116139,0.010527453,0.031107847,0.040171903,0.05466991,0.013675962,0.034924336,0.19007972,0.012875233,0.05620942,0.010567548,0.06674295,0.03214537,0.04712874,0.018144192
0.0358422,0.006523781,0.04002863,0.063876584,0.05427729,0.02073205,0.010672932,0.025558427,0.03995574,0.08301902,0.01026991,0.031826884,0.038600333,0.05576932,0.013231746,0.034438036,0.19270746,0.012607576,0.056632243,0.010146032,0.066755414,0.031658076,0.047201198,0.01766912
0.03605976,0.0067478255,0.04033955,0.06264053,0.055185642,0.020513643,0.010944444,0.025721684,0.04113565,0.08097328,0.010442292,0.03150879,0.03980845,0.054502282,0.013632964,0.035160143,0.19073498,0.012863228,0.055656027,0.010517951,0.06720449,0.03240958,0.047222104,0.018074712
0.035695262,0.0067603136,0.040562563,0.064313754,0.054708853,0.021065779,0.010922815,0.025672473,0.040662255,0.08212423,0.010441663,0.03244609,0.039217588,0.055672593,0.013683808,0.034199957,0.18632704,0.012927312,0.057258066,0.010437506,0.06700801,0.03217052,0.047820657,0.017900879
0.036192946,0.007027018,0.040739637,0.06259445,0.054925986,0.021166604,0.011147391,0.025747128,0.04085119,0.08168025,0.010814023,0.031855065,0.039929524,0.0552498,0.013935227,0.035541654,0.18610689,0.013354401,0.055989873,0.010799513,0.06651456,0.03291127,0.04685246,0.018073127
0.035993606,0.0068918695,0.040140413,0.06368639,0.054870598,0.021043677,0.0108551625,0.025631303,0.03996276,0.0834552,0.010505506,0.032959685,0.03881565,0.05592781,0.013603269,0.034663796,0.18568406,0.013037731,0.057493173,0.010436762,0.066999,0.03219816,0.047349274,0.017795138
0.03580739,0.0065190773,0.040221475,0.062949166,0.055166326,0.021072904,0.010454351,0.025336815,0.040251806,0.08327803,0.0102061285,0.031928,0.03867453,0.055585884,0.013285438,0.03480541,0.19312796,0.012759443,0.05735401,0.010087151,0.06576842,0.03180385,0.046078023,0.017478418
0.034843363,0.0064033633,0.040673528,0.0637893,0.05388984,0.01943688,0.010496204,0.02526068,0.041447338,0.08050462,0.009870011,0.03090514,0.039835,0.05357679,0.013210766,0.0332812,0.19748212,0.012264251,0.05588313,0.010063713,0.06887047,0.032098442,0.04836309,0.017550757
0.035190932,0.0064647445,0.03973451,0.06287444,0.054608624,0.020164305,0.010411489,0.024991667,0.04098643,0.082080506,0.0099366335,0.031189598,0.039006744,0.054702025,0.013149814,0.034358595,0.19859244,0.012306045,0.056206003,0.009952073,0.06763416,0.03138587,0.04665466,0.017417705
0.03693933,0.007253786,0.04125129,0.062848024,0.055127267,0.021341493,0.0114657935,0.026261115,0.041600604,0.079382986,0.011036521,0.032842286,0.03981856,0.055207506,0.014226532,0.035866566,0.17930046,0.013580548,0.05662675,0.01119333,0.06731465,0.03268776,0.047973845,0.01885301
0.036594912,0.00706207,0.040636875,0.06328675,0.055104427,0.02213868,0.011167064,0.026051639,0.03980792,0.08439962,0.010926871,0.032683022,0.03909129,0.056876812,0.013783743,0.035631657,0.18116064,0.013471879,0.057234623,0.010651914,0.06524233,0.032380335,0.046413716,0.018201204
0.03667607,0.006989246,0.040443692,0.06358363,0.053722758,0.021236371,0.011070686,0.026363196,0.03963552,0.08361835,0.0107416855,0.03298698,0.03914897,0.056149617,0.013660982,0.034791093,0.18395977,0.013273247,0.05719968,0.010669757,0.06650406,0.032473687,0.04687836,0.018222589
0.036623534,0.007005653,0.040392227,0.06349576,0.055379644,0.020797512,0.011073546,0.026050435,0.04069172,0.080841035,0.010652487,0.03189708,0.03983038,0.054069098,0.01371905,0.0354252,0.1875018,0.013260053,0.05639881,0.010580703,0.06619763,0.03258693,0.0472269,0.018302813
0.036077157,0.0069439095,0.040897794,0.063651145,0.05481798,0.0211999,0.011256915,0.026171975,0.040579762,0.08226027,0.010735566,0.033021554,0.03938868,0.055351444,0.0138312215,0.035038885,0.18266883,0.013277873,0.056968313,0.010776635,0.066631,0.03257966,0.047586508,0.018287025
0.035060238,0.006384507,0.039960895,0.063345015,0.053921107,0.020360362,0.010382855,0.024901768,0.040313035,0.08238835,0.0099690575,0.03140106,0.039268333,0.05514577,0.013207994,0.034325007,0.197927,0.012357558,0.056858018,0.0099809375,0.06703372,0.031428337,0.046837844,0.01724123
0.035405762,0.006527975,0.0401206,0.064034455,0.054553166,0.01980249,0.010599525,0.025228968,0.04100067,0.08196804,0.010034639,0.0312467,0.039446954,0.054119416,0.013240863,0.033890378,0.19399524,0.012441367,0.05585805,0.0102285715,0.06859326,0.03174211,0.048270814,0.017649975
0.035666667,0.006508226,0.04019423,0.06314949,0.054851744,0.020272912,0.010545883,0.025324093,0.041515145,0.080483735,0.010071999,0.031148585,0.03939131,0.054542083,0.013343642,0.03442593,0.19505917,0.012483522,0.056320112,0.010141027,0.06770397,0.03213401,0.04707351,0.017649023
0.034967583,0.0064874985,0.04025863,0.06328695,0.05441041,0.02085795,0.010517721,0.025494343,0.039846413,0.08400851,0.010186178,0.03235577,0.038420852,0.05662501,0.013279247,0.03448921,0.1911655,0.012561812,0.0571729,0.010158321,0.06735145,0.031661697,0.046974357,0.017461674
0.03544041,0.0065798615,0.040347394,0.06364619,0.054744318,0.020804461,0.0107178865,0.025574269,0.040217835,0.08172176,0.010333841,0.031729907,0.039367583,0.05512122,0.013268173,0.034746557,0.19254585,0.012683159,0.05644694,0.01035754,0.06664118,0.03191542,0.047194455,0.017853806
0.036639206,0.0070957844,0.040164925,0.06346971,0.054668408,0.022256015,0.011089275,0.026065143,0.0392573,0.08314709,0.010845987,0.033246312,0.038822193,0.057688154,0.013745574,0.035614915,0.18139113,0.0134800505,0.05796694,0.0106484275,0.06629955,0.03226927,0.04612557,0.01800307
0.03698863,0.007418937,0.041057765,0.062985994,0.055637892,0.023604264,0.011421889,0.026629383,0.03933516,0.08484134,0.011343017,0.03484047,0.038649123,0.057920396,0.014376577,0.03587657,0.17300065,0.014243223,0.058286756,0.01096263,0.06375794,0.032867633,0.045330916,0.018622838
0.035407327,0.0064875907,0.04044691,0.063894704,0.05475664,0.020550944,0.0103988275,0.025471598,0.040399827,0.081857085,0.009935561,0.031436708,0.039181266,0.055715434,0.01319258,0.033930514,0.19337656,0.012527918,0.057570018,0.010047671,0.06699059,0.03176529,0.047138087,0.017520336
0.036009688,0.007030795,0.04044293,0.06267128,0.055313703,0.021128822,0.011189809,0.025817132,0.04163791,0.080999166,0.010611229,0.032066178,0.039346233,0.05427493,0.013924838,0.035438363,0.18732594,0.013261042,0.05607658,0.010736367,0.066658124,0.03294882,0.04692062,0.018169504
0.03565354,0.0064536002,0.040242475,0.06337924,0.05429015,0.021056455,0.010497476,0.025711793,0.03955093,0.084425025,0.0102442745,0.032908715,0.038150612,0.056705486,0.013426568,0.034618437,0.18999362,0.012697714,0.057303194,0.010120559,0.066566125,0.03148887,0.04696951,0.017545622
0.03535624,0.0064768684,0.039986696,0.06312897,0.05481285,0.020486658,0.010467365,0.024967814,0.0404532,0.08303096,0.010035283,0.031313475,0.03878235,0.054970987,0.013165401,0.034177393,0.19661552,0.012469137,0.05573256,0.010004985,0.06788054,0.031476412,0.04687124,0.017337099
0.035286214,0.0068327985,0.040829133,0.06346094,0.054789502,0.020254787,0.011000698,0.026139043,0.041084304,0.08173659,0.010455743,0.031925254,0.039453797,0.054599825,0.013772038,0.034475714,0.18841556,0.01291085,0.056263436,0.010489086,0.067093864,0.032477573,0.048094742,0.018158522
0.03665246,0.007100823,0.040937107,0.06355472,0.054960288,0.021281151,0.011226727,0.026067507,0.040917315,0.08102127,0.010805706,0.032288305,0.03985959,0.05541957,0.014074986,0.035777155,0.18316141,0.013345786,0.05648445,0.010819733,0.06603716,0.032485377,0.047321368,0.018400045
0.03558705,0.006683369,0.040675595,0.06382885,0.054887332,0.020908117,0.010651434,0.02562408,0.0406001,0.080601685,0.010297323,0.032291465,0.03925658,0.055127714,0.01336706,0.034242406,0.19024503,0.01272799,0.057302177,0.01017179,0.067755066,0.032161035,0.047340892,0.017665863
0.035874832,0.0066264956,0.040191922,0.06317042,0.054510728,0.021009581,0.010484658,0.024968447,0.040168848,0.08263109,0.01018781,0.03155766,0.038916543,0.055530544,0.01328737,0.03473147,0.19455768,0.0126278205,0.05634605,0.010242832,0.066779375,0.03182272,0.04644928,0.017325824
0.035878982,0.0064539597,0.039733075,0.06395658,0.0537787,0.02140389,0.010308589,0.025557896,0.038474996,0.08649679,0.010032514,0.032534607,0.038167365,0.057570677,0.012974044,0.034163587,0.19221295,0.012616876,0.058952052,0.009758677,0.065486416,0.031182937,0.045405105,0.016898734
0.0353195,0.0064700386,0.040440135,0.06266565,0.054642316,0.020828566,0.010532291,0.025077423,0.040418714,0.083273366,0.010077053,0.031736583,0.038563527,0.055818178,0.013299091,0.034574375,0.194534,0.01255648,0.0573047,0.010080379,0.066202804,0.031711593,0.046471,0.017402234
0.03558744,0.006592696,0.040333554,0.06361922,0.054346118,0.021028427,0.010692376,0.02569441,0.039759822,0.082844764,0.010343243,0.032845512,0.039146457,0.05602666,0.0133333,0.034707185,0.18898082,0.012795453,0.057195537,0.010284299,0.06714431,0.031745505,0.047148895,0.017804
0.035609733,0.0063229306,0.039608207,0.06386841,0.053753383,0.019675622,0.010383147,0.025113989,0.040440843,0.081310585,0.009760365,0.030251402,0.0394253,0.054222878,0.012986249,0.033579446,0.20151684,0.012075007,0.05585933,0.009844325,0.06832505,0.03161358,0.047268424,0.017184941
0.035187628,0.006330672,0.039844193,0.06427203,0.05482068,0.020602334,0.010435254,0.025199162,0.03943855,0.08410896,0.010045412,0.03226119,0.038419165,0.055702683,0.012933153,0.034086794,0.19405483,0.0124765625,0.0568336,0.009952641,0.0673111,0.03142498,0.046875466,0.017382966
0.036110733,0.0068514263,0.04051763,0.0632492,0.055069476,0.021462595,0.010949028,0.02582901,0.04018598,0.08350938,0.010653563,0.03242717,0.03935884,0.05618227,0.013628915,0.03510054,0.18579645,0.01303297,0.056766607,0.01059288,0.066225484,0.032183863,0.046408508,0.017907491
0.035768215,0.007078905,0.040631406,0.06317381,0.054632384,0.021632781,0.011246629,0.026377875,0.040004082,0.08373358,0.01090498,0.03284953,0.039035782,0.056752108,0.014117858,0.035508025,0.18132266,0.013502566,0.05725552,0.010767279,0.06590227,0.032572642,0.046916757,0.018312352
0.03602173,0.007168547,0.040977087,0.06337621,0.054620523,0.021708477,0.011170824,0.025947431,0.04068609,0.08145918,0.01065034,0.03301254,0.039670534,0.055655874,0.014186456,0.035317454,0.18402372,0.013651791,0.05659539,0.010843518,0.06578367,0.03273305,0.04649273,0.018246824
0.0362956,0.0068731555,0.04000509,0.06313517,0.05498305,0.02138142,0.010756205,0.02549778,0.04018545,0.08209865,0.01047945,0.032541495,0.038895223,0.05595608,0.01360808,0.034953516,0.18803513,0.013121565,0.057691794,0.010293387,0.066838086,0.0321396,0.04642216,0.017812865
0.034267534,0.005802411,0.039395723,0.06299686,0.053808384,0.018978946,0.009588235,0.024230342,0.041007843,0.08148278,0.009068204,0.02973003,0.03841941,0.054242264,0.0124662025,0.03300723,0.21180287,0.011470627,0.05598146,0.009267926,0.068337336,0.031036807,0.04724152,0.016369054
0.03568585,0.0067212633,0.04069076,0.06424925,0.054229684,0.021116003,0.010761297,0.025946356,0.039254874,0.08342228,0.010299943,0.0324488,0.038766332,0.05664961,0.013503547,0.034303486,0.18897812,0.01291158,0.05703056,0.010279088,0.06637535,0.031854592,0.046755332,0.017766032
0.035658807,0.0066244653,0.04048738,0.062981084,0.055026982,0.020833138,0.0106508965,0.025322875,0.04125822,0.08156293,0.0102699855,0.03149066,0.038998224,0.05506642,0.013466013,0.034931794,0.1920303,0.01271473,0.05611319,0.010263438,0.06703091,0.032226857,0.047306173,0.017684536
0.0359509,0.0068210764,0.040189933,0.06392254,0.054812822,0.021217706,0.010817123,0.025718825,0.04075237,0.08066028,0.010443742,0.032708794,0.039245937,0.05584871,0.0136635415,0.034779727,0.1858185,0.013021354,0.057258893,0.010478269,0.067552455,0.032363523,0.04800679,0.017946193
0.0362526,0.0069709127,0.04059569,0.06313134,0.055006534,0.021211646,0.011184561,0.025686115,0.040630054,0.08172813,0.010715614,0.031510793,0.039515465,0.055742815,0.013904166,0.035422668,0.1874639,0.013165951,0.055502973,0.010675091,0.06646781,0.032102454,0.047351386,0.018061327
0.035788167,0.0065628355,0.040092487,0.063773565,0.054235473,0.020899605,0.010684622,0.025607489,0.03994996,0.08324017,0.010236214,0.032250658,0.039314505,0.055556532,0.013201092,0.03418111,0.19131911,0.012630997,0.05766714,0.010091393,0.06661145,0.031783395,0.046696596,0.017625436
0.03571132,0.0065899584,0.040454037,0.062683,0.05498319,0.02067551,0.010618842,0.025503231,0.041411027,0.08161606,0.0101658655,0.031228736,0.038785458,0.05540252,0.013536835,0.03479687,0.19233465,0.01269233,0.057279244,0.010392194,0.06622005,0.0323607,0.04681759,0.017740773
0.03632953,0.007156004,0.040839244,0.06262005,0.054376222,0.022612628,0.011281965,0.02611009,0.039060313,0.08517038,0.011140936,0.0341511,0.038648292,0.05808814,0.014189762,0.035389945,0.1782226,0.013583526,0.057774078,0.010830798,0.065617524,0.032720126,0.046103746,0.017983008
0.03628442,0.0069983634,0.040494505,0.06397234,0.055204768,0.020649103,0.011421081,0.026115488,0.04212176,0.07891523,0.010637533,0.03078588,0.04003198,0.05359248,0.014158386,0.03555814,0.18694812,0.0131868785,0.05523055,0.010837347,0.06755246,0.032491222,0.04837688,0.018435078
0.036729053,0.007295958,0.04091896,0.06348745,0.054372095,0.021056723,0.011486362,0.026369857,0.040971138,0.0814158,0.010937002,0.03311913,0.04021575,0.05528373,0.014229994,0.03513737,0.1795085,0.0137196435,0.05587414,0.0110717015,0.06708237,0.033026326,0.04831505,0.018375898
0.034911256,0.006287108,0.041047964,0.064118594,0.055095065,0.019764101,0.01046694,0.024802225,0.042128313,0.07877117,0.009860637,0.0303761,0.039444115,0.053302128,0.013152428,0.033809636,0.19867945,0.01211675,0.055143327,0.01003655,0.0686007,0.03166819,0.048830796,0.017586458
0.035272818,0.006735207,0.040161584,0.06303946,0.054770533,0.020878242,0.010797221,0.025653718,0.04095375,0.08137204,0.0103281,0.032470763,0.03936644,0.05567818,0.013534101,0.03468884,0.18859558,0.013047689,0.057381604,0.010418623,0.06713582,0.03229496,0.04751308,0.017911654
0.036398623,0.007010554,0.04048652,0.06356331,0.055117913,0.02186466,0.011267712,0.026115669,0.040172655,0.082472004,0.010928851,0.03267972,0.03922986,0.056294437,0.013840562,0.035506163,0.18224265,0.013220137,0.056552216,0.01088493,0.06708707,0.032354172,0.04654326,0.01816637
0.03637001,0.007222997,0.040010482,0.06334995,0.053886876,0.022790572,0.0109514585,0.02586035,0.03886684,0.085252285,0.010736443,0.034343407,0.03872656,0.058992773,0.013700224,0.035333585,0.1809914,0.013636229,0.05829698,0.0106244,0.064736195,0.032120634,0.045611054,0.017588323
0.036003925,0.0066916556,0.041075673,0.063648686,0.054897707,0.02096663,0.010733507,0.025596177,0.040684313,0.08041059,0.0103918305,0.0314185,0.039213065,0.05448796,0.013540164,0.0349065,0.1907777,0.012760537,0.05703716,0.010440355,0.06754358,0.032153774,0.046716027,0.017903987
0.036367416,0.007149756,0.04028251,0.06286533,0.054178216,0.021360911,0.0111980885,0.02593586,0.040529612,0.08303682,0.010754333,0.033094425,0.03965725,0.056503247,0.014151336,0.034955826,0.18273692,0.01347908,0.05635514,0.010813026,0.066095136,0.032786585,0.047394287,0.018318886
0.035521038,0.0064134556,0.039827995,0.062983066,0.054781858,0.019991564,0.010490463,0.025043512,0.04122411,0.079686664,0.009942207,0.03017377,0.03912102,0.05349988,0.013145569,0.034462806,0.20046382,0.012147818,0.056395773,0.010039395,0.0687107,0.03140243,0.047097526,0.017433558
0.035991278,0.006436157,0.039911423,0.06313103,0.054286674,0.021601604,0.010457477,0.025480619,0.03883471,0.085823536,0.010388652,0.033450007,0.03833546,0.057364814,0.013237729,0.034491695,0.19015986,0.012821267,0.057771586,0.010012707,0.06491332,0.03167879,0.046036795,0.017382812
0.036197063,0.0067729764,0.04059887,0.06380432,0.05436119,0.020864764,0.010947972,0.02566187,0.040823903,0.08182348,0.010381094,0.03149348,0.03938915,0.05524624,0.01363182,0.03485506,0.189008,0.012911542,0.055572767,0.010508812,0.067424744,0.032025084,0.04769582,0.017999977
0.036252443,0.0074049886,0.040642902,0.06379061,0.054888964,0.021525517,0.011575074,0.02647818,0.040922884,0.08136043,0.011146177,0.033588894,0.039868493,0.055614702,0.014476976,0.03602001,0.17715581,0.013886519,0.05648317,0.0113370465,0.066298194,0.033117056,0.047480155,0.0186848
0.03558396,0.0066686305,0.04047116,0.061999664,0.05546016,0.020253742,0.010837225,0.02525162,0.041817024,0.079662114,0.01033218,0.030814676,0.04010767,0.054634288,0.013376592,0.03471657,0.19376369,0.012571933,0.05616893,0.0105068125,0.06743481,0.032299418,0.04741665,0.01785049
0.03595365,0.006659973,0.040153917,0.06441324,0.054136265,0.021695737,0.0106043,0.025799809,0.038999103,0.084654085,0.010387306,0.03350573,0.038494248,0.056739166,0.013518417,0.034716107,0.18683262,0.01318319,0.058043472,0.010147982,0.065470025,0.031897016,0.046254348,0.017740283
0.035454717,0.0064785243,0.040518455,0.06346715,0.054966,0.020589974,0.010519963,0.025339426,0.040548723,0.08145485,0.0101424875,0.030845737,0.039065525,0.054688614,0.013249692,0.034252383,0.19495155,0.0124308895,0.056397703,0.01014962,0.067740284,0.031990685,0.04726234,0.017494712
0.03548744,0.0062945075,0.0395563,0.06373932,0.054405563,0.020443145,0.01015241,0.025019832,0.039580796,0.083589844,0.009855285,0.031691805,0.038466644,0.05547509,0.0128243845,0.034185454,0.197908,0.012216518,0.05751145,0.009739742,0.06701188,0.031198453,0.046507668,0.017138464
0.036015745,0.0068518384,0.04104461,0.062713884,0.054878797,0.021601547,0.010785351,0.025602568,0.04067251,0.08322175,0.010610394,0.032259952,0.038604308,0.05664255,0.013828438,0.035368368,0.18559085,0.013018981,0.05723064,0.010532627,0.06656046,0.03233263,0.046235703,0.017795486
0.037036862,0.007416463,0.041099973,0.06257786,0.054536838,0.023144854,0.01159148,0.02659588,0.039057713,0.0847705,0.0114066005,0.034733277,0.03873582,0.057993624,0.014313982,0.036230247,0.17441085,0.0141017,0.057738177,0.01100938,0.064018965,0.032927644,0.046052083,0.018499171
0.03555789,0.00672805,0.040297043,0.06387342,0.054346047,0.019962708,0.010903002,0.025659973,0.04168861,0.07947428,0.010241761,0.030600378,0.04028478,0.053944964,0.013646504,0.03425193,0.19205229,0.012572499,0.05521121,0.010670796,0.069447786,0.032119103,0.04824578,0.0182192
0.036514916,0.0069660125,0.03995939,0.06269182,0.05463601,0.021721147,0.011045421,0.025905082,0.039949127,0.08384608,0.010719077,0.033284973,0.03885419,0.056331266,0.013772424,0.035015535,0.18463203,0.013378939,0.057300586,0.0105573265,0.065919474,0.03251999,0.046491064,0.017988129
0.036256954,0.007124252,0.041434936,0.06356747,0.055385597,0.020521887,0.011539652,0.02611654,0.042480946,0.07876371,0.010917786,0.030960444,0.040776614,0.05308484,0.0142778605,0.03533399,0.1842352,0.013209374,0.05500538,0.011059979,0.06754283,0.03272452,0.048706856,0.018972397
0.036033813,0.0069046877,0.039937697,0.06338104,0.053926185,0.021532336,0.010957554,0.02588944,0.03939151,0.08388007,0.010645715,0.033137005,0.039087832,0.05652043,0.013725958,0.03507479,0.18603173,0.013362156,0.057102192,0.010534328,0.06622191,0.032347884,0.04643806,0.017935686
0.03532671,0.0064644646,0.040679604,0.06378772,0.05461613,0.020283299,0.010515312,0.025334245,0.040977545,0.08153545,0.010068911,0.031003403,0.038970787,0.05513344,0.01328201,0.03430028,0.19445926,0.012357846,0.05598116,0.0102506075,0.06767571,0.03172005,0.047838725,0.017437343
0.035903633,0.006809227,0.040312786,0.06362006,0.05449959,0.021437472,0.010822328,0.025757657,0.039395224,0.0845429,0.010495842,0.03341908,0.038923807,0.056192175,0.013601804,0.034959935,0.18603499,0.013243972,0.057500362,0.010351566,0.06568576,0.03218958,0.046536367,0.017763887
0.03531789,0.0067588687,0.04127002,0.06306653,0.05451766,0.020109275,0.010867546,0.025635084,0.04266892,0.07918456,0.010297097,0.030423444,0.039867643,0.053638075,0.013802589,0.03434888,0.19200866,0.0127845155,0.0550654,0.010540344,0.06919768,0.03233461,0.048327416,0.017967293
0.035796385,0.006774492,0.039924897,0.06314308,0.054505095,0.02114545,0.010756256,0.025301846,0.04032855,0.083693825,0.010360013,0.033103272,0.038868476,0.05611161,0.013494669,0.0348887,0.1880176,0.012961914,0.05693091,0.010424182,0.06640173,0.032313075,0.04700045,0.017753506
0.03569735,0.0065789283,0.040453125,0.062969856,0.05479795,0.021408346,0.010359873,0.025328418,0.039797742,0.08204228,0.010207892,0.031459842,0.038516626,0.0569956,0.013289244,0.034672424,0.1930492,0.012587018,0.057978094,0.010062956,0.06657807,0.031781998,0.046177845,0.017209318
0.03494764,0.0065196413,0.040183786,0.06336543,0.053918328,0.021057187,0.010587688,0.025415285,0.039601132,0.084748395,0.0102575235,0.033283737,0.03843439,0.056558214,0.013140325,0.03400978,0.18965073,0.012702338,0.057561707,0.010097305,0.06754625,0.032053113,0.046984226,0.017375847
0.03587607,0.0067133023,0.04066366,0.063616164,0.054442868,0.020690009,0.010803673,0.025554083,0.04110145,0.08147095,0.010320801,0.030923175,0.039730977,0.05544982,0.013658193,0.034294102,0.19025917,0.012537504,0.056180257,0.010441975,0.06807654,0.03185475,0.047527004,0.017813502
0.035755284,0.006345292,0.03985769,0.06376352,0.054071765,0.021032343,0.01025532,0.025147911,0.039003722,0.084024474,0.009992547,0.032466542,0.03834352,0.056282032,0.012979275,0.033810735,0.19605367,0.012536142,0.05732715,0.009743675,0.06669016,0.031512827,0.045942992,0.017061405
0.036635768,0.007143181,0.041020397,0.06268374,0.054954886,0.021681234,0.011472767,0.026274001,0.041641228,0.08193222,0.010990853,0.03242012,0.039521262,0.055817503,0.014312095,0.0353822,0.1798269,0.013617985,0.056374412,0.010903058,0.06610668,0.03312001,0.047467403,0.018700097
0.037526865,0.007673209,0.040190384,0.063577056,0.054591104,0.02085293,0.011921791,0.026850756,0.041658692,0.07916553,0.01138752,0.03341007,0.04064561,0.053088196,0.014599695,0.035759218,0.17665978,0.013898843,0.05571064,0.011487623,0.06788259,0.033232473,0.048822768,0.01940665
0.035192918,0.006923978,0.041022677,0.06359823,0.055149473,0.020853002,0.01119911,0.025877025,0.041610975,0.080280304,0.010601248,0.031055314,0.039622087,0.054228112,0.013930181,0.034800537,0.1871856,0.013033966,0.056281563,0.010771944,0.0681188,0.032632545,0.047980748,0.018049657
0.03614076,0.006709986,0.039849572,0.064021654,0.054499406,0.02079488,0.010689326,0.025540832,0.040565457,0.082449704,0.010235567,0.03248291,0.03923398,0.05524556,0.013427752,0.03466021,0.18927683,0.013003092,0.056332417,0.010404482,0.06714568,0.03201219,0.047286414,0.01799133
0.03537899,0.0069004414,0.041544843,0.0631748,0.054654185,0.020723872,0.011265364,0.026207602,0.041842215,0.07995123,0.010757622,0.031631052,0.040033158,0.054395076,0.014075555,0.034909204,0.18568324,0.013130069,0.05573921,0.010820862,0.0676927,0.0330054,0.04819354,0.01828978
0.035285108,0.006434913,0.039646585,0.06359234,0.05401537,0.019924838,0.010458075,0.02492572,0.040874403,0.08106785,0.009790015,0.031773485,0.039408863,0.0546288,0.012936571,0.034232244,0.19717564,0.012375165,0.05597418,0.00997666,0.06868758,0.031544507,0.04777662,0.017494475
0.03616593,0.006838701,0.040252276,0.06399065,0.054678608,0.020901944,0.010912142,0.025719121,0.040400412,0.080783956,0.010509501,0.031640217,0.039647438,0.05531521,0.013591117,0.034655247,0.1894198,0.012907629,0.056446392,0.010517366,0.06720269,0.032095164,0.047518436,0.017890045
0.036580414,0.007180109,0.041106503,0.06355215,0.054302577,0.02139436,0.011413989,0.026261317,0.040985487,0.08141917,0.0109516205,0.033102978,0.0401262,0.054972354,0.0140335895,0.035005253,0.180868,0.013600249,0.05592052,0.010894188,0.066968136,0.032976296,0.047802128,0.018582417
0.035011053,0.006442105,0.04049968,0.06356217,0.0543458,0.019953476,0.010388916,0.025322204,0.04055168,0.0817603,0.009929701,0.030983696,0.03894715,0.054196827,0.013310838,0.03419908,0.19682418,0.012160603,0.056748778,0.010198308,0.06817014,0.031579588,0.047514662,0.017399067
0.03674919,0.0069887415,0.040582534,0.06313229,0.054900486,0.021565087,0.011076137,0.026111256,0.039808493,0.082721986,0.010727412,0.032651473,0.039182223,0.056424443,0.0135999285,0.03545651,0.18483157,0.013133182,0.056947496,0.010570596,0.06626228,0.032189496,0.04638665,0.01800053
0.03545544,0.006500863,0.040355336,0.06361337,0.054833956,0.020991609,0.010584473,0.025308732,0.04060954,0.08247176,0.010110658,0.031558543,0.038953125,0.056289837,0.013193451,0.034200013,0.19204348,0.012475452,0.05733034,0.010103625,0.067261964,0.031645756,0.046561982,0.017546704
0.03685529,0.0071825576,0.04038101,0.063498445,0.0548265,0.021578062,0.01110596,0.026204767,0.040215172,0.081688434,0.010815193,0.03316545,0.039177787,0.055814724,0.013921985,0.035386946,0.18221797,0.013584326,0.056719758,0.010786728,0.066620015,0.032832675,0.047049552,0.01837068
0.035755523,0.006746845,0.04056066,0.06409002,0.055413336,0.020813638,0.0108639905,0.02549613,0.04093626,0.080582425,0.010360625,0.031211497,0.039900597,0.054897867,0.013572736,0.034675565,0.18964262,0.012866596,0.05650214,0.0103953,0.06719043,0.032099854,0.047401987,0.018023364
0.035815176,0.006722048,0.0404121,0.06337919,0.054719854,0.020761374,0.01100877,0.025993982,0.040858153,0.08174234,0.010482516,0.03249273,0.039114624,0.055395987,0.01358322,0.034759782,0.18818359,0.012874274,0.056239378,0.010629356,0.06696328,0.03216507,0.04753515,0.018168064
0.035681736,0.006667183,0.04064159,0.06442964,0.054423276,0.021531332,0.010657896,0.025780872,0.038993422,0.08497104,0.010482514,0.03264154,0.03889098,0.056582544,0.013474731,0.034821145,0.18797055,0.01296967,0.0568816,0.0103360405,0.06522944,0.031691097,0.04656478,0.017685378
0.035931583,0.006761188,0.040294405,0.0631578,0.054981608,0.020908015,0.010944819,0.025755672,0.040493045,0.08221592,0.01053089,0.032425676,0.03948388,0.05497813,0.013514809,0.03507603,0.18866664,0.01308567,0.05621386,0.010440235,0.06682746,0.032080155,0.047140572,0.018091938
0.035321757,0.006440833,0.039874084,0.06390434,0.054558992,0.020144336,0.010451198,0.025031595,0.0408214,0.08146865,0.009938402,0.031015554,0.03951197,0.054793123,0.013135647,0.033887275,0.19624628,0.012393122,0.056735996,0.010028931,0.067449115,0.031797778,0.047554962,0.017494664
0.035899647,0.006897792,0.040298022,0.062755294,0.054829646,0.020803535,0.0108523145,0.02595104,0.04045126,0.082880974,0.010567904,0.032538474,0.03922589,0.055127893,0.013743683,0.035551965,0.1869946,0.013108901,0.056693833,0.010694442,0.06672328,0.032475952,0.046972428,0.017961226
0.0353155,0.006477356,0.040437765,0.06363382,0.054525763,0.019480389,0.010517744,0.02504236,0.041651435,0.07869834,0.009882207,0.030193327,0.040067814,0.05270353,0.013122838,0.033676654,0.19997565,0.01218738,0.056381326,0.010101107,0.06852129,0.031882856,0.04785103,0.01767251
0.03474872,0.005951131,0.039156247,0.062985085,0.053903814,0.02025122,0.009750832,0.02453289,0.038949113,0.085169405,0.009502325,0.031324945,0.03819497,0.05652822,0.012352307,0.03374286,0.20434,0.011826766,0.057606827,0.00928244,0.066993475,0.030781971,0.04560421,0.016520228
0.0352715,0.006297464,0.04032777,0.063690335,0.053933024,0.020467445,0.010266851,0.02506052,0.039729226,0.08387318,0.009934796,0.03188769,0.03882661,0.05598569,0.012962944,0.033930145,0.19551499,0.012230259,0.056745064,0.009843736,0.06758119,0.031545337,0.04696381,0.017130414
0.035882965,0.0065950365,0.040328518,0.06306484,0.055236377,0.021010859,0.010554137,0.025463393,0.039868977,0.08280047,0.010220787,0.031765644,0.0390947,0.055953413,0.013238625,0.03472849,0.19263056,0.012817865,0.057422854,0.010081954,0.06584628,0.031646665,0.046090566,0.017656025
0.03667222,0.0068396,0.04075821,0.06348442,0.054469075,0.021479197,0.010929568,0.02585607,0.03973594,0.08377617,0.010683794,0.03283981,0.039076395,0.056279056,0.013518796,0.035331596,0.1850787,0.013088186,0.05716984,0.010576521,0.06611326,0.031907026,0.046430387,0.01790615
0.036230043,0.006675542,0.040031616,0.06374744,0.054730788,0.021472193,0.010754506,0.025420161,0.039730165,0.083752,0.010448288,0.03234097,0.03907306,0.056047413,0.013443499,0.03495706,0.18898594,0.012940862,0.057236712,0.010308199,0.06604639,0.031507324,0.046210095,0.017909728
0.036873583,0.007448312,0.041147906,0.06317286,0.05549971,0.020948896,0.011691531,0.02680279,0.04204508,0.07878369,0.011049668,0.032495953,0.04053377,0.053684395,0.014169118,0.035341304,0.17900284,0.013641398,0.055984646,0.01119745,0.06772368,0.0336478,0.048275184,0.01883844
0.034895726,0.006100884,0.039610222,0.06363328,0.05423116,0.020449815,0.010026139,0.024819462,0.03939735,0.08494429,0.009706128,0.03128659,0.038501497,0.055858884,0.012647927,0.034067143,0.20029852,0.012060592,0.05696884,0.0096258605,0.06675957,0.030978248,0.04627086,0.016861014
0.036079284,0.006913556,0.040236887,0.064471506,0.054565046,0.020925019,0.011002507,0.025878841,0.03978496,0.08374846,0.010511741,0.032160778,0.039691377,0.055891313,0.013512782,0.03487693,0.18618278,0.013093922,0.05575172,0.010619675,0.06717523,0.032012526,0.047084454,0.017828695
0.035607297,0.0067848708,0.040621758,0.062746,0.055115227,0.020859355,0.010666615,0.025343029,0.041150678,0.08101501,0.0102716535,0.031858344,0.039396364,0.055352826,0.01363334,0.034738533,0.19097926,0.012946588,0.057144616,0.010439979,0.0660381,0.032302286,0.046984065,0.0180042
0.036001932,0.0068553565,0.040380873,0.063124575,0.05492143,0.020134922,0.010892679,0.025625825,0.04148551,0.08137469,0.0103781205,0.03150915,0.03962252,0.054171856,0.013609347,0.034686673,0.18983515,0.0127733005,0.05588799,0.010556859,0.06831476,0.032324504,0.04755031,0.017981684
0.035376422,0.0064560673,0.040197395,0.063354395,0.054656856,0.020197542,0.010554672,0.025332697,0.040934164,0.08094962,0.0100153405,0.03131993,0.03945439,0.054415196,0.013373975,0.034176297,0.19604665,0.012425026,0.05689176,0.010016351,0.06704103,0.031790618,0.047332026,0.01769158
0.035914067,0.006458212,0.03955642,0.0632376,0.055071138,0.020367244,0.010213111,0.02509346,0.039948802,0.081999585,0.009869398,0.03152852,0.03862169,0.055277634,0.012921747,0.034459118,0.19741617,0.012458648,0.056791306,0.00987396,0.06754829,0.031786814,0.04641048,0.017176583
0.03631156,0.006853779,0.040829454,0.0633222,0.05474123,0.02072969,0.010838286,0.02592217,0.041169118,0.08125117,0.010432103,0.0315262,0.039772175,0.054543078,0.013588682,0.03454368,0.18852517,0.012784639,0.056937937,0.010461276,0.06748479,0.03234448,0.047014244,0.018072886
0.03644839,0.0069365418,0.0404709,0.06334817,0.054875348,0.021589182,0.011092712,0.026018264,0.03978087,0.08402106,0.01079082,0.032497462,0.03890152,0.05674187,0.013824549,0.035434052,0.18310286,0.013242901,0.05730969,0.010573217,0.065761,0.03217958,0.046875864,0.018183168
0.0364029,0.0068208324,0.040107984,0.06325171,0.054907106,0.020826673,0.010961126,0.025629548,0.041004345,0.08072298,0.010384839,0.03199976,0.039625622,0.055167515,0.0135123385,0.03477361,0.18947953,0.012911941,0.056579582,0.010516989,0.066798545,0.032164562,0.047315426,0.018134536
0.03659875,0.0071234633,0.040666673,0.06360369,0.055110708,0.02132411,0.011227211,0.026175102,0.04048859,0.08126824,0.0108014885,0.032562472,0.03949036,0.055235192,0.013930353,0.03555166,0.18366642,0.013361747,0.05688044,0.010842053,0.06630697,0.03226137,0.047070492,0.018452434
0.0356233,0.006450851,0.039901786,0.06362572,0.05455722,0.020123236,0.010558853,0.025431726,0.0405904,0.08247275,0.010057727,0.031586792,0.039539244,0.053865217,0.013050441,0.03416231,0.19563808,0.012553375,0.05640664,0.009939869,0.067078784,0.031745005,0.04742249,0.017618196
0.036342375,0.0070304903,0.040736616,0.06300181,0.055444073,0.020940589,0.011207455,0.025838114,0.04137584,0.080480136,0.010687606,0.03227643,0.039544202,0.054554306,0.013853013,0.035247423,0.18566379,0.013122117,0.056130853,0.010869927,0.06700129,0.032554016,0.04771112,0.01838641
0.035868466,0.0067461077,0.040557366,0.06329511,0.055057213,0.020906676,0.010820392,0.025825791,0.04022867,0.08282737,0.010571356,0.032213576,0.039277043,0.055143673,0.013424496,0.035087347,0.18812373,0.012826054,0.057952903,0.010435086,0.066468716,0.03197618,0.04662635,0.017740333
0.036602326,0.0072510103,0.041131597,0.06315047,0.055248264,0.021179164,0.011577272,0.026361994,0.041288,0.08010818,0.011060487,0.032908954,0.0400191,0.05434925,0.014211342,0.035404656,0.18055324,0.013553552,0.056165036,0.011195388,0.06685862,0.03287268,0.04803256,0.018916853
0.03548291,0.006594301,0.039985623,0.06389144,0.054357156,0.020619107,0.010642689,0.025531994,0.040001962,0.08357902,0.01015847,0.031961463,0.039066527,0.05566913,0.013340046,0.034393474,0.1916422,0.012671147,0.056718867,0.010116863,0.06711694,0.03205392,0.046941955,0.0174628
0.03565329,0.0066367127,0.040525623,0.06319859,0.055076282,0.02085933,0.010757748,0.025595928,0.04067969,0.082170084,0.0103234,0.032207854,0.039249882,0.055328943,0.013438667,0.03477523,0.18994546,0.012897227,0.056589656,0.01031081,0.06715423,0.031839054,0.047004648,0.017781675
0.03628882,0.006679588,0.040024836,0.06400233,0.054587565,0.021680016,0.01072751,0.02568107,0.03891114,0.08440756,0.010479366,0.03280799,0.039006747,0.05729255,0.01328341,0.034891255,0.18722543,0.0129922815,0.058465768,0.010117072,0.06531191,0.0314951,0.045999102,0.017641583
0.038136855,0.00782756,0.04113087,0.062958844,0.055178802,0.023268584,0.011927711,0.027246354,0.03984663,0.08264724,0.011792688,0.034934178,0.039516475,0.057055205,0.014481391,0.036767773,0.16856524,0.014560353,0.057736088,0.011389893,0.06479471,0.03301397,0.046167035,0.019055536
0.035772488,0.006734328,0.040398985,0.06354705,0.054775614,0.020344177,0.010740353,0.025474146,0.0412252,0.07987498,0.010224377,0.031475876,0.039702844,0.05393292,0.01347101,0.034195248,0.1933348,0.012712269,0.056741685,0.010350144,0.06751143,0.032082547,0.047462955,0.01791458
0.036075212,0.006806964,0.040400792,0.063148305,0.054950602,0.020784387,0.0108315125,0.02564902,0.040569726,0.08221102,0.010401112,0.03182931,0.03915905,0.055315033,0.0135284085,0.034827936,0.18926057,0.012876187,0.056428265,0.010484139,0.06719809,0.0322851,0.047057822,0.017921438
0.035421968,0.0064473664,0.039925966,0.06334056,0.054508764,0.020508433,0.010425649,0.02539094,0.04029467,0.08259626,0.010021806,0.03170945,0.038760796,0.055323515,0.013205777,0.03435682,0.19544253,0.012505013,0.056872424,0.010018981,0.06676662,0.031820193,0.046873465,0.01746204
0.036326572,0.0068504233,0.040188212,0.06373729,0.055071466,0.020655124,0.010949992,0.02580017,0.040852197,0.08091759,0.010442596,0.031507894,0.039668635,0.054217197,0.013569391,0.034973465,0.18925175,0.013005173,0.056380935,0.01053951,0.06753231,0.032161623,0.04725752,0.01814297
0.036710173,0.0070866067,0.040547077,0.06322433,0.055188287,0.021171916,0.011301777,0.026133005,0.04096191,0.08123325,0.010935535,0.032674395,0.039455097,0.05485341,0.013984676,0.03543001,0.18297195,0.013366747,0.05629145,0.010819853,0.06693008,0.03252144,0.04771125,0.018495768
0.03608043,0.0068824114,0.040195387,0.06368954,0.05481802,0.02094148,0.011021545,0.025944224,0.04056812,0.08211673,0.010555516,0.032580826,0.039331775,0.055387016,0.013799492,0.03499861,0.18630067,0.013156842,0.056530885,0.010595616,0.06679997,0.032139122,0.047404554,0.018161224
0.03630771,0.0069891703,0.04079648,0.063308805,0.055068962,0.020884216,0.011259172,0.026280427,0.041190136,0.07982652,0.010780463,0.032309905,0.039900854,0.054302644,0.01399111,0.035291728,0.18581603,0.013221198,0.05585553,0.0109097725,0.066795394,0.03256603,0.047823448,0.018524282
0.03573174,0.006645357,0.040423475,0.06339966,0.054773476,0.020706765,0.010669813,0.025514683,0.040433228,0.08254798,0.010245447,0.03177025,0.03910549,0.055398326,0.013385326,0.0348244,0.19177097,0.0127751455,0.05676001,0.010266384,0.06630407,0.03185725,0.046924572,0.017766181
0.036992285,0.0073543275,0.04115114,0.06360346,0.05479482,0.021169296,0.011631549,0.026378611,0.04197787,0.079175815,0.01102266,0.032259595,0.04020823,0.054213658,0.0143940775,0.035537973,0.18033725,0.013609517,0.055754915,0.011230575,0.067234755,0.033041622,0.04803925,0.018886747
0.035835,0.006620279,0.040266264,0.06370241,0.054854054,0.020283734,0.010699399,0.025685519,0.040973417,0.08057389,0.010229003,0.031246176,0.039649934,0.05431626,0.0134099955,0.03444543,0.19250737,0.012657394,0.056644823,0.010275763,0.067424886,0.03225355,0.04763096,0.01781448
0.03661194,0.0071404246,0.040917568,0.063606,0.054885786,0.020821119,0.011359737,0.026223738,0.041240327,0.080593295,0.010804368,0.032206904,0.039964918,0.0544142,0.014040571,0.035245225,0.18289286,0.013350122,0.055877216,0.010970632,0.067311764,0.0328572,0.048027534,0.018636543
0.03542303,0.0066225817,0.040722325,0.06363831,0.054616857,0.020998806,0.010724431,0.025432587,0.04042608,0.08193803,0.010286063,0.032194097,0.039203465,0.055627614,0.0135250455,0.034668855,0.19069925,0.012844897,0.056823425,0.01034567,0.0667001,0.03198761,0.046871085,0.017679801
0.035545323,0.0065385173,0.040258195,0.063411705,0.0545944,0.020473229,0.010552454,0.025333181,0.040372837,0.082496755,0.010093312,0.031677317,0.039072197,0.054970846,0.01319225,0.034322534,0.19382876,0.012548007,0.056968205,0.010131581,0.067247115,0.031838767,0.047038563,0.01749394
0.03711547,0.007540879,0.040956706,0.06302396,0.055225436,0.021167606,0.0116804475,0.026293855,0.04244575,0.078722596,0.011127831,0.032157216,0.04044673,0.05402691,0.014515804,0.03561942,0.17915687,0.013700487,0.055754207,0.0114011755,0.067593955,0.03323793,0.048063654,0.019025108
