Stock_1,Stock_2,Stock_3,Stock_4,Stock_5,Stock_6,Stock_7,Stock_8,Stock_9,Stock_10,Stock_11,Stock_12,Stock_13,Stock_14,Stock_15,Stock_16,Stock_17,Stock_18,Stock_19,Stock_20,Stock_21,Stock_22,Stock_23,Stock_24
0.08720844840758218,0.004000053733908267,0.04311044577687216,0.0002850954573598858,0.08723024563454698,0.048689196951914676,0.005175687066259979,2.7321929648498422e-05,0.08723662049147896,4.362565225062361e-05,0.07423401303720119,0.087236802481685,0.008918279255667233,0.006182371090753854,1.635311994376773e-06,0.08723648529875445,0.014579908770545586,0.08669298974740235,0.08722464553592077,0.00709811460928381,0.00016414216655799294,0.08723153516514986,0.0030466382427256572,0.08714569818453564
0.08696547743932632,0.004295896575250945,0.04721380507306613,0.00033020807840531465,0.08698571568952483,0.047707990682896585,0.005649445578502604,3.2366681460172486e-05,0.08699473293705115,4.935374465522616e-05,0.07141309514138311,0.08699496109052507,0.013131557270195745,0.006312558094550543,1.825227791409919e-06,0.08699456700725193,0.014119941453122231,0.08660074299941788,0.08698378157030269,0.00446453310431979,0.00015723663333187124,0.08698964096633761,0.00270209677864873,0.08690847018268212
0.0888991429441513,0.005205666104696143,0.04554744154106259,0.00021597743778016253,0.08892364312742561,0.035750341966264275,0.004496682112242326,2.4158283269719613e-05,0.08893199714924306,4.937407120478406e-05,0.06916312155234264,0.08893221978180418,0.012921257248478877,0.006588630420142098,2.769655075903126e-06,0.08893191233683882,0.013536510282311339,0.08854360404480957,0.08892459726697328,0.004154487914629954,0.0001324319188302885,0.0889269190065393,0.0023408011538727596,0.08885631268001101
0.0879028508789631,0.005914610221375821,0.04578316069462494,0.0002248550471152565,0.08792603872811083,0.050432167207454415,0.005276802852650548,1.0671442329292826e-05,0.08793555706763441,3.845073719434782e-05,0.06461072978933126,0.08793566189516219,0.01045084852118234,0.004275878169027889,2.8696535733240776e-06,0.08793525306780381,0.01614209224633756,0.08714441323263042,0.08792732810670269,0.0033738503958130207,0.00010635276832204359,0.08792913114018072,0.0028551768917359113,0.08786524924474387
0.08769957833895517,0.00808159551481036,0.03456278599742166,0.0002847099965768447,0.08771608038667184,0.05408800781002807,0.007262937607370664,1.1077182537314542e-05,0.08772432095295875,5.083948350734449e-05,0.06497873707752996,0.0877244098423159,0.0090400005636631,0.00422247453146714,2.2379202860375853e-06,0.08772393402281584,0.021537389275397098,0.08665734539751889,0.08771324638481429,0.003783246073832258,0.00012715622541122667,0.08771736666795774,0.003647206141491177,0.08764331660466133
0.08765227897103767,0.0071372377439767815,0.03687784962653436,0.0003103535380014601,0.0876691795535154,0.05169239122320142,0.006759532719589081,1.2957635823609686e-05,0.08767607252453832,4.154073287431877e-05,0.0698131340901333,0.08767612478360598,0.0057066718966148,0.00361097876574811,2.01458705787519e-06,0.08767567535562419,0.0241056289749439,0.08620490660751971,0.0876666031814803,0.003950704512721782,0.00010286674876061024,0.0876694042675063,0.002385354691032464,0.08760053726815824
0.08768028396174106,0.006256499155598676,0.042167862424569325,0.0003087011109212457,0.08769132374950993,0.04751516292242533,0.006661675570949845,1.5140504390392132e-05,0.08769730886172362,2.968249755941368e-05,0.06808582110424845,0.08769735590627378,0.006775507700799515,0.005379810895596746,2.0255292426297088e-06,0.08769678091732748,0.02252048751608698,0.08633682228872307,0.08768679701835091,0.004075830054500249,8.409213339562694e-05,0.08769356097922823,0.002341890774467274,0.08759957642237022
0.08751040090176675,0.007057348790015777,0.044692542775800134,0.00036684668760134255,0.08751334840430507,0.04813108358654988,0.007086826423808317,1.625560691930864e-05,0.08752355771840684,4.1721507168540064e-05,0.06762664268098655,0.08752363075386796,0.007284170848181573,0.004174383515237018,2.274532932226754e-06,0.08752305690381625,0.023634702999680113,0.08627672762696634,0.08751489779944469,0.001561753782999521,9.663113188907379e-05,0.08751983290988938,0.001851516758200445,0.08746984535356692
0.08698116705245647,0.004701027683074328,0.05663583952256985,0.0003941532138828364,0.08698699560412604,0.04369242564828027,0.004941178012830083,1.6606705268514454e-05,0.08699888087140954,2.897163538959883e-05,0.07599556057265022,0.08699894309793982,0.007091003515897486,0.0038109471722633788,2.159779155140131e-06,0.08699824823501837,0.017515751907200373,0.08603133610871609,0.08699349827654031,0.0017173018549505698,0.00010740817680772517,0.08699520950612301,0.0014201338740535338,0.08694525197339643
0.08581642556079178,0.005071460776530951,0.06560162216513454,0.00028645333345093135,0.08581865098741233,0.04353144222650015,0.004658181147363356,1.6943937855775052e-05,0.0858308473484776,3.202567964285985e-05,0.07586885553762805,0.08583090873955679,0.008239460447311059,0.0034243713754291178,1.4401323992755668e-06,0.0858303562198441,0.017860437603081696,0.08510235522322132,0.08582381806991062,0.001849421608295969,8.995072081798456e-05,0.08582865773331991,0.0018058620796507405,0.08578005134637313
0.08615319067383267,0.0052429859309398134,0.05799255867093019,0.00036796217700952986,0.08615827030021193,0.04490687100823994,0.0065533780211366795,1.2742722999925233e-05,0.08616978035351416,4.347215133872115e-05,0.07204375541883525,0.0861698111702566,0.009189570572751602,0.0033309637141640514,2.028768877456859e-06,0.08616923078827393,0.02228274670385535,0.0849419232037636,0.08616239974369921,0.002204123846139627,5.901919790090321e-05,0.08616723283613892,0.0015750205936733465,0.08610096143151658
0.08732898227371913,0.007543778118789594,0.048921505422924276,0.0004638846742699249,0.08733954078548876,0.03785486267118264,0.008192494019062545,1.1565943735830596e-05,0.08734826144979554,5.755117805801099e-05,0.06620538829959195,0.08734827706889581,0.013586571116196117,0.003987066895593736,3.730361776602576e-06,0.08734758982848476,0.0249047334456456,0.0854557783742556,0.08733955119822227,0.0024769810451311116,5.2769130197844255e-05,0.08734581966378965,0.0016804017259657651,0.08720291530922693
0.08522968031619024,0.007326684240977351,0.0521684726357993,0.0006717002455815181,0.08523747486113172,0.045764761090973084,0.007531158934760091,9.026733434515062e-06,0.08524811995347358,5.863692869929853e-05,0.06498068220611333,0.08524814535942189,0.016667930612595087,0.003947853173232161,4.108141841714285e-06,0.08524745431762785,0.030864944748032825,0.08343374399254122,0.0852373427502005,0.0025782743929305815,8.87582210155413e-05,0.08524516778227996,0.0021462513231100305,0.08506362703803659
0.08509065010260361,0.004947801295215152,0.054041866680999195,0.0007739092949633131,0.08509103058524142,0.042825578416110795,0.00820983621533839,1.2966848296648859e-05,0.08511239849018097,4.3560188927689915e-05,0.06180178471367526,0.08511245429430118,0.02212773891346329,0.005397546992415,5.121296304955799e-06,0.08511177449865497,0.029833770458421435,0.08333582359219782,0.08510223706720046,0.0040953324817472395,9.60008426219228e-05,0.08510999891301184,0.001785364046916624,0.08493545377119083
0.08563430134047526,0.006699274923635675,0.05214739659654149,0.000819151779739322,0.08561600993378067,0.040896445761182953,0.009730147739788869,1.594052955730768e-05,0.0856484627588874,5.1093927966153375e-05,0.062072917286345716,0.08564852401952942,0.01509876494308506,0.006164977471679677,5.3500960691940585e-06,0.08564791651816278,0.033542141422816085,0.08370253888553711,0.08563817097102912,0.002785743462188985,8.279631020822885e-05,0.08564605317363487,0.0011475011633523544,0.08555837898480631
0.08503096542683919,0.006013504197795079,0.052120123649096475,0.001099077620071883,0.08499474452153484,0.03556906081341974,0.009941416779215504,3.370647996761136e-05,0.0850504116679515,7.547585005230588e-05,0.06795967508616077,0.08505045222319886,0.018544817094389595,0.009188642951110451,7.021127200352194e-06,0.08504999090726006,0.02985530298361457,0.08388356116012402,0.08503859995215596,0.004565392910667998,5.891410090894803e-05,0.08504726356687466,0.0008995001783746514,0.08492237875201497
0.08452598674427256,0.004906815096164965,0.06266637677727123,0.0009204168041607084,0.08446869958996246,0.02652566077996138,0.006994460189061115,2.6390994644789962e-05,0.08454587195811031,6.717432854975181e-05,0.06721697139807799,0.0845458921154482,0.025222315027725765,0.009486406047540013,1.4624148646014984e-05,0.08454522692329752,0.03192685474544704,0.08330407915681774,0.08453388842072912,0.003995327992693691,5.459111036605111e-05,0.08454362441493453,0.0005950975278022854,0.08436724770831477
0.08416192622948074,0.0054565773602175665,0.06062138519443287,0.0008161644469741194,0.08406655120491664,0.028381997656031322,0.00625624887233572,2.6836769722279223e-05,0.0841816153917487,7.432106817358135e-05,0.0651028874008446,0.08418168062087956,0.031676746143754764,0.010556459253593543,1.4162247834183996e-05,0.08418122903458902,0.029538161421160322,0.08311525959574642,0.08416861974183178,0.004415859121454878,6.197770956522258e-05,0.08417955314768853,0.000720204869045031,0.08404357549797857
0.08468834152963109,0.005246737555146508,0.0634483168699204,0.000713996107652514,0.08463081405387396,0.02458766627582689,0.0047977475486228735,1.4936037329025104e-05,0.08471411351561059,9.158800307387486e-05,0.06767593244461623,0.08471432053979264,0.03706469561736926,0.007464580043342482,1.4607828259928878e-05,0.08471387114583648,0.023915110350175496,0.0839006044182081,0.08470485297049178,0.0023601716133521246,0.00011458536007693261,0.08471034668537142,0.0011259565571266543,0.08458610692929276
0.08645647785959766,0.00479536220125713,0.0565636799617043,0.0005146613508619955,0.08643048730931226,0.031306293098848054,0.006902689627096121,1.1363777886592372e-05,0.08648303543894524,9.516294105891667e-05,0.06197825078586104,0.08648332410828598,0.036901813206358415,0.00687625834058512,1.2330304697087301e-05,0.08648279831770106,0.012385358064213092,0.08569753523394877,0.08647444237124872,0.001949077346805449,0.00014657958997241888,0.08647797341586308,0.0021674041549745275,0.08640764119291698
0.08805759783391821,0.003676412130811764,0.05176641489830375,0.0005707875099085902,0.0880072005666566,0.03183735922435755,0.00918500827623776,1.734161618554834e-05,0.08808456843105571,0.00010163195135081805,0.05893116426589194,0.08808473643944745,0.027367782101243313,0.009000574439067297,2.3135280569669624e-05,0.08808425341532118,0.011919216220481487,0.08622787094203327,0.0880748816972191,0.00335424553911403,0.00011525638186898273,0.08808139202239926,0.0014308513436994844,0.08800031747285725
0.08737991043819256,0.0028236806017088866,0.054911687580515844,0.0007722721914452306,0.08731757975272812,0.040115641551826196,0.00872003632622346,2.4681680239702226e-05,0.08740665782528505,8.846330986177178e-05,0.06275933135856447,0.08740676202235202,0.01878429817407795,0.007603986751707624,2.2938984294545416e-05,0.08740622019760375,0.014167229754128915,0.0850556594031282,0.08739716547248362,0.004033603918789171,0.00014831150020553523,0.08740365694975616,0.0009259967292801169,0.08732422752560112
0.0877524188250543,0.0026797019737049878,0.05289986409494974,0.0008246713929234817,0.08767810605156388,0.03848373541760284,0.008065821475676822,3.555795315362105e-05,0.08778127957690765,8.856525500755497e-05,0.06601814317875503,0.08778145223912869,0.016570830239278654,0.0095188787093522,3.259391835939999e-05,0.08778082437650678,0.01360331865578882,0.08511318259733079,0.08777144306249789,0.003237455885587357,0.00014858107337845113,0.08777843849854355,0.0006527521426701444,0.08770238340627737
0.08602446295561798,0.0024350102070903627,0.0629694425424632,0.0007981541468651439,0.08594160280352833,0.03670989436292429,0.006173422456173325,3.988859918585399e-05,0.08606194059266169,7.015130377651058e-05,0.07455437725053056,0.08606210474327562,0.018067534845584543,0.007833721275950929,2.017513639377106e-05,0.08606157125378033,0.014332172207126065,0.0844354747533278,0.08605471283594193,0.0025132202800696737,0.00016513551761715686,0.08605832927915515,0.0006168908314290152,0.08600060981953077
0.08554351299592246,0.0019920065837478497,0.06305200511845833,0.0009819271156793169,0.08546698104148864,0.03606701755613803,0.004829963681424838,4.1584470508416205e-05,0.08558786500311133,6.559954686471496e-05,0.07601253498730712,0.08558804355386491,0.020992104967763797,0.008665840940851668,2.222701809546334e-05,0.08558758952480582,0.014550376387411731,0.08406068469760432,0.08558179427748967,0.003491605899277107,0.00016288930176455003,0.08558394708943282,0.0005576165541504861,0.08551428168683661
0.08498253474341871,0.0024951948348472916,0.0696943338882248,0.0009541943534692905,0.08491190304202194,0.02613919488414455,0.0042027585302703415,2.366298821009032e-05,0.08501938606588659,5.69112729614347e-05,0.07614125788928436,0.08501951782254008,0.02648680187520934,0.009768210249240615,2.351856264761306e-05,0.08501908707963445,0.015679249535182797,0.08416343910162881,0.08501319350317266,0.0034837193978956072,0.0001395024244440457,0.08501588437944198,0.0006603668810637959,0.0849061766951588
0.08473740825550845,0.0023292282469187233,0.06659450191782915,0.0005290144154413447,0.08468555752144326,0.020472902593911792,0.0052688293696098966,2.8029813606185887e-05,0.0847699374921009,5.367728253182799e-05,0.07589938949651212,0.08477003854595798,0.03296043845328351,0.007834169953584422,1.6827993549419037e-05,0.08476960401437256,0.020009972348304664,0.08395746448121767,0.08476165107582075,0.005232028081209598,0.00011164177495006405,0.08476660271481742,0.000811985426022838,0.08462909873149543
0.08624592493200167,0.003141291599269894,0.06219621508349979,0.0011601503892729652,0.08619408078299043,0.020243065291635255,0.003981036200141052,3.1794522251191736e-05,0.08627239722709291,6.0963926661653504e-05,0.07678706741789329,0.08627256177904374,0.020343925353002695,0.010694357270120263,1.5614437460091172e-05,0.08627207840768816,0.01939213115810704,0.08537579478495838,0.0862660054122525,0.005909168541849704,8.625607573046905e-05,0.08626896220511915,0.0006679832176859223,0.08612117398427178
0.08516366068723763,0.004153850413473872,0.05891041192188511,0.0009699665612935824,0.08514483841331714,0.019968381321660875,0.003922509586830981,1.7890553590189826e-05,0.08518601689766976,5.558079888605447e-05,0.07798559079022836,0.08518619460999434,0.029802031872339835,0.007451878891731717,4.80077151114644e-06,0.08518568686049553,0.023294881853063887,0.08463725139435756,0.08517939584420542,0.006180877807590064,9.813274563292146e-05,0.08518213769149893,0.001302963915091062,0.08501506779641405
0.08548526512480444,0.005224149027981575,0.06003137781239427,0.0010350944911470472,0.08545763195814966,0.017019235234784765,0.004471672723313682,2.4664461458084018e-05,0.08550463688180457,5.89689330097657e-05,0.07598161670715933,0.08550487641681614,0.027318774403823794,0.011723551878664813,6.482734781420161e-06,0.08550429541700083,0.02083212297013986,0.08513571728854775,0.08549557022679187,0.005850283355266289,9.425702705579809e-05,0.08549928047122653,0.001402946369830973,0.08533752808404672
0.08494573204529328,0.00573921506428801,0.06486786631651255,0.0011921890366315942,0.08487858222982107,0.018012843041598472,0.0036633670712326143,3.0660304915061104e-05,0.08496744343068656,6.34324940636175e-05,0.07563823281275049,0.08496766626739224,0.02546479621925116,0.01244675690422182,9.389528462590566e-06,0.08496702814409868,0.022916572393656943,0.08458801835900974,0.08495875279916454,0.004837303755879756,8.795719286625764e-05,0.08496144709751519,0.0009839177483384042,0.08481082974234937
0.08579320125272823,0.006454936255371127,0.056758659695409615,0.000858484043284214,0.08566463619486386,0.013261684699402846,0.00413374973769012,4.3627412211553093e-05,0.08581813777922973,8.159487230538037e-05,0.0697431064871499,0.08581848561180452,0.02948650650918663,0.019958812172933958,2.0931336706492586e-05,0.0858179996692368,0.021309888524340174,0.08526941654694342,0.08580906855636057,0.00554419804050207,8.267673391667635e-05,0.08581273102876572,0.0007726972769341194,0.08568476956272231
0.08502847263532655,0.005916342742333063,0.06577078908654804,0.0006454538635697426,0.08479953464584643,0.010004187640915808,0.003924546242099014,3.8343894256846804e-05,0.08504763951319344,8.299141523347005e-05,0.0672838318541866,0.08504799436150094,0.037884320075272045,0.02003909247210784,3.2694202275189514e-05,0.08504759895910116,0.01861282025417769,0.08468761042039734,0.08503822589452145,0.004461829668386931,5.92368556766768e-05,0.08504473989559495,0.0005831881241254209,0.08491851528335335
0.08753261657644414,0.008724932078756981,0.053374631011879524,0.0006499009756337285,0.08745410827139632,0.009842764783622913,0.00800581186899974,3.958814159084493e-05,0.08755276029204401,0.00011073303142843905,0.06229630874396058,0.08755313602974432,0.023137056082280377,0.02387546937923263,3.674140665309039e-05,0.08755261417182722,0.017415259759031375,0.08694344942520195,0.08754103414464688,0.004648300667019481,5.872988998989835e-05,0.0875501405653002,0.000693536125371647,0.08741037657794375
0.08831698453658059,0.008185410737549796,0.04886149107282551,0.0007706037310444895,0.0882592045285371,0.012682319438659743,0.007803013144214571,2.527217085314562e-05,0.08835068778589505,0.00013213516877718344,0.056619341862958694,0.08835090896346869,0.025320714064423867,0.02333660904341384,7.787820351359534e-05,0.08835032968887109,0.016487584802509756,0.0867251221439985,0.0883389969712891,0.005697584324871518,6.582402575096764e-05,0.08834829696164681,0.00075944742890813,0.08813423919943829
0.08671120173267391,0.010911360519791835,0.05202407305392349,0.000925272474081832,0.08660208735200187,0.010160112196425075,0.0068090532304006185,1.7140563305135696e-05,0.08673510701535313,9.879798975804426e-05,0.060878695222788264,0.08673515871362882,0.028007928592315046,0.019896833609342673,5.553945757414351e-05,0.08673454350414811,0.023159183504110056,0.08516360351022813,0.08672491728521456,0.007570679982612216,4.647674984562507e-05,0.08673332859466938,0.0008001006089803555,0.08649880453682768
0.08581025750479454,0.010965811317184148,0.06326650530023095,0.0010858055249661598,0.08565220606316376,0.0068685200642063775,0.006180526620629588,8.907405149526962e-06,0.08583640158309096,8.935544568437013e-05,0.05664389305975051,0.0858364220481229,0.04006883904651963,0.014133197100344415,6.168672250881481e-05,0.08583547042413794,0.0231613817520913,0.08422010405844556,0.08582849184824824,0.006263711859185682,3.683449935325638e-05,0.08583484112440595,0.0008039201750992225,0.0855069094526862
0.08551629122403982,0.010938512846212676,0.06760595614966652,0.0012616808508803883,0.08534851136919726,0.007913180555857153,0.0055925904475898165,6.7072172803777275e-06,0.08554025467612479,8.022147980955011e-05,0.06381101210256812,0.0855402750705521,0.03097443416286018,0.012872037118632686,4.483459912960969e-05,0.08553885765785431,0.026290338972666107,0.08349627418541355,0.08553183177764727,0.004392934148754883,4.3682313986800596e-05,0.08553832230413752,0.0008324724803078931,0.0852887862888306
0.08495263668562446,0.007230538073382846,0.06470784019836144,0.0009183672115265577,0.08482247029581104,0.00893478885212471,0.005250622647549825,4.89029337191568e-06,0.08497711094515123,7.045213428965422e-05,0.06698831746141472,0.08497699951433385,0.03928602111842929,0.009831963948200108,4.358211218917501e-05,0.08497579403549126,0.026637440659417592,0.08176905316798877,0.08496720879751571,0.00803455194108989,5.2990418702208016e-05,0.08497561169415373,0.0009698001313039971,0.08462094766257602
0.08433891863659068,0.00437665273442596,0.06434976632990366,0.0006543994092882193,0.08416735795639894,0.009052475718287096,0.005273032147648158,8.040021325515477e-06,0.08435836251555615,4.7573897292910994e-05,0.0674080717776499,0.08435812619222763,0.03732348605197968,0.008994023405648498,6.147926250598982e-05,0.084357014969768,0.04047147620289825,0.07818300767438137,0.08434463062172251,0.008983788594261327,4.40893852362617e-05,0.08435716078628985,0.0005269884522038545,0.08396007725650961
0.08543723913089771,0.004175056847335009,0.05350624885733736,0.0008126019822784704,0.08525918859563349,0.010033988657257898,0.004696973018393345,8.196009362022861e-06,0.08546052313263408,6.0148215380215e-05,0.07225564159047683,0.085460456912546,0.03649211278127597,0.01087018536630137,5.027632840470207e-05,0.08545979980551822,0.03364397151178192,0.07820488486589629,0.08545221505850763,0.011419343462821545,6.766164844981334e-05,0.08545912741693165,0.0005269565385311273,0.08518720226604734
0.08725402589303012,0.008906964203692563,0.04206524182846788,0.001198101706323116,0.08704430724739226,0.007689267534001195,0.005467595580981522,1.3209824654545724e-05,0.08727051541622559,9.659115338068894e-05,0.07536390407532506,0.08727055182842193,0.03010238924946341,0.01423426879395422,7.48530721712593e-05,0.08726984959320698,0.02779698224923895,0.0809778532777155,0.08726147478805091,0.00769787641756224,7.493109830625366e-05,0.08726919417367301,0.0005077680778316523,0.08709228291692914
0.08851093296273398,0.009138887801260551,0.0366826315732362,0.0020962166339733106,0.08832189009812318,0.008240434241490728,0.004351618788950632,1.528088134403815e-05,0.08852543819160646,0.00014897012518838297,0.0730527490721066,0.08852553316946013,0.02641605324758184,0.018723868113235308,0.00014839234324529865,0.0885248208355577,0.022892839213054766,0.0803044401125573,0.08851566602577458,0.009519113170463146,9.708583435415399e-05,0.08852456228473385,0.0005030290957082835,0.08821954618425959
0.08667600672961792,0.004965380171007478,0.05452638600768861,0.0009342396886147088,0.08633956872288476,0.010267195765056362,0.0037546260387406544,1.2037419928194917e-05,0.08669379803110441,0.00010175611643099991,0.06966792556445003,0.08669412357626667,0.035263196662351844,0.015552163105112593,0.00015223370242308922,0.08669343114687393,0.021531210816941815,0.08156977401840751,0.0866840110067026,0.008178722785202772,8.663893592018892e-05,0.0866930177561917,0.0004924955729668878,0.08647006065911429
0.08616609744089936,0.0037341013341774935,0.049871592739262394,0.0006154370328040544,0.08572454234967763,0.015176790594464926,0.0049516063883472995,6.6960683852043096e-06,0.08621687553124027,9.773022295903527e-05,0.06914120738900612,0.08621727123136741,0.047702955623001586,0.007656877114040776,0.00012321433893925643,0.08621560620745582,0.02188505373813285,0.0794961195692727,0.08620919278201856,0.009869711878917817,0.00012684758556115932,0.0862120294894235,0.000663380985221371,0.08591906236542342
0.08484378201831835,0.005288748808199083,0.059380656365195454,0.00116528466499533,0.08391951390869705,0.019383627349944012,0.003272630132376343,8.184942473993878e-06,0.08494788496744629,8.402161176211221e-05,0.06354452116166243,0.0849489381490328,0.048183179103708694,0.01066589904581571,0.00012806029853449808,0.08494491783086124,0.019910630808098663,0.08155144523817907,0.08494162663840339,0.00853020881631319,0.0001232551575460538,0.08493697846197833,0.0007920963522010165,0.08450390816825688
0.08377623120063253,0.0071311600310617574,0.05539966277141431,0.0011466006900337977,0.08099228734508353,0.03520464545944779,0.005445534573579604,7.529577684811603e-06,0.08388042535664281,9.559713819551146e-05,0.04745519835656218,0.08388055534935185,0.05613172671177805,0.007471653433638041,0.00010350919442805752,0.08387626558995373,0.02462942609706378,0.07936495861788352,0.08387380572792123,0.011701856172141945,0.0001010368330966237,0.08386668112752226,0.0009182184994199138,0.08354543414546237
0.08398526959692226,0.009846711174727352,0.04363760013368982,0.0012796111117982845,0.07832271918663863,0.048066402722025246,0.007983121045593544,3.0542930056522174e-05,0.08413249549637213,7.033574673799388e-05,0.036493157206431835,0.08413415541096841,0.05162504899286826,0.01713909712465958,0.00020379338176454282,0.08412966712225639,0.025100350926757276,0.08057057954481375,0.08411771674013264,0.010372189485951004,8.090704573793621e-05,0.08412546467986456,0.0005902400547176052,0.08396282313851441
0.08387459189645348,0.011153793084405422,0.0518831694992363,0.0008109794189111261,0.07583581894734592,0.04315360229871613,0.0045769908582090945,3.092028386197937e-05,0.0840234560216573,4.8818337539922715e-05,0.03817377876686402,0.08402752296431476,0.05695726646479572,0.01511863895296341,0.0003104700017877018,0.08402050097711553,0.02636474712799847,0.08094332795042754,0.08401039372307269,0.0060873516876291936,0.00010222701121971813,0.08401563266644672,0.0006056964814349752,0.08387030457759288
0.08490547800991477,0.021008502735045346,0.025926597858916253,0.00045143913870498975,0.073421170343215,0.055476005707327705,0.015750842061844145,3.654246549236091e-05,0.08505299153129249,0.00012292962461905703,0.02990448886109773,0.08506513517009563,0.05822521398327484,0.02098875854736292,0.0003447449760682471,0.08506004954599561,0.015600691925778475,0.08141684128555887,0.08504861576499308,0.005191656573777472,9.703502613570929e-05,0.08504896562348052,0.0008466372579509442,0.08500866598205783
0.08538364524494003,0.030335455085349888,0.02064477502981459,0.0015093912439329894,0.07380402597476915,0.04931409408175974,0.012671633579131671,9.411936154386974e-05,0.08562448361013478,0.0002002247440181805,0.022967671501390882,0.08563954781276073,0.050776914427503456,0.025313590525946852,0.0008201108115802665,0.0856313597473551,0.018628415428277503,0.08109866318142309,0.08561770956849309,0.012040072882153948,0.0001083029898041893,0.08562574449053079,0.0006097071383732874,0.08554034153901192
0.08519962451743548,0.017919145256671026,0.015659033131784284,0.0010352432871075805,0.0767806224325185,0.06391258410549912,0.011075019713916025,0.00015949459901543864,0.08555937491991604,0.00013472723220210033,0.029548741280132174,0.08557625886269271,0.04212092549143597,0.028404785295010122,0.0006733173554444768,0.08557065298561974,0.011669015694088992,0.08067018296113711,0.08555219286812464,0.020726524117085074,0.00012198776178374745,0.08556375148272644,0.0008825201183145096,0.0854842745303387
0.08671569061803025,0.02402875889867449,0.011385099210856005,0.0014888318414181837,0.07818090680936482,0.06633321019557786,0.01355626183245454,0.000327274289032525,0.0870158234934359,0.00040531817606535397,0.011809417933031403,0.08704317244989303,0.04224406411615467,0.027286543139508953,0.0010695252785934968,0.08703082365149273,0.011453160287753464,0.07801736305912217,0.08701880173305009,0.021795883416498987,0.0003733669573472633,0.08703262408554521,0.0014507477320659938,0.08693733079503263
0.08474558026575284,0.0374315463456353,0.009457993754241176,0.002325957330983265,0.07897790120459944,0.06337258590472629,0.018511760410468883,0.0003368309976024655,0.08497630364563111,0.00040334020719330486,0.013317271284464919,0.08502116511728867,0.0337574237449499,0.030736853523615708,0.0007794680700502657,0.08500122781165144,0.015848591985817367,0.07827313214737076,0.08499040267569791,0.019803344579818447,0.0005088396712122406,0.0849985620712434,0.00147049538751397,0.08495342186247093
0.08492899715945652,0.024922275351138164,0.021129697671186852,0.002383837796650098,0.07455838689312518,0.07356004447248736,0.015264419397650324,0.0003167242373540949,0.08542466437744091,0.0007938554377490641,0.01491454983745741,0.08543999943691657,0.03959625166837209,0.014640252937520153,0.0005880391786985237,0.08541552751370814,0.021129053405154412,0.07515285345311175,0.08541633730263429,0.02053606891169306,0.0009302819532505135,0.08535921917177422,0.002284923861875342,0.08531373857359495
0.08503346812390457,0.023543848791048417,0.011255249214966397,0.0022138302303992335,0.07823788888961478,0.0760653128794474,0.019636590471960296,0.0005463276079616655,0.085568456688524,0.0006644092676396593,0.01793198660174557,0.08559003275794776,0.03488467780939958,0.015576794597035896,0.0007121046767217188,0.08556744650603501,0.016475632527232283,0.07855503517183748,0.0855473346910271,0.021671113310565232,0.0012627663757156578,0.08550941203223618,0.002462837662967403,0.0854874431140667
0.0836473337022276,0.023662414708630525,0.02169518770081362,0.0021603957978803532,0.07515964666010426,0.07162363775625671,0.009443516960325323,0.0005380167865661218,0.08448379635761562,0.00037452228185756796,0.023759385809053367,0.08452479972534092,0.040500043576785036,0.016518595660855645,0.0010781573037166885,0.08449973315438573,0.019645513088207715,0.08051184073643015,0.08446368263877077,0.01901624390635124,0.0007975326331799196,0.08445462844218656,0.0031524979259931786,0.08428887668646536
0.07981797709018774,0.04367334008005439,0.03508465811165144,0.0028495980729920318,0.06959661009773821,0.07023706189325164,0.01753434072222918,0.0008465548761505989,0.08037112875283124,0.0003445227972123378,0.023905033769994314,0.08039152674160392,0.03417314455579441,0.016180548829215713,0.000646890869271914,0.08031550876699782,0.021632009580306515,0.07805361336723722,0.0802834451991197,0.01814777572669195,0.0009133803360795347,0.08033360623072096,0.004508195156789445,0.08015952837587774
0.07794475563482352,0.04242521987052351,0.042349944822562595,0.004325078701766217,0.07206418812611365,0.0666721466116396,0.032596764465223214,0.0009831815815053422,0.0783355446488682,0.0002336770053364966,0.029503486255696265,0.07839637788022666,0.028254325204308182,0.01604363372884398,0.0005262990563008963,0.07823294699253902,0.01589814761618713,0.07734439669959622,0.07804122136125549,0.016482594847652913,0.0007324104194622126,0.07834778046630032,0.006084468198973787,0.07818140980429457
0.07586303330680107,0.02993516762218335,0.05488334566777254,0.008064749313818927,0.06859410163523055,0.0642983532992061,0.04329223724230973,0.001572424769301233,0.07634300218307712,0.00022350200298622432,0.03585188323114539,0.07645558505526028,0.03457492297726374,0.018544223238429886,0.0007047859186818777,0.07614771085242343,0.008652925194538716,0.07558419025149792,0.07598153727501912,0.016901084902279248,0.0003603162427763967,0.07641644838816587,0.004649122446960079,0.07610534698287122
0.07641216361207448,0.02797771554560882,0.037392678373862974,0.009521343110428083,0.07133377791548788,0.06450555328667573,0.050639546084635965,0.002851168005023693,0.07694690464865177,0.00023708347483885887,0.03434818378010712,0.07706971156821217,0.02405839338301228,0.022191206229188586,0.0011662544955312688,0.07683539190383148,0.00894014111051278,0.07548134992764342,0.07638395114954218,0.026722853700326253,0.0006175289915733487,0.07702444297197956,0.0045620539810411745,0.07678060275021012
0.07543105478257026,0.03918005572707217,0.02301617972988189,0.015311112576507522,0.07180376651148888,0.05728315573170028,0.05627767507747265,0.0035810230742352213,0.07568861309721159,0.00030608382700241925,0.0366315239643391,0.07589934962079588,0.017555228032292737,0.021805560170272124,0.0009433095333875017,0.07564312622722943,0.013804663193812926,0.07385004666397624,0.07505819548830842,0.03434937909596633,0.0007232670261066102,0.07585335593332088,0.004346532433338595,0.07565774248171037
0.07363929599233024,0.04661142914570908,0.030604985210740194,0.014404532551134332,0.06900315944272742,0.05513398006018567,0.05115263207723639,0.002588176021185423,0.07388464104274305,0.0003269432082327343,0.03898377141705928,0.07416236178691514,0.02572251522559204,0.021575302066029846,0.00047929382124389764,0.0737961595674342,0.020639750209471865,0.0727161487008583,0.0730418381856679,0.025100451714780432,0.0010177116470930332,0.07409943238899207,0.007408346786850702,0.0739071417297868
0.0735010045723205,0.046780604757730625,0.028304475773521038,0.019432791990636696,0.07013017992095671,0.05952066419340886,0.055142657152624494,0.003355201713489084,0.07350508721390989,0.0005180766363322281,0.03160283574112338,0.07392754803150674,0.021368680550287532,0.02114836119371749,0.00041553223092545983,0.07346093207836164,0.021909306506715763,0.07248642845725695,0.07212424612325626,0.02335394438332876,0.001683487840742624,0.07383416311627486,0.00881488612599965,0.07367890369557278
0.0760520224052849,0.04331403207043918,0.018041321823326892,0.017470427796030176,0.07306704821287047,0.06054591796856397,0.055787987155889035,0.0016589892722901516,0.07618795936250254,0.0013514582243463356,0.029419773786165244,0.07674598743738381,0.017853417586235557,0.021743249040016184,0.0012557737105714799,0.07647270380635518,0.01691201754148804,0.07351496277540352,0.07578750830994749,0.024448080964015104,0.0017082812945378046,0.07661149681277496,0.0075788377940313525,0.07647074484953063
0.07753509744044493,0.04811489370701867,0.013917697325942915,0.006581745121818789,0.07282664408949457,0.04427527241936663,0.05918916626266972,0.0010282082280241404,0.07783722091473902,0.0007279502597498209,0.032363296830954534,0.07811016703645414,0.027266445592480835,0.01802680388394254,0.0016538607519279043,0.07791681583824951,0.01894966342370376,0.0724598730295613,0.07695118706934075,0.030348145088587162,0.0015623624560490218,0.07801710600082584,0.00646474226111771,0.07787563496753579
0.08062408887328483,0.04925719156356378,0.008407313862307121,0.006729506575266878,0.0771230247130617,0.036784065251973794,0.05548977968156965,0.0005030940488566617,0.08086930658206172,0.0007711936438593798,0.028160944602997024,0.08119932186920492,0.024906942840220277,0.023343131018741616,0.0036217702255115438,0.08111524086281521,0.015611774511241384,0.0713516426543478,0.0807853756684509,0.02777731230187481,0.0009621673381777246,0.08113713988342448,0.0023930114826737473,0.08107565994451302
0.08097981828213167,0.049444990380357316,0.0057246449050497,0.00784655030846086,0.07889798029104794,0.034914768381249295,0.061408438137241304,0.000513929462390099,0.08105019147563469,0.0009603077566176355,0.027466493109920612,0.08152592515318415,0.016369071698021372,0.028222671936226563,0.007706805363694495,0.08140753134587739,0.014407360592683464,0.0641900363239872,0.08102119826438489,0.030010205012411407,0.001062965308925133,0.08148163807161378,0.002011236313186214,0.08137524212570281
0.08066985174142566,0.049388128538547856,0.004118831462247802,0.006002695698567065,0.07965302254746229,0.03575053318681904,0.06766592798818286,0.00042799575362140223,0.08066696786896908,0.0015537238490203296,0.021194652259363334,0.08129637909117052,0.011532647151991284,0.036556185367450235,0.010847994020002074,0.08114851640708227,0.01134448295617807,0.06546263973767637,0.080672284857347,0.027615414950665617,0.0013305218145709366,0.0812207877048972,0.0027304552887225503,0.08114935975801915
0.08060056860305281,0.042647490626808796,0.0034747229035021364,0.007146773086178405,0.07985574617882958,0.02989838075396503,0.07277721333239702,0.0005361892419488692,0.08102228072795442,0.0010527870797690782,0.025092598655258334,0.08132471848404303,0.008507633905035247,0.03551341486490977,0.010172714177832049,0.08109062035492735,0.011801409029202074,0.05999086718649952,0.08089519597754002,0.039273449408419224,0.0017810288056206163,0.0812462752970097,0.0031696889591158496,0.08112823236018103
0.08046677039038937,0.041229887354579164,0.0037598690717751382,0.01064609027885469,0.08004395659853021,0.023893827843950503,0.07170992964547113,0.0007053820796827478,0.08108490186701124,0.0008225493939450173,0.03305982475170119,0.08141153469425685,0.00893594545535126,0.02939074202667775,0.009565892673929608,0.08111946333691147,0.01187159069039026,0.058875281970402545,0.08101820080243619,0.04319618795092274,0.0024038276442064654,0.08132674964753768,0.0022566611099675963,0.08120493272111919
0.07934383107469073,0.04222161018860048,0.0021417042942253515,0.014975733248399622,0.07880991493415163,0.031339758449404044,0.06896678712361545,0.0017566032305828658,0.07964800307604558,0.0010488427513506411,0.031039871166919968,0.08021314123612414,0.005784764994874011,0.03638369985536659,0.008970195244477081,0.08000247270360905,0.015052004591736194,0.05487249132131029,0.07974439012242898,0.04282963379380536,0.002815352003296039,0.08009140931249167,0.0018929204137643025,0.08005486486872992
0.07872670101507236,0.041110253102703324,0.001760986170043011,0.021929147933312264,0.0779856693830415,0.034356866717295625,0.0698958028344933,0.0023025083759897237,0.07880975484124661,0.0012533601058449012,0.025666759342928613,0.0793507211788534,0.004657736724574902,0.033690404231714495,0.009192811047010424,0.07910409067532516,0.014765731771811647,0.05340879044988861,0.07844807614913715,0.04932838094854225,0.0031612469030445926,0.07926142270409463,0.0026523837361155326,0.07918039365791597
0.07819035067831603,0.03874598279921225,0.0019032993228899802,0.01897851131144325,0.07712787659934654,0.03293888384194221,0.0716182915266359,0.002714381201158438,0.07861835310873481,0.0013258532925632058,0.030790204701983202,0.07916203493286444,0.0060846926916640655,0.03066262324271512,0.008486139707228915,0.07895886922222262,0.012392480682728153,0.05189006570784942,0.07821574049302575,0.055402614432638185,0.004313385010541469,0.07902449575816188,0.0034462874434817653,0.07900858229065237
0.07863654840458088,0.04354320838191337,0.001762609346567164,0.01771556874247927,0.07856832276147975,0.02433357763145431,0.07112394161087643,0.0014382159025778224,0.07945676187002895,0.0018252170239456997,0.03285547174208271,0.07993387439918323,0.0054586709014787455,0.02775740610012251,0.009005591905795092,0.07969665234190237,0.01153457707089188,0.052149746032926395,0.07949831289725635,0.056048414113319116,0.005203884958147418,0.07972105404034636,0.0029966415000385895,0.07973573032060559
0.0782917292575394,0.04262975196784947,0.0012647505876000208,0.021053447461723166,0.07716000518019545,0.027136788021328167,0.06912527780123423,0.0020563586709769328,0.0788191681999616,0.001991289092394163,0.03166535520880391,0.07940302412842644,0.004907683748310662,0.030458167081751284,0.009710357778074823,0.0792673564000974,0.01106056218374017,0.04833115251396627,0.07896423165924916,0.06119168351429306,0.004012355788546543,0.07922512531112413,0.003016919510441237,0.07925745893237232
0.07894420514124215,0.03842674219935258,0.0008954776819973276,0.018108944472983966,0.0784043802425419,0.029719872612266628,0.06872343607032944,0.0020425948119101728,0.07978931468897571,0.003082304159268822,0.027393413861709643,0.08037097489143237,0.0038232302899346812,0.030121049795047615,0.011901212062701989,0.08025588947783492,0.009544227242758378,0.04900387791754082,0.0800581299916744,0.061173811857789966,0.0050388639886771785,0.08011606316769623,0.0028468847549707288,0.0802150986193624
0.07860182028203848,0.039011203550871176,0.0006765928162113326,0.012455689436921191,0.07807197033842364,0.031540703941731,0.0733565678044081,0.0022511214600843773,0.07899940934240195,0.002970516070175674,0.0256564736469033,0.08004915554601584,0.0048024662498610165,0.03300401233893168,0.01030883352846124,0.07996027859921448,0.00823193970493641,0.05181023065512146,0.07931927282634281,0.05963635972880755,0.005313508693968847,0.07983007907326033,0.0042248472138791395,0.07991694715102897
0.07836665011618095,0.026920656365274232,0.0009862601300963916,0.010349429015459065,0.07860567758555315,0.030163737713393198,0.07333238060395329,0.0029876773892180877,0.07926596186341839,0.0036081558285521063,0.03412605918277613,0.08070933965775014,0.005138984750500646,0.028021698656187317,0.011788200320741534,0.0805971337631328,0.006883626928654577,0.057755707470000514,0.07987790566925539,0.058909638990535675,0.005992383152315954,0.08037600304494939,0.004676498060908658,0.08056023374119244
0.07881130671470973,0.024373247244478678,0.0009701775291442826,0.010231024626279792,0.07873445516573899,0.03165255302272773,0.07463564502366592,0.0045209819263886805,0.07849135940698397,0.0024829983966741086,0.03673680625422268,0.08061171545789432,0.004267173367306645,0.031416102611742276,0.010343169074287055,0.08050338139367684,0.006486522516372265,0.06215691199847523,0.07962078983643694,0.05379907300425779,0.004537150831120864,0.08035139368919432,0.0037580859118920393,0.08050797499632883
