0,1,2,3,4,5,6,7,8,9,10,11,12,13,14,15,16,17,18,19,20,21,22,23
0.060401816,0.06307436,0.073013164,0.08651683,0.044113416,0.0062507046,0.028901512,0.0004999276,0.06056024,0.039739348,0.051230945,0.07550679,0.023172587,0.03139595,0.021997184,0.016115556,0.05366655,0.0139106875,0.00597498,0.038461227,0.06493533,0.031899896,0.06569744,0.042963564
0.03831185,0.002895017,0.10480591,0.026045455,0.02067418,0.1069791,0.031568445,0.10546892,0.07553211,0.06988752,0.00036670978,0.028050808,0.02631862,0.08250553,0.0108859725,0.041885264,0.0034848668,0.020660669,0.0061008777,0.015677966,0.019323925,0.023241378,0.064588174,0.07474071
0.07343117,0.005975244,0.022012789,0.0016846029,0.06547142,0.06830734,0.07027064,0.04109729,0.056410316,0.006427536,0.019622702,0.07256527,0.06867033,0.032952163,0.040708046,0.00081680226,0.00071561296,0.07376011,0.07309559,0.012983575,0.03706066,0.07277367,0.0124810245,0.07070605
0.0071711056,0.0009410558,0.077568136,0.02338677,0.022525806,0.0077786134,0.07799948,0.00053502584,0.06900866,0.0581075,0.03731587,0.07604216,0.008334896,0.0044017015,0.052924905,0.05000833,0.035877563,0.03880953,0.08085157,0.020731267,0.078045145,0.031559702,0.07197031,0.06810495
0.015935104,0.016734412,0.056075167,0.068513006,0.063658595,0.0013943024,0.06924395,0.014669259,0.06811196,0.059884414,0.0410821,0.015436588,0.016035043,0.074182,0.03798277,0.006986983,0.007209335,0.036529623,0.04538309,0.062641114,0.07429334,0.064965926,0.05439046,0.028661449
0.091355175,0.083325036,0.024736011,0.048882164,0.0836708,0.005749318,0.0016581848,0.0057600923,0.064337924,0.042332795,0.005950904,0.008051174,0.09000294,0.083907686,0.0052729077,0.09334871,0.0878847,0.058927353,0.031823795,0.001636876,0.06068172,0.01215296,0.0018978956,0.0066528465
0.017238539,0.06101012,0.053241596,0.022589369,0.014105565,0.035858564,0.0059497147,0.020190107,0.10681507,0.045651756,0.04371593,0.006020809,0.11036233,0.05597238,0.089511424,0.053553805,0.019408416,0.044209037,0.0057477453,0.027651688,0.01953657,0.025482444,0.01801446,0.09816263
0.069539,0.038099665,0.027223865,0.06612154,0.03878347,0.03919163,0.075632714,0.056607857,0.05748128,0.0030256337,0.0039967922,0.060315184,0.07113815,0.07483191,0.028898284,0.0047102403,0.07629793,0.028313583,0.031670053,0.0030696255,0.033767026,0.019610591,0.035830572,0.055843394
0.021813357,0.0019523108,0.05049439,0.0029372936,0.008076897,0.05771821,0.07763294,0.074771665,0.042975992,0.07136796,0.04828833,0.02612986,0.054049116,0.06798203,0.025745692,0.028752424,0.076778136,0.023811374,0.013576198,0.06571739,0.07366157,0.051847085,0.031569425,0.0023502994
0.040257946,0.049319517,0.022764554,0.013934115,0.06184658,0.061868723,0.065296166,0.04288149,0.061082166,0.061650388,0.0141682485,0.03159181,0.03205282,0.05026026,0.065296344,0.020292886,0.027984273,0.0232679,0.04378018,0.065362,0.0049507474,0.065906815,0.009610625,0.06457352
0.07239795,0.041417904,0.057650305,0.012504549,0.06642514,0.06120832,0.05771694,0.0033056745,0.074290656,0.06733089,0.020373404,0.06573162,0.009209725,0.01701936,0.0152182765,0.027544638,0.002303598,0.049385488,0.026372643,0.007674964,0.06999043,0.0447528,0.07816066,0.052014165
0.0038501264,0.039053537,0.03791908,0.06140173,0.049278457,0.00924544,0.056515556,0.0032227486,0.025902605,0.045372035,0.039543685,0.06731494,0.064645246,0.036964696,0.059441093,0.06193622,0.04635728,0.026970051,0.01361226,0.057579905,0.05323655,0.05548688,0.06518439,0.01996551
0.057056572,0.05165161,0.0033858456,0.05572716,0.016604831,0.07191738,0.0033689286,0.07450281,0.074110955,0.026845263,0.071894005,0.006297281,0.0065543535,0.048435755,0.07372789,0.06274843,0.040282592,0.014558485,0.015742846,0.005435257,0.07613396,0.072065294,0.07067282,0.00027966622
0.053297527,0.019644594,0.065433584,0.03917152,0.039792407,0.0153719615,0.008971271,0.0153285125,0.031773012,0.0033245205,0.028830225,0.06409239,0.09250541,0.016645676,0.07753013,0.0714902,0.06904045,0.01389486,0.0070704827,0.012647222,0.06798785,0.07803358,0.07130546,0.03681715
0.047383122,0.01474864,0.018777443,0.017308215,0.09733886,0.08617575,0.00476749,0.018988326,0.013923592,0.09331947,0.02518722,0.096881494,0.04729677,0.06102587,0.023850149,0.0343056,0.009912898,0.066876285,0.03686651,0.019032676,0.035748173,0.02768926,0.03611201,0.06648423
0.049614158,0.016903989,0.033825718,0.0690592,0.02889832,0.017733525,0.07402026,0.0051300554,0.06805241,0.07152022,0.0070684794,0.072550595,0.03534428,0.026279613,0.060629778,0.041108053,0.013312146,0.04297981,0.0016827157,0.07251692,0.048540514,0.021413466,0.04998058,0.07183513
0.022022665,0.046930876,0.009866234,0.04380396,0.06413625,0.058136478,0.02784374,0.03412459,0.034408517,0.01082898,0.051665336,0.011718662,0.06367462,0.008958249,0.062305268,0.0562526,0.0556044,0.05326931,0.054981552,0.053502314,0.04121833,0.043695908,0.045506638,0.045544524
0.08477386,0.002242575,0.02255672,0.05503339,0.053886667,6.678908e-05,0.06400895,0.07482448,0.03734135,0.023020381,0.060033694,0.08820919,0.028762866,0.022645164,0.01755824,0.01548709,0.06879545,0.061470784,0.0072540855,0.07266531,0.04619339,0.006598192,0.08210378,0.004467607
0.017442187,0.031529177,0.031735815,0.05562376,0.0010600038,0.040178146,0.06996018,0.064134814,0.07225989,0.023132488,0.039355006,0.0017243084,0.023180256,0.053101525,0.04362293,0.010754577,0.039147604,0.038718358,0.050879102,0.05969706,0.05757712,0.06181157,0.04951192,0.063862264
0.037557844,0.07201358,0.033512358,0.026724601,0.017633948,0.026844688,0.005591746,0.019051746,0.021099694,0.0875639,0.006969359,0.02818863,0.08040534,0.0640723,0.04147517,0.083681345,0.087007426,0.0023553097,0.051130347,0.03368333,0.038924035,0.07871128,0.02744347,0.02835851
0.06677905,0.078872696,0.014997434,0.0029416115,0.019611424,0.002020503,0.05909089,0.001738843,0.064955086,0.044967376,0.057895985,0.024725417,0.071302354,0.07152969,0.0721692,0.018193113,0.011566204,0.003891076,0.026259482,0.025398793,0.053637516,0.05443542,0.07295951,0.08006128
0.014224886,0.04181869,0.06840979,0.04795928,0.07411837,0.055607326,0.013371434,0.038293842,0.053198,0.020692302,0.07890396,0.047198597,0.033305537,0.005504784,0.038972735,0.018389555,0.040174037,0.0794554,0.052321512,0.0095734615,0.026826069,0.06574432,0.049107395,0.026828697
0.04279256,0.0020808468,0.030245852,0.014770653,0.0019471028,0.04112629,0.04501888,0.05706132,0.029057706,0.07595723,0.019341333,0.009742081,0.00751432,0.048574664,0.004612141,0.09033178,0.10011671,0.04718253,0.062833466,0.023514817,0.03429239,0.041459706,0.09286835,0.07755726
0.060284555,0.05952303,0.06488769,0.0175038,0.024032341,0.005990988,0.067637116,0.060153827,0.015007643,0.04324507,0.06185457,0.034944918,0.025452767,0.019889545,0.067429766,0.047205176,0.04386038,0.003183817,0.0161797,0.0631622,0.05367877,0.030353786,0.057411157,0.057127424
0.034388274,0.00462369,0.0022225229,0.06672166,0.073691495,0.060122818,0.004698447,0.08453824,0.06530452,0.012921647,0.07804517,0.058887783,0.07933412,0.0076805963,0.0020323873,0.03828102,0.002251636,0.07670752,0.074663915,0.017349478,0.013153367,0.011754034,0.061683338,0.06894234
0.03012357,0.0032545275,0.022845369,0.06555203,0.008774407,0.00970339,0.03780217,0.077896066,0.0264613,0.051162645,0.072593845,0.063923076,0.050228238,0.012454213,0.007233702,0.05124282,0.069035076,0.020584378,0.055392478,0.047140982,0.050799236,0.06112193,0.057593342,0.047081232
0.05275039,0.013460412,0.035192344,0.0930605,0.042408865,0.06767936,0.0010077873,0.022987556,0.058784574,0.01656438,0.07702738,0.05405642,0.08768578,0.09136407,0.022363082,0.027183559,0.020058658,0.05683315,0.0036406552,0.02949778,0.013982352,0.002720659,0.103532165,0.006158136
0.015703123,0.07566038,0.07619169,0.030063158,0.06695031,0.0083247945,0.0030190162,0.013554458,0.06460397,0.023364075,0.060950156,0.0720297,0.0644949,0.011942235,0.059373192,0.05942133,0.059003543,0.031993236,0.07829784,0.01483108,0.023137903,0.0029368927,0.05476818,0.029384825
0.073816456,0.07777485,0.008423172,0.019221421,0.07392954,0.054990012,0.07073515,0.06403896,0.06351209,0.007013444,0.07570045,0.056362692,0.012035107,0.013633051,0.037890457,0.06282548,0.024711652,0.02190488,0.01360451,0.011233009,0.0737794,0.020597223,0.059701882,0.0025651262
0.023205241,0.022082636,0.008109574,0.050413523,0.004417602,0.01691075,0.008046778,0.06837437,0.011063291,0.08244793,0.0935982,0.06762216,0.025027905,0.0097045135,0.090585016,0.025163494,0.019886492,0.07256396,0.01560807,0.021081926,0.083974294,0.039163504,0.08226419,0.05868457
0.054273166,0.06121878,0.03569729,0.07647085,0.017492441,0.014437201,0.07567198,0.055061378,0.047965415,0.07358475,0.024041023,0.074855246,0.027917273,0.07034019,0.035932083,0.0054935096,0.012076756,0.038651265,0.04256716,0.0059111323,0.074017145,0.010164915,0.06398374,0.0021753793
0.025802398,0.04438003,0.061020218,0.03173317,0.071691565,0.011134552,0.06683967,0.020736417,0.035443597,0.029646212,0.008551077,0.008993642,0.034485575,0.05603366,0.050774183,0.024913605,0.06509711,0.01959549,0.024841988,0.051164143,0.072577566,0.06432505,0.061296385,0.058922693
0.047066897,0.0077191913,0.0727969,0.028118692,0.00042780399,0.05218859,0.06333542,0.043508474,0.010089676,0.002504262,0.04306505,0.055331968,0.07343667,0.03056942,0.06939596,0.067052975,0.04485005,0.023679467,0.055997163,0.06099204,0.020933045,0.040937014,0.03334527,0.052657947
0.063648045,0.08099966,0.049597353,0.061863694,0.03961761,0.0035167674,0.02739225,0.023492634,0.042528298,0.08023679,0.0818125,0.06846055,0.007847042,0.046615247,0.048961103,0.03401192,0.01235925,0.0075690513,0.024942426,0.001531853,0.062488385,0.012087872,0.08437075,0.034048963
0.003812872,0.040890858,0.03864145,0.059869558,0.027700424,0.052843973,0.005655511,0.007401538,0.024442565,0.08392818,0.041291054,0.07768809,0.068646654,0.08787759,0.041647613,0.055667195,0.014296768,0.04741276,0.08354438,0.025315274,0.022510413,0.0040497947,0.0054747905,0.079390675
0.08596183,0.045939155,0.04810833,0.061258733,0.049962025,0.03171845,0.013268708,0.036620468,0.020007592,0.02274651,0.013845591,0.048187107,0.044339307,0.06531741,0.011854283,0.108664386,0.016822385,0.03825875,0.08621935,0.010737117,0.08941763,0.008592425,0.010661389,0.03149106
0.047585804,0.036598038,0.008806616,0.06823096,0.07222844,0.061903846,0.0048329537,0.023685446,0.070136726,0.07877379,0.008129159,0.01632737,0.009190838,0.06455566,0.016108079,0.07758322,0.020155175,0.04851005,0.014593504,0.0370738,0.018511802,0.06429759,0.076788574,0.055392586
0.055519048,0.016530612,0.08326684,0.056721214,0.0011027784,0.020852065,0.012328816,0.015955951,0.029144434,0.08536493,0.071401395,0.016907869,0.048835725,0.079304375,0.028295338,0.08668618,0.021661587,0.01620611,0.06925396,0.08144454,0.03366389,0.009449532,0.00786636,0.052236445
0.02498748,0.024692127,0.03811005,0.070685886,0.06825047,0.047316574,0.054932944,0.07216882,0.0015989881,0.071310245,0.07444304,0.04237785,0.059177063,0.0074013732,0.0059497124,0.05891746,0.06503697,0.0527092,0.06262313,0.0010741624,0.0014687476,0.0058763386,0.051165417,0.037725993
0.07009318,0.017585807,0.0667305,0.08518666,0.05326748,0.07699416,0.09071787,0.0059255995,0.009171237,0.005396215,0.018034754,0.019043248,0.016974805,0.07450354,0.08664402,0.039017856,0.039279286,0.049589112,0.022741811,0.031400234,0.013559299,0.09689331,0.0035086486,0.007741316
0.071746424,0.004397883,0.052159958,0.009987169,0.08020546,0.070361435,0.069974065,0.016435964,0.048360836,0.086178936,0.0064452407,0.009729743,0.011276108,0.03523589,0.07427966,0.032668103,0.05920758,0.08711579,0.05467161,0.019474206,0.019642254,0.070854,0.0037039006,0.0058878255
0.04789546,0.04282757,0.072223365,0.0070312163,0.05630194,0.003255782,0.034590073,0.049471088,0.068907216,0.087880686,0.054758172,0.026646214,0.005399811,0.013036841,0.01863996,0.038637206,0.02790845,0.06166722,0.011798599,0.015680287,0.07203646,0.08504089,0.02288403,0.07548144
0.042119384,0.056562666,0.06827233,0.04889638,0.053594828,0.0024655352,0.02007107,0.07992897,0.04671938,0.008082133,0.042766415,0.020636702,0.012930769,0.0017682206,0.013433015,0.052692894,0.044371504,0.04157468,0.029554697,0.0030820884,0.07828887,0.07464199,0.07678756,0.08075785
0.05583927,0.008667749,0.083953,0.019293856,0.09382342,0.027465703,0.018065993,0.060632363,0.07494863,0.0093414355,0.07952479,0.0014278315,0.006265028,0.002644821,0.02803773,0.091376774,0.0057770857,0.061788358,0.08791243,0.03646403,0.0026452846,0.016886182,0.03926911,0.087949105
0.030197661,0.0536886,0.059042312,0.049460195,0.053880766,0.043917112,0.047273938,0.046824314,0.057206973,0.047506068,0.05253788,0.057221383,0.031058073,0.022522502,0.052200004,0.05618187,0.026664648,0.04483606,0.028112859,0.0054051992,0.05835691,0.031584326,0.0013406387,0.042979714
0.07728852,0.06451798,0.07736727,0.04065907,0.0016836054,0.008130567,0.036294304,0.08290914,0.07370164,0.056526575,0.07728127,0.0128959,0.018782869,0.026006723,0.0035089802,0.020951688,0.03830963,0.017839255,0.06089327,0.02269904,0.009990405,0.0703031,0.08234749,0.019111672
0.031670336,0.07280811,0.070586994,0.07172832,0.069742404,0.02166863,0.029946323,0.022707555,0.021304639,0.06260611,0.06880375,0.045465082,0.03182327,0.044618994,0.07129614,0.00819699,0.0202553,0.0077201086,0.059358202,0.027078383,0.028610734,0.025738267,0.02468247,0.06158291
0.038968988,0.10415507,0.011961945,0.09321793,0.050691232,0.002984626,0.10398779,0.010351459,0.023930816,0.06603229,0.0021147104,0.009056352,0.03661503,0.011951111,0.015673064,0.009797283,0.06314451,0.07172547,0.077891484,0.030169915,0.10791846,0.008192081,0.042692002,0.0067763724
0.07430218,0.006373283,0.03428026,0.05361652,0.07574451,0.020003155,0.06918577,0.07975503,0.07730377,0.07825611,0.0055296193,0.035482846,0.054379676,0.042709693,0.001186983,0.0009421772,0.077200085,0.0025670195,0.04706961,0.017957918,0.017333763,0.02118037,0.05035815,0.057281543
0.0018667438,0.034348678,0.062479246,0.010894979,0.1044748,0.026475953,0.0023029852,0.07226394,0.0945371,0.0054236758,0.020190839,0.07415335,0.07014507,0.02826228,0.013877567,0.043294657,0.064486176,0.057057794,0.016015042,0.11039285,0.06065184,0.018283112,0.0064644194,0.0016569728
0.062403,0.06886044,0.0027860182,0.0027288701,0.058117103,0.015874509,0.04914192,0.043849643,0.06495185,0.056574132,0.044567447,0.06797718,0.025442058,0.032681555,0.028423183,0.010366937,0.030631077,0.054877035,0.024382884,0.051387522,0.044681955,0.06252418,0.065493874,0.031275567
0.06492709,0.049409658,0.05290109,0.071271814,0.0022900235,0.080477946,0.04396042,0.07504321,0.012551789,0.02524046,0.004500716,0.07069083,0.066787556,0.041813415,0.04111365,0.055035166,0.030256936,0.019466007,0.026837178,0.03155273,0.071615644,0.034845985,0.016318548,0.011092128
0.07223728,0.024315925,0.031537473,0.071933456,0.037521016,0.018487228,0.0705205,0.00034922102,0.031768057,0.07337279,0.012472114,0.048736542,0.068922065,0.01715793,0.006943402,0.033937406,0.041441903,0.0240515,0.041672338,0.017108476,0.07362839,0.040361445,0.06440949,0.07711403
0.093479484,0.043921918,0.06970906,0.08219608,0.06317558,0.011549035,0.09670315,0.03222414,0.05367747,0.011105568,0.030904451,0.003730802,0.046012033,0.00605902,0.04630716,0.0036678477,0.092965655,0.0024568061,0.005592602,0.018758737,0.05181716,0.02619643,0.014268578,0.09352129
0.0132319555,0.021608235,0.0764797,0.05379284,0.07683343,0.065023065,0.08326502,0.0223144,0.05554302,0.06753749,0.03472147,0.041689243,0.0105617,0.06843902,0.013751156,0.06696801,0.060676374,0.0016059515,0.0060073594,0.04943821,0.0107430145,0.008451098,0.016820872,0.07449737
0.058495793,0.011536095,0.06367186,0.0057965266,0.012847919,0.057553966,0.06603162,0.019555131,0.052522875,0.037311215,0.047358148,0.07576085,0.061659638,0.06931703,0.0009593547,0.012977441,0.010032182,0.06954594,0.043108407,0.06294312,0.033415616,0.029002363,0.024313774,0.07428312
0.07338742,0.04059363,0.0072340234,0.026176486,0.032419708,0.0604792,0.068420306,0.030556647,0.015066545,0.07405981,0.06958554,0.0397958,0.025025364,0.006363187,0.026120318,0.078820325,0.0053692744,0.05914849,0.027924255,0.005767791,0.030405462,0.079936795,0.05229133,0.06505224
0.075105935,0.060376484,0.017088292,0.057766274,0.033806466,0.012013453,0.0033890873,0.012308914,0.044651154,0.018229898,0.051340036,0.07569044,0.06569324,0.009597703,0.04519445,0.005254155,0.07453463,0.06540221,0.04205958,0.031595822,0.06342839,0.04796551,0.07106493,0.016442958
0.016727516,0.056736667,0.041112646,0.019237116,0.023211839,0.057401925,0.068993814,0.043635465,0.051135752,0.006582625,0.040390156,0.06367757,0.006023381,0.03287732,0.014649558,0.027839579,0.010465571,0.07568988,0.022657344,0.07093032,0.07616989,0.04141794,0.05972974,0.07270637
0.100635275,0.023115851,0.07764063,0.09841534,0.011892221,0.047203604,0.03765253,0.06417928,0.08148916,0.010587222,0.023202041,0.0126359435,0.035624623,0.028101854,0.037794877,0.024364954,0.0015484049,0.04975764,0.0852439,0.028024131,0.018880274,0.041295428,0.03996403,0.020750744
0.0083370535,0.010068807,0.05908718,0.05770041,0.043559335,0.05319741,0.07080451,0.0151580945,0.05864223,0.06755715,0.06977876,0.02228719,0.0063856756,0.041879658,0.043379545,0.0350884,0.035006184,0.03894336,0.05735788,0.06587139,0.07013194,0.0056278165,0.06316257,0.0009874689
0.0013539332,0.024928117,0.01714715,0.06178816,0.061234698,0.071332976,0.007301313,0.024720175,0.045684204,0.055219732,0.035526145,0.06377707,0.069674015,0.039562985,0.015629781,0.038115792,0.0733722,0.0046544326,0.044074874,0.02441625,0.06378403,0.072215475,0.074683554,0.009802892
0.004351275,0.07292075,0.013649499,0.0050052404,0.013327253,0.0016191873,0.008010394,0.023168994,0.06614208,0.010165856,0.028827474,0.054145474,0.06355001,0.06991026,0.049788445,0.059974674,0.06289648,0.04636784,0.006009853,0.06866444,0.07247264,0.08556209,0.039547738,0.073922046
0.025550954,0.0010257827,0.012393144,0.04740252,0.03997342,0.03593027,0.036652837,0.04351689,0.050239366,0.0642845,0.046980206,0.022147857,0.0012860214,0.039722912,0.021239715,0.04259304,0.077926755,0.047869783,0.07427377,0.07759342,0.032763384,0.057650633,0.068676956,0.032305922
0.036700547,0.08652096,0.04210462,0.05644201,0.011458011,0.0016700071,0.05176972,0.07165099,0.02402546,0.010198355,0.038608864,0.08940827,0.018316785,0.044113997,0.066588305,0.035024382,0.004492877,0.04542513,0.019701254,0.0021484836,0.033768937,0.0837762,0.057756856,0.06832898
0.0024311875,0.0829256,0.00160623,0.012229053,0.013021602,0.0027166237,0.08873526,0.059472825,0.093274355,0.06467313,0.031059545,0.0072839125,0.0496584,0.09165429,0.03767496,0.017209534,0.005436765,0.07632936,0.020057863,0.0057679643,0.089191265,0.09276699,0.036964413,0.017858893
0.06140931,0.0016823823,0.05925443,0.061596543,0.03984808,0.049736552,0.023622362,0.05519846,0.07973232,9.203783e-05,0.008791277,0.058902375,0.0073603215,0.038035035,0.0611897,0.08178347,0.049624264,0.0697741,0.07772098,0.059879296,0.025965543,0.010820207,0.0065339687,0.011447046
0.020526566,0.020951223,0.0689476,0.053311218,0.07363999,0.012405854,0.015606428,0.0030541152,0.008698903,0.0071971156,0.004363221,0.0059328,0.031667914,0.10745208,0.028206242,0.013183998,0.09815327,0.04731488,0.11036208,0.0121204285,0.0681144,0.03654175,0.09084171,0.06140619
0.025985982,0.05760729,0.052933447,0.009287728,0.023709882,0.07008706,0.021857703,0.047077935,0.06093992,0.0078048687,0.073488116,0.037220113,0.011048002,0.071643025,0.048537005,0.044757195,0.072390124,0.007302683,0.027038036,0.058829695,0.008173767,0.050224192,0.052321102,0.05973511
0.04017316,0.017243573,0.0022178718,0.057546154,0.008459793,0.07702554,0.0014957001,0.0811279,0.05716804,0.03318375,0.024325985,0.07982315,0.052336946,0.01613706,0.06761249,0.05763706,0.0035163343,0.06602989,0.046149436,0.02241097,0.08011368,0.05603443,0.0033493123,0.048881773
0.023467382,0.09009635,0.03420395,0.015894502,0.088024475,0.0023401317,0.03792685,0.06150834,0.036589492,0.0030088571,0.05552462,0.01880599,0.07538546,0.047760554,0.0043594358,0.017414879,0.09392143,0.002175857,0.011021307,0.07115073,0.07577757,0.021982262,0.08624908,0.025410494
0.07588024,0.045223244,0.018834453,0.053653665,0.07753825,0.041436933,0.06143854,0.015144952,0.08138107,0.032015316,0.013737504,0.036606945,0.011914316,0.05568581,0.024782294,0.012586633,0.0051273075,0.07438463,0.020023819,0.04195744,0.053486597,0.047622465,0.08438095,0.015156668
0.054425243,0.0607616,0.0003930702,0.06291326,0.035710745,0.080711596,0.028917074,0.058678262,0.05145922,0.0140214395,0.049734473,0.0066252532,0.0390483,0.02867321,0.069964506,0.0574316,0.07985652,0.011863658,0.003581161,0.06987907,0.027433425,0.080149405,0.0026237157,0.025144195
0.025798557,0.061363004,0.0016766894,0.034734905,0.0068583908,0.067972004,0.07375492,0.07446795,0.05937386,0.014463494,0.07155442,0.011325233,0.06964393,0.04801162,0.0017578496,0.06331337,0.0586296,0.015783083,0.06855431,0.0772097,0.009927325,0.0032760978,0.03327262,0.047277067
0.015832368,0.042401113,0.031016335,0.06556157,0.068062834,0.079493105,0.06404538,0.07719524,0.005303834,0.016091572,0.07134996,0.03592714,0.02833567,0.06820217,0.010455494,0.009330227,0.06601164,0.014370808,0.010918761,0.06581368,0.009552698,0.070448734,0.0150444945,0.059235197
0.0320205,0.061597276,0.006944122,0.090176195,0.08321986,0.06259919,0.033226836,0.07998748,0.038831342,0.013532049,0.040372893,0.058664747,0.03972973,0.010622153,0.0010197288,0.04201332,0.05609812,0.007355556,0.011484837,0.040230844,0.08234989,0.025976585,0.061627652,0.020319061
0.023421444,0.031311136,0.06790936,0.049257834,0.031079507,0.047152013,0.053765457,0.07415524,0.06958887,0.061782263,0.023441246,0.010864262,0.03236947,0.04257914,0.02187748,0.07131485,0.03803449,0.07214491,0.020066435,0.005321405,0.06541381,0.023376757,0.052714303,0.0110583035
0.0050876234,0.051904827,0.06487595,0.030174987,0.060404714,0.002826442,0.019326191,0.05665955,0.001370783,0.05214523,0.017488925,0.04083128,0.08648553,0.07494974,0.044633426,0.089780405,0.026434543,0.0049171885,0.05413375,0.05656998,0.057970215,0.008103672,0.045746908,0.04717813
0.03919795,0.041042052,0.065283276,0.034699734,0.012998792,0.07193242,0.011168019,0.09060783,0.027216967,0.012976915,0.073976934,0.02396226,0.009123244,0.010778483,0.0671971,0.0659288,0.09232884,0.015854375,0.06524346,0.007139837,0.05668387,0.074267216,0.0020065093,0.02838517
0.003697616,0.06441963,0.06834965,0.03899304,0.06109314,0.024126874,0.064839855,0.011936287,0.026655534,0.06973198,0.03906617,0.01594744,0.0152826095,0.06523983,0.056382015,0.009628283,0.011487584,0.068466604,0.035369195,0.032038312,0.073814735,0.07055176,0.0643694,0.008512437
0.052007332,0.06732049,0.059936367,0.01806629,0.020410918,0.06913947,0.006975956,0.05280401,0.021987334,0.07212508,0.03762069,0.020056417,0.014776955,0.051990632,0.019271888,0.03800975,0.02850501,0.03605581,0.0546945,0.07986733,0.054973647,0.046133444,0.060837496,0.016433151
0.034559377,0.032170545,0.057257466,0.0644902,0.068334095,0.029212646,0.04229955,0.03732214,0.019821374,0.0025655811,0.042353597,0.034205,0.057055715,0.042785525,0.026839497,0.06978963,0.002226245,0.06093297,0.05631852,0.04497766,0.037689075,0.059526466,0.03092932,0.046337735
0.04997107,0.0009745827,0.004678773,0.080232315,0.033671875,0.076693736,0.006545567,0.004260406,0.0773587,0.025287561,0.042149074,0.039773177,0.0740494,0.03511533,0.017130889,0.00353683,0.08931551,0.082390465,0.01981295,0.0026518372,0.041802593,0.08533646,0.07071969,0.03654118
0.07512081,0.029814193,0.07438881,0.006741806,0.03455934,0.019604726,0.06942023,0.025099019,0.06317024,0.031067321,0.00047360087,0.01269264,0.0116954325,0.04488983,0.005584284,0.07585411,0.075673714,0.024766834,0.029353581,0.054113492,0.053044047,0.06487742,0.06963917,0.04835533
0.0072978535,0.075105496,0.09081201,0.0781414,0.002450583,0.046913847,0.047039006,0.01608431,0.0023383405,0.0421677,0.004442429,0.015170243,0.07544956,0.080744535,0.045449786,0.07178191,0.060925525,0.039358757,0.06373602,0.020973684,0.031656723,0.006819203,0.0035716996,0.071569316
0.002931014,0.030577889,0.068295896,0.028850023,0.0005478704,0.07377531,0.05081982,0.011477192,0.07873052,0.009791502,0.07639015,0.0045679663,0.06436517,0.06444227,0.06323035,0.05635352,0.06496694,0.057353523,0.0015410567,0.011901225,0.02490286,0.030202974,0.07305434,0.050930675
0.037086923,0.06677749,0.0009893592,0.06174866,0.06815648,0.04554855,0.054460395,0.015617453,0.065635495,0.018804016,0.0073170406,0.062073585,0.054355644,0.011556133,0.047002167,0.06709425,0.049772024,0.04164372,0.04180274,0.05498246,0.019683937,0.01799326,0.050555874,0.039342303
0.011489606,0.0063651092,0.079023324,0.054013457,0.08066843,0.005404113,0.06940459,0.06607002,0.06644877,0.031410847,0.042764843,0.064592816,0.013767051,0.08007356,0.03461924,0.057774134,0.0047835144,0.019469032,0.027098075,0.058066122,0.024801949,0.01946938,0.08132992,0.0010921084
0.059761077,0.061943337,0.030946057,0.052095808,0.024877552,0.073255986,0.016615419,0.07549801,0.005559386,0.062842384,0.030457696,0.04196906,0.047173478,0.018570846,0.006402084,0.071720615,0.019162003,0.07958771,0.0059653623,0.009463133,0.014711443,0.03805858,0.07826319,0.075099744
0.07579415,0.0471797,0.04017791,0.02299369,0.012613452,0.07704848,0.05048635,0.066491686,0.07887739,0.049405858,0.053461153,0.008266499,0.025559068,0.01526046,0.0071368976,0.0014749308,0.056794297,0.018753858,0.04990804,0.05490333,0.059761245,0.010316046,0.065620616,0.051714905
0.034064718,0.035279386,0.08112611,0.07998127,0.013534704,0.064786375,0.060894743,0.013829976,0.05910589,0.06904496,0.010050727,0.06941969,0.0056373044,0.0016313156,0.03858654,0.044919446,0.054961633,0.0017025541,0.015525887,0.0057660933,0.07294044,0.037511453,0.05959561,0.07010308
0.055353872,0.059159983,0.06706387,0.058688544,0.0022989267,0.05624304,0.023473889,0.062300686,0.0030912345,0.0063251057,0.022907432,0.07224761,0.06298958,0.016539667,0.08421995,0.007942235,0.030694775,0.06933307,0.08105828,0.066372335,0.04425925,0.039311875,0.005889998,0.0022348755
0.042966403,0.030575732,0.022255238,0.06563516,0.017419694,0.041709002,0.06510563,0.007372,0.01709913,0.048141163,0.04021857,0.001791749,0.04837962,0.051367424,0.06833439,0.054263946,0.07121998,0.056104496,0.0019668178,0.045418862,0.07094291,0.061235797,0.023540253,0.046936046
0.03800566,0.0939186,0.011034111,0.06485434,0.027300445,0.0482669,0.02799678,0.05330776,0.09253725,0.028574476,0.007867925,0.010597423,0.075416446,0.028685454,0.0037210213,0.0690913,0.07077324,0.021957882,0.0053863963,0.08015748,0.044647668,0.0017531206,0.017412515,0.07673583
0.041845784,0.059249755,0.034179557,0.0050077327,0.056005843,0.06575389,0.052501984,0.06905731,0.071162745,0.090364255,0.014957784,0.02315482,0.058781434,0.033812046,0.05202211,0.031697486,0.013370983,0.0039049499,0.0011304104,0.05292991,0.037025098,0.047971208,0.067643955,0.016468935
0.015109161,0.066390865,0.048205007,0.06118019,0.069845825,0.059125572,0.0005873222,0.0009665632,0.06747261,0.050307423,0.014817283,0.009597953,0.058165092,0.066050924,0.04964104,0.052534256,0.06139456,0.009452335,0.011532037,0.020227551,0.045879945,0.06119951,0.06291425,0.03740277
0.0051534134,0.00060287275,0.0012133318,0.018294884,0.043792166,0.08503349,0.003098071,0.03653657,0.06383318,0.04460742,0.071517155,0.013335689,0.026822949,0.08117168,0.03654685,0.08576139,0.029749935,0.06493404,0.08944095,0.012707147,0.0491052,0.018181173,0.079039216,0.03952119
0.031571593,0.0769632,0.029726326,0.063493095,0.021431642,0.005698621,0.0012128557,0.043981083,0.07243784,0.07398368,0.027438026,0.0043162974,0.07983473,0.054103643,0.01022111,0.07868981,0.04681032,0.07351241,0.025859522,0.0744714,0.008122923,0.047527302,0.012294124,0.03629853
0.074234895,0.05145312,0.08701863,0.07428581,0.08009372,0.0028952474,0.07558359,0.0029979863,0.017749272,0.053237922,0.07513857,0.0009367263,0.07349136,0.08766471,0.051018357,0.037246108,0.018357426,0.035811786,0.031553555,0.0035319764,0.004809791,0.028029148,0.018575167,0.014285137
0.09537908,0.006537698,0.02199748,0.08841345,0.012060496,0.010006268,0.030099684,0.012820393,0.010904358,0.03756253,0.09059694,0.004793796,0.021149926,0.007656316,0.044958767,0.08926051,0.04631925,0.036073912,0.086539485,0.032176655,0.038947657,0.0700744,0.095072955,0.010597971
0.078782804,0.06328682,0.019176679,0.027251026,0.0571775,0.013981791,0.0075885747,0.06853525,0.03951619,0.017874483,0.040151063,0.01567272,0.07612237,0.014681273,0.03913766,0.03993118,0.061507836,0.076918,0.028204272,0.017767483,0.015459158,0.051247943,0.074125946,0.055901896
0.03910073,0.06318652,0.059765857,0.0073267333,0.006629742,0.015292707,0.052957192,0.09733358,0.003446596,0.031460293,0.08103709,0.007913877,0.04031358,0.07790451,0.08729495,0.022462174,0.034153555,0.103086025,0.040000092,0.07634113,0.0029271918,0.016434614,0.022896267,0.010735032
0.07732323,0.07708662,0.025726888,0.04921389,0.0065013976,0.07760403,0.0065464703,0.019517768,0.07743658,0.076862074,0.052886568,0.047507484,0.001516243,0.022012414,0.042021267,0.023936253,0.074563876,0.0270691,0.0072088595,0.026745446,0.07158653,0.012910833,0.01984238,0.076373756
0.0591598,0.0012017703,0.014554703,0.029197067,0.0872574,0.09232954,0.07202245,0.08334696,0.054119587,0.06432113,0.039499573,0.062376577,0.0036157018,0.03314847,0.023118146,0.018504469,0.03425712,0.08550289,0.012847541,0.0015439732,0.019367749,0.050261877,0.017116038,0.041329436
0.09498717,0.040493555,0.049563553,0.04125799,0.0036544246,0.09672498,0.004827876,0.056235246,0.026790136,0.094929,0.025405325,0.017354017,0.09074324,0.005995989,0.019468362,0.017621923,0.02576665,0.0061766347,0.09803338,0.067120194,0.021912316,0.010404245,0.0032022402,0.08133158
0.06765479,0.027978558,0.046078455,0.009112789,0.0049184426,0.047179215,0.050961144,0.06220345,0.015117555,0.044525765,0.043617655,0.06477995,0.009605143,0.066839084,0.06585987,0.057237588,0.03519338,0.05360086,0.07264493,0.0020339347,0.0013595017,0.07345643,0.045053948,0.03298755
0.02165493,0.013346214,0.07250763,0.0053615756,0.061632723,0.022923354,0.07958391,0.06274657,0.07856097,0.0038838442,0.030177027,0.03677945,0.03496513,0.015077136,0.0757045,0.02385157,0.035711214,0.069289535,0.06102911,0.049963403,0.0010547141,0.07209981,0.037707433,0.034388248
0.06467552,0.07019034,0.017988542,0.038196087,0.05688309,0.0052441093,0.06715679,0.08008252,0.0689844,0.019834505,0.056849085,0.047354702,0.05709429,0.03814355,0.07056863,0.072738014,0.004023098,0.073715866,0.058402054,0.0068384246,0.0032208927,0.010113795,0.0021894819,0.009512232
0.065177925,0.08463532,0.0639065,0.0869657,0.014041882,0.013676241,0.027703308,0.0007562256,0.016200427,0.06292819,0.026706254,0.04481307,0.026817672,0.08263747,0.052008115,0.029094655,0.0022876412,0.007405036,0.009922613,0.03310916,0.03938472,0.08923358,0.056818116,0.063770145
0.05014317,0.013771665,0.01370341,0.047034796,0.03659467,0.06347211,0.0022303413,0.051785335,0.06890818,0.06938061,0.012142706,0.054182164,0.027011283,0.035539046,0.04107491,0.06595688,0.068630606,0.05127783,0.012679791,0.058148306,0.02088341,0.05580785,0.046391085,0.033249855
0.06578446,0.022999551,0.0672596,0.0517203,0.05656413,0.054439187,0.06635198,0.06433724,0.019518293,0.06617523,0.067258805,0.040183757,0.017831797,0.016886596,0.010151564,0.03630282,0.0044415933,0.04680298,0.0631373,0.0043816236,0.064915255,0.06473842,0.0146305235,0.013186926
0.007977818,0.0012973727,0.004645861,0.016861927,0.023811668,0.03864046,0.0036862195,0.038144402,0.04695421,0.06320988,0.07387644,0.07540994,0.022348436,0.003992149,0.07271712,0.03396574,0.049146596,0.04837038,0.07193886,0.062977105,0.051556904,0.06582346,0.059188165,0.063458845
0.025229722,0.06630263,0.082069814,0.001002382,0.08119538,0.0018384685,0.005337709,0.039069798,0.04001975,0.057495024,0.080221534,0.031454593,0.069496214,0.022240574,0.04182126,0.0032301766,0.0005702298,0.08445922,0.05509094,0.03558367,0.00997016,0.06490861,0.06867648,0.03271564
0.028039329,0.002930837,0.053719133,0.012773016,0.018641967,0.073566996,0.024592023,0.004421261,0.06088842,0.037553567,0.015311665,0.005633329,0.005086395,0.08396847,0.017354911,0.064027235,0.020316599,0.07028813,0.09014177,0.08326291,0.0030508246,0.043096777,0.09127127,0.09006314
0.044058524,0.0061938157,0.044965453,0.016655566,0.03975811,0.046362303,0.048769422,0.054405876,0.029590392,0.051094826,0.0350435,0.004079346,0.06399686,0.028012646,0.050964113,0.0136657255,0.009619327,0.071475334,0.06827834,0.069428,0.0249316,0.07367646,0.07549925,0.029475154
0.076672584,0.0353989,0.03560994,0.053858798,0.031043498,0.039956473,0.021484844,0.04251376,0.009346913,0.0032254744,0.0022282584,0.07408701,0.07456127,0.07023692,0.07237877,0.0055036326,0.05063159,0.007649697,0.011357253,0.048525564,0.06404611,0.05382734,0.048814986,0.067040406
0.0727734,0.027450865,0.06090475,0.0556559,0.06182594,0.07751002,0.0065263975,0.059569508,0.01959034,0.06062626,0.038272213,0.07514791,0.047320988,0.022720689,0.06946913,0.0048180046,0.011130057,0.011066111,0.06230277,0.06576022,0.014897119,0.031172274,0.013769108,0.029720034
0.016575037,0.00048319183,0.082655855,0.033369023,0.073457375,0.02529901,0.02465868,0.068688914,0.09321164,0.0026124641,0.004971622,0.020428758,0.04557203,0.07779069,0.08736512,0.034821946,0.0009168786,0.012210467,0.0065066433,0.07533353,0.094931565,0.022825034,0.091605,0.0037094567
0.064965956,0.059915718,0.019760573,0.031463753,0.003558842,0.048832826,0.04822079,0.037264176,0.011843048,0.059846472,0.06000947,0.06293847,0.0035843179,0.06805166,0.059579186,0.062116172,0.045523807,0.0021638842,0.028768402,0.004442622,0.06134948,0.053343125,0.062124386,0.040332895
0.06763988,0.008279525,0.0077832183,0.090957865,0.083890334,0.09089827,0.073181175,0.07768251,0.091002434,0.07828687,0.0057320567,0.07626122,0.067395665,0.033650648,0.015041406,0.008748458,0.022668485,0.009761666,0.0155231105,0.0038124376,0.005664779,0.028270384,0.028637556,0.009230086
0.012583726,0.0075516975,0.05124953,0.037099767,0.02612083,0.08389477,0.034439147,0.006809509,0.08180731,0.08409811,0.08594178,0.005705494,0.044911597,0.0032965676,0.036890097,0.053722605,0.023856254,0.049416285,0.03882914,0.036166504,0.087021396,0.031582274,0.0633731,0.013632516
0.0022670354,0.009451946,0.010725749,0.0032063874,0.042415887,0.06847928,0.081758305,0.08738093,0.054411676,0.016385848,0.0030665013,0.00011174583,0.08741126,0.045940597,0.01672997,0.05199871,0.013058214,0.01806173,0.076435424,0.07272014,0.08000873,0.06023297,0.065565616,0.032175396
0.016623024,0.018305829,0.08106534,0.018011203,0.067771934,0.02029991,0.00447168,0.07094868,0.060588367,0.06617169,0.07156012,0.020291943,0.00845052,0.03569116,0.0097614685,0.020249475,0.06775565,0.03918835,0.06519266,0.064555965,0.02436444,0.0681267,0.025451545,0.055102307
0.08746318,0.059235174,0.04307651,0.06650755,0.009967781,0.00995478,0.0493005,0.010415366,0.065905534,0.0025529575,0.048495293,0.06753412,0.048571374,0.032702584,0.056231465,0.03798147,0.053530354,0.015506226,0.052639805,0.021261858,0.0030413067,0.07501978,0.0050066453,0.078098364
0.012321196,0.07425408,0.07380576,0.030829668,0.07145685,0.050897706,0.015924206,0.0131397415,0.073456906,0.07908922,0.005216919,0.0651287,0.06935833,0.0061075967,0.038642563,0.012576483,0.033079725,0.063097484,0.042918645,0.004728971,0.051513374,0.063439265,0.019200014,0.029816613
0.05405657,0.058031566,0.036492713,0.062948145,0.026994403,0.010201108,0.05589202,0.044143528,0.0017758313,0.022941917,0.031720627,0.06195805,0.07092015,0.06271745,0.042732466,0.0741599,0.009288693,0.07761845,0.07387567,0.044481486,0.0013295405,0.040869456,0.0056149582,0.029235354
0.024541993,0.07472184,0.042551756,0.05111524,0.007766129,0.022567429,0.04345684,0.072069824,0.06893089,0.046386518,0.029756961,0.018654525,0.054542307,0.056248542,0.04214638,0.054678574,0.058491137,0.04249585,0.0037693009,0.01832735,0.048960805,0.019813688,0.07041966,0.027586497
0.05672413,0.03396308,0.010855172,0.061613455,0.05524595,0.032015134,0.06895665,0.06603601,0.038067725,0.05091927,0.03746389,0.059033666,0.0029181947,0.045254905,0.025612999,0.054448154,0.041511357,0.04704851,0.050366282,0.058669433,0.0026872472,0.027926521,0.060983073,0.011679235
0.04691582,0.0008244237,0.07556184,0.085213445,0.08541824,0.0051095225,0.00585506,0.06410562,0.0641393,0.06496776,0.060384806,0.032955777,0.0025896404,0.028671665,0.004019742,0.0018126925,0.07451594,0.042991545,0.0018135726,0.08049546,0.0037804763,0.031984616,0.052396264,0.08347671
0.036586996,0.053548463,0.068080425,0.030230045,0.032889742,0.06060797,0.06883593,0.058061775,0.016297914,0.023698771,0.064011395,0.03062519,0.06917545,0.05858644,0.0067782546,0.039857216,0.048111748,0.067266524,0.0145746535,0.06011804,0.05045744,0.006860917,0.015627306,0.01911136
0.07417479,0.02669525,0.07682464,0.029313035,0.03922986,0.047449447,0.0018307688,0.052864667,0.009926005,0.029378787,0.0030658022,0.077462964,0.051193222,0.015728934,0.05463442,0.010128784,0.037407536,0.03708748,0.024199393,0.051187385,0.044730015,0.07375724,0.059343506,0.072386086
0.016841652,0.069454856,0.06592516,0.019080259,0.07918325,0.00015162656,0.057241596,0.0076300874,0.05762318,0.06545795,0.073615305,0.050480016,0.064014055,0.011565698,0.058272615,0.0031850424,0.043919757,0.053071253,0.009686989,0.039206296,0.03815426,0.048682213,0.03559159,0.031965256
0.050542824,0.0742554,0.0634192,0.020785086,0.059238233,0.026419628,0.011448161,0.031794656,0.0066690496,0.06555231,0.029175835,0.0049548014,0.07501744,0.06963029,0.012729324,0.041081686,0.061438523,0.016996684,0.071227126,0.060282838,0.014780976,0.02563931,0.05667355,0.050247125
0.010523891,0.041979007,0.015025614,0.0115094455,0.100062445,0.06161861,0.010328602,0.06850414,0.012976937,0.07249939,0.014017644,0.0061600865,0.020373104,0.09209714,0.0756835,0.08851838,0.017136581,0.03401077,0.01540537,0.0038514782,0.039666884,0.0426204,0.092642225,0.05278834
0.0051726555,0.07671453,0.05380691,0.013928162,0.040693652,0.0028742254,0.08036598,0.06727387,0.059989013,0.06750024,0.01249594,0.07525083,0.030776788,0.04939282,0.029961765,0.0038132076,0.06758932,0.05390312,0.06059317,0.073756695,0.008736397,0.02219991,0.041256975,0.0019538372
0.06419458,0.06230652,0.047877412,0.04826888,0.055253144,0.04957249,0.0004775084,0.056981985,0.06341005,0.022913989,0.049728177,0.037747655,0.062846966,0.02224155,0.007908311,0.054701816,0.056992617,0.044374764,0.0018905284,0.06307037,0.06148806,0.06201064,0.0011317546,0.0026101638
0.04973293,0.011646932,0.023386028,0.01409818,0.06314365,0.0018432688,0.028811654,0.06531913,0.051150624,0.048929647,0.06310439,0.048103154,0.04804016,0.05554195,0.06800052,0.06493733,0.012942158,0.03480311,0.056829616,0.0044334265,0.04603318,0.0658147,0.05555363,0.017800638
0.08735456,0.0050523626,0.011436909,0.0010841785,0.009093683,0.004525342,0.09397633,0.0054418207,0.06970646,0.036850665,0.08262561,0.041893285,0.008607235,0.04019033,0.06143274,0.008947449,0.022542879,0.04393966,0.029749043,0.01679405,0.08239762,0.09070686,0.087488435,0.05816244
0.06933151,0.004468437,0.0466019,0.039971232,0.05352292,0.08902067,0.06911638,0.014365858,0.08736654,0.04083435,0.030992592,0.035962015,0.02983661,0.068703674,0.021915857,0.018695068,0.008270922,0.07472142,0.05443865,0.07734484,0.01961635,0.010071791,0.019156028,0.015674306
0.04044882,0.07841781,0.04117669,0.018304847,0.076017395,0.006773604,0.022479398,0.07271391,0.07456106,0.07328813,0.020992145,0.06392579,0.01039185,0.063888565,0.059852384,0.0012152463,0.0010097632,0.0062676007,0.050083857,0.049653023,0.027920075,0.02259862,0.071028106,0.046991337
0.0096453875,0.014035224,0.013349419,0.06828627,0.029524596,0.010993673,0.085606985,0.07436607,0.015027456,0.0766869,0.06484203,0.006448515,0.026883142,0.07571871,0.0041804705,0.006048218,0.021757841,0.039459527,0.009693002,0.060996164,0.07926589,0.08757033,0.06692339,0.05269082
0.04878547,0.051008075,0.0064074257,0.028253583,0.06352106,0.04517402,0.07596778,0.007023255,0.0469821,0.04288934,0.016033284,0.013499788,0.064350456,0.047504738,0.028055841,0.10658608,0.051468704,0.0021353764,0.025266666,0.08037146,0.0400168,0.005039555,0.029163983,0.0744952
