0,1,2,3,4,5,6,7,8,9,10,11,12,13,14,15,16,17,18,19,20,21,22,23
0.028394338,0.055180278,0.05083444,0.040150743,0.057073127,0.047876522,0.048923265,0.052706864,0.036513682,0.043606475,0.04036547,0.04683371,0.044278845,0.038096108,0.039664555,0.0321526,0.03907866,0.042297,0.04386286,0.030160958,0.031526335,0.03692422,0.04609229,0.0274067
0.028394338,0.055180278,0.05083444,0.040150743,0.057073127,0.047876522,0.048923265,0.052706864,0.036513682,0.043606475,0.04036547,0.04683371,0.044278845,0.038096108,0.039664555,0.0321526,0.03907866,0.042297,0.04386286,0.030160958,0.031526335,0.03692422,0.04609229,0.0274067
0.028319994,0.055303846,0.050929025,0.040128507,0.05717369,0.047948375,0.04897763,0.05279624,0.036476165,0.04363532,0.04037737,0.04685802,0.044294365,0.038033996,0.03963132,0.032066446,0.039063785,0.042284876,0.043877386,0.030086137,0.031444803,0.0368801,0.046118606,0.02729393
0.028234422,0.055430356,0.051028978,0.04010817,0.057279818,0.048019547,0.049035925,0.05288532,0.03643774,0.043662433,0.040391594,0.046893373,0.0443101,0.037969153,0.039586946,0.03197427,0.039052807,0.04227785,0.043894567,0.030020908,0.031356648,0.036828183,0.046141032,0.027179878
0.028224407,0.055446595,0.051037516,0.040107206,0.057293,0.0480357,0.049046393,0.052901577,0.03643242,0.04367168,0.040393036,0.04689788,0.044310927,0.0379571,0.039583545,0.03195777,0.039046913,0.04227137,0.043901052,0.030006157,0.03135202,0.036821824,0.04614338,0.027160538
0.028299015,0.055333074,0.050957788,0.040130034,0.057191033,0.047958925,0.048991967,0.05281768,0.03647033,0.043636438,0.040381335,0.046864532,0.04429377,0.0380216,0.039624285,0.032045208,0.039063364,0.042283043,0.043880742,0.030079206,0.031422704,0.036864087,0.046115577,0.027274234
0.028199801,0.05548426,0.051071454,0.0401022,0.05731668,0.04806053,0.049055543,0.052928112,0.03642572,0.04366727,0.040401775,0.046911273,0.044318546,0.037943568,0.0395737,0.031932753,0.03904281,0.04226743,0.04390529,0.02998418,0.031317905,0.03680452,0.04614987,0.02713482
0.02820053,0.055497944,0.051070504,0.040091608,0.05732402,0.048056785,0.04906556,0.05293396,0.036421694,0.043678883,0.04039482,0.046905242,0.044319835,0.037934862,0.03957156,0.03193357,0.039039213,0.04226245,0.0438975,0.029984877,0.031320125,0.036812466,0.046158135,0.027123855
0.028037554,0.055732306,0.051266063,0.04005867,0.057538174,0.0482038,0.049170222,0.053119004,0.03634055,0.0437216,0.040433627,0.04697234,0.04434932,0.037807774,0.039495517,0.031752057,0.039015662,0.042246044,0.043942448,0.029842993,0.031144131,0.036705904,0.04619589,0.026908379
0.028075237,0.055686537,0.05122712,0.04007061,0.057489,0.048171118,0.0491468,0.053087927,0.036349654,0.04371615,0.040429253,0.04695174,0.044339567,0.037839673,0.039517693,0.03178621,0.03901445,0.042244133,0.043930568,0.02986914,0.031181786,0.036732547,0.046188086,0.026955029
0.027950484,0.055864215,0.051376462,0.040052313,0.057646934,0.0482825,0.04922618,0.053220622,0.03629746,0.04375264,0.040446874,0.047005706,0.044354048,0.03774443,0.039463006,0.031652078,0.03899695,0.04223593,0.043956283,0.029767133,0.031048292,0.036648184,0.04622281,0.02678853
0.027931249,0.055908546,0.051401142,0.04002469,0.057684895,0.048291493,0.049252383,0.053249374,0.036284566,0.04377029,0.040445182,0.047009725,0.044372704,0.03771262,0.03944252,0.031627182,0.03898359,0.042240847,0.04396592,0.029742865,0.031027403,0.03664669,0.046232224,0.02675186
0.027759923,0.05615906,0.05159994,0.039991204,0.057890862,0.048450317,0.04936154,0.053440128,0.036207434,0.043817744,0.040479515,0.04707447,0.044403676,0.037593786,0.039356977,0.0314392,0.038963184,0.042215873,0.04399844,0.029597277,0.030852668,0.03654928,0.04628052,0.026517013
0.027747737,0.056195132,0.051636897,0.039996885,0.057930518,0.048480313,0.049381968,0.05347328,0.036192223,0.04383345,0.040480293,0.04707479,0.044410344,0.037573837,0.03935303,0.031412244,0.038950004,0.042212892,0.043997888,0.029566703,0.030816674,0.036518842,0.04627808,0.026486013
0.027823072,0.05606541,0.05152696,0.04000819,0.05781028,0.048391987,0.049321674,0.053352065,0.036250792,0.04379103,0.040461164,0.047052253,0.044382248,0.0376462,0.03939917,0.031514272,0.03896618,0.042219445,0.043981817,0.029655393,0.030922402,0.036584545,0.046267185,0.026606295
0.027799433,0.056103684,0.051563818,0.040003378,0.05785514,0.04842449,0.049337484,0.053388897,0.03622835,0.043812066,0.04047361,0.047065478,0.044388622,0.03761996,0.039388653,0.03146266,0.038951654,0.042224076,0.04398942,0.029630234,0.030882465,0.03657003,0.046271134,0.026565272
0.027693227,0.056274462,0.05168621,0.03996283,0.057988875,0.048524387,0.049413774,0.05351721,0.03619005,0.043836016,0.040493555,0.04710938,0.044410966,0.037536938,0.039339744,0.031362183,0.038941417,0.042193685,0.04400743,0.029528687,0.03076799,0.036504813,0.04629485,0.026421342
0.027703933,0.056248285,0.05169014,0.039976746,0.057977635,0.048517022,0.04938788,0.053533647,0.03616452,0.04384437,0.040502902,0.04710414,0.04441055,0.037553553,0.03934285,0.031358015,0.03894443,0.042197615,0.04401821,0.029536556,0.030757993,0.03649638,0.046301387,0.026431264
0.027742246,0.05619248,0.051642023,0.039975483,0.057941213,0.048473082,0.04937601,0.053486057,0.03619112,0.04384262,0.040493347,0.047087085,0.04439278,0.037574053,0.039343882,0.031410504,0.038959567,0.042216193,0.04400837,0.029581733,0.030793132,0.036522005,0.04627637,0.026478626
0.02767217,0.056289148,0.051714357,0.039967608,0.058013786,0.04852831,0.049419537,0.05353168,0.036177035,0.043855272,0.040505987,0.04711791,0.044406615,0.037517335,0.039325558,0.031338632,0.0389381,0.042211965,0.044021513,0.02952176,0.030741107,0.036489565,0.046305824,0.026389245
0.02762807,0.056358136,0.05175106,0.039966024,0.058062125,0.0485573,0.04944938,0.053589094,0.036140915,0.043867804,0.040505245,0.047140587,0.044423167,0.03749848,0.039298486,0.03129788,0.038924113,0.04220359,0.04402179,0.029503834,0.03070604,0.03646352,0.046310518,0.026332837
0.027471004,0.056603674,0.051942833,0.0399143,0.058266085,0.048729304,0.04956473,0.05377051,0.03607536,0.043911945,0.040518638,0.047189157,0.04445305,0.037374187,0.039233465,0.031129923,0.038892806,0.042186655,0.044057317,0.029341929,0.030536931,0.03636711,0.04636697,0.026102053
0.027668962,0.05629148,0.0517084,0.039977536,0.058008667,0.0485486,0.049420748,0.053555798,0.036174495,0.043848187,0.040495563,0.047116354,0.04439751,0.03753288,0.03934045,0.03134011,0.038931996,0.042196024,0.044012867,0.029520398,0.030736959,0.036506,0.046280716,0.026389334
0.027574098,0.056435388,0.051821396,0.03994881,0.058137078,0.04863585,0.049488563,0.053672742,0.03611092,0.043891773,0.040527735,0.047149442,0.044432513,0.03745304,0.03927213,0.03122642,0.03892498,0.04219598,0.044051792,0.02942466,0.03064101,0.036420994,0.04631654,0.026246157
0.027549936,0.056498595,0.051866177,0.039939065,0.058181435,0.04864718,0.049495976,0.053702913,0.03609359,0.043892346,0.04052404,0.047150217,0.044442154,0.037424367,0.03926756,0.031197408,0.03891318,0.04219268,0.044059563,0.02940333,0.030608242,0.036403924,0.04634827,0.026197797
0.027464451,0.056613434,0.051943205,0.039930575,0.05827605,0.04870972,0.049566448,0.053784378,0.036055773,0.043922067,0.04052249,0.047188558,0.04445456,0.037359357,0.03922435,0.031120533,0.038901716,0.042179193,0.044054817,0.02936535,0.030544296,0.036363054,0.04634456,0.026111005
0.027487548,0.05660759,0.05193529,0.039908215,0.058263022,0.04871381,0.04957653,0.053779237,0.03606966,0.043906696,0.04049762,0.047204647,0.044454772,0.037360016,0.039235983,0.031124,0.038898755,0.042173676,0.044055082,0.029355014,0.030534564,0.03637255,0.046372868,0.026112871
0.027335519,0.056811303,0.052114453,0.03989069,0.05844146,0.048861574,0.04965135,0.053938773,0.036006812,0.043958563,0.040559035,0.04723338,0.04449056,0.037258636,0.039160438,0.030973481,0.038881782,0.04216553,0.04409417,0.029196512,0.030386783,0.036272176,0.0464,0.025917033
0.027438471,0.056650616,0.05201285,0.039925814,0.058299586,0.048756875,0.049582534,0.053824168,0.036042918,0.043930903,0.040543076,0.047202118,0.04444657,0.0373301,0.039218176,0.031061202,0.038896065,0.04218493,0.044066075,0.029314715,0.030485317,0.036347076,0.046379037,0.026060795
0.027528463,0.056533717,0.051885255,0.039927706,0.058177307,0.0486662,0.049533844,0.053705666,0.03610554,0.043889195,0.040518135,0.047158405,0.04445071,0.037401795,0.039266378,0.031197509,0.038923804,0.042191256,0.0440383,0.029386967,0.030602425,0.036394116,0.046330284,0.026187005
0.02757563,0.05645615,0.05184174,0.03996239,0.058128424,0.04862229,0.049491532,0.053676195,0.03611542,0.04388073,0.040519714,0.047143355,0.044435848,0.037426226,0.0392985,0.031219246,0.038918033,0.042186297,0.04403279,0.029442571,0.030624988,0.03642301,0.04630905,0.026269875
0.027372444,0.056758057,0.052075826,0.03989836,0.058392636,0.048835497,0.0496217,0.05389479,0.03602903,0.043933652,0.040556688,0.04722943,0.044477455,0.03728572,0.039183028,0.031017076,0.03888262,0.04216314,0.044080913,0.029241458,0.030418461,0.036293034,0.046393596,0.025965365
0.027544709,0.056516968,0.05189992,0.03994768,0.058198925,0.048690964,0.04952078,0.05372372,0.036090422,0.043875344,0.040529393,0.047171038,0.044436175,0.037395652,0.039269008,0.031175127,0.038891986,0.04217798,0.044043906,0.029377839,0.03058426,0.036393877,0.046354808,0.026189538
0.027472092,0.056594968,0.051949035,0.039931335,0.058258254,0.048725344,0.04954464,0.05376079,0.036086652,0.04391259,0.040538594,0.047186628,0.04443502,0.03736723,0.03925217,0.031111889,0.038914733,0.04218289,0.044054717,0.029342158,0.03053337,0.03637238,0.046346843,0.02612567
0.027738208,0.05622116,0.05164393,0.03997284,0.057927597,0.048477888,0.049385782,0.05345377,0.036193322,0.04383283,0.040471934,0.04708823,0.044418838,0.037574675,0.039367493,0.03141194,0.038938947,0.04221584,0.04399181,0.029565908,0.030830992,0.03650613,0.0463005,0.026469415
0.027691172,0.056261797,0.051700715,0.03998655,0.057996012,0.048513435,0.049399685,0.053525552,0.03618625,0.0438423,0.040498048,0.047116186,0.044410884,0.037550516,0.039338373,0.03136369,0.038962193,0.04220353,0.043994844,0.029554198,0.030733157,0.036487605,0.04626466,0.026418569
0.027964067,0.0558545,0.05136199,0.040049616,0.05762184,0.04826713,0.04921823,0.05319128,0.03631946,0.043734197,0.040440056,0.047007557,0.04436839,0.03774519,0.039461683,0.031683344,0.03899652,0.042228866,0.043958183,0.029772932,0.03106825,0.03666384,0.04621453,0.026808389
0.027796054,0.056122128,0.051540237,0.039998125,0.057856254,0.048434347,0.049333815,0.05342146,0.03622681,0.043814924,0.040471982,0.047077253,0.044401698,0.037610587,0.039361753,0.031476587,0.038965985,0.042198442,0.043988466,0.029629387,0.03088607,0.036560345,0.04626237,0.026564956
0.02773936,0.05620297,0.051621396,0.039988957,0.0579235,0.04847618,0.04936439,0.053455383,0.036203183,0.04382079,0.040491004,0.047101144,0.044406936,0.03756349,0.03934273,0.031424038,0.038957316,0.042200748,0.043994103,0.029590704,0.03082867,0.03652212,0.046284,0.026496906
0.027843827,0.056031242,0.051507745,0.040019594,0.057784643,0.04836931,0.049292855,0.053361353,0.036248773,0.04379568,0.040481146,0.04705728,0.04438198,0.037655607,0.039405704,0.031538107,0.03896524,0.042222228,0.043972112,0.029661389,0.030929955,0.03659649,0.04625372,0.026624044
0.0277853,0.05612553,0.051565018,0.0400038,0.057868313,0.048442587,0.049337853,0.05343428,0.036218535,0.04379687,0.040470712,0.047066245,0.04439164,0.037606895,0.03939555,0.031483337,0.03895515,0.04219805,0.04397764,0.02962679,0.030864764,0.036564294,0.046265975,0.026554845
0.027754817,0.05617637,0.051595204,0.039973244,0.05791442,0.048466466,0.04936374,0.053465974,0.036206786,0.043823827,0.040487945,0.047100473,0.044411685,0.037585277,0.039357953,0.031440135,0.038951077,0.042201813,0.044002756,0.029582517,0.03082681,0.0365309,0.046283804,0.026496006
0.027518569,0.056528598,0.05190841,0.03994366,0.058218196,0.048680134,0.049528133,0.053729516,0.036082312,0.04390997,0.040521022,0.047170952,0.04444454,0.03740742,0.03924201,0.031167554,0.03890986,0.0421861,0.044040438,0.029377718,0.030586954,0.036384553,0.04633968,0.026173713
0.027944837,0.05587015,0.051369015,0.040038146,0.05766086,0.048296608,0.04923429,0.053233527,0.036291122,0.043759424,0.040450096,0.047013424,0.044356596,0.037744038,0.039454017,0.031656727,0.038987167,0.042234592,0.04395587,0.029767355,0.031048816,0.03665404,0.046212737,0.0267666
0.027672505,0.05629652,0.051691335,0.03996791,0.05800584,0.048531048,0.049432125,0.053542115,0.03617369,0.043836407,0.04048809,0.04709148,0.044424117,0.03752274,0.03934309,0.031360045,0.03895229,0.04221265,0.04401637,0.02952029,0.030746387,0.036486834,0.04629149,0.026394598
0.027681904,0.056276944,0.051696233,0.03997049,0.058005247,0.04854154,0.049415518,0.05353795,0.03615984,0.043851342,0.040507413,0.04712262,0.044425797,0.03750916,0.03931603,0.031346556,0.03894323,0.04221157,0.044009905,0.029530829,0.03074772,0.036477912,0.046310656,0.026403574
0.027548412,0.056504585,0.05185532,0.039944164,0.058175843,0.04864699,0.04951217,0.05369711,0.03610111,0.043896746,0.04050295,0.04715795,0.044446982,0.037425097,0.03926673,0.031208964,0.038914137,0.0421791,0.044038247,0.029385192,0.030618163,0.036414847,0.046349432,0.026209783
0.027905343,0.05593977,0.051435195,0.040035393,0.057698004,0.048307035,0.04925331,0.05326909,0.03626272,0.043776877,0.04044097,0.047008343,0.044360876,0.037717212,0.039456695,0.03161892,0.03899609,0.042238817,0.043953463,0.029730884,0.031016968,0.036623195,0.046234544,0.02672027
0.027735764,0.05621043,0.05162758,0.03998474,0.05793014,0.04849139,0.04940493,0.053471938,0.036192458,0.043822926,0.04047989,0.047086455,0.04439247,0.037568282,0.039356153,0.031410694,0.038946334,0.04221092,0.043999173,0.02957371,0.030824468,0.036526263,0.04627972,0.026473172
0.028000614,0.055786017,0.05131379,0.040057935,0.05758494,0.04824115,0.04919197,0.053152945,0.036340103,0.043737307,0.040446907,0.046989236,0.04434625,0.03778809,0.039486162,0.03170817,0.0389992,0.04224001,0.04394273,0.029816195,0.031102942,0.036679476,0.046196643,0.026851276
0.028054396,0.055711083,0.051256575,0.040064376,0.05751484,0.04818205,0.04914316,0.053116634,0.036340687,0.04371677,0.04043384,0.04697972,0.044345118,0.037827432,0.0395036,0.03177404,0.03902086,0.042247746,0.043934908,0.029868534,0.031138057,0.03672185,0.046173755,0.026929917
0.027990157,0.05581947,0.051322438,0.040045924,0.05759777,0.048254833,0.049200438,0.05315951,0.036316153,0.043745447,0.040440436,0.046980023,0.044356197,0.037770994,0.039482046,0.031697754,0.03900334,0.042235207,0.043956388,0.029798856,0.031110099,0.036686543,0.04619956,0.026830452
0.028038034,0.05572168,0.05127014,0.040070415,0.05754164,0.04819104,0.04917116,0.053137686,0.03632732,0.043729536,0.040413897,0.04695762,0.0443339,0.037805047,0.039525256,0.03176434,0.039009508,0.042256262,0.043924596,0.02984965,0.03113616,0.036709942,0.04619118,0.026924012
0.028136313,0.05557716,0.05114347,0.04009573,0.05740605,0.048099715,0.04908442,0.05300208,0.036390122,0.04370497,0.040415328,0.046930682,0.044327036,0.03790097,0.039541304,0.031864192,0.039029915,0.04225471,0.04392091,0.029928349,0.03125416,0.036773082,0.046167936,0.027051326
0.028021377,0.055750128,0.051299993,0.040077966,0.057553682,0.048213422,0.04918355,0.053136066,0.036327418,0.04374299,0.040418923,0.046968672,0.044335734,0.037796136,0.039511245,0.031729847,0.03899629,0.042259637,0.043938566,0.029829497,0.031140076,0.036697138,0.04619435,0.02687731
0.028283363,0.055357188,0.05096179,0.040114325,0.057215344,0.047979087,0.04899882,0.052822497,0.036454994,0.043642614,0.04038432,0.046873204,0.04430081,0.038012564,0.039621916,0.032024413,0.039062306,0.042281393,0.043892995,0.03007236,0.031413127,0.036868352,0.04611532,0.02724687
0.027881237,0.055975065,0.051451944,0.04002442,0.057741005,0.048353933,0.049280927,0.05330014,0.03628242,0.0437702,0.040456478,0.047038388,0.04437694,0.037688434,0.039425742,0.031586554,0.038964454,0.042221587,0.04395705,0.029711252,0.030987322,0.036621895,0.046218283,0.026684325
0.028105443,0.05562745,0.051180378,0.04007461,0.057460394,0.048152737,0.049121607,0.05307091,0.036358833,0.04371582,0.04040779,0.046948615,0.044322256,0.037875485,0.039533596,0.03181524,0.039028388,0.042242087,0.043930862,0.029896904,0.031212749,0.036755398,0.04616924,0.026993178
0.028189749,0.05549404,0.051079147,0.04010655,0.05733143,0.048054464,0.049061514,0.052934006,0.03641123,0.04366661,0.040411703,0.046909496,0.0443076,0.037942093,0.03956951,0.031936534,0.039037105,0.042269595,0.04389819,0.029983278,0.031312305,0.036803916,0.046155464,0.027134504
0.028104555,0.055631764,0.051171433,0.04008693,0.057459727,0.048139863,0.04910844,0.053065445,0.036354743,0.04370595,0.04041623,0.04697111,0.044327725,0.0378575,0.03952517,0.03180326,0.039016362,0.042257305,0.04393225,0.02990556,0.031220656,0.036749728,0.046185777,0.027002495
0.028149784,0.055557992,0.051120613,0.04009366,0.057385728,0.048086863,0.04906515,0.053001888,0.03641071,0.043720547,0.040393658,0.04691998,0.044310812,0.037901275,0.039560962,0.031884212,0.039021023,0.042277187,0.04390297,0.029946009,0.031265683,0.036801286,0.046174448,0.027047569
0.028201232,0.05547906,0.051063523,0.04009536,0.05732149,0.048058674,0.049065754,0.052921724,0.036431037,0.043662295,0.0403977,0.04691274,0.044317007,0.037941664,0.039571762,0.031962372,0.039041847,0.042278282,0.04389692,0.029994227,0.03131909,0.036810562,0.046132557,0.027123135
0.028086303,0.055665623,0.051216308,0.04006941,0.057447173,0.048151884,0.049145408,0.053069953,0.03635785,0.04370521,0.040414914,0.046940964,0.044334214,0.037858285,0.039534055,0.031820305,0.039007742,0.042254176,0.043917187,0.029887926,0.031205108,0.03674309,0.046195187,0.026971716
0.028072113,0.055680394,0.051204413,0.04005541,0.057470378,0.04819504,0.0491578,0.05304647,0.036373045,0.043698117,0.040409546,0.046956334,0.044347387,0.037844125,0.0395304,0.031818923,0.039007355,0.04223691,0.04393817,0.029858783,0.03121448,0.03674467,0.04619501,0.026944768
0.02798134,0.055813093,0.051338166,0.04005188,0.05762093,0.04824797,0.049213335,0.05318612,0.0363143,0.043730218,0.04045362,0.046991106,0.044361215,0.037756115,0.039480105,0.031692084,0.0389962,0.042239215,0.043948926,0.029805932,0.031081205,0.036670435,0.046182595,0.026843855
0.02804402,0.055742987,0.05125002,0.04005191,0.057494767,0.048224922,0.049169157,0.053113334,0.03633719,0.04373334,0.04043461,0.046968892,0.044340346,0.037825406,0.039500795,0.031761445,0.039007023,0.042233195,0.043928504,0.029844137,0.031167505,0.03672847,0.04620198,0.026896033
0.028292509,0.05531698,0.050978333,0.040133797,0.05723249,0.04797485,0.04898779,0.052862395,0.036451235,0.04365382,0.040401414,0.04687439,0.04428294,0.03800918,0.03961414,0.03204454,0.039043088,0.042282812,0.043894995,0.030065168,0.031391215,0.036846578,0.046108548,0.027256748
0.02803349,0.05573361,0.051275264,0.040068384,0.057532128,0.048193134,0.0491731,0.0531054,0.036335744,0.043730482,0.04042773,0.046966814,0.044344347,0.0378129,0.03950319,0.03176259,0.039021917,0.042267054,0.043926872,0.0298336,0.031136025,0.036702182,0.04621825,0.0268958
0.028069329,0.055696078,0.051236823,0.040072702,0.057508763,0.048160322,0.049148962,0.053070474,0.036348335,0.043719262,0.04041977,0.04696272,0.044367384,0.037826616,0.039487068,0.031783674,0.03901674,0.042263355,0.043924794,0.029876286,0.031188797,0.036708288,0.046197195,0.026946235
0.028112536,0.05563893,0.05118058,0.040071975,0.05742182,0.04813762,0.049124204,0.053026672,0.036369633,0.043691017,0.040406168,0.0469321,0.044334408,0.037862707,0.039550837,0.031834796,0.039041273,0.04225445,0.04392873,0.029913878,0.031221764,0.036752734,0.046180815,0.027010385
0.028090281,0.055660594,0.051221415,0.04007463,0.05747133,0.04817041,0.049146403,0.0530582,0.03636383,0.04370355,0.040414438,0.04695759,0.04433461,0.037851535,0.039518815,0.031808943,0.039021093,0.042253256,0.04392224,0.029891627,0.031191245,0.036745332,0.046174545,0.026954152
0.027678968,0.056287672,0.051705256,0.039984398,0.05798998,0.04852014,0.049417205,0.05354855,0.036152873,0.043866824,0.04048838,0.047094382,0.044425424,0.03752329,0.039318644,0.031367406,0.038960658,0.042203546,0.044014957,0.029530061,0.03075723,0.03648695,0.046292,0.026385257
0.028257968,0.055430423,0.05101163,0.04010899,0.05726559,0.048015896,0.049025908,0.05286799,0.036442813,0.04361892,0.040402453,0.046893578,0.04430849,0.03796547,0.0396125,0.031991158,0.039061774,0.042255435,0.043894514,0.030026048,0.031375956,0.036825508,0.04612381,0.02721715
0.02782758,0.056067374,0.0515069,0.0400173,0.057803597,0.048404478,0.049324512,0.05337949,0.036228597,0.043797612,0.04046528,0.04706293,0.04439836,0.037637293,0.03939365,0.031524096,0.038967494,0.04219778,0.04397373,0.029652482,0.030938003,0.036574807,0.04626283,0.026593793
0.02784947,0.05604991,0.051499367,0.040004063,0.05781823,0.04838978,0.04930708,0.053351372,0.0362556,0.04378939,0.040473916,0.047057115,0.044363342,0.037642483,0.0394042,0.031534243,0.038949184,0.042209607,0.04396331,0.029697299,0.030935235,0.036590114,0.04624295,0.026622776
0.027737455,0.056182295,0.05162427,0.03998105,0.057918403,0.048481587,0.049381215,0.05348417,0.036215156,0.04382874,0.04048973,0.047080696,0.044396367,0.037574008,0.039358534,0.03144145,0.038939357,0.04221819,0.043987766,0.029554369,0.030807557,0.036538575,0.046291873,0.026487183
0.027765762,0.05615193,0.051590197,0.0400019,0.057876166,0.048425518,0.04935147,0.05340994,0.036219977,0.043805312,0.040476575,0.04708617,0.044409987,0.037600033,0.039363433,0.03144747,0.038971037,0.04222058,0.04398695,0.02960716,0.030862225,0.036540244,0.04627886,0.026551088
0.0280678,0.05569995,0.051223062,0.04005676,0.057505734,0.048189238,0.049159274,0.05308592,0.03636049,0.043735508,0.04041262,0.046940982,0.044345245,0.037843768,0.03951319,0.03179514,0.039025534,0.042268388,0.043916542,0.029859344,0.031162791,0.036709543,0.04619402,0.026929157
0.02809857,0.05564673,0.051213894,0.04008635,0.057457484,0.048125982,0.049123812,0.053054284,0.03637443,0.043686345,0.040401515,0.04694344,0.044334944,0.037853602,0.039549567,0.03181657,0.03904007,0.04225457,0.043920822,0.029886931,0.031199839,0.036740888,0.04618195,0.027007367
0.027770603,0.056127254,0.05157481,0.039987776,0.057860043,0.048442565,0.049354136,0.053408936,0.03620273,0.043835215,0.040484477,0.04707954,0.04439967,0.03761958,0.03935513,0.031473953,0.03894636,0.04222344,0.04400348,0.029614324,0.030873494,0.036554296,0.04628605,0.026522126
0.028141906,0.05561067,0.051136278,0.04008909,0.057417717,0.04816056,0.04911592,0.053020515,0.036397245,0.043660186,0.040420152,0.046959627,0.044319775,0.037875462,0.03953924,0.031847596,0.0390093,0.042232156,0.0439219,0.029886844,0.03126132,0.03676069,0.046178635,0.027037187
0.02812097,0.055590454,0.051150862,0.040088106,0.057433546,0.048131086,0.049100306,0.053045828,0.036360245,0.043704774,0.040409844,0.046942707,0.044306424,0.0378804,0.039555777,0.031834945,0.039031714,0.042257898,0.0439163,0.029932985,0.031236516,0.036767885,0.046183575,0.02701683
0.02784563,0.056060046,0.051495038,0.0400041,0.05778711,0.048391473,0.049315393,0.053341955,0.036257084,0.043781918,0.040462334,0.047067106,0.044404205,0.037631545,0.03940384,0.031519875,0.038981542,0.042198963,0.04397492,0.029655157,0.030950364,0.036577173,0.046266757,0.026626473
0.027720854,0.05622764,0.051672008,0.039996963,0.05795491,0.048479397,0.049390756,0.053510826,0.03619063,0.0438593,0.04049667,0.04707566,0.044396937,0.03756812,0.039340775,0.03139229,0.038952205,0.042204056,0.043999806,0.029577816,0.030777544,0.036502972,0.04625156,0.026460264
0.027688995,0.05626557,0.05168817,0.039986428,0.05797761,0.0485064,0.049403433,0.05353098,0.03617564,0.04385601,0.040480085,0.0471084,0.04439584,0.037539683,0.039352905,0.031370964,0.038932662,0.04220369,0.04400661,0.02954245,0.030762956,0.036494974,0.04630852,0.026421059
0.027722178,0.0562091,0.051633924,0.039977517,0.057948407,0.048487388,0.04938228,0.05346185,0.036222477,0.043859445,0.040496234,0.04709082,0.044407193,0.03755859,0.03932777,0.031413004,0.038940724,0.042215638,0.04398987,0.029593056,0.030798199,0.03653,0.046269923,0.02646436
0.027671386,0.056304656,0.05171459,0.03997352,0.05800195,0.048516482,0.049418382,0.05355361,0.036157284,0.043838255,0.040497158,0.04710613,0.044415798,0.03752406,0.03934205,0.03136257,0.0389473,0.042205997,0.04399424,0.02951846,0.030745832,0.036491282,0.0462978,0.026401224
0.02774121,0.05617938,0.051615946,0.039972275,0.057912532,0.04848033,0.049363095,0.053460833,0.03619101,0.043835726,0.040484633,0.04708595,0.04440663,0.037595354,0.039354365,0.031438027,0.038961228,0.042209268,0.044003993,0.029571824,0.030823957,0.036541227,0.046289068,0.02648217
0.027798556,0.05608663,0.051572956,0.040020514,0.05784911,0.048413448,0.04933736,0.053406432,0.0362088,0.043808024,0.040478174,0.047070805,0.044384643,0.037616003,0.039392654,0.031480197,0.038967893,0.042226005,0.043983493,0.029624633,0.030879412,0.036546435,0.04628894,0.026558872
0.027984684,0.055833835,0.051339712,0.040060323,0.057636045,0.04824846,0.049208842,0.05317525,0.03630519,0.04376218,0.040431447,0.046981137,0.044357426,0.03775176,0.039460883,0.03166423,0.0390069,0.04226175,0.043947976,0.02980929,0.031083276,0.03667305,0.04619105,0.026825348
0.02771109,0.05624351,0.05166702,0.039984245,0.05795427,0.04849719,0.04939713,0.053497072,0.036182977,0.043821905,0.04048174,0.04711103,0.044400644,0.03756851,0.03936034,0.031381197,0.038950548,0.042191774,0.04400771,0.029549057,0.030792313,0.03650559,0.04630049,0.02644263
0.027742518,0.056203373,0.051594533,0.039966647,0.057916094,0.048486926,0.049384434,0.053460635,0.03620734,0.04382496,0.04046288,0.047104996,0.044418443,0.037574716,0.039362654,0.0314255,0.038951065,0.042189546,0.04400096,0.029573664,0.030845761,0.03653003,0.046286076,0.026486253
0.027693849,0.056289505,0.05169849,0.039978623,0.05798994,0.04852071,0.049427863,0.0535245,0.036174968,0.043848548,0.04048051,0.04708152,0.044401463,0.037528556,0.0393413,0.031348903,0.038961407,0.042191904,0.04401006,0.029522093,0.030778192,0.03650316,0.046296474,0.026407463
0.028015759,0.05579428,0.051307365,0.040039442,0.057560153,0.048228215,0.049194045,0.053144567,0.036334544,0.04373574,0.040424384,0.04696139,0.044348605,0.037796184,0.03949872,0.031726416,0.039015558,0.042259064,0.043928854,0.029822923,0.03110489,0.03669955,0.046193562,0.026865805
0.02798338,0.055823017,0.05133689,0.040060002,0.05760546,0.04824405,0.049209435,0.053198878,0.0363072,0.04374947,0.04044244,0.04700567,0.04436582,0.037754506,0.039472796,0.031686936,0.038995035,0.042232793,0.043938767,0.029792218,0.031081436,0.036659423,0.046224434,0.026829896
0.028095212,0.05564542,0.051193092,0.040071778,0.057464134,0.04814691,0.04913074,0.05305544,0.036375113,0.04372203,0.040417995,0.046934396,0.044338495,0.037861217,0.039520167,0.031818166,0.039020542,0.042246252,0.043927006,0.029901965,0.031206565,0.036748864,0.04618176,0.02697676
0.02799906,0.055804778,0.051326353,0.040042587,0.057596423,0.04825447,0.049198378,0.05317223,0.036322124,0.043709714,0.040453833,0.04700677,0.044361595,0.0377692,0.039489236,0.03171289,0.03899992,0.042220186,0.043936305,0.029793724,0.031096118,0.036681987,0.046191964,0.026860146
0.027934179,0.055938866,0.051406026,0.04003104,0.05766879,0.04832099,0.049264953,0.053259477,0.036271464,0.043774497,0.04043754,0.04699682,0.044370163,0.037707217,0.039449148,0.03160273,0.03898947,0.042215943,0.043966215,0.029730484,0.031031145,0.036637295,0.046250366,0.026745148
0.028009024,0.055751123,0.05131083,0.040054712,0.0575854,0.048238464,0.04918742,0.053164013,0.03632523,0.043727398,0.040457673,0.04698193,0.044343937,0.037803367,0.039484356,0.031718574,0.03900516,0.042240404,0.04394043,0.029821806,0.031103142,0.036681827,0.046192683,0.026871098
0.02793305,0.055918384,0.05141507,0.040025853,0.05769919,0.0482897,0.04924998,0.053257164,0.036270883,0.04375909,0.04045911,0.04700597,0.04436652,0.037725594,0.03942728,0.031613704,0.038996473,0.042244375,0.043953404,0.029755954,0.031010471,0.03664485,0.046227008,0.026750967
0.027563969,0.056456346,0.05183117,0.03995572,0.058148645,0.048617765,0.04949721,0.05365515,0.036104072,0.043915223,0.040503386,0.047169246,0.04443543,0.037444893,0.03927729,0.031211605,0.038926728,0.042188056,0.044038087,0.029427417,0.030643892,0.036413312,0.046341192,0.026234286
0.027926331,0.055931665,0.05142637,0.040039692,0.057716064,0.04829631,0.0492607,0.053251654,0.036274575,0.04376979,0.04044239,0.046998896,0.044379752,0.037699867,0.039451975,0.031629216,0.03897946,0.04223859,0.04395512,0.02972449,0.031014299,0.036623366,0.046229515,0.026739886
0.027767187,0.056159265,0.05160038,0.039996937,0.057876255,0.048454043,0.049377237,0.05342393,0.03622511,0.043804552,0.040474158,0.04707511,0.04438483,0.03759651,0.03937102,0.0314306,0.038970727,0.04221166,0.04398292,0.029612321,0.03084578,0.036550403,0.046278127,0.02653095
0.027843665,0.05604285,0.051484004,0.040003702,0.057800453,0.048392285,0.049314737,0.0533615,0.03624677,0.043813024,0.04046984,0.04705939,0.044392977,0.03765926,0.03940032,0.03152443,0.038955297,0.042207845,0.04397211,0.029657485,0.030937264,0.036590833,0.046250712,0.026619216
0.027841445,0.05604438,0.05147709,0.040014092,0.057804808,0.048381872,0.049289558,0.053367477,0.03624118,0.043766234,0.040470567,0.047061387,0.044393007,0.037646867,0.03940722,0.03152219,0.038983837,0.042194802,0.04400598,0.029664619,0.030931871,0.036601137,0.046255518,0.026632905
0.02782991,0.05607515,0.05152535,0.040009547,0.057817575,0.04841301,0.04933002,0.05338395,0.036247727,0.04380149,0.040467747,0.047058284,0.044381183,0.037630085,0.039390653,0.031491727,0.038966153,0.04220579,0.04396212,0.029661579,0.030920986,0.036577553,0.04624739,0.026605077
0.027765118,0.056169774,0.05160359,0.039989006,0.0579077,0.048445255,0.049366355,0.053454615,0.03620767,0.043835685,0.040493388,0.04706114,0.044386357,0.037592664,0.039361592,0.031450234,0.03895329,0.042202983,0.043978654,0.029603144,0.03083147,0.036543146,0.046285372,0.026511833
0.028124683,0.0555874,0.051172603,0.040077955,0.05743929,0.04812269,0.0491129,0.053006098,0.036395315,0.043691583,0.0404322,0.0469405,0.044319104,0.03789032,0.039548945,0.03185289,0.0390227,0.042260725,0.043923084,0.029912619,0.031226067,0.036752287,0.046154473,0.027033547
0.028200967,0.055473275,0.05107527,0.04008637,0.05730895,0.048050392,0.049062487,0.05292967,0.036403347,0.043669138,0.040397674,0.04689224,0.044321246,0.037955347,0.039570075,0.03192935,0.039043713,0.04227643,0.043935757,0.029979944,0.031317957,0.036803573,0.04618726,0.027129557
0.028188104,0.05549334,0.05107592,0.04011084,0.057327732,0.0480596,0.049059007,0.052922476,0.036425073,0.04368152,0.040408958,0.046896826,0.04431863,0.037944283,0.03958176,0.0319131,0.03904027,0.042273387,0.043910634,0.029986536,0.031317394,0.036807504,0.04613089,0.027126169
0.027943412,0.055855762,0.05137045,0.040033694,0.05765535,0.04826194,0.0492386,0.053214666,0.036299825,0.043765746,0.040430788,0.047015842,0.044342324,0.037752148,0.03946968,0.031646404,0.039007645,0.042248566,0.0439606,0.029775845,0.03104031,0.036685582,0.046210095,0.026774783
0.028135447,0.055572093,0.05116158,0.040103227,0.05740903,0.048082545,0.04909177,0.053010207,0.036381062,0.04370901,0.04042302,0.046908468,0.044327054,0.037911788,0.039534092,0.031870473,0.039006762,0.042283952,0.04391752,0.029954443,0.031249147,0.03676215,0.046144824,0.027050344
0.0281239,0.055595342,0.05114417,0.040092975,0.057426684,0.048137203,0.049131386,0.053015377,0.03636902,0.043677405,0.04040503,0.046952803,0.044303674,0.03787302,0.03954597,0.03185519,0.03902939,0.042253938,0.043932762,0.02992329,0.03125316,0.03676057,0.04617769,0.027020099
0.028328704,0.05530005,0.05092766,0.040125657,0.05716143,0.047945343,0.0489817,0.05278264,0.036482032,0.04364088,0.040358678,0.04684365,0.044284414,0.03803839,0.03965871,0.03205052,0.039066657,0.042293996,0.04387749,0.030083723,0.03145802,0.036879584,0.046129614,0.027300416
0.028073039,0.055696893,0.051219933,0.04006003,0.05749262,0.048163768,0.049138036,0.053073253,0.036343038,0.0437084,0.040442355,0.046958417,0.044348698,0.03783612,0.039515756,0.03179312,0.039017085,0.04224683,0.043930415,0.029889736,0.031197729,0.036723785,0.04617905,0.02695194
0.027917854,0.05591051,0.051400308,0.040028296,0.057673153,0.04829741,0.049253654,0.05324185,0.036325466,0.04377756,0.040441617,0.046992317,0.04435934,0.037740756,0.039450124,0.031632032,0.03898907,0.042246122,0.043950025,0.029750856,0.031023392,0.036654636,0.046194132,0.026749576
0.028177334,0.0554884,0.05110115,0.040105622,0.05734434,0.048064217,0.049067397,0.052971937,0.03637751,0.043691657,0.040397514,0.046897516,0.04429237,0.037954975,0.039598607,0.03191958,0.03904532,0.04227395,0.043906074,0.029983122,0.031282987,0.036802795,0.046159383,0.027096171
0.027908323,0.05595251,0.051425856,0.04003903,0.057721943,0.048306983,0.049269248,0.053265285,0.036273822,0.04376395,0.040450323,0.047011334,0.044376183,0.03769985,0.039417718,0.03159778,0.038988255,0.04224133,0.043969203,0.029747063,0.031000042,0.03661416,0.04623787,0.026721938
0.027973678,0.05582937,0.051360287,0.040051453,0.0576008,0.048240807,0.04921472,0.053174462,0.036313422,0.043742586,0.040435642,0.04700373,0.044354953,0.037767828,0.039473545,0.031693805,0.038992513,0.04224739,0.043926027,0.029791852,0.031077554,0.036677454,0.046224482,0.026831627
0.02785835,0.05599912,0.05148258,0.04002304,0.057770535,0.048377004,0.04929111,0.053349458,0.036244538,0.043802086,0.04046036,0.047020186,0.04437635,0.037675332,0.039422274,0.031567268,0.03896499,0.042223178,0.043989025,0.029667426,0.03095203,0.03659678,0.04624074,0.026646174
0.027937654,0.055888347,0.051364664,0.04002993,0.057661287,0.048295964,0.049252715,0.053225733,0.036295824,0.04374645,0.040432785,0.047014635,0.044349656,0.037732843,0.03946473,0.031658225,0.038986836,0.042239733,0.043951675,0.029774956,0.031055847,0.036668014,0.046204444,0.026767075
0.028119927,0.05561345,0.05118299,0.040107213,0.057449996,0.048123956,0.049115643,0.053046796,0.036353137,0.04368406,0.04042661,0.046948764,0.04434732,0.03785962,0.03950874,0.031817313,0.039037377,0.04227179,0.043939017,0.029900458,0.031210018,0.03672113,0.046191916,0.027022779
0.027912257,0.055927105,0.051393535,0.040036693,0.05769504,0.048296228,0.04923464,0.05325593,0.03627615,0.043782465,0.04045081,0.047015306,0.04436334,0.037718426,0.039449792,0.03162886,0.038986005,0.042222187,0.04396188,0.029742239,0.03103807,0.036658905,0.046229716,0.026724428
0.028049551,0.05572676,0.051282734,0.040060885,0.057538565,0.048213962,0.04916838,0.05310334,0.03633907,0.043707184,0.04041834,0.046946406,0.044341784,0.037821554,0.03951454,0.031771738,0.039014354,0.04226513,0.0439325,0.029849723,0.031138906,0.036692318,0.046194494,0.026907733
0.027939565,0.05586893,0.051358595,0.040054057,0.05760805,0.048265174,0.049233347,0.053209938,0.03631402,0.043775853,0.040428203,0.047005508,0.044361312,0.037751973,0.03945774,0.031664602,0.03898931,0.042234264,0.0439468,0.029778954,0.031075913,0.036677483,0.046210267,0.026790153
0.028192999,0.055497047,0.05106411,0.040091306,0.0573382,0.04807766,0.04906988,0.052914992,0.036425654,0.043668725,0.04038965,0.04690967,0.044314962,0.037929296,0.039570794,0.031927176,0.03904565,0.04228054,0.043911584,0.02997399,0.031323105,0.03679361,0.046169415,0.027120002
0.02802701,0.055734828,0.051272877,0.04006333,0.05754757,0.04820935,0.049184788,0.05315797,0.03634449,0.04373211,0.04042277,0.04698541,0.044333067,0.03783709,0.039492685,0.031748082,0.03901185,0.04223674,0.043927684,0.029839568,0.031114135,0.03671704,0.046169993,0.02688958
0.027794762,0.05612187,0.051561583,0.04000588,0.05784947,0.0484298,0.049336243,0.053407148,0.036211178,0.043812003,0.04046715,0.04707351,0.044390827,0.037611984,0.039388925,0.03148382,0.03896218,0.042197254,0.043965142,0.029650126,0.03089081,0.036547314,0.046275128,0.026565941
0.028823163,0.05450261,0.050311785,0.040273603,0.056524467,0.04748808,0.048629206,0.05222632,0.036728952,0.043453366,0.040297166,0.04667366,0.044189423,0.03842188,0.03986411,0.032632373,0.039155677,0.042357754,0.04379486,0.030531675,0.031971008,0.037179086,0.04594502,0.028024768
0.028613824,0.054833777,0.05057077,0.040197093,0.05677714,0.04768222,0.04876611,0.052456994,0.03661459,0.043539993,0.0403338,0.046737015,0.04422952,0.03827396,0.039773203,0.03240696,0.0391086,0.04233029,0.0438073,0.030363016,0.031765707,0.03706622,0.046032798,0.027719138
0.028579725,0.05487325,0.05062135,0.040211305,0.056841448,0.047695518,0.048775446,0.05249984,0.036596533,0.043550223,0.040349044,0.04677251,0.044246,0.03823394,0.03974351,0.03235253,0.039108474,0.042336293,0.04382168,0.030336196,0.03171862,0.037019257,0.046049364,0.027667936
0.028731657,0.054650325,0.050405584,0.040235825,0.05662174,0.047550213,0.048687182,0.05231162,0.03668118,0.0434955,0.040302783,0.046690084,0.044229567,0.038373586,0.03979699,0.032549772,0.039143775,0.042363103,0.043793228,0.030464781,0.031891216,0.037128568,0.046000842,0.02790091
0.028479012,0.05503791,0.0507341,0.04017501,0.056955814,0.047797505,0.04886746,0.052591547,0.036550652,0.04357796,0.040334858,0.046808116,0.044261444,0.038164556,0.03971911,0.0322488,0.039102748,0.042321883,0.043834016,0.030254094,0.031623445,0.036971893,0.046057515,0.027530553
0.02841511,0.055151302,0.0508109,0.04015886,0.05704856,0.047859866,0.04892469,0.052684873,0.03651505,0.043599088,0.040353805,0.04682404,0.04428454,0.03811541,0.03967159,0.032171875,0.039086454,0.04230021,0.043867882,0.03015701,0.031540293,0.03693822,0.0460989,0.027421504
0.028644359,0.05479187,0.05055466,0.0402159,0.056767527,0.04765486,0.048760843,0.052425656,0.03664207,0.04352439,0.040333163,0.046738937,0.044223998,0.038281333,0.039772153,0.03242063,0.039119612,0.04232695,0.043797083,0.030373786,0.031779934,0.037073046,0.046022195,0.02775497
0.02850793,0.05500199,0.050687026,0.040184416,0.05692656,0.047771312,0.048835173,0.052578416,0.036556207,0.043565873,0.040341288,0.046805248,0.044267077,0.038181424,0.039710358,0.032278206,0.03910277,0.0423176,0.043846365,0.030268705,0.031653807,0.03698583,0.04605396,0.027572421
0.028779237,0.05458962,0.050367862,0.04024135,0.05657508,0.047544204,0.048667505,0.052265014,0.03672125,0.043487627,0.040302306,0.046701,0.044207312,0.03839324,0.039825924,0.032588392,0.03913804,0.042331494,0.043766074,0.030500632,0.031941548,0.037155136,0.04598524,0.027924895
0.028702758,0.054696165,0.050457116,0.04023418,0.056692358,0.047606282,0.048709467,0.052358948,0.03667211,0.04350448,0.04030871,0.046719793,0.044224966,0.038323797,0.03980454,0.032490704,0.03914615,0.042330794,0.04380011,0.030434236,0.0318484,0.037098113,0.045997933,0.027837839
0.028600112,0.054865632,0.05060326,0.040205687,0.056798417,0.047675107,0.048770238,0.052460764,0.036613353,0.043543793,0.040336136,0.046750262,0.04425594,0.03825548,0.039755333,0.032378167,0.03912032,0.042321246,0.04381077,0.030346666,0.031747777,0.03704563,0.046036698,0.027703222
0.028628767,0.054803,0.050532583,0.04018757,0.05675784,0.047669638,0.048760753,0.05243138,0.036637306,0.04352874,0.040330898,0.046745114,0.0442425,0.038277157,0.03975346,0.032436132,0.03913365,0.04233481,0.04381973,0.030384663,0.031771276,0.037064027,0.04602108,0.027747892
0.028892104,0.05439777,0.05025433,0.040277995,0.056420445,0.047411006,0.048581548,0.0521586,0.036754467,0.043448877,0.04028717,0.04664008,0.04418489,0.038490575,0.03988605,0.032700043,0.039175224,0.04237481,0.043767482,0.03059221,0.03202864,0.03722564,0.04594179,0.028108252
0.028669002,0.054726057,0.050499376,0.040220626,0.056704406,0.047634687,0.0487322,0.052380934,0.036644287,0.043507114,0.040342685,0.046728395,0.044233322,0.03832151,0.03976929,0.03247617,0.039112832,0.042336438,0.043809645,0.030405482,0.03182542,0.037095197,0.046032853,0.027792022
0.02875477,0.054624453,0.050403163,0.040248025,0.056624707,0.047537424,0.048678182,0.05230159,0.03668918,0.043475874,0.04031284,0.04672236,0.044209957,0.038360834,0.039831642,0.032540854,0.039135706,0.042340983,0.043776065,0.0304867,0.03189613,0.037142456,0.04597924,0.027926834
