Stock_1,Stock_2,Stock_3,Stock_4,Stock_5,Stock_6,Stock_7,Stock_8,Stock_9,Stock_10,Stock_11,Stock_12,Stock_13,Stock_14,Stock_15,Stock_16,Stock_17,Stock_18,Stock_19,Stock_20
0.0,0.0013146671133492298,1.061726662022338e-08,0.0883517115873883,0.00017202360809751425,0.001179591593090093,2.654316655055845e-09,0.08131763973565756,0.08906408770853881,0.08906393375817281,0.0884008482973067,0.08905989388822382,0.0837506660111814,0.0006215241706812565,0.0423274878848295,5.043201644606106e-08,0.08727196742391144,0.08591876494136412,0.08314086330284887,0.08904426527175885
0.0,0.0014003043917675858,7.939508755757741e-09,0.08761574490438821,7.724877369060424e-05,0.0010996854787424933,0.0,0.0815526808199896,0.08880190221949258,0.08880171167128245,0.08810684586497852,0.08879979560316939,0.08415779243292884,0.000801736887162254,0.042121960111955646,5.028355545313236e-08,0.08755737363601589,0.08534892517352015,0.08497428622036513,0.08878194758748645
0.0,0.0012961411755673365,5.3294730751835885e-09,0.08869466844123552,0.00011294752288236578,0.0010534076596215626,0.0,0.07641457119402056,0.0894137209485393,0.08941351309908936,0.08893309840767309,0.08941288422126649,0.0850294778884972,0.0013443649126881354,0.04274650173986911,3.997104806387691e-08,0.08790474993045104,0.08355289940775991,0.08528261187114919,0.08939439627916869
0.0,0.0011873641275452409,5.2824211051655345e-09,0.08791021050479798,0.00013539109413594525,0.000629815144737229,0.0,0.07786881396661997,0.08862431988432089,0.08862412443474,0.08813614493788702,0.08862261894472503,0.08452840451327101,0.0014239347155295267,0.04525103633970815,3.433573718357598e-08,0.08682509027895377,0.0856325256078305,0.08599143442739987,0.08860873145963954
0.0,0.000687307867240093,5.317436141905706e-09,0.08848420588397014,0.00011037933943367864,0.0006956163612118206,0.0,0.07167541801887628,0.08921177471895868,0.08921159392612986,0.08876181327263062,0.08921049853428462,0.085266699718609,0.0028387664587177803,0.04534468130216343,3.722205299333994e-08,0.08752030891709076,0.08534037279635509,0.08644398539786305,0.08919653494697598
0.0,0.0006330104177600139,5.272187111755318e-09,0.08786211592107006,0.0001328485708420105,0.0005366137486086797,0.0,0.07306980346475325,0.0884526219663351,0.08845249543384441,0.08800563539862626,0.08845022839338636,0.08433963063484143,0.002422859948142715,0.05043987346466234,3.954140333816488e-08,0.0867459675485759,0.08574591273628258,0.08627292055997365,0.08843741697870479
0.0,0.00046804639147400703,7.837566210387772e-09,0.08734771602321911,0.00042389999353296287,0.0003141610039771834,0.0,0.07377673500294638,0.08766169415065139,0.08766162100003343,0.08731343450861488,0.0876568818849982,0.08372685448481448,0.002416360850493602,0.05660139313366395,2.6125220701292572e-08,0.08502004768448433,0.08630454118566064,0.08566429040193406,0.08764228833671447
0.0,0.0005020492411949724,5.18153450434476e-09,0.08661588833666714,0.00028109565609345103,0.0002820542399767548,0.0,0.0737404849635975,0.08693172359084497,0.08693167177549993,0.0865627776079976,0.08692857839940082,0.08361104393611456,0.0024771724712336295,0.06204885496339048,2.8498439773896178e-08,0.08535386342971991,0.08553521713737199,0.08528702163461387,0.08691046893630815
0.0,0.0005057928931820876,5.213446026800329e-09,0.08725252987095383,0.00022379499086944433,0.0003946578642287849,0.0,0.07385818083302062,0.08746711009597091,0.0874670683884027,0.08705691616258227,0.08746582758824832,0.08399748877689092,0.001801957237642172,0.059376499851399846,2.3460507120601483e-08,0.08604636785197742,0.08519509553093736,0.08444716935048656,0.08744351403925361
0.0,0.00043020255685831936,5.2501501917028025e-09,0.0878376062813826,0.00017074538453455855,0.0005622333338792615,2.6250750958514013e-09,0.07007352360204887,0.08808290379863933,0.08808287229773817,0.08765768363431294,0.08808094024246764,0.0841677092961808,0.001834444478182493,0.057492074182952664,2.6250750958514015e-08,0.08694455573377395,0.08608648168674242,0.08443541445445572,0.08806057490987401
0.0,0.00016281573336204567,8.11225855883704e-09,0.09045250497323364,0.00015794567414055717,0.0009871618154215756,5.408172372558027e-09,0.05934322105522215,0.09073407605963849,0.090734054426949,0.09041105674017035,0.09073125840183238,0.08600139523275771,0.003424873879662616,0.047674348241813165,2.1632689490232107e-08,0.08937325009456595,0.08748791253194087,0.08160433476697312,0.09071975521919595
0.0,0.0002655935925100117,5.377858169945465e-09,0.08982575193676773,7.090705997073095e-05,0.0007333220511246786,2.6889290849727325e-09,0.06993420004992965,0.09022548813453977,0.0902254666231071,0.0898419500455756,0.09022276693830578,0.08571077620087056,0.002908496278335266,0.0504842240974258,2.6889290849727323e-08,0.0895166272713011,0.0829134510066244,0.07690481847406787,0.0902161252834659
0.0,0.0002163396818964677,8.156272173845439e-09,0.09075907086487903,9.91422070304826e-05,0.0007883852683239,8.156272173845439e-09,0.07407109874654083,0.09122636001026298,0.09122633826020385,0.09080762787188733,0.09121930211607522,0.08628579057870742,0.002957021132781577,0.04756643862780922,2.718757391281813e-08,0.09035678720872063,0.08381517961204267,0.0673871587629145,0.09121791554980566
0.0,0.00028392055144163314,8.087906092551721e-09,0.090016065493146,0.00020231357896778626,0.0007089777601669913,5.3919373950344806e-09,0.08083884246448765,0.09046169833497081,0.09046168215915863,0.09009093254387605,0.09043916542859697,0.08623665707128272,0.0025277887782287197,0.054479234985883425,4.3135499160275845e-08,0.0890136989394717,0.08235003536625657,0.061434375910799324,0.09045455401792239
0.0,0.0002308626935606863,5.377403651371618e-09,0.08978872425725627,0.00015538276720820858,0.0006355069409227492,5.377403651371618e-09,0.08401774843264076,0.09021786257825033,0.09021785182344302,0.08984867155316176,0.09016573402725393,0.08505846424830897,0.002066009237664278,0.0555310870245909,3.7641825559601324e-08,0.08849835172226583,0.0848941039057048,0.05846279372128219,0.09021079666985243
0.0,9.135785849956414e-05,2.7360844114873956e-09,0.09149997619606562,0.00026798852376754446,0.0009351088332296357,5.472168822974791e-09,0.08680817695242879,0.09180775833151383,0.09180775285934502,0.0915041624052152,0.09177019736471294,0.08466282410971918,0.0020739711364983265,0.055783989419014364,4.651343499528573e-08,0.08837172880587973,0.0818275402218089,0.04898898944911129,0.09179842281150184
0.0,0.0001428054715745299,5.574419219866106e-09,0.09318468969818425,0.0006303636870112891,0.001332927251758284,1.1148838439732212e-08,0.086400287042454,0.09352323532624515,0.09352322417740672,0.09327158374498352,0.09345930788663173,0.0890718720489286,0.002780765581314888,0.050816093440823114,3.902093453906275e-08,0.08794666438056019,0.08426076920167719,0.036138129213928206,0.09351722610232614
0.0,8.017097041724064e-05,2.8095661614592828e-09,0.09391544674695197,0.0004950202715536725,0.0020600581965667898,1.6857396968755698e-08,0.08775510207521918,0.09427339671418652,0.0942733910950542,0.09387616339288245,0.09424158118697416,0.09040684928625697,0.002101156530376616,0.05323031021335907,7.585828635940064e-08,0.09027322070048564,0.07859256738599746,0.03015736059779791,0.09426810911067066
0.0,0.00011676522629299331,2.748969448464858e-09,0.09211952763270412,0.001419510094828835,0.0011939571515822934,8.246908345394575e-09,0.08773065496181866,0.09224010842859158,0.09224010293065268,0.09183687859401296,0.09220358012256039,0.08928282757326096,0.001247064492357186,0.06742319295517421,4.398351117543773e-08,0.08506021257461864,0.07766965769387095,0.035980222000505005,0.09223568258777956
0.0,8.799937523118671e-05,2.7296784921889293e-09,0.09149830987861639,0.002275195212274949,0.0022800977148469204,2.1837427937511434e-08,0.08447392448688391,0.09159281134801596,0.09159280588865898,0.09082321671264218,0.0915614855576396,0.089793418204679,0.0009279623924551031,0.06799072815565915,4.913421285940073e-08,0.08474125827969492,0.08674216174868227,0.03203154329115862,0.09158700805154157
0.0,5.1352273007663614e-05,5.5497971476995155e-09,0.09300446626585218,0.0020149343265309506,0.003070569566690597,2.497408716464782e-08,0.08382572336083773,0.09311014550313867,0.09311014550313867,0.09272671001820411,0.09306646859958628,0.09044095391556115,0.0018071970945968362,0.06517358772064315,4.1623478607746366e-08,0.08617348734701194,0.08761582412772756,0.02170838950514268,0.09309997272496694
0.0,0.00013412401005561913,5.486766621215755e-09,0.09196009601929375,0.002112325591052058,0.0030523019882988775,2.194706648486302e-08,0.08243986459889015,0.0920526687457269,0.0920526687457269,0.09155349369206194,0.09201400898811382,0.09005165044573614,0.0010986372276325154,0.06957875195636151,4.1150749659118164e-08,0.08868909974362314,0.08819010026649006,0.022978449670635982,0.09204168972571786
0.0,0.0001418243215571145,8.290426232367715e-09,0.09262268683981609,0.0018855690153388913,0.00240321770233711,2.4871278697103143e-08,0.0771422668645094,0.09272684775499955,0.09272684775499955,0.09237998184838811,0.09267109187511147,0.09048576868196427,0.001706598057309948,0.062973524965983,1.658085246473543e-08,0.08821790600524762,0.09110637340886685,0.02809137420391873,0.09271807095709489
0.0,0.00018606894596239474,8.336297813461332e-09,0.09313228554220865,0.001457598893917776,0.0025045156335872553,3.056642531602488e-08,0.0767365216930754,0.0932399127045123,0.0932399127045123,0.09286333434461888,0.09320645080508907,0.09106173812142862,0.0015016062100750383,0.0607644029412904,1.3893829689102219e-08,0.08952701457890665,0.09100661852028602,0.02633824950750542,0.09323371605647097
0.0,0.00016708493762931665,1.4142242448268809e-08,0.09470465793422794,0.0010382923276185097,0.0017843182443526065,6.222586677238276e-08,0.057497289214967516,0.09490698251158985,0.09490698251158985,0.09468124969452757,0.09484117017213259,0.09255882720306721,0.005520480908651522,0.05917383508651884,8.485345468961285e-09,0.09216283875761871,0.09287669955812847,0.02827538012084942,0.0949038259630754
0.0,0.00017952282319588797,1.4043872580449656e-08,0.0940148849039338,0.0009496494726645219,0.0017112823879965,4.774916677352883e-08,0.06552635008978458,0.09424683350347252,0.09424682788592348,0.0939989310646824,0.09413921249911401,0.09182033319902241,0.005184000641748801,0.058964249510686906,8.426323548269795e-09,0.09070827195751403,0.09203418767312847,0.028031412379204614,0.09424397978856416
0.0,0.0001883009154889007,1.4205814736020632e-08,0.09485276481336972,0.0005307491266783612,0.0013615591545368447,4.829977010247015e-08,0.050063166297281865,0.09533360891288045,0.09533359754822866,0.09515416674346093,0.09523696391406836,0.09280222932646177,0.0115209498448681,0.04745430251496704,8.52348884161238e-09,0.09359184533274875,0.0938838543781365,0.03736107966851322,0.09533079047923683
0.0,0.0003794629386826857,8.475704449699633e-09,0.09401194870910501,0.0005366109748845666,0.0020117734315369886,5.0854226698197796e-08,0.0655714003513688,0.09479914953651458,0.09479913823557531,0.09444739650091277,0.09473899463680024,0.09328779582186193,0.0063009064935423045,0.04969202680311571,1.977664371596581e-08,0.09346558219839884,0.09300705788860936,0.028153894382777732,0.0947967819897383
0.0,0.0005152754371634348,5.5962274129756e-09,0.09305833374824696,0.00046356909398124677,0.0017398643045804076,2.7981137064878e-08,0.08045712940317258,0.09388911609261284,0.09388910490015802,0.09345581139648096,0.09381790969501014,0.09237469301125045,0.0031643728000985204,0.048542213817981995,3.63754781843414e-08,0.09260292955006125,0.09142111824498905,0.026722204149827594,0.09388628440154187
0.0,0.00037982365150694366,5.681262596300135e-09,0.09453274403225051,0.0007864827468875111,0.003421537557990458,3.1246944279650744e-08,0.06242311707113937,0.09531576973084817,0.09531575836832297,0.09505876077351674,0.09529816349806224,0.09362412834269904,0.004665435800293882,0.03869899677396037,2.272505038520054e-08,0.09355197630772602,0.09301461976631757,0.038600776265564234,0.09531184965965672
0.0,0.00021661002025647605,5.80202821210109e-09,0.09640964547156267,0.0003516377218225987,0.0033582458403192774,2.901014106050545e-08,0.06788874883598622,0.0973418805525138,0.09734185734440096,0.09700891955950595,0.09733590446345534,0.09530962153674578,0.004025345638062025,0.03037844787883578,2.6109126954454906e-08,0.09590146902857759,0.08877883537309196,0.031014126792795894,0.09733864302077146
0.0,0.00023233064621635733,2.87876397021693e-09,0.09594660648222914,0.000507238211552223,0.003076126270487062,4.606022352347088e-08,0.08054476439686127,0.096595289882694,0.09659526685258224,0.09603439726826488,0.09658487451464975,0.09476913444313101,0.0017088602015965014,0.037204926765021865,4.8938987493687805e-08,0.09499262440519482,0.0867511146703637,0.021864644168393114,0.0965917029427871
0.0,0.00012826177535589178,2.8450142039325643e-09,0.09497908080970947,0.0008694647908638309,0.0016155356256746987,6.543532669044898e-08,0.07769740618973922,0.09546283564488936,0.09546281857480413,0.09503293123856152,0.09542673810466985,0.09348807714576932,0.003207454788442553,0.04617626193322004,5.4055269874718715e-08,0.09307788868787473,0.08660792239611512,0.025307306058497007,0.09545989390020249
0.0,0.00012774199015451026,5.502207057674941e-09,0.09210223625623713,0.0012188021386561627,0.0011742590214207551,1.650662117302482e-08,0.08288429523499433,0.09231171628333694,0.09231170527892282,0.09186184482988731,0.0922783233887039,0.09004040520992872,0.002399146601082706,0.05309864204676974,3.301324234604964e-08,0.08621678947258102,0.08835535429851576,0.041312408326180716,0.09230627460055689
0.0,0.00012778697488963103,2.8024073968646468e-09,0.09360280591601093,0.0007761323333764577,0.0018704303857411495,1.9616851778052528e-08,0.08629824135904653,0.0940331884343918,0.09403317722476222,0.09353538559885716,0.09398350735606019,0.0921536978655366,0.002979738132123448,0.04995226169059626,4.483851834983435e-08,0.08862295039104162,0.08803887264138709,0.02596209903732962,0.09402965740107176
0.0,0.00010321000739240386,2.7917987338690217e-09,0.09331778226990602,0.000981364715533437,0.0009604597266142257,2.2334389870952173e-08,0.08432784416380477,0.09367722077329418,0.09367720960609925,0.09333353918195998,0.09359537081801461,0.09174811018258057,0.005429504136622143,0.05248756944634248,3.629338354029728e-08,0.0880301322187505,0.08766895721654987,0.026987156972038545,0.09367450714492487
0.0,0.00014310551948236815,2.7775075108663734e-09,0.09290441543979762,0.0011104030627242022,0.0009591816662950825,2.7775075108663732e-08,0.0821221423926444,0.09319768690285499,0.09319767579282494,0.09280138102117452,0.09311781689687251,0.09156244602087747,0.004209070989564543,0.054891508751245675,2.7775075108663732e-08,0.08929904404024241,0.09022709817986323,0.027062150035789573,0.09319481496008875
0.0,5.407965969285069e-05,2.810500971460903e-09,0.09386547118897558,0.0011213758351080428,0.0013452294269839325,5.902052040067896e-08,0.07168699297789587,0.0943047637328188,0.09430475249081492,0.09393638012848554,0.09424312944651467,0.09290300951029686,0.008069631240800316,0.055309079616804604,4.215751457191354e-08,0.09117087527757772,0.08973084765282642,0.023652206552979803,0.09430207127288814
0.0,2.629354499307072e-05,2.8611039165474127e-09,0.09560169304336488,0.001755859473585147,0.0026562889315774494,1.2588857232808615e-07,0.05877862186129104,0.09600271681272383,0.09600270536830816,0.09557394033537436,0.09597964487074079,0.09477227618458128,0.011845098964182533,0.05011648669874792,4.2916558748211186e-08,0.0911884402520905,0.09159279434640831,0.022107409491795786,0.09599955815399996
0.0,6.741877794855162e-05,2.850929378744571e-09,0.09534793611671659,0.0021362298927870946,0.001694381453951746,1.3114275142225026e-07,0.06809098718304828,0.09566131597588695,0.0956613102740282,0.09535862710188689,0.09558454614957612,0.09424930767318235,0.009467873746364389,0.053682675195811096,3.421115254493485e-08,0.09144665023067867,0.09069878303232888,0.015192651125129257,0.0956591378658416
0.0,0.00012762688856853623,5.728573480341858e-09,0.0957630848989169,0.0016967261291352736,0.0017567673077827366,1.20300043087179e-07,0.0649477591191106,0.0961095146515671,0.09610950319442013,0.095827021507531,0.09605265283120122,0.09465368363014041,0.009020271952167832,0.04968195862287465,2.5778580661538357e-08,0.09321769638724964,0.09248355678144991,0.01644517915436156,0.09610684513632525
0.0,0.00010576185238736018,8.761889902852108e-09,0.09748271341185553,0.001406920026740704,0.003449585261052551,1.6939653812180742e-07,0.052753288822835274,0.09800007964557922,0.09800006796305935,0.09774585633067794,0.09796415005571758,0.09647373505946263,0.012877530669279736,0.04120259450658417,2.3365039740938954e-08,0.09509810666219498,0.09411599810550417,0.015326280294289101,0.09799712980931193
0.0,0.0001849022151891998,1.163217936801974e-08,0.09702864934822049,0.0011811663895668284,0.003277427605881244,9.88735246281678e-08,0.06056514036149533,0.09757779290400534,0.09757778127182597,0.09732592714023929,0.097537324551984,0.09618461841327698,0.010885503958296868,0.035706358799481384,1.163217936801974e-08,0.09488010439369167,0.09491521031102436,0.017596596787240914,0.09757537341069679
0.0,0.00015639323734133848,8.644649593249354e-09,0.0960303002575535,0.0008695566579353593,0.0020479290148402297,9.509114552574289e-08,0.06104995620245915,0.09668876898017104,0.09668875745397158,0.09642114215496349,0.09664752823851151,0.09514599294586219,0.012911366240590522,0.04361390256291557,2.305239891533161e-08,0.09445569462344232,0.0915687159190813,0.01901703614350471,0.09668683257866215
0.0,0.0001510753053243584,5.745509719688847e-09,0.09574225468733981,0.0009453431872387242,0.0015733589999041735,9.480091037486598e-08,0.06522181403535694,0.09639365759731924,0.0963936461062998,0.09613866613044973,0.09632377496259867,0.09461896157306288,0.012056817127288634,0.043009127635616484,2.5854793738599812e-08,0.09350332147773258,0.09070898133454247,0.020827093530230573,0.0963919799084811
0.0,0.00020968541251307576,8.393235810685106e-09,0.09339710237858091,0.0011444093095511034,0.0017726234257639919,4.4763924323653895e-08,0.0727167065081447,0.09387675342319941,0.09387673663672778,0.0934194227903468,0.09382379770072453,0.09241607299957534,0.005821520380838487,0.04664539402915612,2.7977452702283684e-08,0.09008760473450346,0.09241438316143212,0.03450461200194336,0.09387309397238595
0.0,0.0001573118060606923,5.557739129506882e-09,0.09262809254836123,0.0008008729874315065,0.001342013373254203,2.5009826082780968e-08,0.08070391878409117,0.09324338984738893,0.09324337873191067,0.09278037460050971,0.09315925679244645,0.09176924400520027,0.00694968045223101,0.05005454920955611,4.724078260080849e-08,0.08956493351165525,0.09050843197949772,0.02985457397484167,0.0932398995872156
0.0,0.00024082895592786075,2.7349211979497455e-09,0.09116339084369388,0.0008135624785965067,0.0010929428837306672,1.9144448385648218e-08,0.08254763970174393,0.09176872736196327,0.09176871642227849,0.09110830953076716,0.09170796288278722,0.09058368053704925,0.004196460351212891,0.05810553955881914,7.384287234464313e-08,0.08985692992711806,0.08900801585711686,0.034272582944471296,0.09176461404048156
0.0,0.00015346035547882453,5.443014665489981e-09,0.09089351151665973,0.0017741887313191178,0.001071155349587768,2.4493565994704914e-08,0.0679364976759933,0.09131863273409316,0.09131862184806383,0.09101498871796414,0.0912163748175726,0.08985494077436693,0.00987338366753888,0.06010415197676386,3.810110265842987e-08,0.08881489497509976,0.09003519164802928,0.04330704137714977,0.09131289579663573
0.0,7.086379682773635e-05,1.1213513225371683e-08,0.09368344201703967,0.0016310475493049065,0.0016446747712520395,7.008445765857302e-08,0.05083905252877759,0.0940657667504587,0.09406575553694549,0.09376290097175465,0.09403917951060135,0.0926407647032917,0.016563833610863114,0.05533671418888159,2.2427026450743366e-08,0.09198785228898783,0.09214353509985226,0.03346341102120708,0.09406110192895696
0.0,5.677502203811634e-05,1.439821009284752e-08,0.09620817176345882,0.0009953914583488276,0.0018095152109127422,1.5550066900275323e-07,0.03657615609124903,0.09662475229643316,0.09662474653714913,0.09640288163818642,0.09659342179127112,0.09482905360792551,0.02558198234712059,0.05033607913247052,2.0157494129986528e-08,0.0951304830158613,0.09281726658234442,0.02279171001859739,0.09662142343025969
0.0,3.8985064191065434e-05,1.1459454494728229e-08,0.09577160596705828,0.0013074750551668882,0.001464297689927244,2.0340531728142606e-07,0.029169840875877047,0.09612887165011318,0.09612886592038593,0.09591995433521978,0.09605235687245188,0.0943998003992216,0.030969634150182827,0.05243626355261338,2.2918908989456457e-08,0.0943960130495111,0.09413009067823369,0.02555997519658372,0.09612573175958161
0.0,5.32832267287426e-05,1.7055180601357993e-08,0.09496789596760527,0.001370125091079994,0.001449622130393024,1.3928397491109027e-07,0.03000409338547083,0.09537948295599764,0.09537947727093744,0.09523136439753506,0.0952306367098294,0.09354124148042207,0.03584158142001803,0.05353202201829501,1.7055180601357993e-08,0.09368069600713919,0.09387826321922532,0.025084412839805108,0.09537562848518175
0.0,4.698031899820974e-05,1.755945393317501e-08,0.09784643979510751,0.0009830689550244585,0.0018997778070597932,2.575386576865668e-07,0.029027837660799784,0.0981995838263089,0.09819957797315759,0.0980364564992697,0.09811962392624854,0.09606325968873966,0.030727835707310535,0.04251403677139881,1.1706302622116673e-08,0.09616007666457588,0.0955746327641412,0.01840353981031839,0.0981969850271268
0.0,5.83572159590845e-05,1.1620313811048287e-08,0.0970458132295489,0.0009158666533315819,0.0026732096160548675,2.498367469375382e-07,0.04364248230203692,0.09747825739787015,0.09747825158771325,0.09717625706223483,0.09739251110225844,0.09610366723653363,0.020716062155234187,0.04850539189678275,1.7430470716572432e-08,0.09604658825509377,0.09449261530945609,0.012798311503329498,0.09747607858903058
0.0,6.428268858795421e-05,8.601608642455962e-09,0.09589720155579819,0.00208777958249403,0.002206966339046781,2.609154621544975e-07,0.053260793712118566,0.09620736409463362,0.09620736409463362,0.09596243615574257,0.09598170375910167,0.09473067432933135,0.018138808522546096,0.056548219581555766,2.867202880818654e-08,0.09419540195791708,0.09183179459108541,0.010473622606559745,0.09620528823974792
0.0,9.332814112140212e-05,5.739914580485385e-09,0.09595613231250445,0.0011953773907881448,0.002214332767030491,2.2385666863893e-07,0.06864945874140933,0.09629978673835268,0.09629978673835268,0.0959394119413315,0.09613784078837888,0.09450302127722335,0.008157210727081839,0.0556391789361,5.739914580485385e-08,0.0944690639425652,0.08908839913584324,0.009059651577254912,0.09629773184893288
0.0,6.976138573846803e-05,5.737427891970395e-09,0.09595872246517631,0.0015642179158994567,0.0027252983296835592,2.4384068540874177e-07,0.07343023564083953,0.09625806702801198,0.09625806702801198,0.09589833029918543,0.09605732590092772,0.09420216301662644,0.007123797018074553,0.05541594560704926,6.598042075765954e-08,0.09312621168918946,0.08767276352816002,0.007983223554296474,0.09625555403459529
0.0,0.00013655913318865945,2.785897694493032e-09,0.09324790723504485,0.002848455027222873,0.001600634734473277,7.800513544580489e-08,0.08650078618311528,0.09347921474882322,0.09347921474882322,0.0930356106871337,0.09323084639756377,0.091626258474262,0.0035018761878754354,0.0659004489658004,7.800513544580489e-08,0.08933163712280666,0.08786079457602211,0.010744694802483837,0.09347490217919213
0.0,0.0002705915335123842,2.7624629517460845e-09,0.09244684479147486,0.0022065725319662197,0.0016960251790763155,3.038709246920693e-08,0.08812770634179035,0.09269287526688327,0.09269286974195737,0.09209011690066408,0.09253102808746637,0.09127955502136274,0.0017880455824619294,0.06800123553917979,9.668620331111296e-08,0.08981528390916022,0.0877615418775364,0.013911884973363159,0.0926876928863858
0.0,0.0002905829494058975,2.7460116178973494e-09,0.09196600506816535,0.0026922117582795046,0.0018953136947424578,3.0206127796870846e-08,0.0864080885375876,0.09214086010394659,0.09214086010394659,0.09139281358709193,0.09208203504306799,0.09100638384817496,0.0013554230965592778,0.0702640885231326,7.139630206533108e-08,0.08956830854792858,0.08776947322536933,0.016891760946101397,0.09213568661805847
0.0,0.00023380316468713132,5.664522463649457e-09,0.09484354101806468,0.003017434471161429,0.00336917016128051,1.2745175543211278e-07,0.0790257642194185,0.09503491690949908,0.09503491124497662,0.09452781752950826,0.09500231191819831,0.09378678470081363,0.0023853360739652498,0.05644652451751467,4.814844094102038e-08,0.09223335738942733,0.0898902956466083,0.01013724922677569,0.09503060054338178
0.0,0.0001422687239110241,5.841098840597955e-09,0.09774113376102327,0.002303431486690963,0.006056483519246164,7.067729597123525e-07,0.06318955047978085,0.09799737692606146,0.09799737692606146,0.09749979708022628,0.0979525523335587,0.09674110843401869,0.004457266590975372,0.0492164563100059,4.9649340145082615e-08,0.09594516525940577,0.09049116772117193,0.0042729215115661,0.09799518067289739
0.0,0.00011027021411432841,5.8200836098661185e-09,0.09734656713644683,0.0012433357314502842,0.005541531498256121,6.402091970852731e-07,0.05924529666312054,0.0976447998607836,0.09764479404069999,0.09688137949367746,0.09760021220024842,0.09634502968861025,0.004549736870382445,0.052880662750380905,4.656066887892895e-08,0.0959984262493919,0.09243342715550616,0.006891028464792168,0.09764280939218903
0.0,0.00017412990656992614,8.636253797609088e-09,0.09624524501180129,0.0011903118309143335,0.00399534979187017,2.3030010126957566e-07,0.0726295471823,0.09659486359553862,0.09659485208053356,0.09601786972181783,0.09652843928882995,0.09492943689820263,0.0038665602177376914,0.048326075372864714,3.742376645630604e-08,0.0935682136046336,0.09208703850331833,0.010659500641038893,0.09659228999190694
0.0,0.00021369247458363097,8.523605591539819e-09,0.09492306548133847,0.000762396743337143,0.0022751236456956723,6.818884473231855e-08,0.07856175452261376,0.09533491473871421,0.09533490337390675,0.09487878819149227,0.09525611116381856,0.09353561569276252,0.004070513197882709,0.04757734865224521,2.8412018638466065e-08,0.09249971349320404,0.09226889425378515,0.017175235739064567,0.09533182351108635
0.0,0.0002650508506544437,5.66590104006934e-09,0.09441697721068933,0.0006732421922346792,0.0019325198608458104,4.532720832055472e-08,0.07837674337544054,0.09505804558386798,0.0950580342520659,0.09467155181032068,0.09499727879521323,0.09363856173039836,0.005956655250792058,0.04663533455498281,2.83295052003467e-08,0.09309998950703458,0.0912071536170734,0.01895713317804364,0.09505564890772802
0.0,0.00024495831957918303,5.6677731019373905e-09,0.09432989262571058,0.0006318745181560409,0.0019417478919716892,5.1009957917436514e-08,0.0777449059847793,0.09508945357019362,0.09508944223464741,0.09460385010636582,0.09502671132195517,0.09402869582752742,0.006288244060612333,0.04777487237967408,2.8338865509686952e-08,0.09366767568425331,0.09152373282075656,0.016926625834083307,0.09508723180313765
0.0,0.00016716080772716545,5.773024390087045e-09,0.09617374854441128,0.0007713309022473351,0.0027278406196819802,1.0968746341165386e-07,0.06941523205904077,0.09685527716575862,0.09685526561970983,0.09639252307669802,0.09681352088034512,0.09576057318881274,0.005985090668032503,0.043408842510283964,3.7524658535565794e-08,0.09559866294676837,0.09322554581073529,0.012997037843866374,0.0968521943707343
0.0,5.686650177210037e-05,5.8996267011204865e-09,0.09834227569250556,0.0007060820726568527,0.0032245943637916313,2.1238656124033753e-07,0.056020448106146085,0.09897931148406584,0.09897929968481245,0.09865431874798122,0.09893966599263432,0.0972636764408732,0.012074588980382266,0.03981983719980118,4.719701360896389e-08,0.09726043164618758,0.08940569225482257,0.011296071291089057,0.09897657405727653
0.0,7.238850175317201e-05,8.650633574709848e-09,0.09599232640358375,0.0003701779119289838,0.0017722639510843812,1.1822532552103459e-07,0.06462368152233434,0.09675569867983949,0.09675568714566139,0.09627961394459987,0.09667959617273825,0.094874174343162,0.010012696015859588,0.04203501160545932,4.9020256923355804e-08,0.09533304431758796,0.09215043008873981,0.019540316404650895,0.09675271709480075
0.0,9.499707542671342e-05,1.7019990222469484e-08,0.09476942738415782,0.0005235547558984209,0.002191286864497464,8.226328607526917e-08,0.05991208460210505,0.09518268409341953,0.09518267842008946,0.09473792338225603,0.09509083287951893,0.09287149990779987,0.008971424066156112,0.050730588469963075,3.403998044493897e-08,0.09350379821789469,0.09365097574667847,0.027410234713551095,0.09517587609733054
0.0,0.0001802432521685033,1.6721445891163815e-08,0.09288361320458582,0.0004039734112846266,0.0011443795269918207,5.0164337673491444e-08,0.059594876431928824,0.09351310318278927,0.09351309203515867,0.09313571687047159,0.09336899776209923,0.09146983167593381,0.012601264902135161,0.05425318267292006,2.5082168836745722e-08,0.09246009799686972,0.09258855771802094,0.035381531628426784,0.09350744576026276
0.0,0.000248850137484775,1.6557997038044777e-08,0.09215142413028203,0.0004131772194226773,0.0014263693371791564,2.2077329384059702e-08,0.07170105593851887,0.09259903094487915,0.09259902542554681,0.09216228617633898,0.09244263514352247,0.09091867573146725,0.006638962028398129,0.058917051414035145,1.6557997038044777e-08,0.09172279278029051,0.09194112652923417,0.031525537747929544,0.09259194412214687
0.0,8.17230472238181e-05,1.3924526703666399e-08,0.09301740906710372,0.0009107141747159157,0.0017681001970621297,3.8988674770265916e-08,0.05321126432274032,0.09344591688207167,0.09344591131226099,0.09316087625063693,0.0932832004328233,0.0922501676457317,0.01731535782390972,0.05864010866566964,1.113962136293312e-08,0.09192290227952077,0.0929006881144629,0.031204613701435735,0.09344098202980788
0.0,5.431792098672258e-05,2.024629642742588e-08,0.09662460514009619,0.0008928645647775424,0.0030926796258505247,1.3883174693092032e-07,0.03890673227130016,0.09705042524655781,0.09705041946190168,0.09681299982068145,0.09688599639628649,0.09567446380272546,0.025039433566935294,0.043888209137161675,5.7846561221216805e-09,0.09524841231001895,0.09608793945302246,0.019642502698383003,0.0970478337206151
0.0,1.52805612398767e-05,1.4583471311201276e-08,0.09737347044141388,0.000629069701785716,0.0034397071272623913,3.1500298032194755e-07,0.02504781198361113,0.09786801928713082,0.09786801928713082,0.09763436874317127,0.09754619707562374,0.09622875544431245,0.03792651049886413,0.04142638027867374,8.750082786720766e-09,0.09587225373802735,0.09684038623110423,0.016417126993209432,0.09786630427090462
0.0,5.549323229889551e-05,1.4312708216985328e-08,0.09546878665126757,0.0006052815679546661,0.0022583850543082544,1.0305149916229437e-07,0.04949051682319159,0.09605095892053508,0.0960509531954518,0.09576583259760288,0.09566850618172738,0.09423382321038992,0.019349567791707364,0.04431995079084812,1.4312708216985328e-08,0.09370721287442073,0.09527059571804533,0.02565555237927935,0.09604845133405547
0.0,0.00015471772566985097,8.391090608506786e-09,0.09330423974397552,0.00047357077770250036,0.0015167987116655123,4.475248324536953e-08,0.07024263621662954,0.0938527597429932,0.09385274855487238,0.09341335748624854,0.09362906445549123,0.09202045882147804,0.007050504799619917,0.05093541360776451,2.2376241622684765e-08,0.0920665874435832,0.09314760045855631,0.03049065559758746,0.0938488103363468
0.0,0.00022172460973138335,5.466313538074635e-09,0.0911292519046816,0.0009826190552907584,0.0017249444337612938,1.9132097383261223e-08,0.0762411675545003,0.09170952295200238,0.0917095120193753,0.09122937290344497,0.09143348505095669,0.09053435846864648,0.005012691509117512,0.06005211151488431,2.7331567690373175e-08,0.08957081138129007,0.09133600974794574,0.03540837392169074,0.09170399104270185
0.0,0.000171106304814195,5.402532397082393e-09,0.08997442284489782,0.0009188708138943689,0.0011568577685182454,1.0805064794164786e-08,0.07075552973097048,0.09063945297284907,0.09063944216778427,0.09027863944417752,0.09043224424529138,0.08957538099698452,0.00803728531801691,0.06062091920728361,2.161012958832957e-08,0.08842651087261535,0.0903981326557362,0.04734119203344085,0.09063397480499844
0.0,9.201380826571784e-05,5.610940195482519e-09,0.09369652923034304,0.001188338218531145,0.0020220173237161334,3.3665641172895114e-08,0.05657449278762874,0.09413595562269245,0.09413595001175225,0.09383907516600927,0.09405238066848073,0.09309594541369898,0.010182063759408316,0.05118489857191781,1.1221880390965038e-08,0.09116557438166577,0.09385732755446517,0.03664583033738351,0.09413155664557919
0.0,8.261893044445576e-05,5.728474983148259e-09,0.0956096223027404,0.0009564462328488743,0.0022420248600920232,6.301322481463084e-08,0.0439423811655075,0.0961078621428747,0.09610785641439971,0.09578683840481907,0.09605436964348206,0.09508204694221739,0.011489212737401609,0.04544661568285742,8.592712474722388e-09,0.09380264361100607,0.09587092096062172,0.03531385999366545,0.09610460264060929
0.0,7.583591461576299e-05,5.652015249917122e-09,0.09410017581526017,0.000728007824265575,0.0014306974462191461,4.521612199933698e-08,0.041480380129789884,0.09482508068315354,0.09482506937912305,0.0945625558788254,0.0947461672462342,0.09374583967521237,0.01810707865539699,0.043819486423021456,8.478022874875683e-09,0.09241306056719041,0.09461131581438643,0.04570658410067141,0.09482260510047408
0.0,0.00015419443414568194,5.664539662234376e-09,0.09396629549053022,0.0003746781436886617,0.0015297004389769,3.398723797340626e-08,0.05617712612208583,0.09503520545387317,0.09503519412479385,0.09473939186363196,0.09496079039633039,0.09366361647821839,0.013277414734913251,0.0375221288074175,1.1329079324468752e-08,0.09318127526143946,0.09450674921970399,0.04084308980427497,0.09503309824511881
0.0,0.00019766551370047717,1.1333544354484593e-08,0.09403464418004576,0.0003925033080845104,0.0014616362144482828,3.400063306345378e-08,0.04211203375764187,0.0950726608403843,0.09507264950683994,0.09482879696650885,0.09499793878245517,0.09367517815375458,0.01788264429326787,0.03635823696007367,5.6667721772422965e-09,0.09358335944416672,0.09484244822068383,0.050417782070420664,0.0950697707865739
0.0,0.0001598804518433676,1.1273278347467262e-08,0.09334130173740046,0.0003153925083270916,0.0015930382365589462,3.3819835042401786e-08,0.04707000675415925,0.09456711293179065,0.09456710165851231,0.0942141804065665,0.09447959847197927,0.09342113909465723,0.016978549239780275,0.03909037450180142,8.454958760600446e-09,0.09330621929518314,0.09436010735813528,0.04797164919302886,0.0945642946122038
0.0,0.00030377655874404296,1.3833554593661163e-08,0.09192785473700833,0.0005022880671630806,0.0011970728132078752,1.6600265512393396e-08,0.05493243108160452,0.09283541338625823,0.09283540231941455,0.09255883082913441,0.09272052294864695,0.09162649351689633,0.013144095766134928,0.04577187889679128,8.300132756196698e-09,0.09159267324262575,0.09265221285606345,0.05256781732753532,0.09283119691881808
0.0,0.00018280597996729093,8.388417203063306e-09,0.09253277556622284,0.00031040778632122223,0.0009389127413998082,3.0757529744565454e-08,0.0523589734895902,0.09382285820927262,0.09382284143243823,0.09338505553088848,0.09375566139519796,0.09295845977788764,0.012206757606560098,0.04539232869124756,1.1184556270751074e-08,0.09312279446317377,0.0935850633584002,0.047804460000074434,0.09381979364085444
0.0,6.76425300313658e-05,8.534976030202618e-09,0.0945344414675839,0.00048164007735237394,0.0011555959246012935,5.6899840201350785e-08,0.046229168499078606,0.09546209094235455,0.09546207956238652,0.09513737493429349,0.09539877280017849,0.09446740776584268,0.019864357267541762,0.04222423057162638,1.1379968040270156e-08,0.09424927084846277,0.0948066616830752,0.03499986270068559,0.09545932561012077
0.0,0.00021045366800942578,1.1232882389550627e-08,0.09354846673247506,0.0006135568854408396,0.000986572827391842,3.9315088363427195e-08,0.059640084800286694,0.0942282470760435,0.09422823584316112,0.09389965156750198,0.09414526977383189,0.09307165334080343,0.01034598735226306,0.046944049273982165,1.1232882389550627e-08,0.09309691609329752,0.0936436766436089,0.037172519951782515,0.0942245963892669
0.0,0.00013110275565534206,8.33880903544982e-09,0.09233246370210238,0.0005341090575295964,0.0006166799445986205,4.725325120088231e-08,0.05119806935445846,0.09326800024699552,0.09326798356937745,0.09286476879727731,0.0931853570902482,0.09231110523255959,0.014668484879119443,0.051457812137500676,1.667761807089964e-08,0.09233026781572305,0.09287240714635378,0.04569679025759151,0.09326452574323076
0.0,0.0003472424544451685,1.091073908533714e-08,0.09075478578157653,0.0006454547751256032,0.0006813892943031611,2.182147817067428e-08,0.07200120013765643,0.09152591317717182,0.09152589135569364,0.09103988339387639,0.0914193698100035,0.09046880439941075,0.007607864698586823,0.0551312008464726,2.182147817067428e-08,0.09040610038188733,0.09105216888608647,0.04387211459435789,0.09152056145965046
0.0,0.0003765559025090058,1.3617279353591889e-08,0.0908095726129452,0.0010416755717999773,0.0011123873800273092,2.1787646965747023e-08,0.06071461178003983,0.0913840148190206,0.09138400392519712,0.09094455797972148,0.09132241024722494,0.09028314493387056,0.007489860417194603,0.05715701584523784,1.9064191095028645e-08,0.0902170575537117,0.0911902028054368,0.053199703739202235,0.0913731700177434
0.0,0.0004219181259291909,1.1037897838537873e-08,0.09178901707310028,0.0007017509119318031,0.0009193934220376333,2.2075795677075746e-08,0.06110622187426353,0.09259259811154151,0.09259258155469476,0.09227312823440072,0.09254074206749606,0.09143596439178572,0.008057853066395903,0.04974227557147309,1.3797372298172342e-08,0.09151003972418015,0.09220484779837151,0.049525496776873124,0.0925861243844592
0.0,0.000347770443238127,1.3983644550343268e-08,0.09318146416678778,0.000870423141951757,0.001149925432495108,4.4747662561098457e-08,0.050380951394372965,0.09384265003533275,0.0938426332549593,0.09345435778691664,0.09379885326060108,0.0927862919652529,0.007960497300463013,0.05078307626397827,1.3983644550343268e-08,0.09297998222264862,0.09359133597547399,0.04719485069852891,0.09383486394204713
0.0,0.0003142297985186401,1.7000250589360436e-08,0.09451862790274816,0.001105121123187063,0.001365080455074268,7.366775255389523e-08,0.05584767621336328,0.09507229206394245,0.09507228073044206,0.09471056073190204,0.09499837497437992,0.09400482932918593,0.007524996587624701,0.050856651977335694,1.4166875491133698e-08,0.09423061532401342,0.09449050382152316,0.030821916158651486,0.0950661379732291
0.0,0.00016565708453739503,1.707071717001924e-08,0.09482719657268253,0.0006995636798664451,0.0009722484708208041,1.0526942254845198e-07,0.04041707381038397,0.0954663697454405,0.09546635836496238,0.09515329279254235,0.09539732438472683,0.09427448089215164,0.01844576343806429,0.05285528770101886,1.707071717001924e-08,0.09487929640148543,0.09458140100639048,0.030936603504614822,0.09546194273945441
0.0,0.00017224288156139923,2.0170305322032165e-08,0.09586088593438483,0.00041783075621808517,0.001770728052443693,1.2102183193219298e-07,0.050835773745777926,0.09668616262105234,0.09668615109516358,0.0963401323888363,0.09656404582968837,0.09518912832299549,0.013309695810155888,0.04753651978572532,2.3051777510893903e-08,0.09615012811270277,0.09458568465425969,0.021212262954357703,0.09668246281076184
0.0,0.0001349681903350046,2.8477906556738112e-08,0.09478074955142954,0.000530962024378415,0.0017992455274173367,9.967267294858339e-08,0.045406313330325514,0.09555599790604231,0.09555598651487969,0.09529556175499963,0.09540634081150534,0.0938316492728692,0.023459139715989896,0.04796172701496261,1.708674393404287e-08,0.09458624544964703,0.09371372795739906,0.026429046482769655,0.09555219325772633
