0,1,2,3,4,5,6,7,8,9,10,11,12,13,14,15,16,17,18,19,20,21,22,23
0.04697407,0.04035859,0.040187005,0.048426807,0.033428133,0.041616745,0.048405707,0.041629955,0.039445914,0.04402577,0.043457195,0.045986265,0.037583385,0.036317367,0.044880208,0.037267905,0.04271776,0.040171564,0.04760808,0.042137843,0.033855267,0.04034046,0.04238646,0.040791564
0.047288556,0.04111965,0.042705696,0.04777249,0.032012668,0.043760918,0.049711738,0.040431686,0.039841097,0.046771348,0.040644582,0.047177,0.036288455,0.033874582,0.04584593,0.035037514,0.04126354,0.042120256,0.049877513,0.041364264,0.0337486,0.039951343,0.041575897,0.039814707
0.051509697,0.04190979,0.041289713,0.046711463,0.0316536,0.04278988,0.048209228,0.04320128,0.04219608,0.044008672,0.042134598,0.049136274,0.03681182,0.035975326,0.046758693,0.035032105,0.042989973,0.039257374,0.04780938,0.04074417,0.031596344,0.039687138,0.038911626,0.039675772
0.051980034,0.040596195,0.041843973,0.046087008,0.03405715,0.04056339,0.045592707,0.042664733,0.04167813,0.0404891,0.042117853,0.04701871,0.038505524,0.035694387,0.04620792,0.036059547,0.04309307,0.03871312,0.048356447,0.039873533,0.03389217,0.041163284,0.03873314,0.04501887
0.046071976,0.04219668,0.037900656,0.046026547,0.036703892,0.04097156,0.044452213,0.04272062,0.04018312,0.045962013,0.043331806,0.051010687,0.037135903,0.033330295,0.043356564,0.03769942,0.0426955,0.041766644,0.050642896,0.040059432,0.032698225,0.039253235,0.040654507,0.043175627
0.048045866,0.04574607,0.039812174,0.04813057,0.031937767,0.041384522,0.0458224,0.042302243,0.03921493,0.04471073,0.040354256,0.04991135,0.03868092,0.034922067,0.050426163,0.033351827,0.0436459,0.03840503,0.04990085,0.04086012,0.03462783,0.038721897,0.03801611,0.041068483
0.046261914,0.04439585,0.0396384,0.047360804,0.030053744,0.040421125,0.04980743,0.042398725,0.04086131,0.041082926,0.044800807,0.046432644,0.038838517,0.034364875,0.04675087,0.034054853,0.042410027,0.039593756,0.04989039,0.041165404,0.034781627,0.041062176,0.039426792,0.044145107
0.047363833,0.0428163,0.040452912,0.04458729,0.033933036,0.0424428,0.051079687,0.041631065,0.04348298,0.043622006,0.04078158,0.047430977,0.03952871,0.030613663,0.04534902,0.034785558,0.04019054,0.04200045,0.049021117,0.039875727,0.035586007,0.041952215,0.04043496,0.04103754
0.047216624,0.040850054,0.044118166,0.04509163,0.03492307,0.043877315,0.047075827,0.042850893,0.041400284,0.045751713,0.039273877,0.045132443,0.03665304,0.035566173,0.04657373,0.033935487,0.040884566,0.040724006,0.049376335,0.041143376,0.033368945,0.04296713,0.039022684,0.0422227
0.047783185,0.039553978,0.041097622,0.046849962,0.033780128,0.04456084,0.04398203,0.04093705,0.042187937,0.0451783,0.039135955,0.04525873,0.03689985,0.034889862,0.048501473,0.033657774,0.04099314,0.041108347,0.051469643,0.039555207,0.03603443,0.040629018,0.041053377,0.04490219
0.044111717,0.040129293,0.04077602,0.04914224,0.033134576,0.044400632,0.046048652,0.040296968,0.040637977,0.04560329,0.04096597,0.04222731,0.038992945,0.032362185,0.047935527,0.034338694,0.041594673,0.041504826,0.048178796,0.04328141,0.037191678,0.043101285,0.04019026,0.04385315
0.0435882,0.040967293,0.042280246,0.04765091,0.036151912,0.045257963,0.04722135,0.0424817,0.04396333,0.042696547,0.044581037,0.041436866,0.03729538,0.033155687,0.044599224,0.035697512,0.04313652,0.03976236,0.047120657,0.041788723,0.033865537,0.045502614,0.03996239,0.039836016
0.046797615,0.040178183,0.04047842,0.043621715,0.035982233,0.04714571,0.04920829,0.04700748,0.04253219,0.0447733,0.042987257,0.046184935,0.034844596,0.032453004,0.04295478,0.034386605,0.044877328,0.039002888,0.047474355,0.039789863,0.034764946,0.043800145,0.036094535,0.04265962
0.050382037,0.04086015,0.03805222,0.0413531,0.037424028,0.04598647,0.04594724,0.04538753,0.04438033,0.040192306,0.04224208,0.05191155,0.039839543,0.033103585,0.04370493,0.033791263,0.04135314,0.037886754,0.05171807,0.04036613,0.036046475,0.039397847,0.036006927,0.042666305
0.050251003,0.039051384,0.044836227,0.042053923,0.038677953,0.045429338,0.046599023,0.04412872,0.04472268,0.04249376,0.04340399,0.04506613,0.038273267,0.03680134,0.040339425,0.03427261,0.041385543,0.038008593,0.05097165,0.039020337,0.03670171,0.039195713,0.039625503,0.03869019
0.050135218,0.043525923,0.04140517,0.03844271,0.037417732,0.04824713,0.044579074,0.04578542,0.040828645,0.04079182,0.041736543,0.047831375,0.042053178,0.036084633,0.041972376,0.034434944,0.038724184,0.038867634,0.046689574,0.04451522,0.033712015,0.043261748,0.037573013,0.041384697
0.047412083,0.04445531,0.039317816,0.03859703,0.037006397,0.043782383,0.04214495,0.04777387,0.040832568,0.04317874,0.042154185,0.04778898,0.042603184,0.034476627,0.045448698,0.03665757,0.0424053,0.04100457,0.04498312,0.040545657,0.03296137,0.041167993,0.03880898,0.044492636
0.046515208,0.041531958,0.042386748,0.042144176,0.035031624,0.04448846,0.045132723,0.045940254,0.041212935,0.042085893,0.04160188,0.04668593,0.039587993,0.03456336,0.04582506,0.034719106,0.042674385,0.03871778,0.047350325,0.044005938,0.03691487,0.040663,0.037069645,0.04315079
0.047506142,0.042993385,0.04250537,0.03954744,0.038170267,0.049185827,0.046596233,0.046954416,0.039803315,0.04283844,0.041775204,0.046314407,0.04040269,0.036244117,0.044210915,0.034483038,0.039000396,0.038934097,0.04518519,0.04581455,0.035209738,0.039840277,0.03539296,0.041091587
0.046353027,0.040851265,0.04156892,0.044073187,0.037757885,0.044644482,0.04673265,0.04258723,0.04018223,0.04697816,0.04200923,0.047050476,0.037655007,0.035202533,0.044120673,0.03301974,0.043114137,0.037181385,0.049180057,0.044554163,0.03517783,0.037695426,0.03790466,0.044405624
0.045933142,0.04138612,0.03815675,0.044317774,0.03790694,0.045986135,0.048236582,0.040193956,0.043555737,0.047462538,0.04127441,0.048487514,0.036519058,0.03476414,0.044388313,0.03333009,0.04393157,0.041987736,0.04550875,0.042972244,0.034768075,0.03951189,0.035865918,0.0435546
0.04426681,0.03897869,0.040228684,0.042679567,0.038813986,0.047357883,0.047793128,0.045997124,0.04272577,0.047372203,0.04114467,0.045684967,0.041108698,0.03487893,0.042030983,0.035514418,0.042431585,0.040640995,0.043580256,0.040345058,0.034883406,0.039860867,0.038303953,0.043377433
0.04609031,0.03700496,0.03985928,0.04761732,0.040847715,0.04166101,0.046025205,0.042834617,0.043574464,0.045958895,0.04465264,0.0450549,0.040371932,0.036046647,0.0400816,0.03551589,0.043751903,0.038807534,0.045066897,0.04064507,0.035429895,0.03809976,0.038193673,0.0468079
0.04355205,0.037436593,0.041334916,0.048778493,0.036555,0.044516455,0.048336912,0.042846367,0.043777604,0.046900306,0.044168342,0.044406537,0.037945576,0.038676266,0.036830917,0.032435726,0.04364204,0.038566854,0.042863175,0.043347526,0.03751416,0.03732049,0.037414573,0.050833177
0.04684215,0.0422097,0.03964601,0.047461867,0.035432767,0.04495986,0.047414932,0.044371746,0.046462584,0.04354958,0.04054964,0.046413563,0.043005377,0.03583681,0.03963752,0.03306597,0.041075017,0.03714131,0.046269834,0.03979211,0.039600346,0.037010144,0.037901137,0.044350035
0.049837656,0.041148454,0.045197945,0.046696536,0.036524292,0.047556635,0.042551603,0.04210697,0.043977246,0.040093876,0.039646644,0.046175096,0.04064597,0.035871368,0.04331895,0.030222993,0.03930323,0.040424682,0.04636566,0.041566256,0.039175056,0.037927553,0.03808763,0.045577697
0.047817968,0.041773424,0.04305733,0.04600859,0.036461562,0.041194435,0.048584763,0.04694254,0.041287433,0.04250209,0.043586913,0.044728737,0.042768374,0.03306771,0.044808626,0.03601388,0.04123058,0.034453698,0.04241839,0.04273432,0.036693957,0.038777813,0.041889504,0.041197356
0.04408506,0.041596282,0.04402411,0.04264439,0.039936733,0.04686175,0.050068054,0.04302904,0.045610193,0.03946764,0.04286575,0.04560891,0.03905478,0.035073772,0.042777304,0.03487075,0.039650813,0.038365427,0.0453774,0.03950044,0.038395178,0.03973924,0.039772008,0.041624974
0.050676897,0.03996132,0.04210298,0.044592135,0.038579255,0.04196379,0.04480288,0.046921413,0.045118243,0.040764537,0.040303685,0.046733163,0.03881074,0.034544084,0.045520656,0.036363915,0.037469108,0.039542023,0.046054717,0.03824539,0.036810752,0.03885728,0.039512847,0.04574826
0.050000124,0.04215492,0.038716592,0.045209613,0.0380532,0.041098077,0.043964863,0.043072082,0.042909678,0.040839374,0.042757418,0.049941067,0.042250577,0.03385457,0.042334497,0.03522966,0.038396407,0.039121468,0.04652504,0.039755538,0.038185846,0.040243115,0.04000942,0.045376826
0.046432957,0.039310332,0.040279083,0.043769423,0.04138139,0.04439895,0.04362116,0.044789407,0.041068967,0.04137387,0.04376754,0.0463201,0.042047016,0.03503084,0.045394227,0.03645496,0.045128863,0.035967976,0.04727295,0.040602095,0.03362679,0.040476147,0.037728895,0.043756016
0.048070446,0.039924473,0.04266994,0.04524277,0.03824796,0.042496126,0.048360582,0.04176762,0.042745076,0.041836496,0.04328774,0.04223223,0.04160644,0.03474567,0.044061698,0.033958174,0.043075725,0.035610486,0.04875553,0.041533027,0.039786898,0.041340213,0.03647004,0.04217462
0.055668913,0.038586315,0.03837068,0.045659687,0.040130813,0.04054387,0.042406544,0.038115103,0.04306503,0.03860464,0.040692568,0.046361633,0.03681798,0.03320874,0.0485965,0.035975013,0.041480087,0.04040657,0.050522488,0.04119584,0.03815843,0.038668253,0.041111622,0.04565264
0.048547655,0.038117178,0.042953815,0.043748368,0.0397018,0.041056894,0.048941035,0.043915488,0.040724948,0.038963962,0.0440264,0.04407053,0.041483615,0.03730806,0.043333024,0.038923055,0.04138324,0.038400806,0.041897736,0.04043288,0.03618015,0.041623104,0.042727962,0.04153831
0.050770495,0.040059973,0.039769724,0.042529214,0.040326376,0.04402985,0.05047899,0.04611056,0.043407615,0.043385264,0.043818217,0.046932098,0.040569957,0.03382411,0.043977123,0.033816546,0.039239552,0.039234366,0.047425844,0.041419905,0.03515952,0.03870701,0.036953576,0.03805405
0.04792436,0.04134786,0.042817313,0.044508867,0.039574713,0.049486533,0.046153463,0.044450425,0.043795552,0.04484953,0.040810388,0.047684144,0.039502177,0.029792193,0.040565453,0.030518178,0.04112189,0.03800709,0.047108285,0.04395704,0.035785742,0.036642566,0.03805121,0.045544997
0.0484649,0.040288605,0.042727116,0.04172725,0.039755378,0.047313653,0.04077747,0.04339705,0.044981133,0.0441849,0.04185387,0.049143713,0.037821267,0.03337713,0.042715702,0.03302761,0.04392136,0.040921643,0.0492844,0.03866407,0.03420787,0.03900652,0.040012132,0.04242525
0.04682156,0.04003894,0.04043919,0.047538433,0.03891231,0.045073718,0.04277813,0.042559814,0.042121455,0.038242344,0.043394603,0.05002928,0.040275574,0.033331063,0.0429305,0.035877295,0.042378217,0.04178774,0.045592926,0.040819775,0.036608987,0.04111272,0.039083827,0.04225156
0.049299452,0.04065537,0.041037276,0.043796513,0.037399832,0.044897445,0.042791322,0.0485451,0.04340595,0.039450843,0.043355804,0.044846464,0.040330313,0.03841703,0.04312135,0.033632934,0.040439654,0.04150953,0.049064487,0.041336283,0.03663113,0.03892121,0.033873253,0.043241404
0.044626452,0.04463453,0.040121067,0.04148062,0.039511032,0.04616406,0.044381745,0.04335485,0.04174044,0.040229347,0.041976433,0.045199063,0.04091114,0.037680704,0.041189477,0.034550425,0.042785674,0.041584454,0.046902716,0.042694043,0.039230812,0.039567284,0.03735413,0.04212951
0.04711302,0.047140494,0.038032267,0.042410955,0.038273517,0.043231905,0.0415361,0.042478878,0.04178317,0.041677468,0.038828943,0.043636024,0.039644875,0.03499837,0.04538831,0.03507081,0.04427834,0.042715225,0.04841751,0.041966833,0.036008686,0.03922919,0.03992575,0.046213362
0.048245065,0.04276811,0.039659005,0.04785539,0.035043623,0.045158383,0.0462879,0.041773424,0.043191187,0.0399757,0.04067442,0.04873443,0.041252963,0.03322169,0.0420833,0.034178734,0.042613827,0.03938829,0.04793819,0.042041957,0.036051594,0.039830703,0.038823813,0.043208282
0.04737823,0.04025576,0.04175249,0.048668224,0.03511432,0.043290954,0.04668867,0.041090902,0.044516046,0.041375935,0.041303262,0.046161678,0.039649375,0.031090962,0.040392607,0.033972733,0.04388492,0.03750466,0.051808815,0.04270588,0.035236903,0.043067604,0.040047914,0.04304122
0.046475798,0.03933269,0.04412221,0.049235824,0.03607833,0.04220174,0.04961581,0.04287927,0.044223692,0.043020062,0.041661065,0.042103413,0.03717397,0.031727444,0.042350203,0.035794836,0.044991646,0.038284052,0.046320666,0.04270008,0.035560835,0.041602753,0.04079614,0.041747447
0.048808627,0.04196961,0.042042058,0.04367717,0.037340302,0.044271536,0.048966937,0.044194985,0.042171914,0.041911285,0.041975494,0.04656871,0.036861397,0.033094678,0.039242517,0.033029158,0.04499255,0.04129573,0.046506923,0.040973596,0.03693154,0.03972068,0.040189732,0.043262858
0.047601227,0.039305728,0.042862304,0.045664407,0.03812545,0.045768585,0.045167197,0.0444871,0.043410398,0.040592793,0.041274857,0.044616796,0.039429594,0.03190754,0.04178985,0.032392655,0.04394813,0.041446347,0.047807693,0.041494504,0.034982905,0.039997872,0.041300386,0.04462566
0.048709165,0.038069557,0.042209055,0.046631206,0.03512166,0.04462133,0.047049534,0.042849235,0.043915197,0.041866213,0.043941483,0.04366476,0.039764058,0.03289905,0.04667806,0.03202785,0.045089435,0.038892604,0.045088258,0.044357758,0.03264463,0.038788017,0.039796073,0.045325827
0.048325032,0.04239271,0.04263198,0.04808261,0.034376677,0.04416847,0.04716227,0.041837867,0.043422174,0.04079487,0.04070602,0.042739592,0.038263906,0.030981302,0.045626618,0.033837404,0.047261007,0.039880347,0.042576205,0.042205635,0.032321434,0.03964393,0.04032753,0.05043438
0.04657915,0.041709915,0.04050187,0.045646954,0.03715418,0.043491427,0.046661653,0.043794062,0.04143889,0.03988044,0.03908084,0.04142646,0.038686786,0.034081258,0.046098154,0.03600154,0.047143165,0.042684212,0.045413107,0.042049337,0.035990883,0.04044375,0.040317323,0.04372463
0.042521644,0.043612048,0.039320413,0.04578083,0.036460172,0.048620626,0.049464848,0.041499417,0.038522873,0.042758357,0.037959952,0.04516632,0.03713394,0.03301758,0.04475073,0.032441564,0.048803445,0.04479647,0.04820014,0.04285013,0.036248058,0.037513923,0.038189836,0.044366676
0.047965582,0.04110505,0.039615173,0.048056997,0.03394692,0.05018968,0.04775494,0.039489415,0.04178206,0.044215,0.03856445,0.049223755,0.038866818,0.030071575,0.042300668,0.031706303,0.043954983,0.039534755,0.050530367,0.042666923,0.03255853,0.03717598,0.040890075,0.04783395
0.048911754,0.04262073,0.043058556,0.04730858,0.03488026,0.049593117,0.04539827,0.038687117,0.045292243,0.043877527,0.03969838,0.04593104,0.03704297,0.033012204,0.044002432,0.03152316,0.04024435,0.040817693,0.049271256,0.04229294,0.03358868,0.039405566,0.040019095,0.043522142
0.04759149,0.04214268,0.042445716,0.04799534,0.03689552,0.048932344,0.046245143,0.04193201,0.046574634,0.043939065,0.03850563,0.045880467,0.039470136,0.031030465,0.042119667,0.031179314,0.041590165,0.039388344,0.047369137,0.043502234,0.033157583,0.037856307,0.041479763,0.042776834
0.049834605,0.041112397,0.045160282,0.04893943,0.037394177,0.045368765,0.04256628,0.043190937,0.046753258,0.039928827,0.037964538,0.045574136,0.03638645,0.034766275,0.04513878,0.03220747,0.04272411,0.040186293,0.04739557,0.04161044,0.03449054,0.0401147,0.03878913,0.042402647
0.047169145,0.039936136,0.04226272,0.047624573,0.034356374,0.046112824,0.043228243,0.041403897,0.04504329,0.03723188,0.039761774,0.043278262,0.03631517,0.04045866,0.045751575,0.03473324,0.044925004,0.03856973,0.04635621,0.039713934,0.03807647,0.04554749,0.03814571,0.04399768
0.044092022,0.042970043,0.04043972,0.04574105,0.03547849,0.045939296,0.047372036,0.04028647,0.042826734,0.043867696,0.041004024,0.04147679,0.039863177,0.034450512,0.042530827,0.03471061,0.043414813,0.03902978,0.049475905,0.040111564,0.036513805,0.044147443,0.039027855,0.045229286
0.044262517,0.042459823,0.03978565,0.047122188,0.037817888,0.047453698,0.04882333,0.040202025,0.04192428,0.04599079,0.03932498,0.043591697,0.039156847,0.03329093,0.042865735,0.032276448,0.04328803,0.03932831,0.049697552,0.040942457,0.036232334,0.043807533,0.040169496,0.040185485
0.04311253,0.040138684,0.04077507,0.04866491,0.036953133,0.04869773,0.048992008,0.04032055,0.039239973,0.043050542,0.03884253,0.04557688,0.03808916,0.033403274,0.042355545,0.032543473,0.046714924,0.038178455,0.048748467,0.04218535,0.039328072,0.04338279,0.039658956,0.041046996
0.04585305,0.039490476,0.039179325,0.04846987,0.037367895,0.047274537,0.04415965,0.04119763,0.044152357,0.042877316,0.039117713,0.04440952,0.039157245,0.034590516,0.046982136,0.03525769,0.046294305,0.040316552,0.04996438,0.03937853,0.035844456,0.03927581,0.03606376,0.043325216
0.044612896,0.039255608,0.046330564,0.0450374,0.03837768,0.04497281,0.045059998,0.042818915,0.043150667,0.039605584,0.040474687,0.042857874,0.041282736,0.03385332,0.04739842,0.033618845,0.04649323,0.041866403,0.047337875,0.04088311,0.037952915,0.035149734,0.03724978,0.044358984
0.045389134,0.041713428,0.040847763,0.04380292,0.035727926,0.047819503,0.046584386,0.041152734,0.04297886,0.044602536,0.04259771,0.04285222,0.038389165,0.03299086,0.047654662,0.032425314,0.043547783,0.042506777,0.04647517,0.040393226,0.037205562,0.036304813,0.03850276,0.04753481
0.043791626,0.04272662,0.043097217,0.043443285,0.037025563,0.046769623,0.046778437,0.043481216,0.042734347,0.041153494,0.044127084,0.042555213,0.037790835,0.032081835,0.04480082,0.033135787,0.04589169,0.04042114,0.046076342,0.042932093,0.03343502,0.037086323,0.038860235,0.049804173
0.042845145,0.042237315,0.041526806,0.042549066,0.040423118,0.048537515,0.04587462,0.042515136,0.04453972,0.03920181,0.040802848,0.044374377,0.04035779,0.032853,0.041297965,0.032690924,0.04397461,0.040917628,0.05059595,0.04145744,0.038194004,0.03859691,0.038997218,0.04463912
0.042123917,0.0464902,0.039340075,0.04666671,0.038239714,0.049381707,0.04600032,0.042213015,0.041463956,0.0450098,0.03932514,0.04573856,0.039706733,0.03270228,0.040332787,0.032784846,0.043761563,0.04139483,0.046755325,0.042226963,0.037881278,0.039768506,0.04026507,0.040426735
0.04547031,0.04216797,0.042007197,0.048638176,0.035842884,0.04733888,0.048198048,0.042728186,0.04393996,0.043811813,0.041289438,0.043815017,0.039704252,0.028790535,0.039656967,0.03255024,0.045676127,0.039981257,0.04693366,0.04181711,0.033527937,0.040220127,0.041567452,0.044326447
0.0415387,0.04065858,0.04173967,0.047623415,0.03878004,0.047912594,0.045889653,0.04047478,0.04431148,0.04185755,0.040471897,0.04776874,0.040977042,0.029778786,0.040139493,0.032492753,0.045208607,0.0410809,0.043701872,0.04378573,0.033548843,0.042297073,0.044369917,0.04359181
0.044041846,0.040565457,0.044186473,0.04655603,0.039636675,0.048449773,0.046565805,0.04284973,0.04448487,0.041045982,0.040580243,0.047814425,0.03800701,0.0305524,0.039108407,0.032326918,0.042520408,0.042309687,0.04400957,0.041765045,0.035011437,0.03885593,0.044715874,0.04404006
0.046549823,0.042211223,0.042523526,0.04525717,0.034477994,0.048481885,0.048137814,0.04436282,0.046191487,0.04101509,0.041672446,0.044306204,0.039977256,0.030781167,0.040393777,0.033368062,0.03805654,0.03919628,0.04386394,0.04192726,0.034917623,0.041074887,0.044663295,0.046592396
0.049657773,0.042014685,0.040454265,0.04635089,0.035336442,0.04694493,0.04432153,0.042837434,0.04614639,0.041485697,0.04265272,0.044194337,0.036131427,0.03315687,0.042359777,0.03351963,0.03979016,0.041865394,0.045856588,0.039270498,0.03699057,0.03993037,0.041731365,0.047000293
0.04739467,0.03988138,0.040626112,0.047567096,0.03535131,0.049137294,0.045350183,0.047573693,0.043970734,0.04281337,0.04371751,0.044811703,0.04053009,0.030058077,0.040149845,0.03396395,0.037740737,0.041357573,0.0421472,0.04160921,0.034452755,0.039343257,0.042690907,0.047761396
0.044994395,0.038005684,0.03945437,0.04915058,0.034617335,0.04978892,0.04624136,0.04566619,0.03963433,0.045469195,0.045611728,0.047178127,0.040839497,0.031943463,0.042113468,0.036986556,0.03942176,0.037205316,0.042509448,0.0396166,0.033632625,0.0407428,0.041784886,0.047391336
0.04536375,0.039365362,0.04238619,0.044501457,0.03545737,0.04870974,0.04587859,0.047169555,0.04112481,0.043322448,0.04283671,0.04929318,0.041879334,0.030439546,0.041209962,0.033289183,0.039705534,0.03623805,0.046444315,0.040156916,0.03413107,0.043734133,0.041156285,0.04620646
0.046370946,0.039885387,0.03892545,0.04473517,0.040365558,0.049542025,0.045948286,0.04701773,0.042061873,0.043046813,0.03818536,0.05408398,0.04264779,0.031580362,0.03633164,0.031826828,0.038267765,0.038184207,0.04785057,0.041754067,0.035068173,0.03792034,0.04263382,0.04576585
0.042904235,0.04092111,0.036894,0.048763935,0.036628034,0.051172037,0.041455146,0.045533746,0.039667245,0.043105934,0.03945453,0.052013397,0.039206233,0.031816382,0.04086848,0.032530207,0.04350161,0.04112938,0.04899058,0.04089905,0.035740353,0.040525187,0.042167,0.044112206
0.045121167,0.044890292,0.038694736,0.048558623,0.035902977,0.04652479,0.044925008,0.041569807,0.044888157,0.04449147,0.038974877,0.04596738,0.038300827,0.033687893,0.041466177,0.033057686,0.043824807,0.04266633,0.04775571,0.03904337,0.03601176,0.03664828,0.042538885,0.044489007
0.045913313,0.04457301,0.038670767,0.048393134,0.038312607,0.046968956,0.046029635,0.039566405,0.04240529,0.039590668,0.039469197,0.04785954,0.039397873,0.034451373,0.038607705,0.033803258,0.045546804,0.040682685,0.04963238,0.03908906,0.03846302,0.037920617,0.0406926,0.043960113
0.047537982,0.04369182,0.0389337,0.045554332,0.038101196,0.04647266,0.045256294,0.03879447,0.042103384,0.038002227,0.039096124,0.049985122,0.038583517,0.034638487,0.04162011,0.0354488,0.044044364,0.04048477,0.047301594,0.03873191,0.03847973,0.041352816,0.041734837,0.04404974
0.048025027,0.047879566,0.03799769,0.044748697,0.036994446,0.049438052,0.0411847,0.038320623,0.043267377,0.03767665,0.037974652,0.04718784,0.038571537,0.039778586,0.043734185,0.032878596,0.041902326,0.043831814,0.04582421,0.037539605,0.04049376,0.040074777,0.040916774,0.043758467
0.050638717,0.048069663,0.039392374,0.043612506,0.03714684,0.04835186,0.04009896,0.04065422,0.042379458,0.039615028,0.03835534,0.050621126,0.036609694,0.03871582,0.038514353,0.03179687,0.043114867,0.042710908,0.04922061,0.03974277,0.039692223,0.037110586,0.038435373,0.04539984
0.047633596,0.043029487,0.04115403,0.043671615,0.039149635,0.047560558,0.04411917,0.04132639,0.042286914,0.041351892,0.039064027,0.050691877,0.04163056,0.03454035,0.03758521,0.03458887,0.04309629,0.039650086,0.04671871,0.03893617,0.0374993,0.039267525,0.041985966,0.043461706
0.050478023,0.041716553,0.038825333,0.04342001,0.037780963,0.048066262,0.043129094,0.042948276,0.042441074,0.040149707,0.038334038,0.04958652,0.04002195,0.035877235,0.039878473,0.034801893,0.044764526,0.038001113,0.045657557,0.037250705,0.037331447,0.038978383,0.043507665,0.047053225
0.05261548,0.046055775,0.04377707,0.04195802,0.036519878,0.045487244,0.042388715,0.04394042,0.0462633,0.037820242,0.040873136,0.048855163,0.038889285,0.03518139,0.0388834,0.035054293,0.043282624,0.03946682,0.04133664,0.03857577,0.03472703,0.039520964,0.039921563,0.048605766
0.04877872,0.046168968,0.04118188,0.044611827,0.03520606,0.047389247,0.04222105,0.043019146,0.04543002,0.04204429,0.040000055,0.051895298,0.037504956,0.035286937,0.043032903,0.034019895,0.041791838,0.038589884,0.043208413,0.040883996,0.03316482,0.040044468,0.038746513,0.045778766
0.048585955,0.051500157,0.038538888,0.047218848,0.033381775,0.04831427,0.042235237,0.03882302,0.042423826,0.041936297,0.038721047,0.05105539,0.039694175,0.033615254,0.042382743,0.033010274,0.04356118,0.039790764,0.045036074,0.041076124,0.034945436,0.038198,0.04050206,0.04545315
0.04652582,0.04541173,0.0409302,0.046011206,0.035996526,0.05104406,0.042688634,0.039403033,0.042019863,0.04284142,0.03934998,0.04875645,0.039107095,0.031605616,0.039579965,0.030662099,0.045932326,0.04230654,0.04789775,0.040715244,0.036784254,0.038112517,0.03989125,0.046426434
0.043162573,0.040018175,0.039254405,0.047030292,0.03526981,0.0473175,0.045349143,0.040129952,0.039910343,0.04203485,0.03949115,0.048351176,0.039713774,0.033948146,0.040708546,0.03565961,0.047909968,0.044666808,0.0469788,0.03998101,0.035655636,0.040867936,0.042843524,0.04374688
0.044577297,0.042453382,0.03901606,0.045010794,0.03463505,0.04680544,0.048667263,0.042120773,0.040325895,0.04161208,0.043473583,0.044231743,0.040403888,0.030779593,0.046915364,0.0347825,0.0471551,0.041184623,0.047387462,0.042629074,0.030130537,0.043346424,0.041986614,0.04036943
0.04761142,0.04161141,0.03768456,0.043658882,0.03811598,0.044910084,0.0431038,0.04472847,0.04349737,0.039499667,0.04145689,0.04838163,0.041720815,0.034945842,0.045126766,0.031380266,0.04893259,0.039187405,0.04758053,0.042309973,0.029960552,0.041669887,0.037735224,0.045190047
0.047117565,0.040977035,0.039142366,0.04846981,0.038951144,0.046128277,0.041878574,0.044589695,0.046471603,0.039228167,0.041349687,0.044550028,0.04181046,0.03416358,0.046725806,0.03097456,0.04588217,0.037415586,0.045460753,0.04101146,0.03338676,0.042494208,0.038681466,0.043139286
0.042412665,0.044988047,0.04115162,0.04490696,0.036726847,0.04793923,0.04394198,0.04072185,0.04512837,0.045646466,0.03836885,0.04850932,0.038422022,0.032914463,0.042792823,0.031157112,0.04612657,0.043926135,0.046896573,0.042786323,0.032879356,0.038855948,0.039391544,0.043408956
0.04421855,0.048308693,0.039245002,0.046863556,0.03731675,0.044393465,0.04079231,0.03818085,0.044893846,0.04073385,0.038899127,0.048371524,0.03743049,0.03298569,0.042843137,0.032818925,0.04630816,0.041780468,0.049552433,0.042238016,0.03455206,0.040342867,0.041933242,0.04499699
0.04986221,0.0453841,0.041999657,0.045303125,0.03589197,0.04436885,0.040847555,0.038689625,0.044876836,0.03806852,0.039950807,0.05065944,0.03664687,0.03414243,0.04252987,0.03577839,0.0437242,0.043463524,0.045731705,0.03764168,0.03645454,0.040530033,0.042718768,0.044735312
0.044598866,0.04087661,0.042167637,0.042637236,0.04053699,0.043740325,0.04351083,0.044257693,0.04364671,0.043281816,0.04076016,0.044515055,0.03726153,0.034796577,0.043700676,0.034287076,0.046161577,0.03914133,0.04729875,0.040127363,0.034025736,0.042800825,0.03802133,0.047847226
0.040808566,0.04145421,0.04077747,0.045556776,0.03628015,0.045652594,0.04321498,0.0432451,0.0452076,0.04385565,0.043363146,0.04547813,0.0397463,0.030235525,0.043729637,0.032279633,0.04835547,0.041312102,0.045976195,0.043368053,0.029688036,0.041184083,0.038134098,0.051096518
0.044465236,0.04062187,0.040692084,0.04183243,0.036246564,0.047840405,0.04469044,0.043523353,0.043867204,0.0441441,0.03994428,0.049743023,0.037926905,0.03411957,0.042880297,0.034527544,0.045483585,0.04145329,0.045216504,0.041672282,0.030014915,0.040222835,0.03814536,0.050725948
0.043574683,0.041312274,0.04303433,0.04436655,0.036682766,0.047271747,0.046554726,0.042802442,0.04480802,0.04390407,0.042285793,0.04763999,0.040508125,0.033174302,0.04092086,0.03471917,0.04239283,0.03818206,0.047503725,0.041288085,0.031288434,0.040079437,0.041139897,0.044565603
0.045321643,0.04330595,0.03940234,0.046345457,0.039480995,0.04742943,0.04662238,0.04149821,0.04431791,0.04137776,0.043093987,0.045419812,0.04002286,0.03200711,0.040265843,0.032285396,0.04741158,0.038689196,0.049684443,0.042811465,0.03101513,0.039534006,0.038260736,0.044396333
0.044671,0.03929121,0.04241983,0.045822315,0.04006651,0.047298294,0.04518834,0.04066041,0.04564111,0.039838478,0.042498816,0.044630427,0.03758964,0.033779796,0.039727703,0.034459423,0.04556769,0.03805204,0.04770926,0.039144192,0.037034184,0.043222427,0.03921949,0.046467412
0.045871306,0.039088257,0.04043072,0.047026932,0.037086096,0.0468598,0.045041207,0.03930288,0.04694633,0.040274393,0.040557917,0.047674842,0.038965408,0.03377062,0.040567126,0.033764906,0.043909162,0.04065498,0.04867586,0.039264053,0.033182353,0.045322474,0.0424964,0.043265942
0.05004862,0.044596586,0.040125232,0.045688547,0.03922657,0.040589903,0.04605904,0.04068825,0.04467155,0.041669294,0.039495125,0.047675956,0.036561746,0.030968446,0.041014254,0.035112947,0.04403367,0.041752104,0.04875675,0.04008113,0.03475951,0.041911658,0.040574506,0.043938596
0.046535637,0.040594712,0.041993015,0.046553135,0.037932828,0.04847684,0.045342904,0.042780187,0.04175518,0.04156561,0.03897327,0.048632067,0.039235916,0.033109542,0.040069453,0.032265518,0.043894928,0.040276546,0.048078146,0.04132804,0.03848925,0.038935434,0.037674222,0.045507584
0.047002077,0.043189365,0.042114247,0.045594886,0.037337597,0.04602505,0.04883738,0.04118865,0.041334175,0.043533415,0.04076047,0.04442429,0.041772526,0.033576548,0.038793214,0.031906355,0.04436461,0.03865977,0.04997642,0.040480446,0.03804622,0.036668405,0.036706366,0.047707453
0.044933625,0.03878159,0.04239605,0.046376694,0.037345964,0.043213747,0.049261544,0.042613044,0.04131181,0.043856926,0.043531176,0.042031933,0.039163556,0.035160623,0.040731452,0.035214096,0.045687575,0.03688106,0.050859053,0.040527046,0.036067005,0.040027108,0.03834308,0.045684244
0.04265183,0.040384438,0.04076508,0.04648424,0.039035082,0.042457968,0.045811225,0.039382618,0.043461084,0.04311042,0.04269854,0.046758965,0.03765503,0.033520363,0.041691534,0.036581013,0.045253843,0.04030457,0.051155493,0.037989996,0.035576496,0.044887677,0.04007219,0.04231031
0.045667443,0.044242676,0.040600907,0.044392444,0.034743413,0.04653522,0.047419704,0.040209923,0.040871624,0.04433044,0.03851175,0.04861889,0.03945662,0.034261532,0.04321146,0.034729738,0.04465409,0.036152214,0.05112959,0.040666718,0.03393472,0.041835755,0.039318565,0.04450453
0.04951744,0.046073828,0.039850947,0.045967247,0.037783742,0.04708924,0.047116,0.03901322,0.042045232,0.04412855,0.03658996,0.051730707,0.039486047,0.034476258,0.040330548,0.033363324,0.04076382,0.036874123,0.05115213,0.03957902,0.038214426,0.03778268,0.037355244,0.04371633
0.05079704,0.045295753,0.03953921,0.04704416,0.03851273,0.045626152,0.043825317,0.041304767,0.044977307,0.039992746,0.03740885,0.050991703,0.03912035,0.035441343,0.04122936,0.033773597,0.042444687,0.04146536,0.049928006,0.03899057,0.0377529,0.03343774,0.037460703,0.043639634
0.04725258,0.04159479,0.04199861,0.045636393,0.03669673,0.047599908,0.04484917,0.043220192,0.042275853,0.043086067,0.04106057,0.045343634,0.0371047,0.036527827,0.04092507,0.03440329,0.04015481,0.038167123,0.046493594,0.041960794,0.034196112,0.04468442,0.04146576,0.04330205
0.047756445,0.039596777,0.040429175,0.04664784,0.032720644,0.045215733,0.047853786,0.04520344,0.04042732,0.042894483,0.039935138,0.049850818,0.04077812,0.03740201,0.039236642,0.034806423,0.04265184,0.037163343,0.047190126,0.037750404,0.034462247,0.040579922,0.0414292,0.04801809
0.047878373,0.04231899,0.04297375,0.043404605,0.03735289,0.040065598,0.045351014,0.04702069,0.041552417,0.039309327,0.041809134,0.047802385,0.03938199,0.037695203,0.043552823,0.035197802,0.044377223,0.039317433,0.046872087,0.0406967,0.03348344,0.036872175,0.040091354,0.045622665
0.045379926,0.043184888,0.04048204,0.04367114,0.03873142,0.04530869,0.046025388,0.04635798,0.037793923,0.039573792,0.040213045,0.050659098,0.040241193,0.037076913,0.039928902,0.034347076,0.040369213,0.042391784,0.04461586,0.041509096,0.03725813,0.039422087,0.042787008,0.042671427
0.04509132,0.041637268,0.041805852,0.046559,0.035885084,0.049049933,0.04617535,0.04088574,0.042524483,0.03841765,0.03838513,0.048181012,0.041934922,0.03407717,0.038098395,0.033809606,0.042757865,0.03997119,0.044127595,0.041572683,0.039484907,0.042192727,0.04118082,0.046194334
0.04882066,0.04045937,0.041072235,0.044956736,0.037375957,0.046575777,0.043516286,0.039620955,0.04456636,0.04110178,0.037243947,0.050491355,0.036840234,0.03509918,0.039793234,0.031917132,0.047271665,0.04054534,0.04734131,0.043017033,0.035637774,0.036915094,0.03759626,0.052224316
0.04135302,0.038992975,0.041574035,0.045746483,0.038536645,0.047636766,0.049297366,0.044022653,0.039611213,0.04252624,0.04289953,0.04709265,0.037694562,0.03535129,0.041382954,0.03377775,0.04763734,0.04384191,0.04495282,0.04308345,0.035099838,0.037495192,0.03767319,0.042720065
0.047711365,0.03832804,0.04048271,0.049528822,0.035673816,0.046017893,0.043214023,0.04227418,0.046368342,0.040134344,0.040662885,0.043680202,0.03959794,0.036827117,0.042612642,0.031107081,0.045711894,0.04020897,0.045036457,0.041145492,0.03490438,0.043977298,0.038717084,0.04607702
0.048289537,0.04087286,0.04333763,0.04510976,0.03770917,0.045385227,0.046842813,0.041825905,0.04783231,0.03717703,0.03982561,0.044592265,0.035505828,0.03398186,0.042509947,0.03396197,0.044294734,0.04227556,0.045898814,0.04083339,0.034988176,0.040674336,0.0386723,0.047602978
0.04555604,0.0404489,0.04643396,0.047442608,0.035759486,0.05011226,0.047819484,0.044326942,0.043547776,0.038196936,0.041113723,0.045245055,0.03972604,0.033739764,0.037600003,0.030022644,0.045029,0.04337893,0.04524488,0.040463343,0.039658904,0.037432645,0.03800605,0.043694608
0.043043222,0.043167487,0.045457497,0.044949338,0.03703768,0.047343247,0.045244735,0.041795954,0.044698045,0.04038691,0.04036617,0.048748072,0.038462628,0.031893007,0.0406667,0.0330452,0.045098003,0.040133297,0.045416914,0.040021885,0.03793946,0.037414778,0.039073166,0.048596613
0.050657224,0.041297298,0.046751823,0.043815006,0.037633833,0.04469989,0.047007207,0.04281448,0.045670424,0.0381227,0.040893972,0.043258063,0.03715357,0.032917373,0.040238462,0.0373165,0.041868687,0.03919041,0.045729153,0.038966846,0.03708067,0.038448945,0.04216154,0.04630593
0.048056245,0.040372565,0.044711825,0.04736733,0.036319427,0.045105968,0.05424854,0.045013074,0.041038815,0.042042382,0.041296333,0.04632677,0.035655715,0.031845577,0.036604527,0.035348434,0.044128954,0.03853321,0.040244367,0.043363303,0.034913316,0.0403177,0.04119518,0.045950454
0.042801745,0.04039934,0.044367734,0.046344146,0.03779082,0.046819564,0.047939427,0.047245804,0.04207581,0.04200633,0.04301654,0.04504437,0.03693335,0.03221711,0.04167469,0.0329364,0.046186633,0.039570674,0.043477792,0.04298866,0.033796005,0.040695187,0.038068727,0.045603152
0.049705133,0.040552154,0.04517158,0.047306035,0.035480782,0.04430923,0.045594465,0.044043776,0.043345135,0.04005821,0.041666564,0.046844866,0.037203945,0.03100911,0.04389814,0.03368813,0.041490577,0.0379167,0.046990648,0.042088095,0.03607482,0.042696334,0.03718635,0.04567923
0.048385352,0.040440056,0.043673843,0.048528433,0.036574304,0.045003913,0.0480173,0.044225834,0.04353623,0.039722018,0.039814588,0.046443354,0.034371555,0.029788034,0.040644478,0.03387405,0.042613965,0.04167443,0.04763576,0.043697417,0.03624443,0.041316632,0.03775061,0.046023358
0.044873513,0.040785287,0.045170292,0.049773555,0.03796273,0.047632147,0.049250975,0.042046875,0.046785086,0.041860856,0.0384025,0.04752188,0.03702854,0.03231406,0.04008324,0.03255184,0.043603566,0.0386638,0.045617137,0.04209288,0.038244847,0.0372895,0.036769185,0.04367567
0.049998663,0.041146796,0.036806438,0.049850546,0.036599644,0.04482083,0.049746286,0.040541098,0.043921098,0.047798157,0.042831276,0.04744855,0.03595221,0.030216573,0.043135,0.032447692,0.0448797,0.033711605,0.047867365,0.040871788,0.034790635,0.044767313,0.038239524,0.041611224
0.049586203,0.040811524,0.042742502,0.043720268,0.03694234,0.042109963,0.04813319,0.04556474,0.043161836,0.042957444,0.043656155,0.04611149,0.035963688,0.034494452,0.043285653,0.038152087,0.040904455,0.039521273,0.042422693,0.040498164,0.03269033,0.041310273,0.040993564,0.044265725
0.046752904,0.039212424,0.039641347,0.046370503,0.034716934,0.048567995,0.047280576,0.04309125,0.041319862,0.03716234,0.04088783,0.051630985,0.038155485,0.031968158,0.03990133,0.03524281,0.04563315,0.045701068,0.043527007,0.04020616,0.033542927,0.040419724,0.041406717,0.047660492
0.0462653,0.038880352,0.041447595,0.045997635,0.03880128,0.043838874,0.04442405,0.04682338,0.044525906,0.038939636,0.04062666,0.049541295,0.038769234,0.031098628,0.040529348,0.035687566,0.043407097,0.040389348,0.052510753,0.03859781,0.03472941,0.0383007,0.04343042,0.042437747
0.046318363,0.041101493,0.04117832,0.049889762,0.03909252,0.043725934,0.04139543,0.043193772,0.045515638,0.041658748,0.04083245,0.048649985,0.03631033,0.036018305,0.04787921,0.033875927,0.04102071,0.039753184,0.045725755,0.040085953,0.033989757,0.042279948,0.03800525,0.04250324
0.046200994,0.042622272,0.04254979,0.046852574,0.041035306,0.0463198,0.04781415,0.0406585,0.04644005,0.041876774,0.0394703,0.043856617,0.039036628,0.036400087,0.04145899,0.03357842,0.04184982,0.036386535,0.04332786,0.041889876,0.036734015,0.04031066,0.040003266,0.0433267
0.052591268,0.04594426,0.042120952,0.044124756,0.037693232,0.047489606,0.04327098,0.04251333,0.04389008,0.039773956,0.041105583,0.044634778,0.03766812,0.037026443,0.04418857,0.033750765,0.041694246,0.0379958,0.044513654,0.041984703,0.037701696,0.03771514,0.035555035,0.04505309
0.048019778,0.041757688,0.042118028,0.043620378,0.036865316,0.04824867,0.04515981,0.046770345,0.04001988,0.041305155,0.04212794,0.04134665,0.03882385,0.037742842,0.043455433,0.034339536,0.04329455,0.03897467,0.042596452,0.045314275,0.035987172,0.04008902,0.036683258,0.045339268
0.043949977,0.046045873,0.04084723,0.044158295,0.038395517,0.04758168,0.045013078,0.04086401,0.041672356,0.042425938,0.037678264,0.048783146,0.040751144,0.03466605,0.04422131,0.034270253,0.040910676,0.03997214,0.04664553,0.04195432,0.03669298,0.039545093,0.040723987,0.04223119
0.04201305,0.045638558,0.041639175,0.04437881,0.038703896,0.044389073,0.043673344,0.040186223,0.043881174,0.04349833,0.03988947,0.049918354,0.042119257,0.035206206,0.044153884,0.034972522,0.03856836,0.04078308,0.045390118,0.04084684,0.03650217,0.03887648,0.04126838,0.043503236
0.041935805,0.04384938,0.039141964,0.04722716,0.034550827,0.05054151,0.045415897,0.042517077,0.040358946,0.042373527,0.03990629,0.051486757,0.041282736,0.033623848,0.04075867,0.033102147,0.042439878,0.04109099,0.043570716,0.04477905,0.033167183,0.042804603,0.040319502,0.04375553
0.041939393,0.039725587,0.040424235,0.048874576,0.033794712,0.0471251,0.048327323,0.042946134,0.044557594,0.04405118,0.042779338,0.044369582,0.040072806,0.03165325,0.04359723,0.034952316,0.04466985,0.03762902,0.044817317,0.04437591,0.031484492,0.043305352,0.037643008,0.046884704
0.044187807,0.038458187,0.040333282,0.0469447,0.036952477,0.045637526,0.049077895,0.039900586,0.04743373,0.046634138,0.040765177,0.04301603,0.035634536,0.03528684,0.04318524,0.034605257,0.042927153,0.040304974,0.044777714,0.041812718,0.033293907,0.04623252,0.037825234,0.04477245
0.040686723,0.038217295,0.041419085,0.043523744,0.037186045,0.05094001,0.047410395,0.041728072,0.04381675,0.045138698,0.042175293,0.04488454,0.041838236,0.0363076,0.043082986,0.03185895,0.04390032,0.03986278,0.04369717,0.041978084,0.038160384,0.043197315,0.036158625,0.04283089
0.04496278,0.03901177,0.039645545,0.04458777,0.034805868,0.04783335,0.046740316,0.03960605,0.04742625,0.046478502,0.041667983,0.042200718,0.040750645,0.03514641,0.04652575,0.03321324,0.044256,0.042410776,0.04533859,0.041431386,0.034398492,0.0410361,0.03774644,0.042779334
0.04704696,0.0370499,0.042793907,0.0475619,0.03534095,0.044005092,0.050168592,0.042293593,0.047057513,0.043833174,0.041790556,0.04422491,0.03648751,0.034264967,0.0431746,0.034013208,0.045869384,0.0398853,0.04479141,0.043553755,0.03514257,0.037433825,0.039013587,0.04320277
0.043873858,0.039094675,0.04255729,0.046295516,0.03835911,0.046905145,0.04775716,0.042856794,0.043292873,0.044253115,0.04095763,0.045685545,0.041840594,0.033709712,0.03904166,0.032920513,0.040915105,0.037942804,0.04661056,0.040452458,0.039609224,0.041597273,0.040122695,0.0433487
0.043734495,0.045254335,0.044293717,0.042598948,0.039870083,0.044914983,0.04798935,0.042133532,0.045087103,0.042209715,0.039918408,0.046093676,0.04005915,0.031247118,0.04175848,0.033927724,0.039648034,0.039188027,0.047868546,0.041247796,0.039774064,0.03833168,0.04223479,0.040616233
0.046995234,0.043303955,0.0413126,0.046296347,0.035622258,0.04698886,0.050071273,0.040726326,0.04496863,0.043409385,0.044085614,0.04392342,0.03814529,0.031138493,0.045577224,0.034344565,0.04085639,0.035772283,0.045069795,0.04010175,0.039242413,0.038214132,0.040599033,0.043234754
