0,1,2,3,4,5,6,7,8,9,10,11,12,13,14,15,16,17,18,19,20,21,22,23
0.018107012,0.06907432,0.07054987,0.019420967,0.030978182,0.032178286,0.028642986,0.023065345,0.066443704,0.047086827,0.03010091,0.02110634,0.043558255,0.031180577,0.039263412,0.019645374,0.074359685,0.021707362,0.067423046,0.044952452,0.08542112,0.024116172,0.030122282,0.061495516
0.018137943,0.06896537,0.070456706,0.01946329,0.031050283,0.032232493,0.028721899,0.023125477,0.066314146,0.047117848,0.030191073,0.021158315,0.043567896,0.03128672,0.03928629,0.019690173,0.07420892,0.021760201,0.067282036,0.044949923,0.085250996,0.024185464,0.030193713,0.061402816
0.018100925,0.06909077,0.070575014,0.019407006,0.030916631,0.032174986,0.02863004,0.023058446,0.06647685,0.047127046,0.030054316,0.021094285,0.043587036,0.03110218,0.039258398,0.019629845,0.07445514,0.021695917,0.06738868,0.044981055,0.08546466,0.02410274,0.030123653,0.061504345
0.018126637,0.06898823,0.07049074,0.019450512,0.031035675,0.032202832,0.02869188,0.023111312,0.0663151,0.047083165,0.03014471,0.021143578,0.043555617,0.031240495,0.039359543,0.019670585,0.07421988,0.021752812,0.06739292,0.045006897,0.08528104,0.02414698,0.030181648,0.061407253
0.018177973,0.06875654,0.07033738,0.019520534,0.031126743,0.03232013,0.02881798,0.023216782,0.0662071,0.047170095,0.030307706,0.021222997,0.043559987,0.031349383,0.039390083,0.019741368,0.073960885,0.021847975,0.06706549,0.045051076,0.084988914,0.024268983,0.030313432,0.061280504
0.018292673,0.068424456,0.06991446,0.01967493,0.031334367,0.032516684,0.029100323,0.023386525,0.06574177,0.047180496,0.030539002,0.021442393,0.043745495,0.031717617,0.039311007,0.019912047,0.07363546,0.022028336,0.06668516,0.04476216,0.08443166,0.024539175,0.030425092,0.06125868
0.018101547,0.06901275,0.07055717,0.01940987,0.03099028,0.03220848,0.028623866,0.023064079,0.06643503,0.04708836,0.030029735,0.021085694,0.043660823,0.031128129,0.039267804,0.019636868,0.074396364,0.021716716,0.06748631,0.045010705,0.08540325,0.024063887,0.030127507,0.061494768
0.018140769,0.069128454,0.07043204,0.019461332,0.031072602,0.032221004,0.028747844,0.02310012,0.06632402,0.047088563,0.030196806,0.02117049,0.043628853,0.031340603,0.039159335,0.019685265,0.07423177,0.02176515,0.06724134,0.0448326,0.08529703,0.024183564,0.03016429,0.061386175
0.018211037,0.068799235,0.070178665,0.019561375,0.031144306,0.032350764,0.028857136,0.023279147,0.06599811,0.047209527,0.03040248,0.021269742,0.043589506,0.03140603,0.039431304,0.01978685,0.07383644,0.021887034,0.06702544,0.04496569,0.08489173,0.024329962,0.030340163,0.061248314
0.018150643,0.06870263,0.070414975,0.019491829,0.031034615,0.032319948,0.028735554,0.023182899,0.066233724,0.047135994,0.030187773,0.021191642,0.043541882,0.03117333,0.039574068,0.019721115,0.07404091,0.021805126,0.06728352,0.04516322,0.08502163,0.024187583,0.030299995,0.061405472
0.01811686,0.06912439,0.07051796,0.019426621,0.031108206,0.0322049,0.028683221,0.023057094,0.06640381,0.047028378,0.03007894,0.021110076,0.043492854,0.0312175,0.039231796,0.01963805,0.07431132,0.021726362,0.067378744,0.0450837,0.08536839,0.024095703,0.030194994,0.06140011
0.018046347,0.06939246,0.07073307,0.019344192,0.030853154,0.032028057,0.02853844,0.022933131,0.06668461,0.0470363,0.029952481,0.020992676,0.043528195,0.030981043,0.039144687,0.019546283,0.07472591,0.021592632,0.06759873,0.04483758,0.085871406,0.023992138,0.029970221,0.06167624
0.018142644,0.06881695,0.07031192,0.019481033,0.030959534,0.03229698,0.028683245,0.02323278,0.06631357,0.04719118,0.03021214,0.02112195,0.043565966,0.031158084,0.039733585,0.019716378,0.07386685,0.021808963,0.067378595,0.04522307,0.0851332,0.024175636,0.030411344,0.06106437
0.018068446,0.06889806,0.07057999,0.01937678,0.030772347,0.032293886,0.02853664,0.023114938,0.06639033,0.047309306,0.030056484,0.020993166,0.04348575,0.030716684,0.03977424,0.019589106,0.07421926,0.021711882,0.06764364,0.04563632,0.08529699,0.023957284,0.030275378,0.061303068
0.01806892,0.06928266,0.07072776,0.019348782,0.030957092,0.032042675,0.028580358,0.022958292,0.066603154,0.047051013,0.029950492,0.021025069,0.043501265,0.031066887,0.039155405,0.019559873,0.07458975,0.02161676,0.067556895,0.044934984,0.085752286,0.024000203,0.030012297,0.061657157
0.017862936,0.06982457,0.07135778,0.019108739,0.030336171,0.03174216,0.028017506,0.022698311,0.06722454,0.047098834,0.029524356,0.020619294,0.043355368,0.03028351,0.039579954,0.019294817,0.07494606,0.021317715,0.068670206,0.045553174,0.086489946,0.023557926,0.029860022,0.06167604
0.018013587,0.06927808,0.07059891,0.019310115,0.030709462,0.032043055,0.02838302,0.022961175,0.06671105,0.04725154,0.029857669,0.02089257,0.043432225,0.03072871,0.0396698,0.01953425,0.07431088,0.021586407,0.06806995,0.045430306,0.08560746,0.023873834,0.030144347,0.061601583
0.017987562,0.06919139,0.070954904,0.01924869,0.03066739,0.032096293,0.028257856,0.022900749,0.066849716,0.0470417,0.029819332,0.020859895,0.043512363,0.030728592,0.039434753,0.019488791,0.0747344,0.021530718,0.06786956,0.04527514,0.085994504,0.023826633,0.030033182,0.061695818
0.017823538,0.069879755,0.07143941,0.019027371,0.030289069,0.031642634,0.027911434,0.022649063,0.06751342,0.04711627,0.029444415,0.020542264,0.043182507,0.030026171,0.039632607,0.019223511,0.07520979,0.021251304,0.06877043,0.045720812,0.08683127,0.023378067,0.029797198,0.06169764
0.018031929,0.06937831,0.07065584,0.01934325,0.030740479,0.032036494,0.02844413,0.023043381,0.06664014,0.047276694,0.02990302,0.020923065,0.043487422,0.030597886,0.03967043,0.01953261,0.07433739,0.021638576,0.06795621,0.045342304,0.08561009,0.023930987,0.030143254,0.06133616
0.017780194,0.06995795,0.0716364,0.01898416,0.030213268,0.03164138,0.027862947,0.022570549,0.067524925,0.0472358,0.029294439,0.020468092,0.04317265,0.029938709,0.039672107,0.019179476,0.07520723,0.02119695,0.06892721,0.04582498,0.086751215,0.023312382,0.02976356,0.061883405
0.018089797,0.06874999,0.07046075,0.019395083,0.030788966,0.032300472,0.028509384,0.023169294,0.06651474,0.047312733,0.03006357,0.020999001,0.043552823,0.0308781,0.039967738,0.01963245,0.07376738,0.021749796,0.06773755,0.04569662,0.08526351,0.024010774,0.03038283,0.06100663
0.018044766,0.06919984,0.07080319,0.019348145,0.030836334,0.03208518,0.028502624,0.023033235,0.066534095,0.04721203,0.030017972,0.020982837,0.043441873,0.03090402,0.03940727,0.01954939,0.07450202,0.021640232,0.06767344,0.045085505,0.08572252,0.023950469,0.030060988,0.06146204
0.017803937,0.06996403,0.071590915,0.01901201,0.030161232,0.031611938,0.027935103,0.022580776,0.06737224,0.047262277,0.029313227,0.02052204,0.04334628,0.029987905,0.039452802,0.01920976,0.07547548,0.021182988,0.06874938,0.045591936,0.08684092,0.023395278,0.029706536,0.061930966
0.017998388,0.069255285,0.07091313,0.019263322,0.030736947,0.03202888,0.028343795,0.022918755,0.06653704,0.04721241,0.02986822,0.020851701,0.0434239,0.030720286,0.039718643,0.019491047,0.07441173,0.021551939,0.06807403,0.045620788,0.08572387,0.023817647,0.030189116,0.06132912
0.017957387,0.06971712,0.07085633,0.01921005,0.030573107,0.031851985,0.028233906,0.02287759,0.06697129,0.04719318,0.029731281,0.020811923,0.043312296,0.030582577,0.039331857,0.019433217,0.07471723,0.021507975,0.06827461,0.045347665,0.085990705,0.023739245,0.029926289,0.061851207
0.018125823,0.06901863,0.07045168,0.019433508,0.031043706,0.03228067,0.028641889,0.023070725,0.06621034,0.047013886,0.030165004,0.021114057,0.043575708,0.031367797,0.03943216,0.019684248,0.07416347,0.021699725,0.06742808,0.044871796,0.0854717,0.024079818,0.030189494,0.061466053
0.017905219,0.06915131,0.071114965,0.019184988,0.030350683,0.032035373,0.028092954,0.022900876,0.06697911,0.047351856,0.029644275,0.020703206,0.043394893,0.030010283,0.040183835,0.019377792,0.07458513,0.021472285,0.0685286,0.046120312,0.0859049,0.023609702,0.030144505,0.061252914
0.018006744,0.069467574,0.07088008,0.019255733,0.030901918,0.03190075,0.028430576,0.022851603,0.06671968,0.04700905,0.029908199,0.020920947,0.04337949,0.030975306,0.03930817,0.019491665,0.074544266,0.021491295,0.06788993,0.04520578,0.08600992,0.023783945,0.03008281,0.061584633
0.01783499,0.06987888,0.071545206,0.019067565,0.030264182,0.031815562,0.027968237,0.022671273,0.06730289,0.04709959,0.029365517,0.020539477,0.043242138,0.030080754,0.039597023,0.019253744,0.07504582,0.021301221,0.06873341,0.045628425,0.086708784,0.023460798,0.02981731,0.06177722
0.01792197,0.069916844,0.07113556,0.019149356,0.030683266,0.03176724,0.02817774,0.022729006,0.06729917,0.046796624,0.029658854,0.020766262,0.04324544,0.030790659,0.03884612,0.019399531,0.0752904,0.021332948,0.068214335,0.04475138,0.08657323,0.023639102,0.029731538,0.062183462
0.018030357,0.069134176,0.070720434,0.019347113,0.030629987,0.032233596,0.028438937,0.023019698,0.06662783,0.047140703,0.029969733,0.020953823,0.04368334,0.03075643,0.0395384,0.019551318,0.074555136,0.021619702,0.06782494,0.045368206,0.08551938,0.02397947,0.030046832,0.061310478
0.017818002,0.07003484,0.07152368,0.019017294,0.030335985,0.031498253,0.027948456,0.02253533,0.06731293,0.047227755,0.02945103,0.020555114,0.04310024,0.030340647,0.03938216,0.01922859,0.0751278,0.021208284,0.06873707,0.0455728,0.08702743,0.023403578,0.029776052,0.06183667
0.01779222,0.06998065,0.071598954,0.018999783,0.03010705,0.03171888,0.027786326,0.022591129,0.067813076,0.047157455,0.029217657,0.020495465,0.043330085,0.029969463,0.039392017,0.019206062,0.07561163,0.021189773,0.068820916,0.045360763,0.086899094,0.023372676,0.02956258,0.062026273
0.01782711,0.07006324,0.07155038,0.019020835,0.030430702,0.031579763,0.027936613,0.022526616,0.06747255,0.046931565,0.029447563,0.020583414,0.043171674,0.030442465,0.039010637,0.019275425,0.07557421,0.0211873,0.06852386,0.045156635,0.086903796,0.023401605,0.029591156,0.06239089
0.017928684,0.06963525,0.07088669,0.01917843,0.03039354,0.03194057,0.02812716,0.02282899,0.06710975,0.047189962,0.02972105,0.020770073,0.043408293,0.030369002,0.039687615,0.019403383,0.07486583,0.021473175,0.068126924,0.04556811,0.08611804,0.023745464,0.029971868,0.061552156
0.018066183,0.06900092,0.070618086,0.019367263,0.030771937,0.032063164,0.028504651,0.023013955,0.06642531,0.047152113,0.03001737,0.020975938,0.04350256,0.03087561,0.039789125,0.019587625,0.074098326,0.021668274,0.06792947,0.04544772,0.085450344,0.023958314,0.030296177,0.0614196
0.017844021,0.06962463,0.07147425,0.019072827,0.030318312,0.031671852,0.028014679,0.022672875,0.06738966,0.04725681,0.029446939,0.02060368,0.043392915,0.030217577,0.039531734,0.019265437,0.07534787,0.021274377,0.068624705,0.045452774,0.08647332,0.023530627,0.029712742,0.061785366
0.017800007,0.07012828,0.07174383,0.018958975,0.03048,0.03171382,0.02781642,0.022456773,0.067552865,0.04703702,0.029355304,0.02056713,0.04310442,0.0303733,0.03889111,0.019213598,0.07574932,0.02109452,0.06874514,0.044986453,0.08724963,0.02333179,0.02954828,0.062101953
0.017931791,0.06951189,0.070989184,0.019199412,0.030379493,0.031902254,0.028118894,0.022855282,0.067121305,0.047255278,0.029691769,0.020759268,0.043444347,0.030202426,0.039705217,0.019392118,0.07463812,0.02149836,0.06848656,0.045602668,0.085975125,0.023717027,0.029937541,0.061684642
0.01826274,0.06872951,0.07014864,0.01962341,0.031439055,0.032284886,0.029052373,0.023289617,0.065854356,0.046915192,0.030583315,0.021417517,0.043626044,0.031916715,0.039096445,0.0198695,0.074082434,0.021898812,0.066530615,0.044569217,0.0846697,0.024449548,0.030330483,0.06135982
0.017853208,0.06981753,0.071179405,0.019086126,0.030386986,0.03178861,0.028038165,0.022608455,0.0675019,0.047011692,0.029442921,0.020662703,0.043365166,0.030406687,0.03924406,0.019278474,0.07550257,0.021279413,0.06841775,0.045220662,0.08669326,0.023595147,0.029688599,0.061930556
0.017946303,0.06983172,0.0711893,0.019173153,0.030637365,0.031904597,0.02820863,0.022777716,0.06689255,0.047035858,0.029718895,0.020812444,0.0433463,0.030742938,0.03921558,0.01941309,0.07486058,0.021377293,0.06823882,0.04511501,0.08632371,0.023651091,0.029809339,0.06177773
0.017858945,0.06975551,0.071485616,0.019089188,0.03026763,0.031856395,0.028002484,0.022680486,0.06747934,0.047000177,0.029426292,0.020599488,0.0432404,0.030316379,0.039305396,0.019311873,0.07536193,0.021336414,0.06847338,0.04529735,0.086604774,0.023544123,0.029726667,0.06197972
0.018281255,0.06892836,0.07024698,0.019631432,0.031593878,0.032430265,0.029173901,0.02323643,0.06576188,0.046743393,0.03051671,0.021518955,0.043690097,0.03228158,0.038395796,0.019908054,0.07434637,0.02187933,0.06613344,0.044068433,0.084889896,0.024531377,0.030121965,0.061690234
0.018033233,0.06931126,0.07072844,0.019354172,0.030756703,0.0321205,0.028503846,0.02290586,0.06672289,0.046897493,0.029953731,0.02097253,0.043689027,0.03087618,0.03925182,0.019525582,0.07505749,0.02156349,0.06758862,0.044902503,0.08573447,0.024025118,0.029932154,0.06159285
0.018039335,0.069458865,0.07106212,0.019321457,0.031009374,0.03187917,0.028531952,0.022862157,0.066672064,0.046827454,0.029951233,0.020997005,0.043487437,0.031302575,0.038932074,0.019547304,0.07479091,0.021522462,0.06765699,0.044666383,0.08600072,0.02394441,0.029839056,0.061697535
0.017735897,0.07020916,0.07178374,0.018913977,0.030080643,0.031654194,0.027720207,0.022499576,0.06788077,0.047103528,0.029079167,0.020355178,0.043069653,0.029882153,0.039200753,0.019110925,0.07580197,0.021083178,0.06904189,0.045509886,0.08739027,0.02326516,0.029499257,0.06212889
0.017811924,0.07045604,0.071716666,0.018971128,0.030526174,0.03143231,0.027945872,0.022358427,0.0677293,0.046648346,0.029335832,0.020599077,0.043115936,0.030615821,0.03827859,0.019210234,0.07648768,0.02103192,0.068355925,0.044501666,0.0875042,0.023390232,0.029324682,0.062652044
0.018061288,0.0695962,0.0706668,0.019359436,0.030941961,0.031960387,0.02852501,0.022880413,0.06699408,0.046863534,0.029995002,0.021097047,0.043583173,0.03128531,0.038650338,0.019588908,0.07543467,0.02156066,0.06732331,0.044108994,0.08586844,0.024093866,0.029763667,0.061797548
0.018065277,0.0695519,0.07094564,0.01932591,0.031014277,0.031989805,0.028584385,0.022837834,0.066599645,0.046823997,0.030021159,0.021057867,0.04348531,0.0314625,0.038502555,0.01956968,0.075039536,0.021534469,0.06748196,0.04432919,0.08595681,0.024061086,0.029768879,0.061990365
0.017879926,0.070108056,0.07130597,0.019122016,0.030442186,0.031739444,0.028080808,0.022616554,0.067718074,0.047003523,0.029406644,0.02065793,0.04323957,0.030441934,0.038941517,0.019294327,0.07571843,0.021290248,0.06815006,0.044858713,0.08685168,0.023595437,0.029538447,0.061998487
0.017963968,0.06984515,0.07142781,0.019185033,0.031015746,0.031848256,0.028402444,0.022660522,0.067074336,0.0468356,0.029785408,0.020928299,0.043068785,0.031270623,0.038406234,0.019432936,0.07524013,0.021316785,0.06777634,0.044312935,0.08657906,0.02378504,0.029712962,0.06212559
0.017720329,0.07088962,0.07205947,0.018869923,0.030102769,0.03134332,0.02768549,0.02226884,0.067738615,0.046940282,0.029078415,0.020411301,0.043164454,0.030137688,0.038579445,0.019091595,0.076535,0.020988055,0.06897123,0.04467848,0.08778533,0.023280447,0.029173883,0.06250605
0.018133236,0.06943889,0.07060172,0.01942477,0.031245518,0.031998217,0.028760128,0.022995379,0.06639572,0.046850458,0.030171689,0.02117502,0.043537438,0.03176015,0.038576048,0.019641664,0.07485066,0.02163666,0.06697605,0.044257373,0.085810974,0.02417626,0.029900387,0.0616856
0.018285047,0.06853806,0.069872014,0.019683495,0.031420987,0.032394517,0.02911126,0.02329535,0.065900385,0.04703748,0.03049424,0.021514328,0.043760456,0.031923164,0.0388715,0.01992009,0.07438938,0.02197025,0.06647376,0.04426966,0.08459863,0.024639424,0.030202832,0.061433654
0.017874401,0.07033089,0.07152744,0.01908273,0.030640844,0.031760227,0.028209878,0.022563731,0.06716299,0.046916448,0.029624328,0.02075756,0.04314029,0.030869799,0.038452063,0.019314434,0.075385064,0.02121303,0.0682684,0.044725362,0.08700463,0.023591297,0.029555414,0.062028717
0.01794076,0.06984796,0.07095597,0.019167263,0.030387014,0.031836763,0.028243378,0.022717778,0.06722037,0.04700335,0.029658603,0.020760898,0.043347616,0.030692648,0.038846914,0.019386336,0.075541094,0.021403883,0.06792274,0.044989064,0.08650147,0.023797875,0.029676314,0.062153947
0.018241825,0.0691961,0.070384696,0.019572869,0.031645786,0.032248676,0.0291048,0.02317249,0.0657848,0.046823733,0.030452622,0.021437796,0.04376403,0.03217939,0.038498286,0.019834943,0.07431742,0.021755159,0.066428155,0.044004187,0.085084744,0.024414686,0.03007201,0.06158078
0.01805533,0.069448434,0.07078617,0.01934935,0.030924285,0.032136094,0.028554635,0.022877024,0.06673107,0.046916526,0.029990984,0.021023072,0.043519367,0.0311006,0.03896728,0.019530589,0.074904315,0.021589177,0.06748526,0.044812836,0.08571523,0.023987357,0.029869124,0.061725877
0.017863072,0.0703602,0.07183544,0.01906382,0.03064672,0.031578746,0.028105153,0.02254593,0.06737047,0.046798643,0.02954749,0.020682763,0.043055348,0.030866105,0.03856742,0.01928278,0.0755792,0.021208651,0.068110205,0.044577777,0.08694842,0.023525123,0.029568342,0.062312145
0.017848415,0.06983493,0.071406096,0.019082816,0.03037811,0.031763837,0.02805189,0.022633705,0.0676883,0.047171485,0.029505447,0.020619709,0.043086432,0.030322395,0.039050493,0.019290352,0.07545048,0.021279845,0.06845866,0.044963155,0.08685293,0.023563107,0.029580675,0.062116724
0.017795091,0.07035512,0.07167474,0.018967865,0.030320678,0.0314958,0.027901296,0.022472443,0.067421526,0.046797656,0.029238204,0.020516273,0.043225404,0.030252533,0.03927268,0.019165603,0.07587259,0.021048607,0.06860745,0.045617864,0.087158106,0.023282092,0.029628696,0.061911654
0.017890895,0.06973355,0.071245976,0.01912236,0.030422477,0.03177936,0.028056843,0.022685796,0.067399666,0.047087245,0.029512389,0.020638669,0.04329911,0.030331666,0.03930974,0.019292556,0.07555406,0.021351544,0.06861346,0.045015827,0.08656123,0.023587752,0.029634405,0.061873455
0.0179113,0.06972523,0.07155876,0.019121991,0.030703688,0.031740088,0.02813464,0.02271227,0.067211196,0.046974625,0.029686453,0.02072228,0.043234777,0.030551763,0.039153095,0.019348603,0.07509186,0.021339761,0.0682668,0.04516118,0.086390644,0.023590418,0.029811356,0.061857156
0.017695842,0.07032082,0.07170587,0.018883154,0.029844647,0.031511407,0.027618779,0.022473402,0.06808451,0.047231052,0.029045505,0.02028619,0.04303021,0.029558046,0.039910305,0.019048769,0.07551861,0.021091515,0.0692467,0.04594465,0.08739081,0.02318697,0.02961508,0.06175713
0.017817194,0.07024389,0.071494885,0.019014012,0.030375741,0.031650312,0.027855145,0.022551533,0.06729566,0.047096934,0.029442608,0.020557243,0.04326144,0.03034041,0.03932639,0.019223664,0.075337134,0.021184593,0.06848516,0.045392778,0.08699178,0.023408413,0.029708134,0.06194494
0.017886775,0.07014821,0.07132836,0.019120632,0.030350376,0.031787038,0.02818193,0.022640202,0.06695258,0.047009215,0.029582817,0.020662982,0.0435876,0.0304149,0.039154038,0.019321596,0.07562016,0.021314451,0.06816146,0.045162547,0.08644406,0.02361465,0.029551264,0.062002186
0.017934484,0.06972535,0.071321756,0.019196065,0.030712834,0.031805757,0.028180664,0.022819567,0.066829726,0.04711419,0.029722143,0.02079294,0.04331237,0.030861251,0.039236695,0.019406574,0.07468924,0.021424659,0.06799843,0.045200747,0.0862949,0.023707548,0.029949965,0.061762158
0.017961882,0.06960788,0.070938565,0.019223953,0.03060251,0.031911805,0.028230246,0.022813087,0.066979416,0.04717781,0.029690012,0.02085116,0.043379016,0.030535748,0.039386097,0.019429695,0.07470454,0.02149177,0.06787976,0.045367863,0.086122595,0.023765398,0.029959759,0.061989464
0.01798722,0.069425926,0.07125116,0.019251574,0.030932836,0.03193252,0.028385133,0.02278869,0.06685394,0.046809282,0.029827146,0.020867843,0.04333446,0.031047693,0.0390906,0.019476306,0.075036764,0.021440856,0.06769249,0.044815354,0.08622336,0.02379497,0.029874679,0.061859116
0.018023044,0.0693368,0.070909195,0.019314671,0.030766662,0.032166205,0.028449256,0.022892896,0.0667765,0.047165804,0.02980568,0.020957347,0.043565977,0.031019086,0.03889042,0.019521851,0.075037576,0.021564865,0.067663744,0.044658054,0.086027436,0.023996802,0.029831756,0.06165837
0.017993085,0.06983033,0.07106023,0.019236531,0.030874552,0.031854644,0.028456023,0.022874255,0.06661838,0.04694833,0.029866833,0.02093246,0.043307293,0.031087756,0.038890507,0.01948125,0.07488537,0.021440156,0.067876846,0.044884026,0.086089,0.02379685,0.02991303,0.06180221
0.018038321,0.06911124,0.07086241,0.019312121,0.030798916,0.032044902,0.028438697,0.022872878,0.06708096,0.04714225,0.02995425,0.021001281,0.043431103,0.030899057,0.03902598,0.019539515,0.074783854,0.021584265,0.06753988,0.04472538,0.08585473,0.023943523,0.029923175,0.062091246
0.017875312,0.0703271,0.071509674,0.019089453,0.030695822,0.031745274,0.028230228,0.022583159,0.06716688,0.04676728,0.02955515,0.020706309,0.043205425,0.03084419,0.038568772,0.019315032,0.07524908,0.021222569,0.0683011,0.04467328,0.08707235,0.023527952,0.029624356,0.062144317
0.017883632,0.0699734,0.07119167,0.019123072,0.030423302,0.03173843,0.028110422,0.022611097,0.06717242,0.047034603,0.02951517,0.020684682,0.043383718,0.030464763,0.038929056,0.019317912,0.07565307,0.02133766,0.06827252,0.044950664,0.08667051,0.023648897,0.029659124,0.06225017
0.017806213,0.07007759,0.07170691,0.019004192,0.03035309,0.031680524,0.027897364,0.022475215,0.06739468,0.046917383,0.02935209,0.020524167,0.04320546,0.030248802,0.039096083,0.019230677,0.07589971,0.021113468,0.06843374,0.045319635,0.08705401,0.023367358,0.02957298,0.062268626
0.01783848,0.07008148,0.071448915,0.019074446,0.030236622,0.03169545,0.02805884,0.022669202,0.06740235,0.0471106,0.02943426,0.020620642,0.043118037,0.030199897,0.03927695,0.01925568,0.07541954,0.021327326,0.06867027,0.045374855,0.086507745,0.023455096,0.029667446,0.06205589
0.018089127,0.069306724,0.07057739,0.019376926,0.031073226,0.032132883,0.028575959,0.02298788,0.06662552,0.046958443,0.030061128,0.020991458,0.043413162,0.031182025,0.039158657,0.01961416,0.07425915,0.02163056,0.06755818,0.04494049,0.085709766,0.023942402,0.030100461,0.061734345
0.018063076,0.06881402,0.07034462,0.019385535,0.030698476,0.032178044,0.028494617,0.02309586,0.06654668,0.047369864,0.029942293,0.02093518,0.043592382,0.030597117,0.039998572,0.01957685,0.07418663,0.021732114,0.06789163,0.04561931,0.08541939,0.024027776,0.030263633,0.0612263
0.017987313,0.069351606,0.07078247,0.019256936,0.03068594,0.032044742,0.028300742,0.02289683,0.0667033,0.04709531,0.029863654,0.020804863,0.043439213,0.030596957,0.03971103,0.01946655,0.07456875,0.021495601,0.06815291,0.045626637,0.08572486,0.023759464,0.030138431,0.061545894
0.017736763,0.07030158,0.07187459,0.018920504,0.030023508,0.031704355,0.027769266,0.02244196,0.067674674,0.047010463,0.029090483,0.02040012,0.043282304,0.02987902,0.0392394,0.019111365,0.07595273,0.021088595,0.068962455,0.04556825,0.08728691,0.023249801,0.029355306,0.06207555
0.017975572,0.069646254,0.071000606,0.019239007,0.030837046,0.031814698,0.028320577,0.022858087,0.06683086,0.047230355,0.029928401,0.020865224,0.04327639,0.030969108,0.03927741,0.019485436,0.074580394,0.021437464,0.06799155,0.04482042,0.08619189,0.0237721,0.029954076,0.061697092
0.018025232,0.069289654,0.070671685,0.019327672,0.030563163,0.032067336,0.02834564,0.022957856,0.06655292,0.04715965,0.029816661,0.02090612,0.043782815,0.03067239,0.039553475,0.019522449,0.07480355,0.02160123,0.06775844,0.045363124,0.08555834,0.023982612,0.030022996,0.061694957
0.017990809,0.06970231,0.0709153,0.019256126,0.03080792,0.031962212,0.028420506,0.022794453,0.06659223,0.046947476,0.029873705,0.020914607,0.043404087,0.031010224,0.039058894,0.019488972,0.07472724,0.021450289,0.06776418,0.045021888,0.08619318,0.023787681,0.029940557,0.061975125
0.018116994,0.06888145,0.0705215,0.019454401,0.03099592,0.03231247,0.028651481,0.023165403,0.066451594,0.04716275,0.030141745,0.02109221,0.043629423,0.030972168,0.039511077,0.019671364,0.07398536,0.021773646,0.06740994,0.04511996,0.085285045,0.02411813,0.030250182,0.061325733
0.017938064,0.0694916,0.07123752,0.019182632,0.030713884,0.031920925,0.0282712,0.022826368,0.06692503,0.047015145,0.029652048,0.020818178,0.04321706,0.030731523,0.039331835,0.019427355,0.07469652,0.02140227,0.06824225,0.045405947,0.086359,0.023665262,0.029913163,0.0616153
0.01808953,0.06924044,0.070728965,0.019398391,0.030845275,0.032156132,0.028581401,0.023009349,0.06657682,0.0470817,0.030062618,0.021079,0.043626357,0.031003727,0.039347105,0.019609187,0.07431442,0.021718891,0.06741532,0.045104392,0.085387394,0.02405315,0.030112742,0.061457675
0.018079447,0.06913157,0.0705896,0.019378815,0.030978937,0.032142982,0.028578782,0.023005648,0.066477105,0.047033995,0.03016891,0.021028023,0.04359136,0.03122025,0.03922597,0.01961786,0.07441498,0.021622457,0.06750943,0.044935685,0.08562581,0.024062667,0.030101204,0.06147848
0.018010497,0.069337435,0.07104335,0.019289274,0.030792497,0.031960998,0.028342504,0.022919146,0.06661137,0.047109902,0.029895693,0.020954935,0.04351851,0.030836556,0.039422277,0.019491984,0.074815154,0.021594634,0.0676921,0.045058865,0.08577204,0.023897437,0.029981479,0.061651457
0.017839963,0.0701519,0.071433805,0.019050043,0.030442495,0.03168131,0.028015494,0.022518972,0.067858614,0.04680785,0.029496705,0.020630317,0.04324338,0.030523065,0.0387445,0.019259714,0.07566029,0.021161279,0.06837581,0.044914152,0.08702652,0.02347316,0.029516099,0.062174585
0.018159064,0.06857161,0.07018843,0.019492436,0.030960863,0.03239704,0.028760856,0.023213912,0.06615481,0.047392756,0.030217603,0.02118582,0.043690648,0.031133277,0.03958213,0.019725474,0.0740748,0.02185102,0.06736297,0.0452496,0.0849558,0.024220161,0.030364962,0.06109395
0.017730346,0.07052356,0.07210529,0.018911973,0.030191263,0.031459976,0.027821394,0.022340246,0.06795863,0.046818554,0.029113645,0.020410677,0.043021087,0.030033588,0.03891643,0.019079356,0.07598514,0.021023847,0.06884831,0.045282558,0.08739015,0.023174241,0.029374499,0.062485274
0.017808383,0.07007292,0.07153785,0.019023169,0.030124422,0.031755235,0.027859244,0.022558074,0.06763266,0.047028743,0.029354008,0.020484542,0.04333791,0.030068029,0.03931138,0.0192062,0.07562386,0.021208944,0.06870564,0.045336865,0.087016866,0.023427995,0.029595269,0.061921794
0.01786961,0.06983711,0.07152803,0.019078095,0.030471146,0.03174923,0.028043112,0.022681205,0.06715564,0.047081556,0.02954657,0.020611288,0.043257255,0.030483713,0.03917271,0.019318076,0.07508885,0.021309832,0.06862753,0.04524312,0.08677927,0.023503551,0.029770304,0.06179319
0.017968807,0.069360666,0.07069638,0.019257598,0.030444603,0.03201424,0.028273972,0.022913074,0.06704707,0.047177687,0.029724272,0.020804094,0.043368228,0.030371197,0.039960735,0.019444548,0.074456826,0.021520156,0.068237275,0.04591874,0.085822105,0.023727013,0.030177195,0.061313584
0.01793563,0.06952039,0.07122313,0.019175634,0.030635033,0.031813763,0.028131623,0.022779437,0.06688569,0.047133952,0.029576661,0.02077139,0.043311745,0.030611103,0.03955232,0.019394696,0.075096905,0.0214062,0.06830723,0.045200896,0.08642255,0.023682652,0.02994708,0.061484337
0.018094439,0.068928644,0.07030738,0.019403774,0.030908907,0.032219503,0.028604493,0.023154877,0.06660209,0.047049243,0.030010387,0.02106724,0.043569244,0.03090419,0.03953541,0.019623332,0.07440233,0.021736465,0.06763356,0.045074265,0.085411295,0.024102734,0.030260399,0.061395787
0.01801887,0.06954587,0.07082255,0.019284625,0.03091426,0.03203061,0.02841015,0.022900714,0.06667581,0.046969824,0.029916128,0.02095813,0.043405745,0.031012852,0.03900459,0.019517746,0.07496045,0.021491498,0.067744,0.044963002,0.08603663,0.023870131,0.029834421,0.061711464
0.01783359,0.07002279,0.0715748,0.019042056,0.030288698,0.031698234,0.027983822,0.022603994,0.0675126,0.046960637,0.0294067,0.020589402,0.043258417,0.0303775,0.039133716,0.019262034,0.07559728,0.021226298,0.06842401,0.045039933,0.086929105,0.023513643,0.029640783,0.06207999
0.018038658,0.069702566,0.07092602,0.019308938,0.030899998,0.031970423,0.028521277,0.022888586,0.06678787,0.047019903,0.02999278,0.020993782,0.04329891,0.031352956,0.038568668,0.019547414,0.074921586,0.021519199,0.06741416,0.04451139,0.086107194,0.024020119,0.029867873,0.061819706
0.018332122,0.068391725,0.06979257,0.019716984,0.03138377,0.032670796,0.029162401,0.023381881,0.06564651,0.047136996,0.030526213,0.021582989,0.043948963,0.031803865,0.039089758,0.019959588,0.07386825,0.022037745,0.06649089,0.0446803,0.084330395,0.024568882,0.030301519,0.0611949
0.018033717,0.06949959,0.07102452,0.019308154,0.030867651,0.031932402,0.02845898,0.022931702,0.066592194,0.047150932,0.029989008,0.020997478,0.043332305,0.031148694,0.039009053,0.01956173,0.07443308,0.021594793,0.067695834,0.04478366,0.085864596,0.02398839,0.02996517,0.061836325
0.018132318,0.0690312,0.07048206,0.019436685,0.031040464,0.03224595,0.0287304,0.023055801,0.06641917,0.047024354,0.03020413,0.021151334,0.043667614,0.03153065,0.038926948,0.019690333,0.07435499,0.021716466,0.06720101,0.0446473,0.08546013,0.024191616,0.03009211,0.061566934
0.018242326,0.06872747,0.07013674,0.019621257,0.03135188,0.032416526,0.028964443,0.023266066,0.06571461,0.047045756,0.030427223,0.021396266,0.043690197,0.031782404,0.039326068,0.019866418,0.073716,0.021948174,0.066745974,0.04475082,0.08478241,0.02448476,0.03045188,0.061144385
0.017943267,0.06928981,0.07111197,0.019205354,0.030640658,0.031980246,0.028235355,0.022741288,0.06703191,0.04711132,0.029675515,0.02082183,0.043353595,0.030577218,0.039382614,0.019429136,0.07518343,0.021471225,0.06790275,0.045228664,0.08614691,0.02372762,0.02985485,0.061953414
0.017895512,0.06964953,0.07137719,0.019126998,0.03045542,0.03183154,0.028044933,0.022676762,0.06735937,0.04681696,0.029553914,0.020674685,0.043258734,0.030493837,0.039281864,0.019353056,0.07535145,0.02131916,0.068505965,0.045277372,0.086684436,0.023593321,0.029664852,0.061753105
0.017999215,0.069525,0.070899375,0.019273026,0.030708192,0.031907134,0.028474377,0.022909505,0.06684463,0.047096767,0.029899532,0.020911433,0.04347414,0.030763172,0.039261807,0.019468296,0.07483125,0.021530055,0.06776561,0.045057114,0.08590785,0.023883197,0.030010367,0.061598953
0.017999215,0.0695078,0.07070385,0.019273128,0.0307509,0.03202344,0.028424516,0.022896595,0.06697647,0.047048636,0.029878939,0.020915877,0.043200094,0.030797096,0.039288525,0.019511417,0.07471409,0.021476597,0.06779856,0.045098383,0.0859389,0.023830352,0.02993392,0.062012658
0.017920882,0.06958655,0.071022145,0.019178128,0.03032748,0.03206091,0.028106306,0.02278643,0.06700758,0.047277473,0.02960848,0.020685071,0.043407474,0.030237118,0.03968714,0.019355753,0.07487314,0.021507364,0.06846248,0.0455682,0.08619625,0.023681523,0.029932365,0.061523654
0.01799519,0.06948332,0.070875555,0.019252788,0.030634113,0.03203244,0.028337931,0.02283835,0.06681405,0.047090307,0.029893113,0.020867016,0.043408077,0.03081663,0.039255776,0.01947872,0.074837916,0.021508232,0.06797111,0.045270767,0.08583201,0.023785332,0.02995737,0.061763894
0.017844973,0.069547206,0.071292266,0.019070363,0.030336719,0.031754345,0.027948761,0.022660451,0.06749166,0.047209434,0.029445775,0.020600352,0.04317273,0.030263664,0.039654024,0.01927269,0.074890494,0.02127708,0.06880498,0.04575649,0.08639266,0.023461062,0.029897971,0.061953858
0.017990967,0.06934406,0.07103604,0.019300343,0.030722942,0.032036863,0.028356189,0.023006275,0.066627145,0.047281194,0.029871538,0.02087155,0.043409005,0.030675352,0.039749183,0.01950856,0.07403795,0.021617794,0.06793733,0.04560414,0.08574579,0.023816189,0.030174581,0.061279066
0.017956423,0.06971703,0.070679314,0.019189456,0.03053977,0.03195709,0.028186277,0.022864863,0.067242496,0.04713509,0.029710816,0.02078414,0.043210406,0.030506317,0.03932809,0.019411419,0.074683994,0.021485798,0.06847758,0.0453913,0.08619104,0.02370102,0.029917631,0.06173265
0.018009892,0.06914379,0.07082646,0.019295149,0.030687116,0.032070253,0.02846409,0.022989264,0.06681692,0.047189303,0.02990214,0.020902101,0.04343819,0.030550253,0.039698012,0.019486839,0.07439243,0.021548854,0.068053074,0.045587927,0.08565839,0.02381669,0.030142989,0.061329875
0.017942438,0.069571026,0.0710026,0.019192025,0.030624758,0.031916935,0.028202295,0.022871185,0.06698661,0.04718227,0.029759167,0.020742746,0.043294083,0.030321619,0.03967244,0.019388717,0.07460303,0.021468505,0.068200156,0.045711,0.086079314,0.02366937,0.03011134,0.061486367
0.018059105,0.06907044,0.07065596,0.019336438,0.030843865,0.032128036,0.02847119,0.023006715,0.0666136,0.047054313,0.02997222,0.021012546,0.043476827,0.03098429,0.039569005,0.019586217,0.0742922,0.021591155,0.06771035,0.04534728,0.08560346,0.023959354,0.030180681,0.06147476
0.018048408,0.06943944,0.07062371,0.019330805,0.030731348,0.032064825,0.028440163,0.023003245,0.06648785,0.0473012,0.029906325,0.020943407,0.043670002,0.030850342,0.039622065,0.019566607,0.07411288,0.021616334,0.06788047,0.045306332,0.085667305,0.023934035,0.030062689,0.061390202
0.018028373,0.06937,0.07070323,0.01933423,0.030768007,0.032019157,0.028454319,0.022910647,0.06668539,0.047083154,0.029985106,0.020970527,0.043454643,0.031053903,0.039226215,0.019555949,0.07452577,0.021588659,0.06791324,0.04493847,0.085841894,0.02397474,0.029921599,0.06169282
0.017778622,0.0704443,0.07175476,0.01896457,0.030315632,0.03157448,0.027877932,0.022414293,0.06774812,0.046990708,0.029312208,0.020490712,0.043184705,0.030240074,0.0388532,0.019160857,0.07612237,0.021082044,0.0685345,0.04489531,0.08722789,0.023339588,0.029453123,0.06223996
0.017922815,0.06959103,0.07139981,0.019166,0.030722192,0.03179992,0.028291132,0.022696067,0.06698688,0.04704682,0.029720902,0.020814013,0.04317031,0.03074142,0.039132018,0.019392539,0.07493244,0.021364393,0.068270504,0.044993073,0.08649704,0.023688454,0.029792644,0.061867613
0.017950002,0.0693935,0.070961095,0.019190129,0.030497538,0.031924795,0.028117154,0.022807373,0.0672818,0.047199443,0.029632185,0.020804109,0.04336008,0.030553866,0.039355505,0.019430263,0.07511301,0.021466637,0.068238385,0.04521712,0.086262606,0.023736997,0.029917892,0.061588477
0.017901216,0.07006647,0.07139793,0.019114997,0.030535847,0.03178274,0.028113542,0.022642946,0.06713133,0.046832368,0.029491138,0.020683013,0.04327723,0.030584347,0.038787037,0.01934895,0.075568594,0.02126768,0.06839993,0.044965893,0.08674355,0.023590872,0.029626401,0.062145982
0.017847832,0.07005846,0.07159919,0.01906471,0.030427,0.03163136,0.02802541,0.022642417,0.06748774,0.04696239,0.02940522,0.020632435,0.04322115,0.03047004,0.038850952,0.019259494,0.0757982,0.021217216,0.0685098,0.044899657,0.08688411,0.023533551,0.029581364,0.061990257
0.017833361,0.070145674,0.07156751,0.019034352,0.030433908,0.03166261,0.028006637,0.022496263,0.06755268,0.04675582,0.029416382,0.020621534,0.04305481,0.030620828,0.03861323,0.019251779,0.075968966,0.021174096,0.06839185,0.044835895,0.08708208,0.023450114,0.029519359,0.06251027
0.017741228,0.070528604,0.07164335,0.018906053,0.030108742,0.03151704,0.027645763,0.022372508,0.06803721,0.04704881,0.02917371,0.020427007,0.043197002,0.030054327,0.03886498,0.01912313,0.07606846,0.021033108,0.06879946,0.045049176,0.08748468,0.023224568,0.029344408,0.0626067
0.01761583,0.0707179,0.072345525,0.018763117,0.02987721,0.031305067,0.027437082,0.022202164,0.067935295,0.04713204,0.028957209,0.020168325,0.042858582,0.029491749,0.039491024,0.018949417,0.07613209,0.020840183,0.069720544,0.045684416,0.08807897,0.022940252,0.029276656,0.062079348
0.017876115,0.0696343,0.07134553,0.019110762,0.030430533,0.031918056,0.028089266,0.022731405,0.0673893,0.047085706,0.029523257,0.020645006,0.043179337,0.03034893,0.03934186,0.01931978,0.075003885,0.021353198,0.0684546,0.045543723,0.08632367,0.023528738,0.029892964,0.061930086
0.01782249,0.06973994,0.07150671,0.019038776,0.030282065,0.03168071,0.028003907,0.022655051,0.06726853,0.04732734,0.029447405,0.02053116,0.04320112,0.030158218,0.03964442,0.019236399,0.07502955,0.021261135,0.06885319,0.045532074,0.08693816,0.023428721,0.029842747,0.06157019
0.017879324,0.06947367,0.07121399,0.019110344,0.030304076,0.031825442,0.028080314,0.022726625,0.06742892,0.047080293,0.029517803,0.02065757,0.043458015,0.030286402,0.039750613,0.019321376,0.07492799,0.021373441,0.06844099,0.04562608,0.08627337,0.02357355,0.029951613,0.06171816
0.018009348,0.06931242,0.07079326,0.019291218,0.030819677,0.031963307,0.028372724,0.02290925,0.06670228,0.047021613,0.029947104,0.0209386,0.043397035,0.030879691,0.039530214,0.019499281,0.07470201,0.021523476,0.067920364,0.045160875,0.08597551,0.023883047,0.03005559,0.061392095
0.01774172,0.07040468,0.07158084,0.018907826,0.030079823,0.031433288,0.02759297,0.0224138,0.06787815,0.047166076,0.029164957,0.020350225,0.04316859,0.0297568,0.039390866,0.019112226,0.0759843,0.021083945,0.06906596,0.04545592,0.08726852,0.023198094,0.029464915,0.06233551
0.017835572,0.070041895,0.071636945,0.019025285,0.03044664,0.03165759,0.027988913,0.02261523,0.06750658,0.046994478,0.0294176,0.020638332,0.043127272,0.030397201,0.039141387,0.019238867,0.07537407,0.02122779,0.06843998,0.045157973,0.086976506,0.023490654,0.02973197,0.061891317
0.018084586,0.06901863,0.070478916,0.019384809,0.03098754,0.032138165,0.028608218,0.02300083,0.06667954,0.047056414,0.03006987,0.021090923,0.043557025,0.031083127,0.0391544,0.019614039,0.07484574,0.021673022,0.06738091,0.04484608,0.08543578,0.024017539,0.030043462,0.06175043
0.017916698,0.06979066,0.07139878,0.019141382,0.03060081,0.031905312,0.028178027,0.022684637,0.06720275,0.04697183,0.029665405,0.020740004,0.043208767,0.030624902,0.039088305,0.019344905,0.075258866,0.021317262,0.0681813,0.04512397,0.086459376,0.023657642,0.029726446,0.061811958
0.017969962,0.069243826,0.07105481,0.019235253,0.030480262,0.03197078,0.02821269,0.022948796,0.06663312,0.04743042,0.029727431,0.020763421,0.043314952,0.030414656,0.0398835,0.019461216,0.07423027,0.021569917,0.06834617,0.045809936,0.08573007,0.02378533,0.030222595,0.06156061
0.018303053,0.06854771,0.07008594,0.019683147,0.031519793,0.032428015,0.029169044,0.023347346,0.06565949,0.04687864,0.030544253,0.021495048,0.04379421,0.032083884,0.03904739,0.019912552,0.07384037,0.02198236,0.066413485,0.044517316,0.08462012,0.024579473,0.03033137,0.061215956
0.017934462,0.06972968,0.07097209,0.01919726,0.03056957,0.031913318,0.028177746,0.022763187,0.06686309,0.04714351,0.029707944,0.020796673,0.04330122,0.030718995,0.039333187,0.019421766,0.07496902,0.021440068,0.06810999,0.045097396,0.08632176,0.023781916,0.029850531,0.061885644
0.018374553,0.06818204,0.069570735,0.019789686,0.031401016,0.032748338,0.029223884,0.023567481,0.06542117,0.047190826,0.030755052,0.02156049,0.043975852,0.031880073,0.03952751,0.02001463,0.073183924,0.022153085,0.06655924,0.04481959,0.08409194,0.024701115,0.030622471,0.060685303
0.018271327,0.06836438,0.06990929,0.019623753,0.0314053,0.032582194,0.02904948,0.023393558,0.06594089,0.047226496,0.030516362,0.021399705,0.043638773,0.031480532,0.03933519,0.019845275,0.073782876,0.021986565,0.066666365,0.044945568,0.084674574,0.02442755,0.03048812,0.061045855
0.0180263,0.06924775,0.07095331,0.019303763,0.030694056,0.032075435,0.028422397,0.022958038,0.066711016,0.04706333,0.029887363,0.020924091,0.043526303,0.030818837,0.03937204,0.019516883,0.07447879,0.021567568,0.06790387,0.04521423,0.08582212,0.023901042,0.030018685,0.061592735
0.018079758,0.06917436,0.070500486,0.01938086,0.030909296,0.032118257,0.028577458,0.023022383,0.06651872,0.047117356,0.030055668,0.021066483,0.043443196,0.031021314,0.039416015,0.019599773,0.07433665,0.021654919,0.06785809,0.045145426,0.085481085,0.024019092,0.030111386,0.061391957
0.018092599,0.06910536,0.070716694,0.019397754,0.030944355,0.03214219,0.028689457,0.023045499,0.06644295,0.047066677,0.0301391,0.021018429,0.043472797,0.031217102,0.039400954,0.019631643,0.07416675,0.02166464,0.06742493,0.045174107,0.08549172,0.02402269,0.030135244,0.061396368
