Stock_1,Stock_2,Stock_3,Stock_4,Stock_5,Stock_6,Stock_7,Stock_8,Stock_9,Stock_10,Stock_11,Stock_12,Stock_13,Stock_14,Stock_15,Stock_16,Stock_17,Stock_18,Stock_19,Stock_20,Stock_21,Stock_22,Stock_23,Stock_24
0.021208306505992553,0.042657424115658614,0.037184164938640955,0.014944327863167024,0.04784495982105803,0.005742084484478956,0.031713844766685165,0.004455743514071842,0.018598084238762077,0.07096794115885309,0.038915250069571694,0.00583798346148265,0.055001990161326,0.0704260002209115,0.06199627365376721,0.06969128463380539,0.04083903626304552,0.004809356218701241,0.06591675477326644,0.06115900507516225,0.06702047381836844,0.07049808835113927,0.021821318740847636,0.07075030315123645
0.022307181987248865,0.03704650039175464,0.03540316227040223,0.013412623880253247,0.05089957447585859,0.005207980554507859,0.03437310632779746,0.004284232699493487,0.020146432375372884,0.07115353129384656,0.041018523376526866,0.005439828107569922,0.058313343317357234,0.07082080453187051,0.061637252545119474,0.06972498492384964,0.04234946172768541,0.005472768074893126,0.06766991733447782,0.05900419272434335,0.06703071382521307,0.07060849691733936,0.015023641391528482,0.07165174494568992
0.019255387677500842,0.03218366206636934,0.031395292242832995,0.010208245336663663,0.04993904238018346,0.003915186224509766,0.029118330839783258,0.004391832009183626,0.017189857451995316,0.07266761110126782,0.032872723306513724,0.004220252589080993,0.06356124650538791,0.07402936421174475,0.06567219149839049,0.07226151826636314,0.04878368867130971,0.006371525380484821,0.07033432048436998,0.05839573755040434,0.07057735434243598,0.07275234179266245,0.017039571091050833,0.07286371697951081
0.019432252888643475,0.0357495959957105,0.03189523856030708,0.012714768816890355,0.04951924144061265,0.004249224745449125,0.0299723659586219,0.0037359716859497114,0.01977818323337521,0.07250690737206379,0.030217146400773394,0.003938303362970749,0.059393458004669,0.073638276465397,0.0659967975609831,0.07157979137363052,0.048543479876733305,0.005016664999085391,0.07050757190035627,0.06019790831808891,0.06946105025293167,0.07238352684674951,0.016664136268595097,0.07290813767141227
0.02111340837628453,0.034371748185340306,0.029594938131559192,0.014547943478922675,0.05289738669036005,0.005266311673737028,0.03379465857684449,0.004038330939956049,0.021023846343290742,0.072086567944279,0.031051610095927416,0.0044454503176335316,0.05841323077368829,0.0735334288167416,0.06436173627762215,0.07071020865945529,0.048628010676487525,0.0058357916592573665,0.07090413805884704,0.05785289325211338,0.06846672078307887,0.07066194008861504,0.013538456262213689,0.07286124393774474
0.024867036417828264,0.03636960248374652,0.03313141860425054,0.018694138699242375,0.051356681845697964,0.006023412143914705,0.03445537925533983,0.004575372211784523,0.02439587004490272,0.07130042956788218,0.03428333646055204,0.005377322520288637,0.053123658857765634,0.0716321101434336,0.06250836803264648,0.0690362656908773,0.04382535887706693,0.005035646650640049,0.06925529690344152,0.057484001112864704,0.06642974225624453,0.07054646294752435,0.013704379840812108,0.0725887084312525
0.023578092979831124,0.03653314459469781,0.033250047349003296,0.0183490929094711,0.051322176792138796,0.006586980082642409,0.034871672992716665,0.0044476953046429304,0.02433283601392066,0.07094284286613044,0.0345582400784096,0.005542728737393767,0.05417074158470401,0.07156075993421142,0.062363450602000534,0.0692152346809201,0.044374788403767705,0.005134332311209669,0.06891948195423624,0.05811990533860401,0.0656534711501606,0.06971645041171277,0.014459232058373128,0.0719966008691012
0.027574670437140018,0.030722523798889522,0.03268744880489666,0.019847278390022927,0.05461466840683218,0.00656612981551654,0.03923860478717003,0.004784462712521001,0.023218619398135368,0.07099756193405088,0.042719946135865085,0.006175976408874368,0.055758723806322574,0.07064141314378852,0.058185110657264706,0.06814119204001932,0.04175467370071592,0.005563213802870989,0.06966113781735286,0.052985951667671616,0.06682888609927203,0.06904183044590151,0.009148113547469342,0.07314186224143603
0.02803845673366548,0.031818673502909074,0.03675062607945312,0.01982048586405889,0.056057368534209825,0.004866921653796629,0.039237373261178314,0.003771714283134707,0.026499073149777917,0.07026429869119688,0.0487218954151421,0.0070840962258509645,0.05386190908717498,0.06891770562329427,0.05581260786497529,0.06741763200624719,0.036788073995232734,0.0059933833094045095,0.06866774177591804,0.05364212103181347,0.06557875753837396,0.06932907364135059,0.008420113460009532,0.07263989727183151
0.030036683015486242,0.03637628644094936,0.035624932973174483,0.013882710984505954,0.054856749347788794,0.004664481095150856,0.041354849125261106,0.00481871741314464,0.023555373818534533,0.07051694660770193,0.05239708596083528,0.007142561021414339,0.05526830271394949,0.06745802011318718,0.05564926738683412,0.0666908138220569,0.03468558832691314,0.007881720347950783,0.06627666595776036,0.05507912862021126,0.06492795787766314,0.07039522067058653,0.008601053751020415,0.07185888260791917
0.028214494482612183,0.03233967147897779,0.03224301261955703,0.012539242248726795,0.0528727730013178,0.0051971152782183975,0.040422358998417694,0.0045197117761312175,0.02764578175953098,0.07092009368304888,0.04932824974864994,0.006118338635913586,0.05687941330843642,0.0695228568139359,0.059727229221937954,0.06810170686491758,0.0382704301163164,0.007581570373331952,0.06741776085413388,0.056035480678690366,0.062107194794818216,0.07119267530257417,0.008448261000966762,0.07235457695883808
0.025990241535100805,0.028751858376295625,0.026947484000846934,0.010604050305990141,0.05110373765878563,0.006252889985036322,0.038849456033045245,0.005196301615399611,0.02983445324378297,0.07150201179851415,0.042788809231740436,0.005272862526764504,0.060204677315078614,0.07165335717184151,0.06319345424204158,0.06962625707099848,0.04510467253557306,0.009089009491016835,0.0688333429381083,0.05603305561139461,0.060568339953278795,0.0719174980647128,0.00835792842184435,0.0723242508728087
0.02247035077236866,0.031015428179351042,0.03488947517052113,0.014783548918012545,0.04883649598378665,0.005921176313614393,0.035224426600963483,0.0038286832965046037,0.028189942993106242,0.07057839341837761,0.04269587344067671,0.0056204183079635525,0.05852401828138319,0.07104826989182177,0.06251467608626661,0.06993087138272626,0.04229421819870887,0.0058737625353575355,0.06823331264576674,0.058031035843968126,0.06322435414975604,0.07070726668623631,0.013232763632933348,0.07233123726982857
0.024369142419384707,0.02946800016615272,0.03410802796864621,0.01631033988680412,0.044215710365514374,0.00575995656552471,0.032516148984524956,0.0035883204342893864,0.03448479045785434,0.07139362115285408,0.03835399581816624,0.004993709030621144,0.05569121364025592,0.07225317342735124,0.06568008776236077,0.07081711991961322,0.040907252468833206,0.004578864258236241,0.06913643919893625,0.06048095730572943,0.06080133563564119,0.07225351497249184,0.014384429755177163,0.07345384840503655
0.027947452131883717,0.026709093374248174,0.032697159034122625,0.01821641334888259,0.04610977082920068,0.005128207219804436,0.03352855051871365,0.003763255800738198,0.034064557624379405,0.07168191658049045,0.03750268217060632,0.00511709580070629,0.055530487574140135,0.07259585164508232,0.06499034553784551,0.07064472160418318,0.03956440812497881,0.004321204072041484,0.06996916715276402,0.0584210970006404,0.06235693245144344,0.07273101391244088,0.012024671388455687,0.07438394510220758
0.022819014081074937,0.02975858444435713,0.03236709385236953,0.016224432963989715,0.042279884865882696,0.005427304826236707,0.0298915895491058,0.003689913979341168,0.03159199710083016,0.07203863320494361,0.03136427223887293,0.004200063560642442,0.05720291193450207,0.07351950835358444,0.06732722499745149,0.07185821245186506,0.04523770169027362,0.004224026332124373,0.07020925873186651,0.06078371984374725,0.06450110667280966,0.07306457762956527,0.016382939629383586,0.07403602706517985
0.01962832870569639,0.03329570053265573,0.03216862605197227,0.013764221219689884,0.039913202205465945,0.004659934488679167,0.027826790370089154,0.003462427810325996,0.028783062333280148,0.07225189563630703,0.02991991893719712,0.003809333581702459,0.05847121459455461,0.07358419441944891,0.0684082586201291,0.07246416634489179,0.04692674331097537,0.004101352037141388,0.06935425685035683,0.06327535232798771,0.06596111642430212,0.07352540608926701,0.02109173707259584,0.07335276003528803
0.019200827347924738,0.03618745156135886,0.028083063418823193,0.012152018340511477,0.036849493637399734,0.00479079406294549,0.026153175739694084,0.0037152561380764735,0.0279239402619824,0.07333379041510693,0.02593914187259034,0.0030927103961384326,0.05757028424393522,0.0745267665181856,0.07061033823367485,0.07326475653738047,0.049955912091141974,0.0037150088853473346,0.06974686760096208,0.06540820949390407,0.066923941983594,0.07456601102080505,0.022971692456286268,0.07331854774223094
0.018527797062000844,0.036744688908046635,0.03253046694273974,0.010848589710056516,0.04155144381436879,0.003494251555996747,0.027420020902905774,0.0033385804423833854,0.02486574209905245,0.07262583448604303,0.03254251758516375,0.003623722372073815,0.05978212302638974,0.07307549417721426,0.0681342507502657,0.07242633544406457,0.0461449983564074,0.004277368961909794,0.0685445567839155,0.06386302485353748,0.06746320975323296,0.07383309510633737,0.021505059754996628,0.07283682715089713
0.01920631393669332,0.0338578901461842,0.03081797605704118,0.007994958610389758,0.044778240783993714,0.0029354610126475335,0.029980905953337758,0.0028040224262895373,0.030006562869704042,0.07270748365311264,0.03941899585798276,0.00345880770387569,0.061792249561491645,0.07284577877105017,0.06792690301589623,0.07235900549368016,0.0435727051692927,0.005209745561059537,0.06930799731163714,0.06343783512492368,0.06444798431808267,0.0737708575156739,0.01428380759186694,0.0730775115540931
0.021996039303327584,0.03683597867381302,0.02387822366980136,0.009803344386690562,0.04194772457134616,0.0053941366407618575,0.03042504054270037,0.003577072494852785,0.03527318625704877,0.07354159005039505,0.03268612822752928,0.0031282918521243408,0.05626216254110803,0.07398366997261596,0.0702525103548275,0.07252971329512994,0.04677571375727125,0.004736464773935122,0.07036271206248505,0.06505598154098743,0.0610141196164465,0.07426167964976571,0.01324493003449931,0.07303358573053705
0.024421303487447095,0.03634598964234857,0.0269360664627938,0.01300217011472787,0.042907886396244814,0.005769210049507706,0.03119271462766865,0.0031868296392599522,0.03607953555773834,0.07314046666894124,0.03552475564885263,0.0034934919004530576,0.05214777610377763,0.07330593679462293,0.06931758107178707,0.07176474232468939,0.04262952900339928,0.0036581921157586065,0.0699041854393113,0.06517824210830642,0.059647214944611344,0.07371489163792036,0.013368391565194124,0.07336289669463783
0.02569410350307442,0.03738699637660063,0.02852657803464785,0.015434506953283649,0.044199182741414586,0.006413514749273132,0.031809040010772525,0.0033855409088688576,0.032683884769543356,0.07279100921270533,0.03582490282352814,0.0038072941365083707,0.05125500859353399,0.07278273910307051,0.06818168216964095,0.07100759965377,0.04118544118270744,0.0033714383368415026,0.06928951904092777,0.06392512070088593,0.06109825499434336,0.07326566609462316,0.013567955732397644,0.07311302017703689
0.025233352483433034,0.036243925448116006,0.03426794496408898,0.016116149790369336,0.048722542333781586,0.004196437156823871,0.03309241559071829,0.002827421425333002,0.03039928281139252,0.07193747779255487,0.039627620706583856,0.004156679746639106,0.051942826134025656,0.07167281513081476,0.06517352807621102,0.07006293671542274,0.0388792089371824,0.0035891867779837545,0.06926966611719841,0.061318139797097625,0.06382850716840985,0.07239804910060528,0.011974034771074591,0.07306985102413946
0.023495588189782497,0.0360793042673701,0.035917261348273166,0.01491013358490585,0.045819952525781436,0.0037057652769523753,0.030159492764938213,0.002612316428531961,0.027832893171954302,0.0722466447335304,0.04005838901070728,0.0038722182220493435,0.05378119526320307,0.07192864322123789,0.06626479309191677,0.07083593381826461,0.03876747714010507,0.002940525840885982,0.0687875144907159,0.06293202585995723,0.06539494322037122,0.07293730898672411,0.015448403238725759,0.07327127630311545
0.019144511444883154,0.039001873098193605,0.038260404070109555,0.013789556785749306,0.04575373836995721,0.002683507311315676,0.028175676508992886,0.0024498158183100037,0.022460355218264044,0.07179625581901011,0.03800606785594087,0.003578011968999707,0.05600046159615764,0.07178173323361632,0.06576381811009833,0.07109916283779295,0.042378813876853515,0.0031242500133867594,0.06843865628175386,0.06300438032707696,0.0681967286619553,0.0726693740822098,0.019598055783773074,0.07284479092559938
0.018993068022631822,0.03831876727885758,0.03278231781713066,0.010639148949253224,0.04311395287961385,0.0029278123258540956,0.02739757577740071,0.0031445700686065672,0.02230943488129648,0.07280496563723739,0.033799466647344796,0.0033695033499212892,0.05875661710752593,0.07290711702998458,0.0679391718826986,0.07219357694787809,0.045840600960977064,0.0038084301130184555,0.0685819369632968,0.06389979746084005,0.0686982072811617,0.07387960027307292,0.020870323643236797,0.07302403670116055
0.02010289584164717,0.044249365757374974,0.034277659463912355,0.014683303256380696,0.03729319396799288,0.004192224706821112,0.026128517178869666,0.0035377403554642025,0.022778887230510136,0.0726075035475829,0.03295244182822636,0.0035200600648728907,0.052652949219190386,0.07225230733840207,0.0683155586866323,0.07143480277820645,0.043949828975612476,0.0029119525963745294,0.06646155857050194,0.06569040849320212,0.06721987346915127,0.07362957800750512,0.027043051657669594,0.07211433700789639
0.018937147775232997,0.04114963706012196,0.037976829949442965,0.013071892190869936,0.04034865894739373,0.0031869645426914656,0.026624836180157326,0.003345431050666068,0.023015228161359303,0.07161998348185186,0.03843034474022281,0.004125021455964884,0.05609980502795626,0.07122649513297376,0.06616995164891501,0.07104120038048811,0.04270115966284887,0.004006499767972572,0.06579263558068592,0.06380636926595892,0.06683816817548852,0.07290329496154402,0.025823258516230827,0.07175918634296188
0.017125651995923186,0.041750215998320295,0.03838476296940318,0.013249557712616144,0.03859849929313054,0.0024845730046069987,0.02453189366878069,0.0030799832508542034,0.020282084919249228,0.07158637985527729,0.03610104274286592,0.0036044200020864015,0.05798949167590628,0.07162969753654805,0.06649977542755044,0.07162490085213076,0.04543246030517892,0.004001574743000533,0.0653707485685138,0.06423424728604221,0.06797415909428299,0.07310153310438233,0.029917890776357633,0.07144445521699198
0.017175353347444685,0.03852362219850757,0.0362435397573552,0.013495165796070293,0.03996496410507122,0.002261193664143282,0.023871143889474748,0.003126006510389199,0.016402082428538713,0.0718793674350199,0.03083051646347435,0.0031788080952450336,0.060758340584376444,0.07296909899382852,0.06713007012108463,0.07259704581521116,0.04926495246280655,0.0037484503863006355,0.06682077262736844,0.06321033400323475,0.07080202753011385,0.07367993591245017,0.029628829596463593,0.07243837827602707
0.017632577191682923,0.0361912580643958,0.023093677521357717,0.009323370981427045,0.03547609923557998,0.0026779003777874493,0.023743269379344244,0.0036888043192016625,0.018553023473234835,0.07443521780414543,0.01877929142230113,0.0022202560020914905,0.06338880195510009,0.07631612327107204,0.07252076036112363,0.07516961926586796,0.05740127383006386,0.004113207385247763,0.07019478433410398,0.06612130254461303,0.07257850227487139,0.07658060085707546,0.025855917999456277,0.07394436014885482
0.016421943423630743,0.03915062509776533,0.021735800208517838,0.006616156618226389,0.03471605986659903,0.002277140864855509,0.02245115291537405,0.0036438611249582707,0.018550230230597164,0.07489550922766566,0.019024809018228835,0.002107466241109309,0.06469023995455261,0.07646494040781729,0.07292637560305018,0.07539949469514003,0.058757129882492605,0.005050860533035925,0.06959956884743206,0.06709976236262168,0.07240676242524718,0.07688189464631268,0.026411935019512417,0.0727202807852572
0.01807653099040485,0.03573827855795327,0.020075884419149842,0.007097961634172019,0.03759240254066566,0.0033781586014495096,0.0249888921478959,0.0047447457304619954,0.021248941215531156,0.07496146196977796,0.01923805387830952,0.002529703981439614,0.06374733380927985,0.07668022121904804,0.07256945254308117,0.07489324593056919,0.05753092389326982,0.006226272277620209,0.0709587020225583,0.06483777951516777,0.07129918977161147,0.07651735942210332,0.02234777521849298,0.07272072870998657
0.01551048775344709,0.03988095508199026,0.018779149998009996,0.007198432527542921,0.03403046890209593,0.004191648198073474,0.023883699494357213,0.0043648364054677275,0.02679906631873927,0.07506889046450213,0.016434555460084987,0.0021788100175191088,0.06147378711041323,0.07678314136734335,0.07373705099945724,0.07541514512352739,0.059868189177530125,0.005074639724813618,0.07184163220381495,0.06785411222574297,0.06858045091432093,0.07612561809957114,0.024159228103676513,0.07076600432795846
0.01638311632863689,0.04442420265986758,0.01834322528806985,0.007474833457246012,0.031110420915065072,0.0037099423535470097,0.023210973922772,0.004221751579784159,0.028494461409168288,0.07529898543073439,0.014203009131572615,0.002019895685163761,0.056579182962917855,0.0765540137628982,0.07394967380819842,0.07491111107575878,0.0615759964516778,0.0052098128974032805,0.07111261578147493,0.06959421562762778,0.06833011871931867,0.07677043549613011,0.026456699554411704,0.07006130570055485
0.015035243626628952,0.04257499519396665,0.019742739388431914,0.0077553590737491065,0.03186872476517698,0.0030121026882724724,0.024015823786831276,0.0034293169598924715,0.032201420285774815,0.07449621597640793,0.014498046120063156,0.0021120523745953032,0.05862749052101547,0.07630112945765262,0.07317568452662414,0.07493399913570564,0.06203397440663743,0.006303647041935471,0.07144594856932567,0.0693021765961497,0.06607138053199808,0.07641954338510414,0.024186698754411262,0.07045628683364934
0.016492875675343632,0.04141417133420307,0.025813959132440004,0.009532168552515522,0.037050926863659565,0.0021396197302936196,0.02634861142527437,0.002995746904158954,0.027943870606579723,0.0733136682694568,0.021037106661486817,0.0024810416670843836,0.058986454888052195,0.07456792351790327,0.07033249178806586,0.07334821560540832,0.05675958717224297,0.006213102497230592,0.06978345970063023,0.06633460572122486,0.06702766542716328,0.07547717393871438,0.022225893766647967,0.07237965915421962
0.015338394361798041,0.04440520301636544,0.02462034845087939,0.008997212231536149,0.03630117656352685,0.002409972249595716,0.026397210504029472,0.0028352977239058655,0.032279740524845016,0.07369707830776806,0.021199442398828188,0.002352132276464471,0.05690752583718151,0.07443866441893578,0.07097123803646843,0.07342773518177279,0.05640732956612702,0.0056263988512701485,0.07016023665307525,0.06792562641839073,0.06479048484940123,0.07515798103336455,0.021800280542701517,0.07155329000176841
0.01655295767366654,0.040821531295004494,0.02367599656594766,0.012937538107802377,0.03331258651653511,0.0038726293816528277,0.0250523634545321,0.0033956371512854446,0.02858324883703819,0.07368546673470605,0.016205670071035416,0.0023642037955760625,0.055834357294056176,0.07551728380747832,0.07205575347422673,0.07404087126217256,0.05809150399769626,0.003849958766737289,0.07081796513319431,0.06748006500454372,0.06811830870529019,0.07524423017906673,0.02648145919774092,0.07200841359301452
0.01899633369321553,0.04070019186062355,0.02225718666218201,0.012979055777064765,0.03307417776330521,0.004569567091685676,0.024815843343070153,0.003703645562480006,0.028357622866272275,0.07454028457017414,0.016330034999163023,0.0021531381974966937,0.05303271423628525,0.07586302931554602,0.07286115969985664,0.07411356887613145,0.05678226476269031,0.0030152489403028693,0.07136187623278507,0.06779930367324681,0.0688877289368326,0.0758094288726615,0.02466790861504181,0.07332868545188664
0.02233769724377562,0.039185517740954794,0.0249052339763632,0.013407263881610279,0.03740011720961332,0.004497043053956744,0.026785202850214396,0.004680922863923827,0.02155869392766173,0.07417003275781171,0.02044373543198313,0.002817479555125232,0.05447186396149308,0.07509529817545918,0.07097824846163969,0.07296159792748451,0.05307426474193009,0.003399946851769618,0.06958441239813087,0.06465750379723802,0.07049943649046773,0.07568399430341285,0.023569431320052923,0.07383506107792742
0.019733990026251022,0.041629613937336586,0.026405715733898136,0.015883777027994764,0.03448396323157858,0.006016345747373402,0.02439917148139785,0.005780745141558969,0.017637251508497587,0.07486108319614683,0.017909770962611628,0.0025774637488948813,0.05159154445082888,0.07529965898562573,0.0728968407326886,0.07355662030061887,0.05045335256197325,0.0024543670662563,0.0682547560635919,0.06613281097941157,0.07148511604881587,0.07584991002086772,0.03130566219256576,0.07340046885321536
0.016371344067260443,0.04408474288180888,0.027087304400792458,0.015105842437499016,0.0295948214100168,0.004118192827866968,0.020511265199475583,0.0045459373453279,0.01424188245934467,0.07550764558645377,0.014563718240950771,0.0015984649089270805,0.053099050806208796,0.07604016691662148,0.07450559329428398,0.0748971694020937,0.054524146669704225,0.0016327991410689947,0.0683667443935962,0.06915940938375378,0.07361040378747953,0.07650296178086902,0.03702047057602737,0.07330992208256858
0.013628228607092454,0.03687933731226989,0.02723540454179515,0.014345066311899723,0.029368218588845946,0.003080163460359716,0.01987356987824211,0.0026541815101613665,0.017463430297935637,0.07518284969728492,0.013097446500058412,0.001326698188747343,0.05920406126755667,0.07667579683316994,0.07463091301273625,0.07570093072011815,0.05764293497107653,0.0016743567863739916,0.07125989148174204,0.06956291175764494,0.07333233600640435,0.07627857065639196,0.03531366234157925,0.07458903927051327
0.009691675618109461,0.033702390080210795,0.0265786501444607,0.015246787748681791,0.021854758820605644,0.002506660592023885,0.016855931007678585,0.0021766474207692457,0.010871766889891802,0.07523015228819618,0.010469572331434775,0.0013525843832250803,0.06245924134231257,0.07777702648630345,0.07556436558879562,0.07716773396243144,0.06141627083918451,0.0019313130689345749,0.07182271721548618,0.07002183278711334,0.07480734082742328,0.07707940723122955,0.047446462805616534,0.075968710519881
0.012788722390021738,0.029067425791297015,0.016466052825940374,0.012848777117435727,0.018712974997955337,0.0028634630960665533,0.01747504269471524,0.002032357362418268,0.017082531869798856,0.07642015352590151,0.006474122383923206,0.0009515126894046801,0.06283209136136415,0.07933362533803126,0.07776683312851149,0.0787033232110348,0.06854572759202301,0.0015570770192013953,0.07536271622593578,0.07300059693442286,0.07579890018714379,0.07863252751010125,0.03790946992484098,0.07737397482251071
0.012150764247870255,0.02484005027508345,0.013664610804546404,0.016025544503215534,0.01089974798668124,0.004141086742204585,0.018299096011035854,0.0023252121738025922,0.013179987984181069,0.0752600230130586,0.005449746844863929,0.0014379029306737876,0.062370636470896246,0.08002025086591172,0.07826597613592463,0.07952379124207481,0.07223397083476399,0.002041728647450714,0.07575765336249221,0.07345870334669592,0.07537091567695592,0.0792440501991878,0.045126644908747446,0.07891190479168127
0.013754483585436152,0.028151318697596777,0.01430926807395479,0.013072381563131306,0.012702363932482103,0.002522641240735982,0.017464834083137128,0.0021875493302739818,0.011731798315630185,0.07483783376515712,0.006032150281318184,0.0012087044563422245,0.06510497774568756,0.07982298143435532,0.07786116643166209,0.07920078184934254,0.07260903667782276,0.0022038658869784913,0.07504737371257013,0.07243759664493456,0.07683505121609278,0.07938454494311578,0.04300465086787336,0.07851264526436869
0.01681480807134584,0.020610976539737765,0.006350689746244911,0.005508714461721365,0.018143436302113788,0.002576965131234817,0.020533573386785645,0.002952292417578892,0.016142704516966446,0.07840156870784948,0.004950175521819653,0.0012236787777841704,0.06845749510249668,0.08234747559488288,0.08029157715384277,0.08150495723427663,0.07317406151028318,0.00349160152709736,0.07877677009928347,0.0729250265669734,0.07786637710244901,0.08207668798593291,0.02340191611608811,0.08147647042521082
0.017793430315496,0.021746725223208974,0.005050479917370978,0.006103443233757528,0.011899559776328127,0.004320026748567699,0.020375482283117963,0.004966015149607266,0.01797511810342152,0.07802529300570105,0.0028923348392425993,0.001207082313851374,0.06293824217277573,0.0823556404543794,0.08100829886285765,0.08127261646277226,0.07622934794629219,0.0037910630842458745,0.07819909764580335,0.0748331170081826,0.07604463235785561,0.08216439509061559,0.028438566906850194,0.08036999109769848
0.018678611574203745,0.025305587900202663,0.00641412760191953,0.01071698698307872,0.012565413575691759,0.005667364993319522,0.020864306310592245,0.0045718142852742465,0.017415383135768285,0.07823837344697389,0.0024867242378887803,0.0010790455938939907,0.05603516467442824,0.08130092734717258,0.08021330026345856,0.08022084866080735,0.07511051055951348,0.0020103614009402498,0.07810851567257075,0.07581485546332167,0.075407963221986,0.08118746260613374,0.03125920478691389,0.07932714570394611
0.02247085139337524,0.02481016287887992,0.006380367019120579,0.013109125998104675,0.01754800979394055,0.006872564206445476,0.022835722120690908,0.004320290937218149,0.033522382088447086,0.07871655742316266,0.0020300111739222464,0.000802687012994218,0.049292436563104725,0.08086074499097677,0.0798535487699201,0.0796078499111341,0.07517760038862951,0.0014094530611805857,0.0793941637593626,0.07525806096266963,0.07043492293196374,0.08063881218757236,0.016305561118869064,0.07834811330831509
0.02363488259322731,0.017322577978650958,0.006297449107369955,0.011217945448801125,0.012895915005884566,0.00431666194371506,0.02114006999091208,0.0038273184129707437,0.03272313686781898,0.0782687920921695,0.003352435088485482,0.001207100245304247,0.05731988183097972,0.08146597151352056,0.08026026946230784,0.080588022750243,0.07391068699234513,0.0022736002400774898,0.0788307050684326,0.07628080410693673,0.07087912890741443,0.08136373497591647,0.019973161115383886,0.08064974826113214
0.02724513693443303,0.017842932355517066,0.009878854162370564,0.013245980574262965,0.015561170929057375,0.00303328971217379,0.016436939407378233,0.0025561037333075155,0.03970384469481195,0.07701151530077849,0.004253086403035075,0.0006316918036522967,0.0594940767806306,0.07994130225010045,0.07896388444664489,0.07917756617952601,0.07337526206956786,0.0009677028204860874,0.0781351008539154,0.07527331639075743,0.07241866790227265,0.07966796089540476,0.016208348755599403,0.07897626464431612
0.027270372891011894,0.02088559165600693,0.01166762014715415,0.0160254096292199,0.017890415950489062,0.004524491238408515,0.019548045759445448,0.002686417115846577,0.04051449544666499,0.07621263098947892,0.006129234885629056,0.0006802069638575328,0.054219955366083226,0.0788260797575208,0.07757244474361338,0.07790319237006038,0.06981489403895265,0.0009455002266978484,0.0766866499737443,0.07446144735148101,0.0705030473955328,0.07845522919402705,0.01826361522476673,0.07831301168430686
0.02207982141327818,0.02572147250198946,0.018264207632488014,0.0202516218178147,0.013699392127172092,0.0026217180128251093,0.016048847003479496,0.0019091507049652403,0.03269525133595075,0.07428897422608254,0.007410508061590307,0.0009015699819481221,0.05683909253768888,0.07768495125996229,0.07638312067932822,0.07708819017904772,0.07010966654716018,0.0011680842540492677,0.07464857947206469,0.0735931421380738,0.07222849902583718,0.07752473026857044,0.030461915581727485,0.07637749323690583
0.028249156813315596,0.03433635418105198,0.019618684082895035,0.02269905711834362,0.013167547246135662,0.004329800690513124,0.023748442967640598,0.0037260695200603522,0.03166433838794435,0.07081249265373381,0.009575795449772008,0.0007770489207937516,0.045255930865632156,0.0754067919762374,0.07374757115943585,0.07352268338964227,0.06813020433885154,0.0015163947008739439,0.06887503624271951,0.0726189020463424,0.07167442720320577,0.07574669005194358,0.03589209307337783,0.07490848691953784
0.02421914395020813,0.04286447135088727,0.02788631832836474,0.028930334609684652,0.014015932230306876,0.005082457671492193,0.030766710004957655,0.0035663257782040476,0.0275623535329416,0.06905646907793982,0.014936604106896385,0.0008285615723399191,0.04173568343015536,0.07297254337276952,0.06998680570415425,0.07013321195710884,0.06119615982682467,0.001588419621379553,0.06144241525927187,0.07168651035152837,0.06792814106750805,0.0735874390218642,0.044929225376796104,0.07309776279641594
0.018227789665483538,0.04683303904659436,0.03655633839114602,0.03446396113918259,0.013613860396909814,0.00569025290283666,0.03131576254258977,0.003014215646461507,0.023582294560586598,0.06843836702523073,0.020183944203186636,0.001115805433856229,0.04290272521350893,0.07114944770914856,0.0675494579288847,0.0690500739019272,0.05600736852072818,0.0017908018930685701,0.057279017349193447,0.07049119966023168,0.06415455602844158,0.07196674067238694,0.053339189933850166,0.07128379023456557
0.019788836784352278,0.04612316971347473,0.031104049302578027,0.0366562920753783,0.012838804634075683,0.011269544073536766,0.03228078237981196,0.004183946829826278,0.02731563425891574,0.06906255351957545,0.016379133340999122,0.0011304151122594475,0.03628505321681536,0.07161064549497585,0.06842845228085576,0.06899917858710357,0.057095813502662594,0.0014706334033411205,0.05881557812320184,0.070877660766638,0.062139740396647616,0.07205511287803414,0.05261840732538449,0.07147056199955588
0.02605913741063628,0.04407663918789562,0.02781277685059566,0.033866849831719385,0.011091524982994011,0.013443762744394936,0.03616679431773817,0.007692068106291727,0.0346699859738294,0.06965965225784035,0.01719879364460559,0.0013236522110385445,0.031032173094874972,0.07245371856393955,0.06994255845946999,0.06805271087324925,0.05433798448845299,0.0018284378182828202,0.05534362473826153,0.07234177631106965,0.05792074405299463,0.0732092561382052,0.047759944289118395,0.07271543365250133
0.024196257131471974,0.043240303062467934,0.030669110615404383,0.03132850836082449,0.012569674807676817,0.007567352035190978,0.04028254981540281,0.006477788573291888,0.030283351866832415,0.06794163588364178,0.019454387344918105,0.002021570771919572,0.04342661704482179,0.0722274848570903,0.06750689736726392,0.06854293035227899,0.05210096661766164,0.00327930281599402,0.051245314020542256,0.07209841260950942,0.05933393431705776,0.07336173804940221,0.047708538270337816,0.07313537340899672
0.022497576184500656,0.044275556119214195,0.03218832896140794,0.035090284985251796,0.014353674366983685,0.009479117255817637,0.044602707838353406,0.00603785058053038,0.02822477235417301,0.0677163718724551,0.018102214085282675,0.001761951068519357,0.047230779636662605,0.07171462473020096,0.06519303487717779,0.0676762115592651,0.0492907991568349,0.0025962006543538084,0.050929172618598605,0.07165461859095971,0.05763041296849177,0.0725418597297584,0.04668252938447531,0.07252935042073118
0.02086784944605028,0.03497680970596264,0.034624730698436954,0.029698210551465917,0.017704420711765326,0.006028255462187294,0.03969515909848403,0.003122294108405703,0.03190143384855981,0.06881728613763616,0.020546521480848564,0.0017551414125161478,0.05286526629666173,0.07259066096829205,0.06698187843173765,0.0700622782475812,0.04850103420337627,0.0023739495507431718,0.06055846379443716,0.07176610020066705,0.05826780374547431,0.07297151897643288,0.040187529109008434,0.07313540381326926
0.024774651985667535,0.030006603803584445,0.02507483196183347,0.014952013695629169,0.016198652729983845,0.003308169535636806,0.037659335110213375,0.004070963537650283,0.0383188236792696,0.07116847956330619,0.015737187255508,0.001740603239858927,0.058329908139938776,0.07568375366542346,0.07167116450617161,0.07241327999845906,0.05420956606337619,0.003621375597419512,0.06384747098398737,0.07455210731930134,0.06013786555005832,0.07602569185164035,0.030439456364546924,0.07605804386153545
0.023035479915406044,0.02023850693103527,0.023037089920385792,0.008964666394379825,0.016561019889901187,0.002059357369592344,0.03251707457531166,0.002754321852450823,0.047864113377036006,0.07428661910184621,0.016503087710716957,0.001653801781875578,0.06289428919870316,0.0774231934699374,0.07499355595506857,0.07540518522823791,0.05636214432811241,0.003419575910081623,0.0705706109415663,0.07603452450811764,0.05734418203222169,0.07752653712291266,0.02100721664198774,0.07754384584311519
0.022800784704356016,0.020056567593415918,0.026581266512522888,0.011047918040695978,0.016921035477502358,0.002382198304977028,0.03204278428674789,0.0026189731374756105,0.05042732050394625,0.07403696577846414,0.019858804926268826,0.0018872772215291142,0.06083206150067199,0.07679284761026307,0.07431482434175875,0.0750069450158403,0.05327715037756099,0.003213000321664989,0.07023942483740836,0.07538042926455457,0.05511077776157626,0.07690532388171481,0.021337156519358615,0.07692816207972528
0.018641972312155808,0.02230895256957513,0.02517837893260292,0.012736271961116763,0.018014663592644194,0.002794259062202227,0.03473000636714813,0.0019947155067411926,0.04429147040677026,0.07445912111015734,0.017030628423627837,0.001835251735060083,0.06244974098685281,0.07728030691883345,0.07392960597752828,0.07585248890193817,0.05288733680328672,0.0032255803486458657,0.07131744395433107,0.07558007055873382,0.054061809298177194,0.0771821689227833,0.024876259952872258,0.07734149539621517
0.025890996177073005,0.019564672003450002,0.026449556269943608,0.0198006632978125,0.018622056438145056,0.004930760838926543,0.0376597842202856,0.0026003899165137974,0.05794817021712107,0.07338265199306111,0.016293373105705833,0.002118576081567045,0.05427909670610878,0.07639883051118436,0.07323670994788513,0.07433173052214749,0.051273659905092195,0.002317444994849896,0.07123733887634139,0.07511935681265001,0.04536840552404482,0.07625796043260454,0.0183901668611024,0.07652764834638381
0.027783151589694563,0.01868626454914681,0.024284586753960603,0.028588112953639753,0.014778036122544427,0.007692446280238559,0.03989476511207872,0.003739698292278975,0.05709968938818291,0.07302995461628405,0.0192969186356977,0.0029459506747980487,0.04916006282068966,0.07640073190728633,0.07332722343056473,0.07434562275553624,0.04733555571516044,0.002184831130926112,0.06915671142450194,0.07527021349709682,0.0399601912689747,0.07637119617187461,0.021931128996731674,0.07673695591211159
0.03074159819989535,0.018518822494276745,0.01858149467382455,0.02942128139308779,0.013620483298047355,0.012632417073335084,0.03835117745587772,0.006598791024712466,0.054082749478200985,0.0730652806543783,0.01664791183181178,0.0025434405762343264,0.04567806360958446,0.07652225189953382,0.07376593884523108,0.07380302687500172,0.05003068749862323,0.002163275596537995,0.06564631967592409,0.07540059594661203,0.04380020729521638,0.07634578533014669,0.025089983005943978,0.07694841626796209
0.03285343817603801,0.02175247018751905,0.019739123894697605,0.041004748380172616,0.01254483285564633,0.018286192902498177,0.04021834647957365,0.008110701943996898,0.05372866837859018,0.07206176073829408,0.017108605501759522,0.002380382664612147,0.03553291228410638,0.07526191471959313,0.07273577352053291,0.07223781450388442,0.045626880664096495,0.0017700572005839364,0.06163899059500045,0.07432910362740788,0.04184378322892686,0.075189830070233,0.028290472616827954,0.07575319486540834
0.03162795972820382,0.023451706865896378,0.02056268361693068,0.04045695002801006,0.011782500372884913,0.01652671710543449,0.04114461858016473,0.007603143123883812,0.051731059729342485,0.07188841434453033,0.017340917374678258,0.0021034677564188346,0.03666919014582703,0.07491824885803643,0.07226883249197945,0.07201706330385166,0.046286437169483885,0.001647234749739826,0.061085468829921524,0.07426443363375701,0.04416338661350487,0.07490280358722615,0.030157044582379607,0.07539971740791378
0.033348496250842595,0.02187643157835258,0.024059258975252268,0.037898310703952935,0.012228431010482401,0.0119733370103251,0.042615325285024604,0.0062424332022074855,0.05528467939479944,0.07166769452930725,0.019521260920574327,0.0024042809488101936,0.04086484909922195,0.0746494713376146,0.07166577568461031,0.07185841960337759,0.04445933054501382,0.001514359424884766,0.06303278104848677,0.07416813341447664,0.04277225262849593,0.07472152912383385,0.026046020438778756,0.07512713784127382
0.03431384393581413,0.023726115607908944,0.024580300545744012,0.03868282624655799,0.010522190859985408,0.011737962293156295,0.039210504882471624,0.0071914036564184125,0.05552027077392128,0.07216213096270352,0.019678355299078163,0.0021438240913441986,0.03523470013773936,0.07477877055305036,0.07268603027804922,0.0719907207781837,0.045667118636663194,0.0014203361572919027,0.06243093840001047,0.07431647866215291,0.042741888523563316,0.07502220378953599,0.029002056119108617,0.07523902880954698
0.03394946863883312,0.020944760761735036,0.02320160028172801,0.03359952013536351,0.011965786219884802,0.011138777344751443,0.0378857537208664,0.006036816747848993,0.05868904820453512,0.07305853983711622,0.017505702467760523,0.001724520901517394,0.03973002008387004,0.07537045406687294,0.0733438606407635,0.07267378727119407,0.048303751621207106,0.0012572740972027297,0.06585983160983397,0.07490183639942131,0.04327581536781127,0.07549668223816887,0.024402900111042406,0.07568349123067122
0.03116012380127562,0.01963083513276305,0.022397294562604607,0.033114422878554026,0.01141596672817438,0.01051497605175916,0.03777910697271643,0.0054912732976644466,0.05653735038386221,0.07347514159582379,0.018955137201346294,0.0020628486785920458,0.042082508341756475,0.07599003416930837,0.07389935255221587,0.07376021296527521,0.04780866699126789,0.0014619424974548895,0.06619690235347933,0.07534002379203861,0.04240752494201026,0.07605634936906802,0.026132534249783103,0.07632947049120592
0.028439213958042456,0.020276771712582978,0.027364813491220382,0.03385144463323486,0.011074495020324374,0.009028852229917313,0.03641890569874321,0.004688079701669726,0.05623748311716364,0.07324249494279414,0.02438900969616221,0.0023940161861440135,0.04288668285425046,0.07548139846771422,0.07334047850496721,0.0736165983246898,0.04475838848818187,0.0015389852891991463,0.06650129301460685,0.0748722633907042,0.04033132908341051,0.0756446257613213,0.02779858902581563,0.07582378740713952
0.027266502200741508,0.02197090108170477,0.02916152460525266,0.0387212868758667,0.010190495373381795,0.009790975645330787,0.03773897955417454,0.004711684735735361,0.05378487492993734,0.07231614521427912,0.026844460538237205,0.0024950290897286457,0.041552457408190996,0.07465906821420662,0.07232590262470188,0.07287519905156535,0.04241013557964421,0.0015040707061276123,0.06470506886138684,0.07413720833284197,0.040070848045421596,0.07485577832644635,0.030853245932847988,0.07505815707224817
0.027589434566407417,0.020873097338818036,0.02831906579535622,0.03834464878625962,0.011798698306563962,0.011418471943528227,0.03792851692138919,0.004918571919197504,0.05492183644463239,0.07231488302391881,0.02600625568542243,0.002773549725625632,0.042626875784404175,0.07475994255137719,0.07204958713941523,0.07284308814766702,0.04201684475310742,0.0017095720114165761,0.06496046267703127,0.07406702287992602,0.03913243535520268,0.07489493661094959,0.028559405476038666,0.07517279615634474
