0,1,2,3,4,5,6,7,8,9,10,11,12,13,14,15,16,17,18,19,20,21,22,23
0.042081635,0.04156711,0.04123894,0.040333487,0.0425291,0.03941046,0.043802984,0.041693617,0.041633356,0.04326844,0.042026598,0.04009173,0.041242328,0.04101055,0.040461127,0.041941147,0.043329243,0.04236155,0.04239956,0.042546835,0.04054405,0.04058053,0.04176158,0.04214401
0.0421496,0.04166602,0.041356668,0.040403828,0.04260438,0.039388347,0.043697827,0.04174115,0.041542836,0.043417055,0.041980304,0.040201295,0.04102103,0.041029572,0.040325165,0.041879546,0.04337989,0.042428244,0.042450953,0.0425192,0.040466238,0.040388014,0.04178154,0.042181335
0.042040203,0.042004205,0.041035622,0.04051455,0.042709697,0.039222132,0.043568816,0.04177389,0.0416525,0.04335672,0.042011064,0.040551007,0.04104996,0.040765736,0.04020907,0.04160696,0.043429088,0.04233192,0.042426102,0.042313922,0.040490188,0.04070433,0.041764207,0.0424681
0.042151477,0.04188972,0.041285813,0.040619686,0.042471975,0.03910021,0.044157386,0.041575506,0.041749433,0.043571077,0.04183771,0.04065877,0.04095176,0.040755298,0.040355742,0.042247664,0.043309275,0.04229942,0.042390022,0.042085692,0.04034459,0.040258985,0.041785922,0.0421469
0.042028412,0.04247975,0.041260757,0.040762395,0.04248191,0.038935326,0.04398302,0.041322596,0.04159356,0.04352117,0.04115268,0.040866118,0.041111078,0.040384997,0.03992807,0.04203413,0.043448422,0.041463386,0.042305443,0.041795213,0.04169563,0.041153636,0.042159554,0.04213266
0.042096693,0.042395182,0.041101687,0.04092056,0.043012243,0.03905923,0.04304522,0.041470055,0.04129462,0.043875303,0.041355964,0.04025173,0.04047919,0.041248746,0.040148266,0.041180287,0.043557342,0.041952122,0.042848393,0.042103667,0.04084764,0.0412488,0.041744716,0.042762347
0.04164576,0.042630397,0.040476505,0.04033684,0.04299658,0.03829541,0.043515075,0.04169317,0.04172209,0.04400129,0.04220402,0.041282196,0.04074231,0.040034056,0.03965857,0.04223802,0.04367059,0.042508543,0.042608116,0.04190171,0.03984883,0.04091117,0.042163286,0.042915445
0.04243809,0.04169858,0.041061107,0.040444613,0.042232797,0.03907129,0.04396143,0.041795686,0.041873697,0.04332517,0.041584227,0.039985623,0.041597057,0.04103217,0.040506613,0.041980255,0.04310301,0.042097006,0.042353325,0.042629577,0.040586222,0.04063623,0.04173625,0.042270016
0.04228322,0.042943224,0.041333146,0.041737337,0.04285227,0.03981833,0.043274283,0.040876206,0.041305494,0.043084465,0.04116579,0.039109487,0.039971534,0.042945817,0.041263502,0.039819118,0.042829655,0.041747775,0.04263294,0.042888183,0.040259156,0.041711897,0.040719483,0.043427654
0.04193152,0.041149236,0.041152604,0.04032284,0.04254914,0.039052945,0.04436793,0.041323684,0.0418537,0.043701924,0.042022485,0.040318303,0.040807262,0.041319374,0.04117211,0.04272162,0.043042272,0.042673692,0.04229628,0.042271532,0.04024702,0.040317647,0.041652832,0.04173206
0.04204225,0.042202596,0.041905593,0.04121391,0.042062268,0.039905023,0.044457976,0.040902954,0.041992124,0.042621437,0.04125608,0.03926567,0.041200813,0.04183313,0.04162306,0.041560154,0.04248458,0.04159733,0.042230472,0.042712096,0.040940266,0.04096107,0.040931035,0.04209811
0.04176824,0.041315056,0.041985355,0.04069997,0.042779528,0.040401887,0.043251332,0.04142358,0.04122244,0.042027302,0.04251335,0.038468093,0.040290132,0.043377522,0.042256393,0.040498413,0.04255108,0.04291828,0.042444743,0.04424356,0.040126212,0.040895503,0.04046603,0.042075958
0.042647865,0.04131933,0.041972883,0.040583264,0.04170618,0.04018781,0.044797774,0.041286524,0.041970357,0.042718522,0.042265218,0.039963398,0.04074408,0.041859407,0.041268032,0.04182912,0.042733606,0.04229946,0.04197528,0.042500284,0.040329255,0.040189255,0.04147247,0.041380674
0.04233152,0.042698357,0.04162206,0.041581456,0.042139884,0.0394327,0.04425791,0.041084982,0.042157736,0.04308337,0.04160237,0.040091082,0.040752344,0.04138687,0.04074507,0.041219607,0.042933904,0.041908924,0.042125363,0.04230216,0.0403194,0.040567715,0.040948745,0.042706467
0.041947782,0.04128651,0.04158776,0.040172517,0.043074176,0.03937103,0.04368679,0.04113157,0.040915012,0.04378061,0.04146121,0.03961038,0.040453617,0.0418334,0.04064411,0.04264281,0.043367453,0.042885076,0.042926036,0.042737637,0.040497553,0.04046407,0.04180553,0.04171734
0.0424992,0.04377541,0.040675264,0.041024193,0.042148072,0.038424704,0.044756036,0.040927246,0.041836772,0.04402567,0.040972933,0.04157112,0.040319234,0.04073292,0.03999783,0.040941667,0.04334534,0.040196314,0.04224845,0.04046405,0.041640133,0.042093873,0.042359415,0.043024126
0.042228173,0.0414409,0.042012062,0.040260483,0.04189615,0.039696395,0.043086868,0.041894823,0.04134581,0.04350552,0.041468747,0.038978588,0.04142446,0.04070932,0.039514247,0.042639207,0.044054326,0.042264782,0.042905916,0.042717956,0.040943354,0.04101164,0.042396896,0.04160337
0.041480884,0.04241774,0.039613727,0.03998011,0.042738758,0.03776725,0.04432611,0.04171994,0.04226075,0.04449985,0.042541925,0.04160758,0.041590508,0.039785333,0.039742142,0.04267437,0.043503933,0.041971035,0.0420959,0.041111737,0.040430974,0.040779386,0.042256486,0.0431035
0.043775138,0.040825486,0.041145522,0.04008041,0.041686233,0.040169593,0.044087872,0.0420418,0.04191437,0.042633552,0.04239277,0.038658697,0.041519802,0.04172486,0.0408115,0.041684244,0.043354005,0.043600753,0.04228314,0.04347848,0.03841422,0.03984054,0.041227765,0.04264919
0.04230291,0.042836327,0.040014315,0.042135864,0.043364517,0.0383556,0.043710772,0.041341677,0.041836828,0.043141335,0.042249408,0.040866908,0.03968417,0.042636484,0.04188382,0.039228585,0.041903526,0.041893788,0.042150676,0.04253554,0.040793903,0.041244943,0.040153574,0.043734588
0.041139215,0.040936682,0.04282913,0.040051863,0.043706976,0.039521083,0.042567838,0.04193835,0.04008287,0.042599063,0.041022193,0.039432123,0.041231446,0.041067265,0.040831704,0.04253474,0.043594483,0.041894402,0.042570554,0.043271266,0.04339203,0.041009147,0.041827124,0.040948465
0.042927958,0.041306563,0.04307847,0.041090634,0.042095087,0.041211724,0.04347108,0.041400753,0.041176904,0.04215257,0.041182674,0.037897505,0.040724106,0.043289937,0.041937824,0.040412944,0.042465016,0.0425432,0.042340923,0.04374126,0.040788412,0.040672425,0.040449508,0.041642457
0.041343834,0.042821754,0.04010021,0.04125377,0.042799663,0.038298544,0.04370427,0.04144269,0.042059068,0.04321885,0.040647794,0.042195912,0.041259173,0.04031912,0.040831704,0.041936442,0.04302338,0.040413123,0.041957054,0.0412834,0.043315835,0.04185502,0.041938763,0.041980624
0.04291344,0.042944144,0.040952772,0.04157723,0.041987956,0.03789461,0.045471195,0.04055669,0.04238681,0.04432165,0.041086838,0.040369585,0.040628184,0.041710608,0.041210484,0.041721832,0.041950315,0.040389102,0.042943683,0.0409037,0.040604483,0.04093286,0.040997963,0.043543953
0.042128682,0.04122709,0.041500185,0.040444605,0.04285024,0.039736368,0.04251403,0.04226016,0.040902037,0.04291259,0.04202383,0.03877442,0.041221444,0.040970318,0.039734583,0.04247084,0.04396825,0.044234533,0.042416006,0.04457572,0.0394656,0.0399089,0.041375916,0.042383656
0.04250097,0.041031476,0.041161872,0.040385667,0.042741757,0.03960686,0.044450786,0.041423697,0.04176332,0.04285181,0.042297825,0.039304025,0.03967196,0.04396167,0.04226517,0.0414108,0.042143952,0.043562654,0.042512834,0.04376775,0.038425997,0.03987516,0.040683176,0.042198747
0.043330975,0.043970976,0.04188981,0.041730158,0.04133638,0.040386196,0.044384778,0.040930852,0.04247422,0.042905148,0.040565386,0.039382894,0.040707298,0.04160975,0.040098645,0.03899122,0.043288846,0.039990015,0.042097274,0.04117681,0.04177683,0.042306606,0.041395012,0.043273922
0.04230603,0.042045224,0.03990715,0.040672474,0.04374594,0.03936489,0.04305431,0.041557744,0.04155929,0.042028155,0.042808063,0.039339855,0.040818956,0.04290008,0.0420506,0.039753012,0.04243959,0.043090113,0.041883912,0.04393623,0.039521698,0.04108415,0.040213645,0.043918878
0.04305306,0.040566992,0.04101581,0.039756402,0.041564025,0.03995058,0.045506854,0.042639203,0.043003675,0.04213318,0.043760315,0.0411465,0.041769978,0.04067419,0.041070662,0.042066183,0.042713642,0.0438462,0.040931832,0.04289087,0.038695134,0.038536858,0.04129545,0.041412387
0.041727357,0.040417213,0.041958295,0.04099517,0.042246465,0.03935931,0.04533266,0.040757135,0.042611793,0.041800514,0.043284673,0.039317235,0.04116669,0.04330139,0.04375077,0.04119057,0.040626332,0.042735625,0.041378982,0.04377412,0.04040471,0.040046312,0.039462965,0.04235368
0.040597443,0.04109479,0.04172325,0.041109413,0.04334572,0.039518137,0.042679958,0.04150161,0.04042383,0.042693883,0.041965567,0.038981296,0.04016959,0.043266214,0.042795297,0.041118566,0.042196795,0.04189739,0.04228281,0.04389145,0.04298238,0.041394953,0.040938597,0.04143102
0.042160347,0.039667655,0.042710185,0.03980203,0.04138271,0.04068283,0.04580581,0.04041738,0.042430416,0.043180127,0.041959748,0.03896433,0.04105176,0.042915706,0.042388763,0.043546997,0.042032365,0.042834707,0.041803174,0.04264665,0.04078246,0.039414883,0.041145537,0.04027343
0.043031268,0.039673742,0.04210048,0.040775605,0.04021407,0.041338775,0.045087103,0.041079976,0.04307373,0.042768247,0.041261908,0.038034875,0.042264424,0.042099874,0.042297196,0.042335726,0.042372823,0.042177122,0.042384397,0.042745903,0.041782778,0.040032737,0.04061895,0.04044829
0.041482426,0.04324114,0.038623683,0.040496897,0.04376957,0.037778463,0.04248077,0.042694964,0.041499197,0.042495485,0.04315379,0.040988408,0.041939113,0.039821025,0.039952528,0.04012854,0.043386597,0.04228265,0.04214647,0.043145414,0.04018259,0.042121068,0.041231386,0.044957835
0.041636206,0.041163724,0.04045888,0.038297728,0.042673662,0.038653605,0.044209562,0.042020082,0.04150367,0.04444441,0.04358481,0.04058657,0.041385174,0.03902154,0.038826782,0.04385241,0.044803612,0.043620523,0.04245217,0.04156396,0.039557256,0.040027328,0.04323428,0.042422034
0.044170115,0.041027684,0.04277475,0.04138738,0.04033891,0.04095698,0.04574496,0.04128197,0.04298644,0.042123407,0.041840967,0.038171846,0.042377573,0.04198006,0.041275382,0.041183382,0.04187395,0.042254265,0.041807078,0.04325873,0.039471254,0.039287403,0.040252145,0.042173345
0.039812654,0.042196784,0.040541265,0.03845803,0.045425255,0.039169032,0.041461095,0.042505063,0.039770182,0.04361599,0.041790783,0.042185325,0.040122777,0.039477747,0.038407106,0.04201246,0.045088533,0.042667355,0.04252654,0.042229805,0.043205608,0.041637108,0.044225734,0.041467797
0.043594744,0.041581422,0.04108204,0.040549632,0.042098437,0.03893054,0.046129603,0.040780373,0.042253476,0.044379048,0.041849285,0.04085051,0.040583745,0.04198114,0.040971406,0.041487526,0.041958112,0.04116972,0.042420544,0.041071597,0.040252693,0.039911844,0.041701168,0.042411394
0.042405628,0.040587954,0.04209752,0.04096286,0.041763112,0.039945506,0.04293744,0.042186856,0.04197483,0.042435654,0.041485213,0.038124878,0.043072127,0.0409388,0.041013632,0.04161804,0.04295483,0.042298496,0.04211662,0.04396175,0.041833427,0.040536705,0.040394522,0.04235354
0.040408105,0.040473845,0.04027672,0.03928027,0.04380698,0.039374974,0.043219313,0.042998146,0.042271916,0.042706124,0.04357286,0.04031925,0.042499125,0.040427342,0.041094206,0.042446718,0.04286165,0.043165885,0.04182613,0.043197703,0.040721532,0.03960104,0.041022733,0.042427484
0.042829115,0.04064241,0.043755244,0.04069826,0.041481424,0.04229574,0.043220293,0.04124543,0.04096941,0.041779518,0.04084004,0.036453433,0.041202612,0.042991407,0.041488808,0.041266818,0.043583483,0.042402565,0.0426178,0.044400938,0.041488186,0.040538296,0.040684264,0.041124545
0.04256157,0.03958019,0.04196623,0.039923478,0.04213276,0.040868927,0.044640187,0.042151984,0.041487113,0.042021897,0.042733207,0.03899356,0.040832892,0.042887155,0.0421938,0.04216191,0.042325195,0.04350224,0.042123128,0.044425867,0.03974426,0.038861845,0.04108801,0.04079264
0.04038623,0.039858244,0.04167885,0.03880967,0.044364315,0.041225426,0.04155351,0.043343164,0.040496547,0.04210809,0.043789778,0.038168494,0.04194522,0.040662773,0.040474083,0.041857,0.044332925,0.044648033,0.042871714,0.044799346,0.039483048,0.039892834,0.041159447,0.042091258
0.043103255,0.040556718,0.042130057,0.03876095,0.042101443,0.040404033,0.04433452,0.042947408,0.04150904,0.04228961,0.043112632,0.040102515,0.042322353,0.03965098,0.039231554,0.042946283,0.044182636,0.04390193,0.042016204,0.043174777,0.039147574,0.03837118,0.04248986,0.041212507
0.041634377,0.041822493,0.041635603,0.040297527,0.042496283,0.040046327,0.044525854,0.04151545,0.041818433,0.04218903,0.042074252,0.042338617,0.041200954,0.039800104,0.039945845,0.041772775,0.044111833,0.041597933,0.0412591,0.041664276,0.04244584,0.040355273,0.04275969,0.040692147
0.04258145,0.043802924,0.041949175,0.041131325,0.04247721,0.03931977,0.044234212,0.041241743,0.04235344,0.04354162,0.041557476,0.04044627,0.04106737,0.040541865,0.038950052,0.040636424,0.043205474,0.04083315,0.042275343,0.040744074,0.04107982,0.04074108,0.041381583,0.043907087
0.04205072,0.03979543,0.041521735,0.039116073,0.042420357,0.040084373,0.0436518,0.04246631,0.04092516,0.043579116,0.04250251,0.040669233,0.04068782,0.04031513,0.039744116,0.04355278,0.044339117,0.043954633,0.04254242,0.043059368,0.040851355,0.03911745,0.043156862,0.039896168
0.04075111,0.044530455,0.037924085,0.040577307,0.043636963,0.03644544,0.043840382,0.04163158,0.04261681,0.044678684,0.042701,0.04322172,0.040337436,0.03924706,0.0392418,0.041267335,0.043860883,0.042018592,0.041737713,0.040958524,0.039459366,0.041957494,0.04213406,0.04522424
0.04214071,0.042613592,0.040470123,0.03992209,0.042081874,0.03880541,0.043108597,0.04256085,0.042352412,0.043859396,0.041812193,0.040454168,0.042396795,0.03859239,0.03807665,0.04231236,0.04457644,0.041906875,0.042461827,0.041472085,0.04111903,0.041171044,0.042457502,0.043275557
0.04123408,0.043083645,0.03954702,0.039552394,0.04343708,0.038428426,0.04350626,0.041848816,0.041273553,0.04482037,0.041175522,0.04201575,0.040909063,0.038949233,0.038660776,0.042616997,0.044996735,0.041220646,0.042613734,0.04053621,0.041528147,0.041560616,0.043733835,0.04275108
0.042033747,0.040338527,0.04159151,0.0383902,0.042434245,0.041233964,0.042874485,0.043103214,0.04108525,0.043027088,0.04247636,0.038868867,0.04219327,0.039851308,0.03947588,0.043539878,0.04482381,0.044384506,0.04261768,0.04372266,0.03891224,0.039158173,0.04261085,0.041252337
0.04205095,0.04231365,0.039765835,0.041304544,0.042760674,0.039354518,0.042983435,0.041592997,0.04169785,0.043543674,0.041176178,0.04135862,0.04034537,0.041341234,0.040930714,0.040202647,0.04301835,0.041549288,0.04265159,0.041827407,0.042029608,0.04178874,0.04184561,0.04256657
0.04086159,0.042185765,0.042291213,0.040066395,0.043535594,0.03916759,0.04294226,0.042230595,0.039990764,0.043373212,0.041973356,0.039901268,0.040798012,0.039851516,0.040096678,0.04241277,0.044230327,0.042207338,0.04262147,0.04268481,0.041479476,0.04062023,0.042371195,0.042106595
0.04173963,0.039005548,0.04229664,0.040081546,0.041942894,0.041583758,0.04420368,0.041768145,0.041694853,0.04147768,0.0420603,0.038063455,0.04185637,0.042773094,0.042990364,0.042335507,0.042701393,0.04309372,0.04244873,0.044199266,0.041126788,0.039934427,0.040646005,0.039976187
0.040585212,0.04088723,0.042757414,0.039989028,0.04273529,0.041461613,0.042531915,0.042077333,0.040666148,0.042149536,0.041723438,0.039224073,0.04113159,0.041131772,0.04068517,0.042192955,0.04426781,0.04294279,0.042581074,0.043566816,0.04177057,0.04083427,0.041936837,0.04017014
0.04204678,0.04091689,0.041742254,0.03933518,0.04211909,0.040164597,0.04457384,0.041567996,0.04128572,0.043815207,0.041482914,0.040100474,0.040692087,0.04098914,0.040478904,0.042931385,0.044007953,0.041841187,0.04312719,0.04154211,0.04114192,0.04013634,0.04310166,0.04085921
0.04081357,0.041219126,0.04091489,0.039136086,0.042665664,0.039919764,0.0432801,0.042027995,0.041150425,0.043245148,0.043234095,0.04008742,0.041736867,0.03907294,0.038654204,0.043632567,0.04557676,0.043679327,0.04218134,0.042605124,0.03960119,0.04055759,0.04308499,0.041922797
0.043384522,0.039951988,0.04196819,0.03868418,0.04176795,0.04100567,0.04466389,0.04254796,0.04243238,0.042442787,0.04358963,0.037773862,0.04157647,0.041665807,0.040263653,0.043147713,0.043596797,0.04551999,0.04202699,0.044217285,0.036477413,0.038150974,0.041146137,0.041997764
0.04222354,0.0418515,0.040852435,0.039391324,0.04262375,0.03972496,0.04410272,0.042109806,0.04146354,0.04356786,0.04309297,0.042229988,0.039625395,0.040014777,0.03897646,0.041216772,0.044912662,0.04274285,0.04235213,0.04174578,0.040109683,0.03991148,0.043619428,0.041538145
0.041889094,0.041028883,0.04184646,0.039008975,0.04314136,0.03962024,0.04348519,0.042664215,0.040775113,0.042359482,0.04360328,0.040220935,0.04141929,0.040324166,0.039448753,0.0422893,0.04409053,0.0435882,0.04172496,0.043600835,0.039929703,0.03945979,0.042377587,0.042103603
0.042789098,0.039724622,0.0400481,0.039431117,0.041834507,0.039119855,0.045094915,0.041599356,0.042540815,0.043431252,0.042730648,0.041050293,0.04172421,0.041699126,0.04199728,0.041741524,0.042703267,0.042068355,0.04193164,0.04177338,0.04151297,0.040501736,0.04199046,0.040961474
0.04210663,0.040555757,0.040742066,0.040051855,0.04232506,0.037958365,0.04513994,0.041317683,0.041880697,0.043800935,0.042716794,0.040846948,0.041335214,0.04116826,0.04193247,0.042555027,0.042284932,0.042166047,0.04251399,0.042117797,0.040924143,0.039967123,0.04146227,0.04213004
0.041823134,0.04113867,0.04035934,0.040827557,0.04220783,0.03821315,0.043780334,0.041991964,0.04217284,0.043029267,0.041294534,0.040973496,0.04223348,0.040385954,0.04153611,0.04253183,0.042320438,0.04093368,0.04210282,0.041991416,0.043667883,0.04129303,0.04157753,0.041613754
0.041130785,0.041403536,0.041385967,0.041113585,0.04272052,0.039318953,0.04276865,0.041177053,0.040755518,0.043804105,0.040972527,0.03949518,0.041198447,0.041281495,0.041391604,0.04199551,0.043123756,0.041270226,0.042992342,0.042286724,0.04278566,0.041935638,0.041452482,0.04223972
0.042887565,0.040303353,0.042789884,0.03990693,0.040487487,0.04106134,0.04401966,0.04169834,0.041660514,0.043408025,0.04088195,0.037864618,0.041927,0.041338854,0.040889133,0.04308949,0.043259732,0.042219628,0.043227475,0.042871702,0.041450348,0.040698808,0.041508295,0.04054988
0.040802497,0.042853985,0.039325207,0.04036948,0.043444663,0.03774235,0.042831272,0.04228598,0.040996265,0.043792915,0.040494904,0.041921187,0.042145733,0.038970914,0.04034554,0.04174235,0.043363,0.03940151,0.04294107,0.041045353,0.044940434,0.04257173,0.042883802,0.04278789
0.04191272,0.041713018,0.040312905,0.03964944,0.042955626,0.039757174,0.04274419,0.042069938,0.04145175,0.042902224,0.042431723,0.037615106,0.042712424,0.04131032,0.040940717,0.040493693,0.04343076,0.042611886,0.04245222,0.043261286,0.039879836,0.042089067,0.040772952,0.044529025
0.044232894,0.04130784,0.04145474,0.04115268,0.04095541,0.04064598,0.04540943,0.041881848,0.042551205,0.042165313,0.042319793,0.03959734,0.041563846,0.041490693,0.041228402,0.04107326,0.04237348,0.042830996,0.04150343,0.043230068,0.03880999,0.03916304,0.040907864,0.042150438
0.042378522,0.040543705,0.04369718,0.039891295,0.042939253,0.041636683,0.04482729,0.041844662,0.041565314,0.04175181,0.042991865,0.03863599,0.0399956,0.043373287,0.04207471,0.041271336,0.042093005,0.04436997,0.041335832,0.04452702,0.039064437,0.037659317,0.040357776,0.04117409
0.04274809,0.04070419,0.042624053,0.040293466,0.043265454,0.040929593,0.043488897,0.042703364,0.040596396,0.041517686,0.042334843,0.03969509,0.040964864,0.042153362,0.041212782,0.0398185,0.0428335,0.04247468,0.041936718,0.043648575,0.042064793,0.039478958,0.041007254,0.041504916
0.041551482,0.04043104,0.042862903,0.039703373,0.042143214,0.04023417,0.04425154,0.042008713,0.040883843,0.042308897,0.041747347,0.041125987,0.041458506,0.039738465,0.039931506,0.043579586,0.04452024,0.041911047,0.04166212,0.042516895,0.04328836,0.039822415,0.043284196,0.03903417
0.041485842,0.041171316,0.03984694,0.040331893,0.04184211,0.038530514,0.04427412,0.04166506,0.04309464,0.043217927,0.04180668,0.04089992,0.043586325,0.03943741,0.041161813,0.042311337,0.04305817,0.039753012,0.042048566,0.040973667,0.0436159,0.04197901,0.04147626,0.042431567
0.04019187,0.040818833,0.03902668,0.03881281,0.044474646,0.038461506,0.042208306,0.04292644,0.04092342,0.043765374,0.043554977,0.040499844,0.041864134,0.03917577,0.039303306,0.04304703,0.044931572,0.044526376,0.04231254,0.043536197,0.039936326,0.040118646,0.042474516,0.04310892
0.04201755,0.038463745,0.04092103,0.036194533,0.04376012,0.039908882,0.0454496,0.04344344,0.04179897,0.042754784,0.0455994,0.040676214,0.04058224,0.04119256,0.040971983,0.04433968,0.04372558,0.046481322,0.04174218,0.043675575,0.03692939,0.035925586,0.04246341,0.040982205
0.04282119,0.041113928,0.043107327,0.04046975,0.042253368,0.042409252,0.042601794,0.04340044,0.041164428,0.0416511,0.042772368,0.037307892,0.041414816,0.041455768,0.039615806,0.040250767,0.044652075,0.044331558,0.041968517,0.04468724,0.038543776,0.03883291,0.04088788,0.042285997
0.041082673,0.040777322,0.040358856,0.03850081,0.04553547,0.039237887,0.04076595,0.0431005,0.039322577,0.043814916,0.042506464,0.040990703,0.040049754,0.04039241,0.038959444,0.0417436,0.04509476,0.04393148,0.042945255,0.043317948,0.04172961,0.040552545,0.043612838,0.04167616
0.041283917,0.03984501,0.041027162,0.037066177,0.043476295,0.039168302,0.045497775,0.042669807,0.041307304,0.04295081,0.04406421,0.04303247,0.04129265,0.039312977,0.04084904,0.044046264,0.044292845,0.042928923,0.04164637,0.04164043,0.040954664,0.038104445,0.043630917,0.039911274
0.041980352,0.043524254,0.038331702,0.041614484,0.042960618,0.037553575,0.043706797,0.041014224,0.041955993,0.042874493,0.04103381,0.042157218,0.042232137,0.0396781,0.0407566,0.039562263,0.042918183,0.040182922,0.0418724,0.040961694,0.04366256,0.043217,0.04125439,0.04499421
0.04179746,0.040910542,0.040608827,0.03962466,0.04332614,0.03768849,0.043658815,0.0424743,0.04089096,0.043410532,0.04214788,0.04180311,0.041702326,0.039405007,0.039935,0.04348557,0.04344461,0.042191964,0.042553976,0.042305853,0.04247723,0.040063508,0.042593163,0.041500036
0.041531194,0.041552156,0.043370247,0.039932955,0.041859277,0.040079053,0.044756338,0.040915333,0.041024573,0.044427853,0.04077982,0.040117636,0.04085449,0.03958914,0.03914218,0.0445173,0.044891145,0.042090457,0.04254751,0.04092981,0.04171043,0.03988138,0.043081395,0.040418405
0.041622475,0.042486418,0.040547032,0.040502336,0.0424342,0.041146915,0.041192964,0.042523738,0.041591268,0.043059733,0.04098786,0.038395744,0.04213578,0.040202405,0.03888005,0.04126231,0.044839177,0.043192737,0.042926744,0.043344535,0.04019693,0.041748315,0.041336626,0.043443725
0.040019896,0.045474686,0.03825894,0.039861336,0.044375684,0.037562583,0.041763313,0.04135531,0.041174218,0.04464698,0.040533636,0.04336288,0.040025555,0.03841877,0.038392566,0.040727712,0.045246687,0.039577715,0.043231707,0.039681274,0.04364809,0.04413486,0.043750312,0.044775255
0.044852067,0.045638103,0.040306218,0.041955967,0.040119477,0.039232474,0.046639457,0.04059435,0.04307079,0.04428209,0.040170077,0.04066697,0.040891863,0.0400653,0.039165787,0.038833182,0.04357454,0.03918717,0.041618574,0.03931983,0.040466085,0.042207874,0.041759368,0.0453824
0.040742796,0.041714616,0.038567286,0.03925246,0.044731855,0.03853318,0.04222368,0.04361926,0.041586902,0.04237458,0.043706577,0.04184329,0.041928694,0.039025784,0.03968941,0.04172312,0.04429684,0.04479985,0.04176796,0.043607924,0.038554978,0.04013745,0.041919734,0.043651767
0.040146053,0.042271286,0.04348124,0.039224688,0.044655897,0.041223194,0.04434052,0.041490197,0.040643375,0.04302362,0.042224877,0.04135656,0.038182322,0.041857004,0.04054332,0.04205435,0.04413314,0.044081368,0.041704196,0.04246989,0.03929374,0.03848295,0.042582944,0.040533327
0.042162668,0.041181613,0.044278704,0.040780567,0.041991677,0.042603556,0.043574583,0.04075797,0.040247932,0.042284913,0.039319113,0.039001636,0.03939675,0.042328358,0.04101885,0.042098153,0.04456454,0.041883882,0.04208439,0.042989656,0.044529565,0.039888766,0.042212937,0.038819224
0.040119544,0.040251788,0.041509982,0.040379666,0.044376384,0.041118454,0.04192194,0.041709937,0.04055393,0.042082172,0.041936606,0.039281826,0.040113997,0.042774428,0.04192305,0.04171059,0.044145554,0.043618698,0.042331047,0.04414967,0.041096985,0.04107286,0.04119208,0.040628757
0.039924398,0.04114582,0.03970326,0.039193988,0.043292254,0.038287923,0.04328242,0.041413575,0.041753385,0.04441785,0.0431183,0.041068975,0.04107143,0.039496798,0.040084038,0.043071844,0.044578183,0.043351594,0.042971577,0.04141549,0.040355813,0.041975845,0.042480446,0.042544816
0.041408516,0.039971028,0.040607255,0.038718086,0.042657092,0.03945828,0.043402947,0.04337571,0.04139127,0.042592045,0.04395465,0.039600134,0.04204269,0.039071433,0.03928492,0.04448855,0.045226283,0.045404043,0.042632893,0.044018727,0.03796358,0.03861507,0.042267017,0.041847818
0.041000146,0.042998407,0.04082755,0.03819419,0.042822804,0.03932154,0.043753598,0.043136146,0.041846063,0.043196052,0.043647975,0.041158132,0.04261466,0.037622083,0.037823126,0.04368941,0.04541318,0.04384677,0.041206807,0.041900493,0.038121335,0.04000026,0.04277635,0.043082938
0.0430329,0.04024368,0.043134477,0.038878582,0.040331036,0.042142995,0.046087906,0.040811643,0.042155106,0.044075515,0.04213299,0.038935725,0.040799662,0.0414621,0.03992171,0.043341883,0.043999333,0.04422107,0.041815683,0.042169053,0.03910047,0.03861919,0.042458344,0.040128972
0.04264542,0.040945787,0.040806048,0.03896649,0.04241491,0.039614063,0.044505186,0.042006545,0.041613646,0.043355465,0.04268487,0.04039298,0.041056577,0.04068724,0.040509973,0.043059953,0.04366376,0.04373719,0.04242321,0.042970568,0.038595945,0.039296277,0.042596217,0.04145171
0.041231703,0.043565616,0.037586857,0.03983815,0.043542203,0.03707827,0.043442193,0.041145593,0.04253053,0.04438762,0.043126006,0.04236964,0.04062086,0.04055278,0.04037718,0.040151313,0.043314602,0.04179134,0.041815788,0.04094116,0.039683014,0.043549344,0.042046014,0.045312196
0.044026256,0.04162673,0.040578004,0.041903634,0.041106787,0.038486395,0.044898514,0.040956337,0.042249467,0.042650145,0.040677633,0.040008087,0.04260884,0.0413437,0.041729584,0.04032911,0.04188147,0.039571304,0.042316295,0.041419357,0.044250667,0.04174609,0.040504046,0.043131612
0.042295594,0.03961587,0.04368705,0.04086204,0.042090964,0.040703114,0.04473735,0.041903198,0.04205453,0.040856853,0.042227972,0.03812696,0.0417385,0.04331667,0.04333126,0.041641925,0.041544564,0.043079574,0.0415588,0.044511408,0.041119862,0.038511384,0.039427143,0.041057404
0.0391551,0.04073567,0.04010612,0.04010054,0.044072174,0.03883244,0.04164794,0.03988053,0.040646356,0.04515566,0.039886273,0.040062133,0.03995088,0.042994376,0.043135542,0.042390015,0.042688403,0.041009694,0.043324426,0.042146824,0.046097845,0.043249596,0.04148337,0.041248135
0.043447185,0.042853586,0.041698694,0.04266214,0.041083373,0.03957751,0.043521892,0.04044417,0.041474026,0.043860108,0.0389024,0.037425302,0.041615587,0.04267631,0.04223675,0.04039115,0.04193106,0.039093986,0.043486897,0.041773304,0.043391045,0.042786714,0.04024669,0.043420143
0.042039208,0.042436842,0.039720803,0.04053395,0.042953826,0.03781776,0.04387855,0.041040838,0.04199243,0.0448882,0.04150726,0.041144866,0.040740646,0.04012576,0.039904255,0.04299887,0.04357449,0.04232111,0.042389944,0.041090276,0.040155157,0.041364785,0.042165626,0.04321457
0.04271173,0.042610653,0.041434783,0.041440006,0.041533425,0.039711315,0.044745486,0.041369803,0.04357544,0.044361528,0.04174624,0.03851803,0.0419941,0.040775023,0.039608475,0.04149544,0.04265809,0.04279418,0.04222027,0.04182268,0.038471323,0.0399682,0.03997906,0.044454783
0.043548852,0.043960493,0.04177888,0.040764023,0.04420693,0.03962098,0.042875875,0.042905625,0.040284283,0.042602103,0.040875006,0.04002202,0.040185258,0.041181527,0.038644522,0.03903416,0.04397269,0.04224918,0.042910077,0.042601876,0.04031844,0.039749436,0.04171976,0.043987982
0.04270404,0.044227283,0.04098112,0.041226484,0.042846825,0.039289497,0.045193125,0.04013592,0.042223338,0.043963104,0.041284513,0.041813213,0.038502235,0.04249684,0.04087598,0.039518435,0.042873405,0.04075432,0.04140067,0.04071313,0.04008753,0.041567795,0.04194316,0.043377995
0.04373635,0.043023523,0.041368075,0.041811515,0.042172518,0.039870575,0.043035526,0.04219679,0.042059157,0.042328842,0.040044244,0.03880607,0.042471424,0.041272417,0.040359396,0.039213054,0.042502362,0.040093403,0.04261527,0.04195201,0.043209337,0.041824173,0.0403539,0.04368004
0.041108795,0.041833017,0.039623566,0.03922541,0.044867482,0.03886778,0.043985676,0.042053375,0.041399065,0.042382363,0.043423384,0.041988257,0.040262006,0.04165824,0.040973403,0.041082453,0.043410778,0.04342884,0.041162837,0.04337379,0.03938287,0.03980683,0.042072743,0.04262699
0.04300041,0.040668607,0.041321393,0.041278947,0.042318296,0.03986627,0.044231184,0.041259993,0.042358555,0.042087488,0.043274723,0.038287465,0.040326193,0.043549854,0.042790275,0.040908523,0.041903272,0.044703193,0.04158889,0.044730976,0.037933942,0.039125413,0.039104745,0.04338146
0.04251291,0.041155126,0.044698313,0.0411628,0.04238233,0.040944528,0.044157587,0.0416798,0.041204143,0.041364267,0.04209252,0.037889287,0.040327862,0.043331232,0.042037237,0.040935274,0.041840963,0.042876665,0.042207588,0.044709533,0.040498953,0.03866367,0.040038362,0.04128911
0.039868098,0.040902764,0.04151205,0.039795265,0.044846747,0.039715875,0.041397974,0.04168848,0.039595243,0.04420841,0.042203143,0.039039124,0.039147634,0.042597286,0.04101141,0.04212463,0.04422435,0.044053055,0.042975046,0.043740045,0.04074777,0.041036155,0.042012207,0.041557305
0.041063976,0.04011876,0.041358393,0.03900293,0.042210795,0.039391186,0.04493475,0.0413477,0.041674014,0.04283662,0.042969577,0.040408522,0.041245162,0.04072406,0.041257773,0.044275988,0.043508794,0.0433223,0.042052474,0.043339156,0.04005646,0.039855912,0.042279776,0.040764906
0.041338075,0.04321558,0.039493743,0.040181126,0.0429678,0.0378268,0.0443124,0.041474037,0.042149317,0.04393852,0.04211417,0.042613473,0.040827725,0.039427005,0.039724153,0.04168924,0.044155255,0.041375574,0.04218599,0.040442426,0.04086932,0.041747432,0.04273402,0.043196768
0.04092184,0.043406,0.039194062,0.040980965,0.04351676,0.037238427,0.0431871,0.041693147,0.042005688,0.04406908,0.042878944,0.040534966,0.041618474,0.04033479,0.040352207,0.040728033,0.042927112,0.041825484,0.042257145,0.041800756,0.040248003,0.04209265,0.04088864,0.045299727
0.042867843,0.04056469,0.042579796,0.039459057,0.042663287,0.040133033,0.04362738,0.04243635,0.041088156,0.043128915,0.041882366,0.039032586,0.04100848,0.040622197,0.03871053,0.04383437,0.044776544,0.044440277,0.04263097,0.04340341,0.039152946,0.038559858,0.042729717,0.040667247
0.041279215,0.042779744,0.04091272,0.040707957,0.042657204,0.04036913,0.043442782,0.04059339,0.042082448,0.0440473,0.041105516,0.04074614,0.039682798,0.042217463,0.041449647,0.040534142,0.043488234,0.041714143,0.042076357,0.04130882,0.041304503,0.041721843,0.04181839,0.041960083
0.04166556,0.0442559,0.039194506,0.04192872,0.042874888,0.0371715,0.042476732,0.041069765,0.041809037,0.043999363,0.040941067,0.041006718,0.040427558,0.041119613,0.04092154,0.03941145,0.042736113,0.03946209,0.043188017,0.04069749,0.043434914,0.04416246,0.041457005,0.044587992
0.0426144,0.042491164,0.039365698,0.040627062,0.042502243,0.036672886,0.0454466,0.04054283,0.041521423,0.044590086,0.041349147,0.041442093,0.040314805,0.041729283,0.042140964,0.04192596,0.042006433,0.04019014,0.042911258,0.040800393,0.041783683,0.042016514,0.04204548,0.042969394
0.04279401,0.041115638,0.04156936,0.04123192,0.04072926,0.0392401,0.045657586,0.041093364,0.043199997,0.043206934,0.042679574,0.03865983,0.04131627,0.042616185,0.04227132,0.042042665,0.041757215,0.043203704,0.042008337,0.042945422,0.037913546,0.04000427,0.03995495,0.042788573
0.040777378,0.04224412,0.04123907,0.040248934,0.04358511,0.038741842,0.042288974,0.042097267,0.04081843,0.043297574,0.04120585,0.040887367,0.041200694,0.04025912,0.040219806,0.042112175,0.043723136,0.041449662,0.042874437,0.042018183,0.043297105,0.041381128,0.04215353,0.04187908
0.04261084,0.04180824,0.043827258,0.040994294,0.041957382,0.041012548,0.045009866,0.039902274,0.040686738,0.043452967,0.040072005,0.039000046,0.039038647,0.0429382,0.041396953,0.04208161,0.043142866,0.041754674,0.042608757,0.042228203,0.041332927,0.040356137,0.041847542,0.040939037
0.04351137,0.04064433,0.041757476,0.04085563,0.04142754,0.04055497,0.04348456,0.04140545,0.04127703,0.042960923,0.04103255,0.037669867,0.0408888,0.043238528,0.041733086,0.040999144,0.042771097,0.042591352,0.043395862,0.043361805,0.04083567,0.04133263,0.040581953,0.04168837
0.041959215,0.044324342,0.03985845,0.041718636,0.043510683,0.038108107,0.042810127,0.04165725,0.04160899,0.04379861,0.041060776,0.04148333,0.039776266,0.04118809,0.040310144,0.039424203,0.043013405,0.040798165,0.042667545,0.04137934,0.041332096,0.042452868,0.04159284,0.044166517
0.041724753,0.044019654,0.039814528,0.04075558,0.04422194,0.036953725,0.04286482,0.041580357,0.040479828,0.044285428,0.041376792,0.041447792,0.040148783,0.040214848,0.039301552,0.040611766,0.043978672,0.0410529,0.0431769,0.041134715,0.041941088,0.04225225,0.04208507,0.04457623
0.043698467,0.04259767,0.042510167,0.04202482,0.04077002,0.039390903,0.045827422,0.040624835,0.04276463,0.043080725,0.0408445,0.039765388,0.04096142,0.04183808,0.040903963,0.041571826,0.0423458,0.041415095,0.04165391,0.042035647,0.040137015,0.0400021,0.040925127,0.042310495
0.041337058,0.042775244,0.041296754,0.041527163,0.04397951,0.03925019,0.042432174,0.040582817,0.040608324,0.043750178,0.040429212,0.0394564,0.039437566,0.04311038,0.041798975,0.040533345,0.042828474,0.041443497,0.043144558,0.042227373,0.042180624,0.042132087,0.040887173,0.04285089
0.041769944,0.041070767,0.041273702,0.040319037,0.042916786,0.038850673,0.04503808,0.040899497,0.04135787,0.04366654,0.04215776,0.041057248,0.03890863,0.043366287,0.042557396,0.04199975,0.041689344,0.04241624,0.04205631,0.04260505,0.040847857,0.04000449,0.041677542,0.041493177
0.04310159,0.04248401,0.040782064,0.04121701,0.04218328,0.039225984,0.043454736,0.0416227,0.041911762,0.04270465,0.041641712,0.038895357,0.041615654,0.04127009,0.04004908,0.04126612,0.0433131,0.042802222,0.042255145,0.043196984,0.039271217,0.041342933,0.04078214,0.043610495
0.04204752,0.042234384,0.040925432,0.041849583,0.042203497,0.039148506,0.04394057,0.041136872,0.043341618,0.042401522,0.042794287,0.03925259,0.0414347,0.042815976,0.042624086,0.03975188,0.04168569,0.04192006,0.0418325,0.042584974,0.03959584,0.041410994,0.03916864,0.04389832
0.04324368,0.042247325,0.042336136,0.041473687,0.041848257,0.039865218,0.04498024,0.040648445,0.04195884,0.043341946,0.040707134,0.04006725,0.039940838,0.042482026,0.041322473,0.040901903,0.04236896,0.041275177,0.04214402,0.041403268,0.042121917,0.04027308,0.0412785,0.041769642
0.04165301,0.041496675,0.041986562,0.04073957,0.04314671,0.03926155,0.044735573,0.041135836,0.04099895,0.042431857,0.042913567,0.039790686,0.038809974,0.04397129,0.043716226,0.04133493,0.041268867,0.043506436,0.042242404,0.044139367,0.038766243,0.03946143,0.04030963,0.04218266
0.041381773,0.042167243,0.040624138,0.040974837,0.043033693,0.03861912,0.042254955,0.04134965,0.040692676,0.044016387,0.04047455,0.040101014,0.040500723,0.041426335,0.040657572,0.041504033,0.04339014,0.04125066,0.042981777,0.04238757,0.043191943,0.043074865,0.04202231,0.041922025
0.043066014,0.04339124,0.042049017,0.041960075,0.04185426,0.038735952,0.0456254,0.040088244,0.042147327,0.043920144,0.040306073,0.040612724,0.040172946,0.042170547,0.041354395,0.041138638,0.041862234,0.039551225,0.042246286,0.04058543,0.04217701,0.041007068,0.041255783,0.042721927
0.040645488,0.041222874,0.04087058,0.039993413,0.044323526,0.03895921,0.042225424,0.041702453,0.04085085,0.043246068,0.041569557,0.039967116,0.040944282,0.041060682,0.040140048,0.042629194,0.04437504,0.043459367,0.041945715,0.04324147,0.041272543,0.041219417,0.042007513,0.042128187
0.043077644,0.04386354,0.03963131,0.042700417,0.041860707,0.037975572,0.044709887,0.040267006,0.043167,0.044501662,0.040997155,0.04022613,0.039597858,0.043641787,0.042628307,0.03952099,0.041075304,0.040812224,0.04277722,0.041200854,0.03977245,0.04178263,0.039691746,0.04452061
0.042596348,0.042447403,0.042545117,0.041305333,0.043059368,0.039740868,0.042728897,0.041634705,0.040374376,0.042696945,0.040987954,0.037587322,0.03987815,0.043389626,0.041331217,0.04018709,0.043026373,0.042426843,0.042763002,0.04408003,0.040369425,0.04139419,0.04045549,0.042993974
0.042276915,0.042397145,0.03998038,0.04159192,0.042814042,0.037927188,0.04490388,0.040456813,0.04221082,0.04389366,0.042407367,0.04022808,0.039685648,0.043702666,0.043273147,0.040355507,0.04106094,0.041705042,0.041970942,0.04221816,0.03985585,0.0412149,0.040093947,0.04377505
0.04272221,0.04166996,0.042536587,0.040842544,0.041549854,0.039803617,0.044593804,0.041294813,0.042187896,0.042044245,0.041561007,0.038556967,0.042033434,0.042258058,0.041969296,0.041871168,0.04205548,0.041923236,0.041745733,0.04342134,0.04085179,0.04051647,0.04029284,0.04169769
0.043617476,0.043344676,0.040583152,0.0422905,0.04218839,0.03887701,0.04587562,0.03996562,0.04250795,0.04332829,0.041611426,0.04022425,0.03875279,0.0451413,0.04385545,0.038802754,0.04036042,0.041050144,0.041593567,0.041560154,0.040048957,0.041225623,0.03964259,0.043551855
0.04208414,0.041491956,0.04218794,0.0425396,0.04259261,0.039429594,0.043688267,0.04075515,0.041994546,0.041833002,0.041222326,0.03830949,0.040824782,0.044029534,0.043973,0.04024334,0.04066613,0.041833136,0.04186161,0.043800104,0.042139236,0.041057803,0.038777135,0.042665586
0.041348297,0.04205606,0.041449655,0.040777273,0.043108705,0.03868732,0.044722967,0.040907674,0.0414872,0.042911854,0.041940868,0.040554203,0.0397125,0.04327367,0.042642713,0.04106882,0.040976185,0.04136817,0.04231146,0.042487632,0.04171502,0.04135338,0.041043982,0.042094436
0.04297761,0.041526314,0.042357378,0.04202401,0.041122574,0.041040465,0.04386085,0.040995996,0.041714646,0.04263515,0.040248472,0.03796001,0.040484767,0.0432846,0.04207185,0.040983487,0.042934597,0.041762922,0.042416945,0.04316713,0.041393295,0.04123962,0.04053464,0.041262675
0.04197987,0.04382388,0.03979839,0.042111833,0.043260276,0.036976073,0.044196934,0.039605305,0.041990273,0.04389651,0.04061794,0.040533826,0.039896205,0.043497615,0.042695217,0.039358236,0.04144635,0.038747676,0.04289919,0.040668286,0.04345107,0.04362258,0.040805098,0.04412132
0.043018892,0.042474527,0.041449856,0.040456336,0.042455867,0.03966044,0.044053268,0.042016607,0.04176674,0.043089494,0.041623417,0.039794765,0.041421585,0.04041,0.039075095,0.04175572,0.043765347,0.0425929,0.04204683,0.042608302,0.040050123,0.039978966,0.04178026,0.042654634
0.043062337,0.0422541,0.04019087,0.041188113,0.04254574,0.03852623,0.0446769,0.041005958,0.042155433,0.043549564,0.042519823,0.039853264,0.039467685,0.04363152,0.042195834,0.040107477,0.041531686,0.0427753,0.04254827,0.042934775,0.038436435,0.040632162,0.040507372,0.043703146
0.042707935,0.042045437,0.042839494,0.040069427,0.042560976,0.04024484,0.043798365,0.042471316,0.04118283,0.0430157,0.041630246,0.03935697,0.040985543,0.04090796,0.039455038,0.041854206,0.043894906,0.042911023,0.042181626,0.04289467,0.040030245,0.039462164,0.04183466,0.041664455
0.04161247,0.04332491,0.040286545,0.041044414,0.043077774,0.03717883,0.044807896,0.04020762,0.041959703,0.044821735,0.04134552,0.041356076,0.03996678,0.04186226,0.040960666,0.04119246,0.042140726,0.040057253,0.042369813,0.04056828,0.042169947,0.042149216,0.0419558,0.043583352
0.04307951,0.039980285,0.04281771,0.040531132,0.041932624,0.041036148,0.043840952,0.04164802,0.04176471,0.04158699,0.041678376,0.036707357,0.04142337,0.044358145,0.043072175,0.041019388,0.04177222,0.04324611,0.04214194,0.04481908,0.040575396,0.039876226,0.039625887,0.04146629
