Stock_1,Stock_2,Stock_3,Stock_4,Stock_5,Stock_6,Stock_7,Stock_8,Stock_9,Stock_10,Stock_11,Stock_12,Stock_13,Stock_14,Stock_15,Stock_16,Stock_17,Stock_18,Stock_19,Stock_20,Stock_21,Stock_22,Stock_23,Stock_24
0.09443895111553971,0.03100907142233349,0.007940558001530424,3.910979374333852e-06,0.09445453871943915,0.005353725305558146,0.0001288455120010922,0.00022459833819473606,0.09447112870538124,2.886916596475521e-05,0.0787497124346123,0.09437558705517973,0.01662957721710408,0.03990741672835071,0.00010091678312131001,0.09447852831214565,0.008726189005869252,0.05743107930799418,0.09176119448439393,0.00045158437294054134,0.0009313987525096436,0.09447756534962151,0.00010782083022416574,0.0938172321006159
0.09303230266450045,0.031315390228454885,0.010816075321565385,4.2690632390651035e-06,0.09304379778994729,0.005306201501177392,0.0001204491643708154,0.00026542533144456365,0.09306901827270855,3.467955075684985e-05,0.07617473448375332,0.09291334586921515,0.022756600818506747,0.038946408729329474,0.00010454073183277878,0.09307729565068475,0.008375413865084669,0.06340186925552499,0.0905884234605491,0.00027839063461505766,0.0007814327471652456,0.09307621936963423,9.362258179446802e-05,0.09242409291414476
0.09395088506925088,0.0328596787940104,0.007495648850957338,2.7480189409600567e-06,0.09396452712046645,0.0027400886233027093,9.918079370400792e-05,0.00018719023212101412,0.09398427027795461,2.807405283007308e-05,0.06840927875850633,0.09386520066214987,0.024508953456091682,0.04343767208295597,0.00019552112746292564,0.0939940914343328,0.008301627959755411,0.061268855475238235,0.0920950114579084,0.0002621374765301745,0.0007798631245100295,0.09399309979447032,7.50761015664327e-05,0.09350131925498299
0.0969035004090942,0.03295787018370695,0.007781461807429543,3.1145748149314878e-06,0.0969093308469203,0.005412064907658245,0.0001239820356756401,9.197819038343591e-05,0.09694059216370839,1.9822910765533338e-05,0.06310321574677945,0.09676117185201336,0.02164026805926183,0.0345064263805134,0.00020612822411546574,0.09694598344070715,0.010475080744846463,0.049605781071526356,0.09503746560471453,0.0002418100413366196,0.0007688203694371697,0.09694478730529585,9.702276146587597e-05,0.09652232036782932
0.09709557603747117,0.03946111533926405,0.004926724219816917,4.098810760451579e-06,0.0970956976123666,0.006434464231984074,0.0001712729759075985,9.014778496662678e-05,0.0971229767031904,2.6888314374177058e-05,0.06396496392139062,0.09686652314518689,0.01909253840765874,0.033412046420456025,0.00014858189006636973,0.09712799022030699,0.014371840216002232,0.04298122091351382,0.09455531491155836,0.00026565272509158417,0.0009222353157419728,0.0971264734287544,0.00012972041343141036,0.09660593604073853
0.09833084581538536,0.035955766162538955,0.005654692891687751,4.810456338561406e-06,0.09833521362766107,0.006135841125161106,0.00015880075610758592,0.00011338430269300221,0.09835901087601966,1.9423573247597733e-05,0.06974495672827433,0.09817685844703396,0.01256678220077334,0.029399169870014816,0.00014058199550785456,0.09836203023618341,0.01688891126407398,0.03804587279892345,0.09619722521563119,0.0003092938746383997,0.0007348448412518189,0.09836072282391833,7.995148456911871e-05,0.09792500863236536
0.0975750371345864,0.03497535815034757,0.006398244648150179,4.586886822962561e-06,0.09757533381337902,0.004699645124462745,0.00015199843474595913,0.0001302390813391215,0.09759397803946347,1.5197516582104872e-05,0.06835770243240427,0.09739721601042113,0.013985679698618093,0.03880715090827398,0.0001322518433438711,0.09759692155846464,0.015902986756153988,0.037940464896598775,0.0952444507017169,0.0003120770036670546,0.0005849516860913131,0.09759615368394259,7.359670087598078e-05,0.0969487772895479
0.09732745439259775,0.03731434500275358,0.008364642608114084,5.0160521210810115e-06,0.09730519112829632,0.005009695747340532,0.00013926869986841754,0.0001345978821038482,0.09734205867621691,2.089393139157053e-05,0.06959307267013778,0.09704087506314453,0.014468386031240031,0.030720200527896403,0.00013842447131593948,0.09734570829655717,0.015752779684883308,0.04135511006668918,0.0955121309144462,0.00011132502489429823,0.0006117523786095949,0.09734483215558519,6.171861933133454e-05,0.09698051997446495
0.09640797829241718,0.030384220854530703,0.013553317895523056,5.2708062663253454e-06,0.09638823432346971,0.004310013581206611,9.226497512219677e-05,0.00013945507266476065,0.09643019959778862,1.4476036621309031e-05,0.0800152879821973,0.09619982455399984,0.013216877215930012,0.02864921167993655,0.00014572026222887694,0.09643339541925436,0.010910669559199311,0.048224635532368505,0.09514072587152782,0.0001239731569849926,0.0006126406993450601,0.09643268268209293,4.189629975490234e-05,0.09612702764956907
0.09435370305856082,0.033996949124948155,0.024801479277876504,3.521404437794253e-06,0.09432633060809069,0.004148082234424045,8.298363940310035e-05,0.0001571300162314806,0.09437372893683327,1.6951680947752365e-05,0.08110533577657299,0.09413947116301936,0.013330012112674974,0.025330868432730497,8.721101230246517e-05,0.09437594528403533,0.01035817740229156,0.05312403672923833,0.0927380084492443,0.00011981212958559072,0.00051806272061198,0.0943755290157791,5.112224206177982e-05,0.09408554754809813
0.0962841885653057,0.03157172276913387,0.02018386445052824,5.439236549102405e-06,0.09626398158625256,0.004831371008912822,0.00011220613993536213,0.00012288943198589467,0.09631022227269374,1.8777564909882815e-05,0.07682113633475975,0.09606923108500898,0.014655306739330045,0.023214130584307015,0.00011960005727071189,0.09631157131817031,0.013834467102725238,0.045700359284106,0.09470399132211285,0.00015863339649564254,0.00036968725583891424,0.09631107762493207,4.281066655929413e-05,0.09598333420217603
0.09717939787934486,0.035141568625737696,0.015589366128236967,7.894696556661898e-06,0.09717469292991072,0.0032243447248309744,0.00013036244438903316,0.00011628525885919091,0.097210675363391,2.251944085685612e-05,0.06765271706715888,0.09686573072088737,0.021340610561288068,0.026721893579444062,0.00022080234986034122,0.09721171833247738,0.0175825814520904,0.0367371317054525,0.09552154057380938,0.00018345536515871607,0.0003537113771019637,0.0972111852593888,4.1852031727536795e-05,0.09655796213204065
0.09539520722951601,0.03378200522191851,0.017023219099133142,1.107989584920653e-05,0.09537777971366285,0.004496179645654579,0.000128129781208971,8.884392872926387e-05,0.09542438580534067,2.591944834950419e-05,0.06856070054108968,0.09508270638878341,0.027383481969548408,0.027798477534717713,0.00023783383212866864,0.09542593289552084,0.022743016257181947,0.036876768585005215,0.09340023444217818,0.00018715525306479275,0.0005644006802714782,0.09542526173139856,6.198598817487309e-05,0.09449929413157354
0.09456080387290533,0.025637148114875996,0.018488238189160344,1.316813431927768e-05,0.09450898834972221,0.004085420015587846,0.0001516520268831564,0.00011650599165334804,0.09459210180208807,2.0900995042415912e-05,0.06756065377703561,0.09431336360626615,0.0346675507293283,0.03301346278365835,0.0002781912855119506,0.09459409210455637,0.02133975524816402,0.03983625065535501,0.09295801836961222,0.00029758686763925327,0.0005544176406833883,0.09459356210899825,5.410465293418481e-05,0.09376406267801896
0.09507980551503172,0.028993765293733827,0.01546629926471608,1.3700539497146156e-05,0.09498171940189204,0.003517240818138061,0.00016983113937691187,0.00013790667166986714,0.09509791040669655,2.2512078035960266e-05,0.06585412868946225,0.0948283663213973,0.026901136841801915,0.037777877245722555,0.00031529096325197024,0.09510004172769404,0.02528845807119514,0.03666144199209857,0.09324745897151104,0.0002045558000966129,0.00049290765951731,0.09509948622381703,3.3914078531826835e-05,0.09471424428511428
0.0926270415972671,0.026573353967974132,0.01433111617854022,1.6410550838239368e-05,0.09247472694402173,0.00239071323531635,0.0001768932016234986,0.000270195591371651,0.09265236294190561,3.695756560979231e-05,0.0718008845433252,0.0923743638478133,0.03240912312307776,0.048599314752501184,0.0004190033626441934,0.09265463827320138,0.022121900239065802,0.042465789227308676,0.09017296425121794,0.0003203771394758617,0.00033959871854114595,0.09265397555534824,2.4680717380478454e-05,0.09209361447463049
0.09155051739471315,0.02146777145525968,0.02066477176887689,1.5324161081053164e-05,0.09132362156141723,0.0015767319990463923,0.00012772681438190012,0.00023092132529851315,0.09157215953137793,2.821119378358799e-05,0.06879524349393296,0.0911809362916684,0.04096967819845767,0.05019946271935636,0.0008750682743912243,0.09157493234485226,0.025750087118469805,0.03972212773763272,0.08922218919529673,0.0003060492872289195,0.0003454609007946343,0.091574495681313,1.7654852721875855e-05,0.09090885669864712
0.09040296060082448,0.023336828062787286,0.018028684556967167,1.305948951042992e-05,0.09006873899762936,0.001609623853123635,0.00012242934553422026,0.00023940421175166167,0.09042136677361776,3.5499928873481916e-05,0.06674668977109367,0.09005005794494957,0.05027035703442396,0.05467369566515982,0.0008480879918328119,0.0904258349192241,0.023204788700828347,0.04071701976434353,0.0877211569707359,0.0003313326694858312,0.0003991309850251205,0.09042543607389855,2.172629063827611e-05,0.08988608939774102
0.0902290978331606,0.022838907110264435,0.018767201026920338,1.1257236375476429e-05,0.08995913935224237,0.0014426020644867706,0.00011042313272393855,0.00012474147662517178,0.09025090755180633,3.8045962077595845e-05,0.06810732913308673,0.09007196456670664,0.05686576950159986,0.04456408216237475,0.0009804366958242898,0.09025807344850986,0.01718974345742804,0.048833105945676566,0.08840358026813425,0.0001751851931721991,0.0006792699815898591,0.09025737407420696,3.5226945656688004e-05,0.08980653587935025
0.09205540972451098,0.02483224128624186,0.01469116672125674,8.082234432808945e-06,0.0918937705246388,0.002103771317960199,0.00015991572169771722,9.75933238251677e-05,0.09207814426781875,4.116862435537079e-05,0.06370877688917201,0.09197204058440916,0.055325927245734534,0.03989493281856004,0.0008958052250989698,0.09208647624192334,0.008167930817324698,0.05465455565380387,0.09045608235522996,0.00012564101004021268,0.000794622236540996,0.09208557059256416,6.934804138629855e-05,0.09180102654147332
0.09613860475442872,0.02010950143234343,0.013259294255476606,1.0610131787953976e-05,0.09590774410734074,0.002079474054334244,0.00021657050200566026,0.00014784539391723552,0.09616421581268295,4.151479172028994e-05,0.059191471902799,0.09598826302750572,0.043936928320933204,0.04375708630052198,0.0015888285435175459,0.09616876710638345,0.008324786211075021,0.039317651820317,0.09463791023646799,0.00022323694353423428,0.0007156078188394114,0.09616811364607884,4.4561407087819674e-05,0.09586141147890095
0.0971705817631884,0.016840970810828405,0.017196379677036754,1.4376720403224628e-05,0.09688105437030879,0.003397291740466368,0.00017964382748458097,0.0002233098930413426,0.09719643842374032,3.450065283143367e-05,0.0665711098039358,0.09692798221043214,0.03153056665578414,0.03892822502434664,0.0014486305600253438,0.097199758133912,0.01045822547546223,0.03672238769290858,0.0957440217719223,0.0002671236943910852,0.0009364044947380986,0.09719908608089295,3.143296254188806e-05,0.09690049755937719
0.09717534689153004,0.015874744497191798,0.015582193743777426,1.648715947080859e-05,0.09686552387581292,0.0033485562841074853,0.00017089168210579112,0.000314075897478352,0.09720395824049045,3.667675960295849e-05,0.07075220409725584,0.09687183946316952,0.027492586116068276,0.04436063634270617,0.0018543549478815858,0.09720908603389466,0.009990265507089677,0.03388285384462235,0.09580569299385792,0.00023272359997355912,0.0008301376050892371,0.09720843129869164,2.3080864435763848e-05,0.09689765225369576
0.09432393985247853,0.015685066301713246,0.02363688900304972,1.302154218972779e-05,0.09397373067827781,0.0028693657259954274,0.00011689013747072709,0.00033477175625699093,0.09436427569655738,3.3563517168944155e-05,0.08028038378382858,0.09404408638009601,0.028948246690546225,0.04094983651116289,0.0012428710466580333,0.094369383066021,0.009680931633013916,0.04252176446014066,0.09308198846981532,0.00016481672504203406,0.0008488273677987718,0.09436864058499765,2.0072299483388172e-05,0.09412663677023703
0.09310373213142391,0.013873396685932803,0.02691081763043901,1.5993265102788006e-05,0.09277058353418556,0.002776869525990915,8.566114959828347e-05,0.00038046200650076805,0.0931625684660642,3.378577252963967e-05,0.08316186873294987,0.09285657510019829,0.029984414979648613,0.04313571296958201,0.001285591959845776,0.09316747750993604,0.0091539674102627,0.04498746651406648,0.09210217056401296,0.00022076536719749508,0.000767654512065626,0.09316677780458778,1.6620778629390452e-05,0.0928790656292491
0.09023481818520887,0.016447530145338566,0.03288934496450286,1.3553718427400665e-05,0.08995326033701163,0.0014420838888633514,7.264706970477728e-05,0.00023023830921622203,0.09028465238518416,2.9981244931129282e-05,0.08121721206642157,0.08992580309205765,0.03688325471938955,0.04709772117702148,0.001463597086962829,0.09028929137874556,0.010116512117367355,0.05140637749622286,0.08902276541153377,0.00020614460367742007,0.0006581316486259553,0.0902886993958085,1.684191455967853e-05,0.08980953764321685
0.09006684698210482,0.016185451900079837,0.02872039437216453,8.303906209044447e-06,0.0898626707940554,0.0010243990893848364,0.00010757479531354604,0.0002816855790905708,0.09011003159136789,3.1418951726911706e-05,0.08167295672343546,0.08979767903135848,0.04509639298939764,0.04127395080735883,0.0010276943328901718,0.09011407612007126,0.012856992769908105,0.052850914697290925,0.08846086829854358,0.00032188379000162425,0.0005223968059717654,0.09011354436928556,2.1594990241567398e-05,0.08947027631274766
0.09144506962619944,0.01903627701840706,0.02115399774481338,2.0562221799811818e-05,0.09126076755862224,0.0010469202610588623,8.697094609042654e-05,0.00031660423375056313,0.09147666270843442,3.258547798347267e-05,0.08153978226788204,0.09129794968284737,0.031629307406161954,0.04929294570177275,0.000894268529317512,0.09148148836907957,0.0131325065315385,0.05140722848576464,0.09025536161092133,0.0004164327027802515,0.0004083817559525076,0.09148098126575754,1.7435084647281434e-05,0.09086951280841707
0.08948106531702701,0.024580934880187758,0.016914949523229927,1.5872577360514483e-05,0.08938859888400683,0.0010325338324119822,9.206094869098402e-05,0.00017299241960918376,0.08950596525603256,3.281221874526524e-05,0.08161129740804066,0.0893912612087473,0.04629291340693279,0.04173796921859616,0.00030972333601475853,0.08951178609028478,0.014981650927098836,0.057805360458015466,0.08791752841423434,0.00043159005056272207,0.0004582079626472958,0.0895112365523123,3.475961058949643e-05,0.08878692949862108
0.08802001271512326,0.02749715532395518,0.015973381804395524,1.5667782635600913e-05,0.08792002859361148,0.0007523527001917208,0.00010166871646273539,0.00022489080197066018,0.08803745693199841,3.550506897375916e-05,0.07800785615840931,0.0879486089802246,0.04322324803587971,0.053771683062520566,0.000425601631242097,0.0880461160649238,0.013446035429503607,0.06443560993054868,0.08588941469097419,0.00036158702310642126,0.00041727574373535416,0.08804536035877758,3.594327357937721e-05,0.08736753917725637
0.08781785667717967,0.025983518937975427,0.017909442514726252,1.7105694768527198e-05,0.08760299092994489,0.0007624155287204013,8.493419886368656e-05,0.0002528574586643661,0.08783452779200765,3.3860584042872785e-05,0.07668230070620759,0.08767041888746833,0.042348574297935974,0.05772510166251593,0.0006042074867473931,0.08784384246326361,0.015656069602365166,0.061528424876472095,0.08574011950958838,0.00031738996188508775,0.0004523820104073309,0.08784293665206222,2.5226580163686578e-05,0.08726349498602347
0.08841625349236763,0.02501086823344155,0.011007557163375982,1.4032794699198782e-05,0.08808026769110988,0.0005266831522132418,9.150573508115781e-05,0.00034037698006482577,0.08842652241951791,4.034033111781318e-05,0.0682536367546516,0.08821222445929558,0.04837859742085193,0.06827055834405221,0.0014451195493817644,0.08844145137315733,0.01659255410266373,0.05474018197587943,0.08644481979739507,0.00037722492707737256,0.0004460393906398597,0.08844049195593898,2.1602701982463038e-05,0.08798108925404349
0.08710060048886412,0.024904623319914842,0.01643333996492304,1.0086808397203341e-05,0.0865583482089741,0.0003533264884277513,8.116959869286179e-05,0.00031613122019137163,0.08710257371264324,3.945668654113235e-05,0.06398936237137755,0.08680982000154026,0.05562556259271199,0.06789143316536059,0.002324452419107185,0.08711892031384498,0.014493886872245532,0.05957108065869471,0.08481980304952284,0.00028717156488573304,0.00034927359063932547,0.08711839065904112,1.6738649610494192e-05,0.08668444759384807
0.09060605322126736,0.031606400397315264,0.009218154316648663,1.0992481231965561e-05,0.09039956202713745,0.0003693041557086101,0.00016397432937471576,0.0003085457139901095,0.09061209233380658,4.737840436637343e-05,0.05729499447211887,0.0903236463852534,0.03877062985218621,0.07123274764844155,0.00252281225471085,0.09062562902076841,0.01439610993428692,0.05197372606845344,0.08812990364425789,0.000294077231936144,0.0003545439812779733,0.09062499702061895,2.117470586206634e-05,0.0900925503989802
0.09339468940413168,0.029063624121564737,0.008869137081937832,1.6154990432470042e-05,0.09320604188400401,0.0005602095156914297,0.00016348505054161985,0.00021562262307660805,0.09342005513368007,5.133010145166929e-05,0.05157865218864703,0.09302127579384237,0.040536507399325315,0.07117529042256766,0.004783080021486972,0.09342834145762474,0.014214874091813606,0.03385876052164057,0.09143962927966774,0.00042655356072082864,0.00043774678056545627,0.09342777901224947,2.33581893722839e-05,0.09268780137396383
0.09150863262043124,0.03347750244680499,0.009677197959760584,1.9010322449603208e-05,0.09123225324750128,0.0003534626979092819,0.0001520362063034345,0.0001691152174753337,0.09152567071399133,3.895083860781809e-05,0.0570261554376601,0.09106906290021687,0.04493578676424917,0.06708073653119745,0.003428325751436256,0.09153108820579572,0.020503076036025067,0.033433074103895434,0.08960415784039681,0.0006095278404931107,0.0003054090545928505,0.09153076632058278,2.1233512691592968e-05,0.0907677674295319
0.09089041516443432,0.032224678679345115,0.016050146095127192,2.398373306826883e-05,0.09048581294724602,0.00024402337537207775,0.00015136683408551452,8.167528618876681e-05,0.09090896923176954,2.935379169245645e-05,0.04743626925781731,0.0904839922210122,0.06156158259409997,0.05736413669043677,0.004054499928409153,0.09091276241142336,0.021167928468781648,0.034619047472223184,0.08950509718540814,0.0005476321842775229,0.0002648045810469108,0.09091250230767567,2.0987121141754445e-05,0.09005833243791715
0.09054060995871333,0.032463855474869414,0.022714852999076864,2.8938329216764686e-05,0.0901092231920623,0.0003076606998766499,0.0001326677460035505,6.045417236768441e-05,0.09055891435609703,2.600994951146813e-05,0.05831210984519071,0.09013826408204294,0.050846776618157105,0.0519134571438418,0.002703779729318987,0.090562190902606,0.023654328488917936,0.034544251988601254,0.0892299481716467,0.00037793911383629693,0.00027834181624657016,0.09056191560792402,2.2741499904911328e-05,0.08991076811396971
0.09152698236870731,0.027312058863060536,0.021503646634447576,2.2782035308182196e-05,0.0911499355917757,0.0003630747047384107,0.00013211397768776026,5.170567079345638e-05,0.09154722154690086,2.4596412970450598e-05,0.06582678388015648,0.0908646935961674,0.05869071375701906,0.04412215604009134,0.002757425689816429,0.0915493606026711,0.023052440332771814,0.026314072025576514,0.09004689765184007,0.0006774722487662491,0.0003631674699121207,0.09154917507232369,2.5537706644860522e-05,0.09052598611985263
0.09258454041992366,0.01816483896166343,0.020248126597910063,1.8032295792087885e-05,0.0921405165242119,0.0003702995691445926,0.00015233619458638798,7.717403114936418e-05,0.09260022691659985,1.708293709106581e-05,0.06609984469485167,0.0916497532710568,0.05808020330229567,0.04342389880489759,0.0035056643100529567,0.09260215875116587,0.03594481232155437,0.016379914894849638,0.0906885717424906,0.0008789985263634759,0.0003443826285594231,0.09260202076298259,1.5413280073279896e-05,0.09141118826073369
0.09305880843270475,0.018385207693176742,0.012292917857000858,2.2203017025511464e-05,0.09258492769826346,0.0004298269971371784,0.00013727922370795992,7.981601810033e-05,0.09307616806295783,2.2868774657460834e-05,0.07381936157399352,0.09244812005287813,0.058243639991682576,0.04764078394525693,0.00298063575409919,0.09307958561880185,0.028433360028642447,0.014470760866574435,0.09195049396289731,0.0010940200986514666,0.00047119551199243233,0.0930793304117096,1.491297095566587e-05,0.09218377543713237
0.09268433305077663,0.02881444590684074,0.007143241803963953,3.290329500309428e-05,0.09217637911018478,0.0002693207906525314,0.00015102640033032367,0.0001319391740350778,0.0926937095229211,3.8964573696359504e-05,0.07546484254335376,0.09211689901434796,0.05137145312390914,0.056874873164497214,0.0045189733452562055,0.09269945033291407,0.02189320050701353,0.013564743892313434,0.09138095369479513,0.0006384123282187275,0.0004830568377733871,0.09269919616808282,1.3481786701519738e-05,0.09214419963241853
0.09344532714287594,0.029504637846176462,0.005866231920150907,6.081473292137967e-05,0.09295930506692178,0.0002971242848029759,0.00012601634888531558,0.0001753137729933809,0.09345095906510581,6.268646968620367e-05,0.07327410467449434,0.0928048867838238,0.04584962371016308,0.06257233273806534,0.007417180299645224,0.09345983867344845,0.01866507043172756,0.01046012849183217,0.0921242319375536,0.0007739770788675561,0.0006370394801982005,0.09345964927151393,1.4464180088885437e-05,0.09253905559805772
0.0922794600462915,0.02035617389786576,0.010177045836792522,2.5704604892083898e-05,0.0914626890054509,0.0004093564915842271,0.00012988458459113982,0.0001564611380921901,0.0922762363120022,4.518729258075488e-05,0.06993943252418262,0.09184252302252398,0.05812877584004574,0.06263799893284493,0.008570341618132412,0.09229564473277466,0.018838053606498272,0.014449827823982436,0.09076569674734232,0.0007146402779039399,0.0005805967460044179,0.09229550170019526,1.7447224058907242e-05,0.09160531999336681
0.0934903201551793,0.014577457642611381,0.006529018780129217,2.0085377739645107e-05,0.09227148948528803,0.0008906496456831777,0.0002626457200983928,7.895342906649837e-05,0.09349673654978889,3.527902110056732e-05,0.06860147666604516,0.09317123413340868,0.0739365610563234,0.047537857968550846,0.007674741016391135,0.09352659424703383,0.020075092554541124,0.012793666493390565,0.09247603366514455,0.0013440005364128193,0.0009356591765935008,0.09352591414265297,3.1485488058150305e-05,0.09271704704876815
0.0916752472835188,0.01760605502564653,0.009209236365993119,3.64495574888368e-05,0.08926690224565287,0.0012660984850582258,0.00019559986465483593,8.651916342867857e-05,0.09167773011909268,3.0871380648834775e-05,0.05981846528949519,0.09129481562303066,0.07425774010386516,0.05708707271818244,0.007059458965464159,0.09175101751892882,0.019537900713357762,0.022458412620349474,0.09085959751589238,0.001408254493665101,0.000910424085898214,0.09174953547390564,4.063045571842656e-05,0.09071596493106315
0.09316370927286322,0.020533444991673453,0.007433656419748018,3.767588272952677e-05,0.08649878699688128,0.0031061002338341258,0.00040436910106313417,8.830397881242378e-05,0.09317388879017911,2.355124680320024e-05,0.04233773770912813,0.09216513863100956,0.08070195751034466,0.04671501628079605,0.00634592331904629,0.09322235818403646,0.030549739970703493,0.022162334457370786,0.09247838104867703,0.0024443565954816596,0.0006840891235521994,0.0932207745800872,4.254338118407517e-05,0.0924661622939949
0.0922927108827512,0.022834790362580643,0.0032396561744215463,3.363496372729703e-05,0.07984888087991927,0.004374056504377265,0.0006205718248279748,0.0003193133175652822,0.0921943136805746,1.9040268770088678e-05,0.02775081874463233,0.09128963528063752,0.07647205053842822,0.06659950739683887,0.009928642704627429,0.09236419240644958,0.03270174556928445,0.02957756420690645,0.09046554426085271,0.0020572298839003026,0.0006031226035277591,0.09236304729269963,2.621099309365106e-05,0.0920237192586059
0.0913950055985866,0.024212500726697925,0.005654966692834517,2.5065693983242158e-05,0.07506952335824421,0.004595680759439164,0.00028923422609116383,0.0002459240657020204,0.09119373303778534,1.598708174001871e-05,0.03118925883594612,0.08979353294626202,0.08060465236946818,0.06608091206017791,0.012877403499886263,0.0914791940508601,0.03169427504456781,0.02943184670521676,0.08966553814518248,0.001150808159522984,0.0006921473995413932,0.09147732925483176,4.008493567931362e-05,0.09112539535175271
0.09160336942274912,0.042039187508767575,0.0014969637585616213,1.3589533430436693e-05,0.0668414414201956,0.006845187081461055,0.0016458938956938954,0.0002758732672303048,0.09106928682235131,3.976844560891719e-05,0.02530751238179883,0.09010787583691734,0.08138583291003244,0.06057796452372095,0.012953916001134547,0.09169241598143887,0.024707744759268027,0.03703167261701772,0.0897583409040625,0.0008348941507743294,0.00044492400252230265,0.09168955761587116,5.335524637628724e-05,0.09158343191301485
0.09127148865639521,0.05059198864569008,0.0011956793956832855,5.299179169295509e-05,0.062187891449144904,0.005910270900990664,0.0012444681271016323,0.000645457129248271,0.09081193590668127,6.574534205310805e-05,0.0191222980492189,0.08893166161763723,0.07672496671737397,0.06332710873635633,0.021790511304052976,0.091399765075353,0.033525924110764015,0.026864642881794635,0.0892383733355895,0.0019067129818666959,0.0005274418431838484,0.09139663797671706,4.914829328240921e-05,0.09121688973212805
0.09187589840750619,0.038896704974838256,0.0007512080996750134,3.0010690619365246e-05,0.07379742656010141,0.012275316040468092,0.000758422076124052,0.001154828710520307,0.09111890815484465,5.5399498989061316e-05,0.023925737143039964,0.09027374829800901,0.07136126945621792,0.07685424347654374,0.022275179331499948,0.09203785355026552,0.018067936150241007,0.016725670228059635,0.08949540686942377,0.0035596283319834876,0.0007827685609003508,0.09203543974825976,8.095014181141643e-05,0.09181004550005809
0.09276003589491615,0.0404755850502161,0.0005541035737215393,5.0340336662884076e-05,0.07536056082739283,0.016272978197543444,0.0009824047498821894,0.001657037235250799,0.09134712922278329,0.0001733135989986168,0.010129563652563947,0.08950756016906247,0.07265261335359356,0.07483752514470057,0.0271480051407657,0.09288502166342477,0.019025494239958193,0.011443456128284485,0.09071838021721602,0.0043499531980201326,0.002000594461658308,0.09288035442077348,0.00018351730980089288,0.09260447221280961
0.09016409089463269,0.050119072578307354,0.0004930169883922932,7.796796716615377e-05,0.0778335952943686,0.016219142246154936,0.0014789810218602348,0.002102563351535669,0.08809179954856647,0.00015180658852269343,0.011819481658473543,0.08827727308354344,0.06605816985499868,0.07617049925195085,0.02232232073301973,0.0902634911080954,0.027262761523979218,0.015966800210337848,0.08774610739617647,0.004057514023419777,0.0027208299891460885,0.09025746522235367,0.00020978152763865036,0.09013546793735953
0.0911976625958087,0.036832601328294565,0.0014935396227429404,9.438504482407093e-05,0.06916433449041155,0.03226896142802647,0.001393764026312658,0.0019024261728751426,0.09048490583037296,0.0002763754058477254,0.01504758997685247,0.08894364389123748,0.0728883421814512,0.06154482384348786,0.017188194635325765,0.09139554677624735,0.032108699429894555,0.01387012898391488,0.08973682583440189,0.005152580135227884,0.004127152309496306,0.09137439859905147,0.00035462420624774517,0.09115849325164635
0.08938794957148584,0.03765138413958879,0.0007525332884219277,8.3802943666061e-05,0.0741335704617375,0.040716410237733376,0.0012608525299444763,0.0034125363066525517,0.08843737811480905,0.0002308793932225684,0.017786587913460827,0.08722369762329708,0.06580533278839565,0.06682200331947682,0.020205907510099652,0.08961030952845185,0.024395007790890922,0.015055999095775345,0.08690499592855074,0.005503777487323459,0.005269215240621956,0.08958862903204722,0.0003698877496972322,0.08939135200464912
0.08791959507286189,0.03985849592849359,0.0014355451575560482,8.756080548268258e-05,0.06982933320979691,0.031073979234393336,0.0005934095012791279,0.0034909414587957523,0.08600358245969589,0.0001601233661941631,0.0217675972978436,0.08608370466202625,0.07031481323668566,0.06892530216549315,0.02605998180670809,0.08828880449625065,0.02705330240154974,0.021577914233095106,0.08420813468432224,0.004973267983682889,0.0037050137745590307,0.08827349576149997,0.0005018412700444207,0.08781426003168982
0.0854969819414806,0.057617087898491834,0.0039033625522033933,0.00011675282646802066,0.06437964226067998,0.03606553802005645,0.00115016026573432,0.005490851331792345,0.08446550427987495,0.0001480050005830101,0.02622481192533889,0.08091524503162702,0.06223828940050501,0.06731563410956497,0.01578250128788377,0.08575756071359764,0.03141182679345274,0.031912247534824696,0.07931445995615632,0.004989351959727938,0.003555941229360028,0.08574643701508218,0.000710107059182659,0.08529169960633123
0.08448141423530013,0.059842159297752634,0.007125694726589693,0.0001870529813148634,0.0715006889383248,0.03360402364338167,0.0022519977794580545,0.007269666727195049,0.08283081512693197,0.00010733877131754981,0.0376474810434656,0.08069674326096136,0.05070540004283196,0.06455404369745445,0.012098848176262098,0.08472841387848161,0.025268045818555036,0.0507723172467761,0.06766863848232872,0.004285514524843061,0.0022841153097478187,0.08472914123939405,0.0010516578059164643,0.08430878724541525
0.0830523524777987,0.05344876402484716,0.01842962918670883,0.00042546447731390787,0.06803674332352211,0.03232774883019607,0.003520096190185404,0.012485660808977414,0.08138960080263156,0.00011194756853567262,0.04739843823907923,0.0791760963602099,0.051333323840514034,0.06447016119048596,0.01302949681041396,0.08348719528314502,0.01314475466989526,0.05758658788383287,0.06450455337115264,0.0046091520440102035,0.0009434926540773614,0.08350467262376171,0.0008210392674353017,0.08276302807126971
0.08387209613960615,0.051339350093234766,0.009793284591917084,0.0005285025338354343,0.07362686494807882,0.034451307171451076,0.005065701640720425,0.01896671761442293,0.0823153246781937,0.00013209922618851152,0.050690636634823254,0.08043580607357761,0.036732425028527145,0.0657293457194866,0.017635016575667548,0.0843569436830907,0.013465484636335621,0.05000658270375299,0.06306959539021813,0.007334687243305614,0.001516126899881125,0.08437490062692671,0.0008663646955901157,0.08369483545116792
0.08321035114402532,0.05959869289851407,0.005961379542786625,0.001130294729349341,0.07548593073536433,0.027092267906210502,0.00773266200347413,0.021459592671824106,0.0812858353302441,0.00017493264732959743,0.05607528276931741,0.08077586328711935,0.02766381889286049,0.06127095659744898,0.012789051134746985,0.0835779008525926,0.020934961704994818,0.05147075084916214,0.06234046489223909,0.010800880402696235,0.0014850745764643928,0.08360693459301387,0.0009280080618597608,0.08314811177636175
0.0821522590453311,0.06293489095844225,0.008820836129508887,0.0010190369758553393,0.07249158477572439,0.026296650979540495,0.006817235322222154,0.01602808303898903,0.07895294455155889,0.00017615014011573873,0.05509924119466448,0.07877971269476126,0.040999338809519045,0.06537995470558544,0.007923631330660177,0.08249997274874557,0.02795645783495218,0.05475564655218974,0.05457892555058176,0.0075331546881347985,0.0023880784829237735,0.08254230015990766,0.0017608321152699272,0.08211308121481589
0.08198357317804847,0.06328803547453946,0.009519664091068063,0.001489257213927194,0.07448042967889686,0.03844187875610789,0.008086586877321467,0.018224589320676537,0.07757111756859988,0.000261578538129536,0.05098069076286248,0.07796595087495017,0.03436077690629848,0.06447687977736943,0.006153250189731144,0.08226176100715717,0.0282211072111717,0.05715373121610256,0.04825027255669776,0.006684060253912934,0.003461592722910743,0.08232304381743762,0.0024875254271935045,0.08187264657888896
0.0842882642734419,0.06127473229877188,0.005227759560378281,0.0015158739132818582,0.07770348072691707,0.0386535109706,0.007614965564493245,0.009132880625644744,0.07895360022650157,0.0005917378841982866,0.044449788458828264,0.08093384287745123,0.029785774440244953,0.06462841422183707,0.017442626587571765,0.08492084790700673,0.021576538550027814,0.04542359832843665,0.06360202073639094,0.007456571476832529,0.0033740123636327723,0.08493079533731931,0.0019960400211864056,0.08452232264900475
0.08588757614007296,0.06587717414201505,0.0038209815211929137,0.0004592664465173792,0.0777000673789848,0.01717305570516741,0.009356532356856356,0.006656534730373629,0.08311561299584719,0.00032208266137027523,0.04920756533241547,0.08276120072603711,0.04128816638252516,0.061296097737942715,0.02564493053924759,0.08639150479807431,0.022704953390399133,0.03484337268235783,0.059697012288953306,0.00879670379894849,0.0031280705994971084,0.08641542288595025,0.0014042138327654045,0.08605190092648815
0.08656397048765999,0.06600721179763873,0.0024243453263515773,0.0004793592249458725,0.08031194578886441,0.013543867481748335,0.005877028820656885,0.0031001383844161206,0.08397310923650371,0.00027287397198389303,0.04276810575502432,0.08361707599822962,0.03664104072328334,0.06355886773243646,0.040192765766137714,0.0871205230586428,0.01783300312384623,0.025220155183948878,0.07615146832076086,0.007879017121365196,0.0019409395608072876,0.08712769151310469,0.0004554202232156984,0.08694007539842738
0.08652110512085219,0.06585667465589361,0.0020387119313830426,0.0006483283646362887,0.08278197769823242,0.013238710639172183,0.007855257882763459,0.0030305383003754686,0.08394750203292736,0.00033199639283078194,0.04541047616793769,0.08380616906709852,0.022943401166967685,0.06471883313421747,0.05347948639801736,0.087089475341694,0.01587288870800476,0.01821242400337452,0.07706987593604557,0.008828812556408763,0.001912147460642188,0.0871172620301838,0.00041457219849419367,0.08687337281184665
0.0863393673632861,0.06644636317572594,0.0011865694127374646,0.0004835184376243682,0.08436249895770316,0.012839583538236632,0.012202142222370654,0.0024578417637926985,0.08216111411675545,0.0005299674328061519,0.03599978288554713,0.08505495752999805,0.01709525955192861,0.07114649247223953,0.06301832262539549,0.08691442054099696,0.01342034889011225,0.01954266182500642,0.07472526288875579,0.0073250547463557915,0.0024865374046058168,0.08693965881323668,0.000590134457867256,0.08673213894691564
0.08558362969063509,0.06006251625410915,0.0009674892891033891,0.000641726780022577,0.08418918596491941,0.00972758700886219,0.021001155089702253,0.0028545122627597094,0.08398277797114001,0.0003974158194058025,0.041606289703116854,0.08505918625362438,0.011910258263235437,0.06800601703816735,0.06067228890581831,0.08613093825299624,0.014210004715514528,0.0164079013989394,0.07871280085592351,0.012187204320722365,0.002891844757825032,0.08620062831812368,0.0006716791177484446,0.0859249619675849
0.08499397102031918,0.060669392164879404,0.0013100081759413668,0.0009908807643254811,0.08397817511635225,0.007475991668215421,0.020798808679793265,0.0038780682522522873,0.08398877436050114,0.0003095962884940796,0.05329590937796865,0.08469006625442027,0.01037956213477353,0.060106945758716425,0.055986232170982086,0.08579379131574419,0.01293718689917952,0.017749674064917738,0.07980439358751672,0.015193783396279942,0.0036176004081216163,0.08592139719902346,0.0004885539471955339,0.08564123699408643
0.08434696406851029,0.06118236027779612,0.0009197147791473361,0.0015019843334059492,0.08337017586450111,0.011714592740054234,0.017196863167413083,0.008643893360733327,0.08265637634275391,0.00044196277910334267,0.05542156298678567,0.08410770254040435,0.006310939504940868,0.06448921914737266,0.051708685788175945,0.08525557360304833,0.015597830091187622,0.016980595908392737,0.07896219280292051,0.014385887569154864,0.003917395393844307,0.08534851768052533,0.0004164644860270257,0.08512254478380107
0.08463504124746384,0.06070849513495859,0.0008149152185750604,0.002589064485894052,0.08350846681248683,0.013806069436445191,0.019857087618356882,0.011192952236534496,0.08286244762831507,0.0005513334234472027,0.0514779968842735,0.08399161905369082,0.00501862793206263,0.061874966471453616,0.051138656805503724,0.08528022532099756,0.015331228430180664,0.016285731882688444,0.07456118818726837,0.018718579757890732,0.004624142544423749,0.08539994148624182,0.0006213350450385606,0.08514988695580862
0.08328137450034297,0.06083434842989346,0.0008107646268539199,0.00195805934063242,0.08177449369615197,0.01185378007895072,0.024411119275139982,0.013458294741849303,0.08145540343899654,0.0006486127079658811,0.05742957330737708,0.08329529918912415,0.0064897881606448314,0.05970572900345396,0.05136004453323814,0.08430839955847212,0.012286587789083609,0.014757709257752088,0.0721643196612952,0.022479047318991148,0.0058735363891471324,0.08439334670217524,0.0007965052825599155,0.08417386300990819
0.082874994148026,0.06280127519592864,0.0007134627177003749,0.002045708623230389,0.08239344161945718,0.008192856575605683,0.024487177279230877,0.0074180626322518164,0.08176314107833232,0.0008210317315447538,0.05820176248275717,0.08363127437946062,0.0062807874491096274,0.05601087690501842,0.05291228416148829,0.0841871280355718,0.011357982578680014,0.015929411848021206,0.07853329121880621,0.02396340031905255,0.006429917446762957,0.08427186338761378,0.0007528373394393182,0.08402603084690999
0.08271111675059757,0.0628834320901604,0.00046979955154070966,0.0023707389089086153,0.08103246364774666,0.00872892456519712,0.020235531440294663,0.010691571455664215,0.08068139210252782,0.0009524190751835785,0.057213531041877055,0.08324318938544147,0.005630735445439127,0.06050547365762993,0.056301403665076626,0.08389805648272006,0.010710447319331321,0.012224217513371145,0.07797806713228064,0.02807636451236132,0.005060105299342045,0.0839290466319516,0.0007224753710018097,0.0837494969543545
0.08316447198106564,0.05874614257062359,0.0003021594564330691,0.002000374942464922,0.08194848085690087,0.010674012147169228,0.01880798997185846,0.00949552739031825,0.08117814204062046,0.0014473220545906703,0.051452609889268745,0.08405890275873662,0.004558739482431676,0.060669196772016126,0.061443156683747155,0.08467416576343188,0.009360236294810895,0.012097953641943137,0.08053126389293937,0.027238397639607365,0.0062664142596476295,0.08467204461965327,0.0007061691666353609,0.0845061257230856
0.08291150805892407,0.05992263934089247,0.00020321785854054714,0.001250417828084779,0.0817777967666641,0.011229611324304478,0.029080937816036975,0.010536529828538447,0.07736200212300566,0.0014335784798499881,0.048430264775274665,0.08395799879557668,0.005934214479415525,0.06396460286040215,0.060603563277090856,0.08435068746660962,0.008269034308721125,0.012655803219038583,0.0747339723382523,0.02500956376661748,0.006766728143661149,0.08434234769260748,0.0010742891449896444,0.08419869030690125
0.0820327758786267,0.05194638217047398,0.00029065670851290576,0.0010759294869239402,0.08156432009201633,0.011402342439046835,0.03137591197002435,0.012913924464034107,0.07375193194658285,0.0019368246575366325,0.05694232871940372,0.08392370459787031,0.006341313903691404,0.05837655169485672,0.06213889432493586,0.08416506985165807,0.007059188316026452,0.01759376424374284,0.07387642919651945,0.024735112513172463,0.007068893018201602,0.08414261376811442,0.0013478041961922569,0.0839973318418358
