Stock_1,Stock_2,Stock_3,Stock_4,Stock_5,Stock_6,Stock_7,Stock_8,Stock_9,Stock_10,Stock_11,Stock_12,Stock_13,Stock_14,Stock_15,Stock_16,Stock_17,Stock_18,Stock_19,Stock_20,Stock_21,Stock_22,Stock_23,Stock_24
0.038414313896629526,0.04619719590541965,0.06361117463178503,0.04140141095865881,0.03518405028869425,0.04607536349178957,0.04967782229102864,0.01890705782389371,0.052864074542722746,0.038128709514548186,0.05311199836429442,0.038229721635173936,0.05665682961365603,0.038415391757874624,0.060767991714976266,0.051824182336819756,0.024238146429448517,0.04307493871480273,0.050724438672679596,0.03329786916325417,0.031522762819260794,0.02852808139051423,0.027687706283891195,0.03145876775818362
0.036009681556922926,0.04843673308071504,0.06342117636367382,0.039281145844341454,0.03548373259967093,0.04578646628841777,0.04753926844396636,0.018652451287287396,0.058675021969947574,0.04135153640796654,0.05036702467686236,0.04089590641534078,0.05834222343870962,0.03608807199235802,0.06190094657856494,0.05103927584432612,0.022017109320809077,0.04073018344310257,0.05200325043700472,0.034357895866698004,0.030063717926643904,0.032175914304082814,0.026717164344660416,0.028664101567926866
0.036447241819623305,0.04800910083222031,0.06282253402672422,0.04002412304899239,0.03545971204801727,0.04697509751001331,0.04780386151669882,0.018556647526558664,0.056733981050605564,0.03999385890242823,0.05108154925929113,0.03987846220600626,0.05810311230498095,0.03689526048319721,0.062097146932025615,0.051428824486056374,0.02249424979914157,0.04215008436306507,0.051016987481453065,0.033886624386482905,0.030431341010996014,0.030744636080767725,0.027448053413996365,0.029517509510657687
0.03684243144769848,0.04756774478718724,0.0631442099468424,0.04033014231954444,0.035434699126978296,0.046588171092428944,0.04808337522267765,0.018419953534480334,0.0559838774606059,0.039497047787310974,0.051558990982348035,0.03954558470576977,0.05780092944860827,0.03702167537722935,0.062093969294401065,0.0518992553304389,0.02264161709302741,0.04235139516323557,0.05100239154895371,0.03390054967434276,0.030589274099898926,0.030276514527167238,0.027572657155191804,0.029853542873632535
0.03485333025954304,0.04909583414595093,0.062193614441802006,0.03875177444587003,0.0361003160131155,0.046325640927861955,0.046146879226664536,0.01877447420376267,0.060805869434924595,0.04240544793365019,0.04873472458617921,0.04216779029582001,0.05905181597058399,0.03482609916509361,0.06266646165800328,0.05055416874487321,0.021266253311534238,0.040113357507228616,0.05177148368342448,0.03537088851114354,0.029592604844724462,0.03415389045287773,0.026742320778551883,0.027534959456816284
0.034137046485167105,0.05190818444677613,0.0633831420680062,0.03446543281516564,0.03521321338138302,0.05011332940376854,0.041164477202039765,0.01709814387276455,0.06565340720472172,0.04438281429919795,0.04586652513816609,0.043766767453956974,0.06125417713594631,0.03444496273459087,0.06585544909449353,0.05149753248131884,0.016982988824624637,0.03997679404288707,0.051734558764593534,0.034224494710210426,0.028491749382450818,0.03512529308392555,0.027180623114611356,0.02607889285923337
0.02880192398191255,0.055222020419247855,0.06115601108487137,0.030281292027366524,0.03559830633708486,0.051257025033899534,0.03645863820965342,0.018083200681743992,0.07173894625620661,0.05098043031304467,0.0396781646074951,0.04984697669588733,0.06378110675993708,0.030863923119780524,0.06770850611608722,0.04879397828160435,0.01419640843270496,0.036864182466967196,0.05195753258603623,0.03796752530499516,0.026345977980516532,0.04389256762630694,0.026750353759834245,0.021775001916815747
0.028837902274236236,0.05609265639420731,0.06202777039411058,0.029543185912989895,0.03568324998056989,0.051388328998104735,0.035497006928563904,0.01717865074654209,0.07262144699082605,0.05124932558268797,0.039065856590024844,0.05040049692649762,0.06401740563119637,0.02994776218464799,0.06833930173663662,0.04931679544790671,0.013185112716271655,0.03634841156746881,0.05266900595958583,0.038098978667945836,0.02586269953835525,0.04421770991155612,0.026796986545664703,0.021613952373402974
0.03138630952053082,0.05350614288203473,0.06263862487292969,0.030996746244880316,0.034896507033570855,0.05113886071656792,0.037600501115503455,0.017515960772953827,0.06960868551020928,0.04810594904520184,0.04164203032382179,0.0475123806774417,0.06245560122586746,0.03211349313067213,0.0678267457614363,0.050748998817312506,0.014364756512413061,0.03859632049795963,0.05087981603179895,0.03687154834871122,0.026899098383817682,0.041115092661587145,0.027442972270502144,0.024136857642275546
0.029013273223473624,0.05786861468096795,0.06187495953315884,0.027395406113331452,0.03629054615679331,0.05424339808301743,0.03229154227897151,0.01671591641485432,0.07433108700513363,0.05299758320387056,0.03710008461412675,0.051323572202266673,0.06544862252677433,0.029963457680079342,0.06914080653485623,0.04832968437867788,0.012271069697958858,0.03543540354535954,0.05260596499846323,0.03714098895147262,0.026537809042512156,0.044931935924470756,0.026081428955386815,0.02066684425402221
0.029884315486722157,0.05574012066931215,0.06189623021858676,0.02973554292265816,0.035680632454536496,0.05235720695341723,0.0354942002562456,0.017232611894537335,0.07222495520264445,0.05073695722001623,0.03942598012900005,0.04940526292788008,0.06412736344220422,0.030718210246093905,0.06846492987584007,0.0490833550980139,0.013415611863401103,0.03682324816866522,0.05209413479811835,0.03709962225906099,0.026527765515829332,0.04334639407601547,0.0263583071670246,0.02212704115417614
0.03696954067462127,0.05044988623411726,0.06579418234907686,0.033966144150916144,0.0341698292467177,0.051535359775151446,0.04192804095734129,0.01582913828322115,0.061841011294645226,0.040765494872718626,0.04885142724380876,0.041148365643701994,0.05975629536991127,0.03736563654570147,0.06653428286494004,0.053948249910160416,0.017052405925439613,0.04281425924416909,0.05008659799151188,0.03202128391740494,0.028912936998816027,0.030573503966021202,0.0284876335508657,0.02919849298902062
0.03270904017997979,0.05155621564451212,0.06375131381373358,0.03431663020563206,0.03547274253354429,0.045652130985685394,0.04297728446934754,0.01824690407659781,0.06590210564988387,0.045992919553089186,0.045817600637588815,0.0457590513942036,0.05969505622638284,0.033158792865451446,0.0641434632302898,0.05034005670186148,0.01808978884628162,0.03816359726490654,0.05295595433854079,0.03676739206375022,0.027531342505442775,0.038473922419171774,0.02666601362389902,0.025860680770223642
0.034103010354411656,0.05471514987809187,0.0638530766525758,0.031499148537213875,0.037068610679552805,0.05302647488935178,0.03803597727499116,0.015071104472917929,0.06913457943272568,0.04531049529728062,0.04516090376245316,0.045467678288318505,0.06345394792390288,0.033533615378069044,0.06661180979598291,0.05163794339675892,0.01550339856748455,0.03784864302247688,0.052705794613954284,0.0324009634702269,0.028130649298552385,0.035234167981674024,0.02631031669626794,0.02418254033476447
0.03222892264359213,0.05485844644615456,0.06054620401573705,0.032417429398226845,0.037856265823761816,0.05436223980255845,0.03689131964458036,0.016274660216574772,0.06931696293356193,0.0458048127483987,0.04321903713689816,0.04654423106669328,0.06398293769033428,0.03276510066809734,0.0669617979100127,0.050754950699088856,0.01567625381685733,0.03862879447836175,0.05087280372592887,0.034070265998521004,0.028096288475756622,0.03750085708918224,0.02740999293541702,0.022959424635703943
0.02966329411124134,0.05453445970249144,0.059572492157073026,0.03458315074856188,0.0383759792367481,0.05134316774091158,0.040431061687398,0.015641438561245766,0.06940184985842104,0.04618094003627285,0.04498746021424811,0.046970173887010844,0.06477122530412577,0.030502530441126087,0.06699878893514566,0.05087424548405293,0.01706107816897849,0.03743390346852816,0.053413555872147536,0.03515144097316316,0.026666923816426404,0.03758095619076253,0.02624698843530608,0.021612894968613225
0.026276419397071298,0.05653041358430569,0.0612520420355149,0.03043764965078373,0.037196123750191615,0.0490790763560441,0.038096264322830024,0.016206239585343802,0.07264668382354629,0.05065543201922928,0.04076739398594774,0.05188839098168496,0.06461935194599669,0.028181084866556256,0.06804926747270132,0.04975345554139122,0.014165704641934429,0.0359144770814075,0.05430450716799711,0.03878028763059321,0.0240662842806682,0.044391128647300125,0.02677416451957137,0.019968156711389125
0.029680566748616476,0.0558963204196927,0.06050046137883007,0.03295320661436091,0.03879089672167123,0.05275369953981977,0.03892569229950392,0.015119160509763899,0.07167239338138419,0.04839772250975578,0.04281847478379973,0.0472939709497449,0.06544529524078012,0.029847505711138412,0.06744405340321426,0.04985950724835106,0.015858552515263115,0.035972083988264444,0.05447956848415821,0.03519638275841671,0.02615754897670424,0.03902193159347731,0.025417938118296842,0.020497066104991704
0.03595858995580006,0.05314792753461824,0.0640111178791089,0.03366214020051084,0.034279642229998596,0.05540558415327443,0.04001558294055369,0.015178166782025364,0.06356217761471127,0.04052763415576714,0.048555636034352714,0.04110963513864959,0.06280109420965718,0.03732962722812362,0.06723303208405723,0.054330523183286426,0.015630775894977994,0.04355053151495048,0.048863704986245544,0.030202221138064193,0.029662320971850543,0.03026116695840292,0.027650144619540185,0.027071022591472833
0.03556642715273641,0.04805695129095246,0.06474346440618388,0.03640844945120905,0.03119115143369187,0.04693305025011897,0.04495711299657257,0.018726591193928367,0.05902917174964017,0.04147345754233386,0.04897790845424671,0.04233546666016809,0.05781465593428633,0.036844307183050144,0.06591632520893646,0.054512109564801334,0.01742193477199235,0.04423350196607712,0.04714101774473293,0.035491726479449204,0.029053394759730726,0.03535043468615257,0.027779346518971435,0.03004204260003699
0.031069745640929628,0.048474799085901604,0.06274214434499774,0.037249742705391956,0.03475897508907927,0.0414981114351643,0.047378869756909914,0.018657353846453267,0.060863717842404116,0.044124877059234284,0.04760557369201975,0.045335708342401665,0.0575768735461376,0.03209236136379959,0.06520644042221423,0.05281870381590039,0.01953999892809927,0.04125782799370257,0.04986929997842627,0.04009308281027268,0.025798702841818785,0.041218570967587215,0.02790580944904366,0.026862709042110272
0.028455499559765236,0.0487321962715569,0.05820208359410151,0.04263038074879063,0.036493207365741034,0.04149673106964774,0.050693423775156815,0.018992160464667972,0.06096152204800636,0.04407719747965351,0.049885387915748536,0.04521304017300817,0.059965975769694126,0.02976749727525046,0.06341141166684743,0.05103877472279742,0.023010042405268098,0.03887219637288751,0.05215261537192901,0.04025560058273678,0.026110489433239643,0.039554686020570044,0.025878566624648703,0.024149313288286373
0.034403770343711615,0.048112184207680236,0.06088858004234301,0.042284341266062765,0.037360571586245374,0.04551696466200649,0.050143182600875726,0.017494774219920035,0.05565070050322947,0.03833223231437646,0.052281319605650495,0.040506941049423456,0.05873011814348232,0.03452214911872554,0.06169223210929645,0.05291695777979332,0.02384688694884534,0.04213034814961,0.05127907475118059,0.035363183819061464,0.029430106580265552,0.031379004957273054,0.027983612380570483,0.027750762860370738
0.03667566204767736,0.054544778399282075,0.06696038831357312,0.03258958683148231,0.03590853543590236,0.05242015407478324,0.04038927846873401,0.01358775874058751,0.06733072975054055,0.04221862428557043,0.04702844092818847,0.041915774931374744,0.06321829342511692,0.03562938500035688,0.06671352500799083,0.05296229588802794,0.015655519087475228,0.039750765872980806,0.055382921720540254,0.029069375586479165,0.028890567271084803,0.028980857104212037,0.026207197946707922,0.02596958388133102
0.042053059770770035,0.05393727329252261,0.06706929280617842,0.030166227627208782,0.033615080733509925,0.05975437552411186,0.0359562882068138,0.01655103184176365,0.06568338001992449,0.042614043903154014,0.04483506945386842,0.03798623807768108,0.06344715024348382,0.04437895314610393,0.06498226953671,0.0496217426957436,0.016194744931442323,0.04160911050599467,0.05163671070137787,0.023728213802303506,0.035047011677842056,0.02583074998618291,0.024307334702918754,0.028994646812389474
0.040993263002475355,0.04975703052627145,0.06976164675721236,0.035338955729261615,0.03252639878683938,0.05018708906133877,0.04599380314353223,0.014759871917493993,0.05638448419148446,0.0363502151248537,0.05458334507476486,0.036746385459276006,0.058993542937918676,0.042025965913529355,0.06360823182575324,0.055596928111978236,0.018427225318838485,0.04421772767030043,0.053560615339169504,0.02742773495681808,0.030812216676792816,0.022095674528447563,0.028052622920324906,0.03179902502532452
0.04006074323854464,0.036781242551161414,0.062453662658719454,0.052873451909324465,0.03376615311632884,0.037221278435231646,0.06329849660055799,0.02069846142840909,0.029484914629295964,0.0283592473702924,0.06488115374092908,0.03327587944708648,0.04847265883786056,0.04084862510206017,0.055719470883195,0.05728805894689102,0.03504392055534358,0.05093595767424669,0.04641399793664941,0.03692369738038107,0.03222196067960664,0.0228341548667239,0.03160368392367833,0.038539128087482145
0.030713223710571606,0.048285481952153396,0.061478544350461954,0.043326235038813485,0.03660537355308208,0.03869491321182836,0.052567659163251845,0.01844593275066464,0.060265846179563536,0.04320616769603296,0.050234781822549354,0.04361918186092048,0.05882946308932944,0.03003569606988972,0.06258941039018534,0.0506573046417955,0.023031985561931617,0.03849318361075471,0.0549840202252577,0.039642277219502656,0.0260266482662542,0.03720328936770132,0.025776032450320566,0.025287347817183555
0.04885046353670702,0.044646094118041,0.06679854687196468,0.043170197020093844,0.033918886184454045,0.05558820119168134,0.04860058182539285,0.01686952551048111,0.043087928823112444,0.029970007302326834,0.056506409568465886,0.028448322436193642,0.056349400451316416,0.04713388081292527,0.06024024820801833,0.052799532364536085,0.024629974240377966,0.04829266356163332,0.049593026409480545,0.023585169766820215,0.03815140284262426,0.015831743600871764,0.028290835741279517,0.038646957611201606
0.03878836572108,0.05056365734778418,0.06425049113413854,0.03810844797712482,0.036763427344686433,0.05030636282490298,0.04377805889423284,0.018125848448084042,0.06186547595593485,0.04169631206397905,0.048269322793873096,0.03901302653936481,0.0597579238595514,0.03756617909010995,0.06146527234176595,0.04867963665115587,0.020713569586901515,0.03932484990813141,0.05503988310461098,0.03097037487683204,0.031962170513206975,0.02790265605563332,0.02654854814766884,0.0285401388192461
0.04225930766529823,0.03742470560339056,0.06660940374251158,0.048992669085718976,0.030913490338119597,0.03705223482107427,0.06137760479491428,0.02137145324498026,0.03387355239651,0.031252933996021144,0.062337139550783974,0.03384386605769525,0.048481008734500036,0.04273794089210242,0.05608517300176453,0.055035254712527314,0.032470269615635136,0.04889951318292096,0.04917944742156733,0.03475862463417493,0.033177961152706915,0.022561089301164412,0.02937283584760116,0.03993252020631673
0.030632595919338285,0.04878342478412899,0.05687071382874715,0.042029519981393426,0.03911139752294133,0.041446127215581115,0.04779221734053886,0.02226473562073149,0.0627169239747514,0.046963273910407964,0.045873003653928345,0.04447469043080592,0.05895257773861373,0.02970158892783061,0.06062310788801419,0.04622930760005261,0.024316368450579627,0.03619880142177953,0.053130658156147585,0.04134731340637643,0.028134784058274912,0.04245240192295586,0.02570124309728437,0.02425322314879627
0.04875587239879807,0.04256864363585513,0.06955008425837568,0.03814329178002231,0.028094980981169453,0.05336125552777309,0.04761778897088091,0.02065197271043706,0.04107828324350553,0.03274287226989043,0.05497446426239582,0.030317747310437234,0.05241353715690484,0.05136154465560915,0.06062703075976993,0.05308573051562584,0.02258243792071085,0.05142809581991951,0.04453884803057323,0.02583711170564253,0.037999363582546956,0.019249570507592458,0.03000331300846057,0.04301615898710341
0.03771833585970309,0.0478506558100655,0.06723414131906987,0.036068802992601755,0.03231817246758224,0.04454981218103888,0.0464534098050131,0.020031164395581086,0.05968061938371607,0.0437508303460516,0.04897727753066292,0.04085838247948696,0.05669826998536951,0.03914123324929749,0.06189098840448798,0.049472259845220676,0.020380881943428616,0.040852249510886784,0.052960059106036565,0.03354332901327094,0.030321811772174308,0.03209268211829764,0.026389923076588072,0.030764707404368343
0.047674143300626304,0.03637067618207613,0.07098472984994027,0.046893279538662395,0.028009027870817,0.038081246387203095,0.06059237833610378,0.023051026835010893,0.03190376672152263,0.03188058278893728,0.06212030090295565,0.031123922448450914,0.04610869922724495,0.048868277652405666,0.0532302229100326,0.053216268318688184,0.03245707678686499,0.04897667251636627,0.04877056854238913,0.030423571338364385,0.03743504416200676,0.020274109007501265,0.026919647351240424,0.044634761024589034
0.04872632251601108,0.03622063417691007,0.06452170855031314,0.05540983198888792,0.03775650965617898,0.04140937795075245,0.06367220442476419,0.018963884486709656,0.026834601810799007,0.02584673562231824,0.06751313151970308,0.026670512159049573,0.04761470540494899,0.044369204467812694,0.04920751939983205,0.05311357534779111,0.04045351038152447,0.04720884964042963,0.05158063707384323,0.029681865966434698,0.03677840364288679,0.015280246262172555,0.02937596393690986,0.04179006361301655
0.043488013248827874,0.038350589332829456,0.06476423417320296,0.05197099686904022,0.03482002169355178,0.039502968527232805,0.06237664113555343,0.019872947062819044,0.03412114528093746,0.030753594221940465,0.06301007293564631,0.03127330031526182,0.050870375684497975,0.0419360616724702,0.05410717124597558,0.05295387779197279,0.03556846462212166,0.04613485483014918,0.051599681931541574,0.03241227673685062,0.033949305413238845,0.020551098438423863,0.02724433838329581,0.0383679684526183
0.03427249583186262,0.04791656703496283,0.06098694977593636,0.04253260445072195,0.037580654270597036,0.04166877236407069,0.049481363485243055,0.020415243725077196,0.058468058159477504,0.04226248588324057,0.05037623402486813,0.04254531636618362,0.0570948064034248,0.033401682084748585,0.059764205865531675,0.04799937050450735,0.024743960579114165,0.038882629877250975,0.05411993038783443,0.03746035489031538,0.02898546706346173,0.033857884901671534,0.027113176907153553,0.028069785162744266
0.04972533400154646,0.040944539431458114,0.06627576882967906,0.04530956175901821,0.03469135490091238,0.050687881530757,0.05354965364691417,0.01944295338263349,0.03778778224012773,0.030787004968419133,0.058299331336221755,0.02884236509095147,0.053087987493761986,0.04899136175238296,0.054774121954123275,0.05039177984279009,0.03238622108767325,0.04708716837500962,0.04961947692462056,0.024621918184180764,0.03955980579215067,0.017025685981923954,0.0261563953323423,0.039954546160401595
0.04109454405538302,0.04383087747883588,0.06197059464713577,0.049774529858375285,0.0379652983374841,0.04526524697079993,0.05740622705550814,0.017427026267749165,0.04164623888840152,0.03202986218489642,0.06175289461914472,0.03249466782818055,0.05590584151573718,0.04069773355106934,0.05452875390065988,0.05130830370196335,0.03377227476304902,0.043781841815130604,0.05496427935360276,0.029549025069025098,0.03390425779028687,0.01863191659547186,0.027102473117842526,0.033195290634267016
0.04349256565241562,0.039519754151446346,0.06360628525403904,0.05204814625310992,0.03582363300536919,0.041788760804855066,0.061684961280760064,0.019636380181166202,0.03362767880796056,0.029516956345935985,0.06357257800815945,0.030954122194678232,0.05139814212312304,0.04310817045586582,0.052821533586926844,0.05242598848053228,0.036323157185021215,0.04726036948669867,0.05115206607843121,0.030632117181618495,0.03499312361499868,0.019148597651046026,0.027514172281936138,0.03795073993390591
0.0519940581660164,0.03465072743548177,0.0676469241848111,0.053596446216004394,0.03237410815076597,0.044227687591639066,0.06381875116792922,0.018378012055286906,0.02121572378917339,0.022807027475426015,0.06880797284725057,0.024267613945057703,0.04639971968440845,0.05094699534139428,0.05099623619456824,0.056433204666654115,0.038211170435986326,0.053521117271436124,0.04647383815495468,0.02573752358065596,0.038869385953226136,0.012714620643382038,0.02938027881465967,0.04653085623383149
0.04448786024462803,0.03932761506946996,0.06594094258148835,0.045674347048182184,0.031198948017890162,0.042677397268633684,0.0564347600752816,0.024012211100596342,0.03705629054699461,0.03473129324906313,0.05724542218097224,0.03256948563641121,0.05024568483766048,0.0467850212574563,0.05503927863618223,0.050598817494557254,0.03125998196812417,0.04789707334139751,0.047166188570517305,0.031433768421028255,0.036545410005546265,0.02463688425244012,0.0271738651552822,0.039861453040196414
0.04358662862166455,0.031545117486098624,0.06329509749314699,0.0601397488366706,0.03301270011395461,0.0306591569855351,0.06997952209775705,0.023464907994463654,0.020635393086917992,0.025664055766815966,0.0696728408219256,0.029971475257460273,0.04276392099690817,0.042414858728688665,0.04840305948686182,0.05585463773359439,0.04357674887898018,0.05043864354588244,0.047541398703709645,0.03784123002461327,0.034678737300657854,0.019846560042791672,0.031098974454693413,0.04391458554020747
0.0384174305501409,0.03218358862986425,0.05856293463022585,0.06009028273074549,0.035088427016728686,0.030206599092022494,0.06977178998545858,0.024476707413827445,0.023393593804322745,0.028168699814467762,0.0665971400822402,0.03372909678093372,0.04442218983784133,0.03889276858138167,0.05073666270893428,0.054389947031182315,0.044723412230906374,0.05006883956499126,0.04595177088751499,0.04178959446129392,0.0320570095146045,0.025666529338933798,0.030669336327367295,0.039945648984070145
0.032299936678671676,0.04538792962624024,0.059362361147158066,0.04490734592295641,0.038106395996438724,0.037003059080309215,0.053783508614239216,0.021901555623321932,0.05711800208485269,0.04399968191865146,0.05109869857475733,0.04285350605983984,0.0569140527037903,0.03152453577545353,0.05732159960601626,0.048113896925064265,0.02905497085466842,0.03631882352455391,0.05398369619903034,0.040064902524614435,0.029608060981956737,0.03876367028744646,0.02437980320455161,0.02613000608541695
0.04107223705785734,0.05166375497872362,0.06548941152233362,0.03404422649847888,0.03445453287134908,0.05712075059725199,0.040514269390044454,0.017136049659328776,0.06106847403771283,0.040622665954968516,0.046530159901766975,0.03706948083209133,0.061199810942140234,0.04232541219752086,0.06452653889598424,0.049540549898351806,0.01855346122708861,0.04341354644312347,0.050764779934704844,0.026340268636155365,0.03321901680436939,0.026137694703421685,0.026258944440461875,0.030933962574770213
0.04096266085612997,0.04628057844478901,0.06904846351286369,0.03843038392324689,0.031035870087533175,0.047160386230890076,0.05036830768220879,0.016220833027442812,0.05150763354030242,0.036529799419091784,0.05623641351497387,0.036239287728071,0.05676239641352216,0.04178303030841546,0.06310421279776134,0.05509306751982885,0.020920772084595158,0.04566343193901897,0.051422471083790756,0.02993928129743653,0.030646941637948264,0.023665400474932968,0.027226063859671037,0.033752312615535025
0.03986359701599189,0.04100130096359218,0.06802178150150585,0.041117567133907774,0.029319429681561687,0.03827569254767153,0.05543087136481892,0.02260120615344617,0.043204891162911985,0.03713458217539878,0.05701904551933548,0.03795884268688106,0.0503853515946986,0.04308159220499438,0.05845949447783344,0.05381367583361554,0.026110001611335747,0.047161171951371476,0.04771725965132209,0.03560980522349119,0.03137741289974377,0.02976526023857818,0.02814039043318958,0.037429775972802684
0.04467501633717434,0.04016218937188388,0.06663422665599916,0.04903234640625544,0.033268798824325096,0.04286715851054846,0.05868977562102516,0.018532057745420674,0.036399434789790956,0.03088116695360539,0.06188085444479047,0.030650229566237502,0.051995076460243,0.043021810699965246,0.056611742414086126,0.054894655144473635,0.030946980512189217,0.0469822430206837,0.0500804040972661,0.03037821762986566,0.03507850410645215,0.020264436932839337,0.027478772463805458,0.03859390129107384
0.04262997940967338,0.040216997037306246,0.06340705498323376,0.047872041279916934,0.03462956771936461,0.04484101227518535,0.055853927121560495,0.019849569785994864,0.038718878430593844,0.03204628528593052,0.05908316602675096,0.032887626775616234,0.052277927159957376,0.042159227533128125,0.05841797883087916,0.053605745705602816,0.03055996123637005,0.04755579433555201,0.04729230005465314,0.03272785141974507,0.03397445862821251,0.02314802907461648,0.028973902691330693,0.03727071719882539
0.03207052127011001,0.05323164902944903,0.06175936489781579,0.03591571056652045,0.03688589505849321,0.04644814924826973,0.04137649921502219,0.018918626638564553,0.0698117514608433,0.04898421546547087,0.04347631567173803,0.04719851287897681,0.0625411376424506,0.030782224787350373,0.0636816198446843,0.04742112964641152,0.017954973504634337,0.03430250048925832,0.05596795971341169,0.03622398763533607,0.028682360343085116,0.03961752316789636,0.02400848163266696,0.022738890191540385
0.03461329019016396,0.04875284144832566,0.060145904088489445,0.04216602903783651,0.03920826924167432,0.047987868770049784,0.04863980069933491,0.01715459684711778,0.059593450325056245,0.04054650876999379,0.05069434069029024,0.03999247960793933,0.0608847424502029,0.03370181854658814,0.06234815408328551,0.04979193348670167,0.024611805200025965,0.03931345396792309,0.054361984017599334,0.0336493480737065,0.02980149854171169,0.02944530379686874,0.026358536940564187,0.026236041178550308
0.028508216358147112,0.0590625250277518,0.06217133722246259,0.03183031591830271,0.041055959376141093,0.05292577665155763,0.03767648793235036,0.012986044337710096,0.07489944246273529,0.04985142834857935,0.042235415247490624,0.04849335026367769,0.06741805202802896,0.027519886306250293,0.06789498765570808,0.04933594248363705,0.01473300290881819,0.0327223468049505,0.059588771942271135,0.034004937044204174,0.02436091192731323,0.037442086083265755,0.025008883024784906,0.018273892643861405
0.03970788544474169,0.05168164060091325,0.06670425124469723,0.03298231929051072,0.03142404294726909,0.05565709630656724,0.04081281898167989,0.016738137612316836,0.06252799858674829,0.04142560582328397,0.04761956466802307,0.03880580209952739,0.06167699703511448,0.04091980807086161,0.06680654461943274,0.05145697830941514,0.015974506460099947,0.043877300893264796,0.05010481501752089,0.027762190362181857,0.0313996973940402,0.027514721798088688,0.02583101355132572,0.030588262882375254
0.04902869633667471,0.04361635383483548,0.07313644049573666,0.03590173450930888,0.027922393781102773,0.0507384320216035,0.04698746022365313,0.01675577751689583,0.043589324166309236,0.031316071200026045,0.05745664488797762,0.03181773285121401,0.05150177208782484,0.04943571577991572,0.0627110748535164,0.05786659618366377,0.01920891508377329,0.05108288763884015,0.04668450037360479,0.02638583584615315,0.034703538278075007,0.01825046129575854,0.03160162251466233,0.04230001823887413
0.04002159363157754,0.039255242616598386,0.06659979943633135,0.045420548097237,0.03000511527341301,0.03607485527532004,0.05873661386221351,0.023163867475382325,0.04026544891361487,0.037108321216525915,0.05782415140769933,0.03672208015711173,0.049589962758798595,0.04167182696839908,0.0577966116087556,0.052605552260050564,0.029405201812280367,0.046240985904312366,0.04777683533986425,0.036668727407595234,0.031934485464034684,0.030459656618472213,0.026405956640411107,0.03824655985400094
0.04324747066706141,0.03555192052214288,0.06199943199208107,0.05771751391609948,0.035194533642127275,0.03556890710632831,0.06565950791249422,0.021906270538500448,0.027873984470327108,0.0284621603614493,0.06594162934520845,0.031205075824820808,0.047229910797305624,0.04118494202309472,0.050948994477655725,0.05335326338190922,0.04034009306307991,0.047557306039329686,0.049259291077198876,0.035374173825938285,0.03499512007688667,0.020970750650253375,0.02831005658423281,0.04014769170447433
0.03209470315668963,0.04482731347559575,0.059915291726647335,0.04918238495727254,0.039620459390728294,0.037340358675653225,0.05881181163477864,0.017075617355773284,0.05060127582046114,0.03694454119674219,0.056778234531151245,0.04012982442989871,0.05699879617684436,0.030832724139708473,0.059634944818602265,0.05297628120892466,0.030289575480913277,0.04053808460742507,0.05481203421730481,0.03862150696067547,0.026712532400579553,0.030865494673965547,0.02696833777849006,0.027427871185174476
0.03703308327689702,0.046154443167564056,0.059867011620129286,0.04872004656408431,0.03959379495045219,0.043524455633140356,0.054961165304485325,0.017450092716277555,0.05097727681120101,0.036333916111259065,0.056710759999912666,0.037372488877001724,0.057982048155128536,0.034730715889047414,0.057976689919074134,0.04990296381123877,0.03036816805142902,0.04055008547039625,0.055537236993482446,0.03336414176889197,0.03077613241513925,0.025368640575872715,0.025827156297940967,0.02891748561995395
0.0387415408565658,0.0529100217441417,0.06270161827565042,0.0332426528203378,0.03637915085719658,0.05688645555506608,0.038852426440603195,0.019046837237922755,0.06550482417261567,0.04530673718825236,0.043857334329465134,0.0394494930473955,0.06330329404790574,0.041183755352038595,0.06232604680781478,0.04620036843793797,0.020149649082229094,0.039140038365495455,0.0522875396260957,0.027131787396842223,0.03456388442257718,0.030482598607489867,0.023680394821217723,0.0266715505071427
0.04129879780103441,0.05041416176549165,0.06810965463744574,0.03618725893329046,0.034345748524377114,0.052387642772036745,0.044837309428901614,0.013966709227151413,0.05638216751106472,0.03541564330402565,0.05433067328852134,0.03623518850080551,0.05953721092903506,0.04062419989278831,0.06395670712000284,0.055343451626335124,0.01860187131747468,0.04454414758656325,0.05271602140579192,0.027532457971211212,0.031053873198089346,0.021715203000707096,0.02885590098115026,0.03160799927670453
0.03843547704676123,0.04490949732942519,0.06562827133114699,0.03793163777448701,0.0292426795926912,0.046326091169472734,0.048964913185093134,0.021807378385336338,0.050506831865406485,0.03940442975244602,0.05220798944633581,0.038951578677259055,0.05493560425961951,0.04339330045485932,0.061665567439416695,0.05305944263246329,0.021960743741276878,0.04699187060039267,0.04564106982923503,0.03306075427800485,0.032244625635707444,0.031157049187470302,0.02736424870060055,0.034208947685092264
0.03463203226999948,0.04359172052958319,0.06365981963744313,0.04302740127957122,0.03296149731962841,0.03879642684191101,0.05399668424214032,0.020787608554995958,0.05031965168927059,0.03927103670559301,0.0543057187487608,0.04053626201391131,0.05435063709877304,0.03628586314400379,0.060882442811195085,0.05346507941513876,0.02479927865827496,0.04368971569901062,0.04928390541793924,0.03870243296002516,0.029087255853970713,0.03384577666984031,0.028411880088770592,0.031309872350249304
0.04235139580021419,0.03734424617824341,0.06454779182344808,0.05197273378419401,0.03331907342458231,0.038529566133570184,0.06179752582373302,0.02035714115588298,0.0312645639445127,0.029035620035917,0.0628172076374072,0.03220214527633441,0.04848434834725077,0.04164096436751395,0.056411399684654466,0.05577504652017809,0.033141439854184086,0.04998055614618487,0.04733692279577501,0.03504961701237608,0.033320453764984,0.02238867473463903,0.030489908791436735,0.04044165696278342
0.039908184943584314,0.04343475107014739,0.062167559120006814,0.047015163878640236,0.03749280356416669,0.042581879089344916,0.05448475648348426,0.019774388959347477,0.04879291931608402,0.03707466025477845,0.05564711747814877,0.03649169061948116,0.055404187581994745,0.03725652055445842,0.05734355473692672,0.05001475720280267,0.0299447729211495,0.041222009474074825,0.052693303788029264,0.033894568393215065,0.03270201768627117,0.027510310942781366,0.02575126712776415,0.0313968548133176
0.042200609040835835,0.04180854981794556,0.06409592246631818,0.04758515270413532,0.0345569934582553,0.04490352666276691,0.05618758577765867,0.01820300813064133,0.041271176028232374,0.031689491569047636,0.05895755614964057,0.033282660500835726,0.05415680616978006,0.04034302013404882,0.05960835956440464,0.05420845015001087,0.028468792498299967,0.04692304074184674,0.0498891980124897,0.031886689407763194,0.03285490111293584,0.021975282547931584,0.028709232222378506,0.036233995131796655
0.036299241120440924,0.046843328778927086,0.06132915641710044,0.043731535142657124,0.03917155502186691,0.04135376264291064,0.05185624620316205,0.018957719262707416,0.05605084165095957,0.040692985212879854,0.05263045466101383,0.03983145415477487,0.05711084694698666,0.03323244191385899,0.05832244214404603,0.04957580523129764,0.02738585583935293,0.03793099954557012,0.05446224786984586,0.036195178595263396,0.030403530528585923,0.03293543371747,0.025421426695076722,0.028275510703245032
0.04290660085407805,0.04542859499894536,0.0669367700510129,0.03691065301941394,0.031043304756362668,0.051235147836745806,0.04580411599961708,0.019467816037651162,0.04974154229444791,0.036062451314069176,0.05210496673936864,0.036072545964624864,0.05501747217946343,0.04500018430582847,0.06293886476945904,0.05341623569460852,0.02093301272269868,0.04808422034953669,0.04657592787523859,0.0296280399788436,0.03327828654133722,0.024789849185528418,0.030019558123932207,0.03660383840718758
0.037527709535260904,0.05434556468009238,0.06596397971820196,0.03257835785745817,0.03640412014898275,0.05217221462963953,0.03915852472698918,0.015432932457367302,0.06752565605333637,0.044009672216038145,0.04600487941016732,0.041948585660433406,0.06244554125211748,0.03572725653129824,0.06510977075286518,0.05023761294932015,0.01620021297752057,0.038412149224461276,0.055032703296594966,0.030270136227627108,0.03013082432577517,0.03082406516991834,0.02596808117666858,0.02656944902186552
0.044630182013219666,0.043089818488187305,0.06887994092640598,0.04111404820740307,0.030983345973747578,0.047456581687464534,0.051685752158377445,0.018135418026711026,0.04285300344905043,0.0322589036050731,0.05838385186471658,0.033505331063651056,0.053466115999423504,0.04615523962761722,0.05956711670028872,0.05533847577162737,0.02462231328280703,0.04852944498695335,0.04838236061489815,0.028430663479988374,0.0348882413514297,0.020408716168110526,0.029058615007755348,0.03817651954509293
0.03813440170437196,0.048564057863296824,0.06404239145206843,0.04060420458132001,0.03685762585633842,0.04910447287419625,0.04873762091985006,0.016576383364923394,0.05515633662018405,0.03723347802346383,0.05395420352476754,0.03749319013230008,0.059212095544999205,0.038664204879562875,0.06101276263780649,0.05220548943909978,0.02336736808386674,0.04249133034854945,0.05347046259704355,0.030298791583162964,0.031114717371023292,0.024998166415045753,0.027491053342588653,0.029215190840170394
0.04204196418875835,0.042107240092012256,0.06538732837496808,0.04557906807021136,0.03446434934515713,0.043893061186740495,0.05536295919512231,0.018552028383787077,0.04408285325758809,0.03384862317293549,0.05801027339616192,0.03399845690526916,0.054176194667667994,0.040269590122812615,0.05947465590119954,0.052976818197613525,0.027729946714836935,0.045235494343571846,0.05075813339213268,0.03241569825732476,0.03271634266576313,0.023705784170643247,0.027590597061273377,0.035622538936448636
0.037378331641616504,0.04640758224975996,0.06218777854587804,0.04225470071617071,0.03590035291803911,0.04752234615998668,0.049372000493965416,0.018303953723888756,0.05323178035123019,0.0373626194840109,0.05330308452028373,0.038586214274386334,0.05753417715700113,0.037263443062149966,0.06186818758108697,0.053215447700118074,0.023605489681683335,0.04340831383000861,0.04949826040570174,0.033735732399260636,0.03082054610806136,0.028998992768140296,0.028134106325564,0.030106557902007548
0.04021507571547608,0.043613768144430055,0.0627438196331615,0.043123642855672585,0.034047098781287144,0.045806250987397115,0.050337931551037066,0.019834273487196605,0.04943040816237455,0.03697898517150153,0.05271938217319463,0.03706557263007413,0.054920481919695265,0.037391100678041515,0.06292019548806849,0.052556741061036756,0.023611785393619408,0.04490719543899006,0.04728337915865396,0.03578223718095754,0.031322431268824974,0.030107168050051033,0.028768726260643245,0.03451234880861476
0.032873074467113045,0.04896095170739153,0.06156423024227839,0.03964629783734591,0.0358416284678968,0.04518288070247884,0.04682241446308996,0.01828258226662226,0.06044065908463869,0.041833015913867955,0.049130506980735254,0.042737560430845374,0.0588576728261384,0.03327045665027694,0.0642485432462904,0.05172792566526045,0.020832417921467457,0.041142292280666105,0.0516607100817623,0.036900862730666666,0.028047171064193663,0.03445408002363378,0.02811811200944612,0.027423952935893715
0.03718715286131358,0.04815626798843204,0.06326691537473143,0.03780873078795818,0.03462110351062718,0.048342764589478844,0.04561677548950797,0.01948208529405896,0.058702491312662114,0.04197620577815527,0.04812690888822297,0.04065106738559357,0.058209233657892795,0.037785448386728926,0.06300861825316982,0.049830123751239325,0.021531143029374606,0.041732428225663476,0.050243963723970095,0.03336199083929501,0.030936905422904743,0.032650658391497986,0.02646024386007174,0.030310773197449365
0.04178647971095605,0.04679821301426343,0.06606965005414607,0.03882415543729157,0.034533349670984,0.04967003818373896,0.04828775636588831,0.017911335569825243,0.05213200910051298,0.03745760015366223,0.05433178456820583,0.035541485158679435,0.05741087888833326,0.0427384834465378,0.0598880093786946,0.05120210358291302,0.024515096982722934,0.04360101072655078,0.0515816015975573,0.02865747563427065,0.0335994091952272,0.02403971373786681,0.026718857070946248,0.032703502770225296
0.03330822899049106,0.04963872385896797,0.06078328151919577,0.039128345240597225,0.03682328873243133,0.045406622682618546,0.04708761028320101,0.019850813220012607,0.06203568084355951,0.04431894846647363,0.048235677350358684,0.04320604529140735,0.06001260278221053,0.03421656426518574,0.060808324971066245,0.04862714360450439,0.022802346341617638,0.03819134912653967,0.053047369542353257,0.03565374149467241,0.029757103586073128,0.03603767152487561,0.0250904753313896,0.025932040950197105
0.04652979755510932,0.042148688166904674,0.06960042603923998,0.04261340481447236,0.031725365599375555,0.0472521330937912,0.053592735374161905,0.01637003880951776,0.03979338876336982,0.03011137417089217,0.06146149393453181,0.032091551988701505,0.052843486202794,0.04589274074095202,0.05974938281305843,0.05693345080577577,0.02554126971253088,0.04895207311642042,0.04855451630055739,0.02766767898822417,0.034295695852418775,0.01856378078649538,0.028653786494621893,0.039061739876082816
0.03194286523817611,0.04748206323818271,0.062034703558608004,0.03851225435326428,0.03331766046477425,0.04388434344609657,0.04817831494615464,0.020765896645811452,0.0590695085837547,0.04364534193434141,0.048532745716497974,0.043479000989597186,0.058134152678093444,0.03581857125692089,0.0634620996549791,0.05137491780793205,0.021404223218324275,0.04188780799250064,0.049465211013112645,0.037258215218088815,0.028478701339205565,0.03741566356093487,0.02684371022404184,0.027612026920606585
