0,1,2,3,4,5,6,7,8,9,10,11,12,13,14,15,16,17,18,19,20,21,22,23
0.03587055,0.050626382,0.028975891,0.036937512,0.031128865,0.051029656,0.046645254,0.027319938,0.033654187,0.052664082,0.030759959,0.046124153,0.050522983,0.041650183,0.043342,0.047552705,0.047755532,0.045900684,0.040444642,0.05359184,0.032914963,0.041427065,0.03270329,0.050457608
0.03842276,0.046983294,0.035589352,0.040252082,0.03734104,0.046504397,0.043317113,0.033346344,0.038822055,0.046441495,0.037127525,0.043907616,0.046597872,0.042116098,0.04196374,0.043041676,0.044324905,0.04301904,0.040881004,0.047445238,0.037213918,0.040102758,0.038069773,0.047168873
0.03719403,0.048857603,0.0326187,0.038732786,0.035034932,0.04871911,0.044985972,0.030967457,0.036321055,0.048678923,0.034949336,0.044818997,0.04762082,0.042175677,0.04226196,0.044459052,0.04553801,0.044488616,0.040837597,0.05046903,0.0353619,0.040604062,0.03556326,0.04874112
0.03720331,0.049150996,0.032040067,0.03849391,0.03470963,0.049122877,0.045288067,0.0307336,0.03562957,0.049107924,0.03399942,0.04486072,0.04863783,0.04224726,0.042631846,0.04524969,0.04516464,0.04439272,0.040792312,0.050898887,0.03513067,0.040946037,0.03506876,0.04849934
0.03510894,0.050664943,0.028497407,0.037049767,0.03188831,0.050111048,0.04659741,0.02838586,0.0327834,0.051937066,0.03187825,0.046314556,0.05110077,0.042545248,0.043061487,0.047614034,0.04682461,0.04515581,0.040228177,0.053472336,0.033488143,0.041349772,0.032984953,0.05095774
0.03306499,0.053048544,0.024397187,0.034567162,0.02790582,0.05344462,0.04908462,0.02615647,0.029918741,0.054855004,0.029181728,0.04820753,0.053658977,0.04288461,0.042607386,0.049837578,0.047915783,0.046709966,0.040692743,0.057050318,0.031507052,0.04167197,0.029156355,0.052474834
0.031154005,0.055260967,0.02046569,0.032106362,0.024130102,0.056774683,0.051782325,0.022357505,0.025259873,0.058228053,0.024412096,0.04978584,0.05655471,0.042656142,0.043292783,0.05216483,0.05058727,0.049152587,0.040680956,0.060426086,0.029095145,0.04332856,0.025552034,0.054791447
0.028850667,0.058679406,0.016101483,0.028868632,0.020369861,0.05928207,0.05415387,0.018495442,0.021345193,0.06210085,0.019936876,0.051856104,0.059721008,0.04239987,0.0440002,0.056457825,0.053159676,0.051403582,0.040403455,0.06389899,0.025238045,0.044766527,0.021532249,0.05697813
0.029470598,0.05893921,0.015346848,0.028833488,0.019813025,0.059049103,0.05445456,0.017984543,0.021460457,0.06270216,0.02022879,0.05194364,0.059192114,0.04248241,0.044534557,0.056825392,0.05339601,0.05107177,0.040724795,0.06444799,0.023933558,0.044875342,0.02123561,0.057054088
0.02871492,0.05880678,0.014737703,0.028561946,0.019273356,0.0603681,0.054368567,0.017286286,0.020998126,0.06355654,0.019130895,0.051859908,0.06036696,0.042485666,0.04515,0.05669883,0.054457027,0.05111787,0.04003842,0.0653934,0.023055673,0.04473611,0.020843044,0.05799389
0.03071234,0.056651678,0.018127171,0.030105624,0.022649197,0.05731133,0.0519706,0.01997486,0.024390565,0.05992179,0.02267092,0.050813843,0.05765333,0.042295687,0.045876842,0.0551348,0.051514614,0.048670366,0.039331194,0.06278881,0.026428306,0.044279374,0.02452887,0.056197945
0.029461524,0.058913574,0.014233509,0.028175432,0.018735925,0.060849182,0.055284396,0.01675806,0.020595234,0.063111134,0.0191724,0.0511939,0.058914192,0.04193144,0.046545163,0.057138197,0.0545533,0.050730024,0.04025797,0.06536717,0.024646046,0.044529673,0.020345885,0.058556724
0.025702564,0.06113134,0.009535817,0.02458189,0.014473105,0.064643085,0.059158225,0.0128554,0.015150808,0.06691783,0.013415985,0.05330954,0.062094353,0.041463286,0.047489334,0.060217682,0.058731947,0.05463759,0.04130307,0.068180166,0.02124418,0.04591678,0.016059889,0.061786126
0.025429567,0.060779702,0.010468615,0.025010372,0.015900537,0.062709846,0.057136964,0.013510506,0.016204016,0.06693615,0.014181753,0.053112812,0.062328555,0.04121562,0.04694874,0.060184125,0.058762837,0.053660486,0.041875944,0.06819956,0.022245292,0.044806916,0.01801659,0.060374487
0.024190286,0.06235903,0.009456838,0.022490103,0.014322983,0.06435865,0.05860056,0.011296196,0.014757248,0.06837293,0.01173787,0.052257348,0.063413166,0.040672794,0.04843887,0.06204506,0.05934454,0.055484645,0.04087939,0.06946643,0.02124264,0.04696936,0.01594096,0.06190204
0.023957258,0.06205241,0.008849676,0.022533227,0.013662513,0.06465536,0.059755936,0.011389034,0.014116036,0.06881318,0.011213843,0.052577585,0.06382547,0.04095098,0.048330735,0.063005984,0.05819273,0.056121666,0.03955835,0.06982709,0.020128926,0.049636297,0.0147641925,0.062081505
0.019619249,0.0664758,0.0049251914,0.015641032,0.00792026,0.06874882,0.06292488,0.006428874,0.0090612825,0.07245075,0.0065116575,0.057641942,0.06786726,0.040891126,0.049549107,0.06702797,0.06301711,0.0600319,0.038967155,0.073237814,0.015336708,0.05082569,0.009429969,0.06546847
0.01901797,0.06753855,0.00397452,0.014348139,0.0068731736,0.069460936,0.06411157,0.005661667,0.007710912,0.07293275,0.005883506,0.058882896,0.068934746,0.040571604,0.048324756,0.06787649,0.06401797,0.06079823,0.039965935,0.07352403,0.014382091,0.050656192,0.0079746535,0.06657672
0.019514622,0.06663497,0.0042045554,0.015328147,0.0071458225,0.06988433,0.06512299,0.005719946,0.007969545,0.072408535,0.0059471736,0.057951577,0.06842023,0.040719878,0.048625648,0.067147195,0.06341702,0.060218986,0.0403092,0.07300905,0.014878397,0.051160656,0.008129217,0.06613233
0.019586382,0.06646681,0.0046418766,0.015362033,0.007707201,0.06960407,0.064259246,0.0053419773,0.008285652,0.072248,0.006348192,0.057483263,0.06701617,0.04143683,0.049134035,0.066404425,0.06334683,0.06019765,0.040509425,0.07315798,0.015894823,0.05078547,0.008729441,0.066052236
0.020884769,0.06685862,0.004554427,0.016506584,0.007894053,0.06961043,0.061809365,0.0056254556,0.008473525,0.0724458,0.0063402117,0.056306757,0.06691556,0.04097365,0.05134433,0.06639971,0.06334615,0.060551647,0.039698362,0.07321206,0.015081982,0.05033917,0.009175173,0.06565221
0.021113863,0.06641559,0.0040753256,0.015688354,0.0076095047,0.06985397,0.062099647,0.0056997878,0.007957865,0.072598636,0.00599616,0.056768067,0.067537524,0.043080095,0.05196036,0.06700666,0.062863015,0.060229927,0.03908813,0.07320993,0.015234567,0.049374796,0.008609494,0.065928765
0.017867371,0.06719471,0.0031994667,0.013471882,0.0059509007,0.07083162,0.06353511,0.0045887423,0.00679449,0.07342627,0.0049658054,0.058871266,0.0695777,0.04433243,0.050978243,0.068643354,0.06471315,0.061900947,0.037144724,0.0739345,0.013343567,0.050515708,0.006701461,0.0675166
0.016574504,0.067824006,0.002871855,0.012416058,0.0050888164,0.07144624,0.06463763,0.0037689474,0.005992751,0.0734457,0.0041622138,0.059805065,0.0700564,0.042281512,0.05185927,0.06875517,0.06605144,0.0628888,0.038144417,0.073981605,0.012827288,0.050908986,0.0060883537,0.06812299
0.01722215,0.0678057,0.0026703004,0.013101013,0.004912638,0.07173199,0.06549024,0.0038027302,0.00585465,0.07309145,0.004141003,0.060280804,0.07028493,0.04368918,0.05180623,0.068288594,0.06501051,0.06261133,0.036743958,0.07369208,0.012113977,0.0515044,0.0060080085,0.06814214
0.015206161,0.06891785,0.0022764902,0.011200248,0.004126628,0.07228179,0.06618484,0.0031761138,0.005351327,0.07358922,0.0036966794,0.060273163,0.070391744,0.045198396,0.05280994,0.0686999,0.06509752,0.063562274,0.03633258,0.07426507,0.010714751,0.052817333,0.0052658636,0.06856412
0.014862878,0.06829714,0.002392973,0.010829616,0.0043468927,0.072516754,0.06648429,0.0030669554,0.00497056,0.07394089,0.0036487898,0.060191594,0.06961347,0.044570968,0.052863486,0.068750225,0.06559482,0.06436356,0.037530504,0.07435689,0.010927998,0.051928557,0.005687916,0.06826227
0.014490425,0.068129584,0.0021710393,0.011491126,0.00424164,0.07267481,0.067205,0.0029933876,0.004959371,0.07376345,0.0034342583,0.06121107,0.070033245,0.045124095,0.052440472,0.0687544,0.06579973,0.06435909,0.038403876,0.07404896,0.010915632,0.049868062,0.005478532,0.06800877
0.016007751,0.06747877,0.002440513,0.01202641,0.0047914567,0.072436675,0.066729665,0.0032942607,0.006202349,0.07347565,0.0036319883,0.0610529,0.06981347,0.045714434,0.052324932,0.0677248,0.06522048,0.06372826,0.038156535,0.07352084,0.0114797745,0.04877488,0.0065735015,0.06739973
0.01666989,0.06760856,0.0025608193,0.01204046,0.005186756,0.07231632,0.06646504,0.0039016847,0.006146663,0.07333877,0.004313079,0.060892433,0.06950513,0.04477361,0.052375678,0.06697427,0.064385444,0.063366786,0.037981372,0.07376501,0.012650327,0.048776783,0.0065394114,0.067465715
0.013664204,0.06940696,0.0019525364,0.010065741,0.003579518,0.07316645,0.06669955,0.0029602372,0.0052986485,0.0741192,0.0033668904,0.062210076,0.071236685,0.044761606,0.05250496,0.06838871,0.065557204,0.06500431,0.038828824,0.074406646,0.010453837,0.048622906,0.004968531,0.068775736
0.012176815,0.07055343,0.0012979176,0.008708257,0.0025628752,0.07346552,0.06728287,0.0021459037,0.0042073564,0.07448806,0.0024319342,0.063105084,0.07200814,0.04564521,0.053150658,0.069687545,0.066584595,0.06638637,0.038921416,0.07460701,0.008650764,0.04847865,0.0042768624,0.06917678
0.01342748,0.06969189,0.0016993198,0.009698824,0.0035290564,0.07311933,0.06635267,0.0027222133,0.004798366,0.07426611,0.0030542447,0.062095974,0.07117994,0.045704093,0.052806012,0.06862528,0.06581124,0.066302836,0.039734982,0.07448569,0.010377298,0.04690787,0.0053305626,0.06827871
0.013778558,0.07017739,0.0015848667,0.00979205,0.0036124594,0.0732429,0.06664597,0.002646934,0.004802198,0.07425769,0.0027738695,0.061616905,0.070723616,0.046654113,0.052560315,0.06856818,0.06659546,0.065889455,0.03922257,0.07443464,0.010201284,0.046994794,0.004904677,0.06831906
0.011469713,0.07115697,0.0007833563,0.0066816197,0.0020052292,0.07348318,0.06828903,0.0014315975,0.0032426538,0.074170895,0.0014607437,0.0640066,0.072007,0.047511484,0.053762022,0.07020638,0.067896746,0.06701265,0.03907502,0.07426156,0.0073458715,0.049610633,0.0030741165,0.07005498
0.0102748005,0.07116732,0.0006593101,0.00608126,0.0017132766,0.073262185,0.0680818,0.0013312162,0.002906545,0.07400397,0.0013951398,0.06529729,0.07215577,0.045328,0.055783283,0.07043151,0.06775045,0.067268014,0.042138096,0.07413157,0.0065667196,0.0492991,0.0029590924,0.07001427
0.008888168,0.07145985,0.00041973757,0.0048336457,0.0010473443,0.07308294,0.06913865,0.00080715015,0.0019872668,0.0736037,0.0008072296,0.06577254,0.07242739,0.047221053,0.056000665,0.07082989,0.06906359,0.068257816,0.04195408,0.07359817,0.0051182066,0.05126868,0.0017948757,0.07061736
0.008154438,0.07111602,0.00044692948,0.0048093484,0.0010984535,0.07312523,0.06956266,0.0007942913,0.0020432281,0.073685676,0.0007502777,0.06668243,0.072723135,0.045784358,0.054574843,0.071307816,0.06910297,0.06827953,0.041084327,0.07365996,0.005229163,0.053219322,0.0018936598,0.07087195
0.010475064,0.06991656,0.00092809694,0.0067402488,0.0021309871,0.07292921,0.068314314,0.0017825444,0.0032822017,0.073984176,0.0014158224,0.065133646,0.072597235,0.044802293,0.053249344,0.07059505,0.0672269,0.06632542,0.041172106,0.07394117,0.008039289,0.051592465,0.0036837377,0.06974214
0.010549242,0.07000346,0.0009110474,0.006720934,0.0021037639,0.073441185,0.068586074,0.0017239909,0.0027375496,0.074060224,0.0014392105,0.06471567,0.0726445,0.045971528,0.054304972,0.0705503,0.06750351,0.065835625,0.039531283,0.07410874,0.008079344,0.051811364,0.0031532394,0.06951322
0.010064277,0.07008829,0.0008939759,0.007236622,0.0022969989,0.073530376,0.069296986,0.0015570556,0.0028792664,0.07415081,0.0013308212,0.064273305,0.072444364,0.04437523,0.054171737,0.071047775,0.0682636,0.065924905,0.040537413,0.07414135,0.0075447555,0.05139287,0.0031742682,0.069382854
0.009739418,0.07067148,0.0007333817,0.006684888,0.0020150237,0.07303141,0.069302216,0.001428495,0.0028153115,0.073897615,0.0011692257,0.06394856,0.07244342,0.044188436,0.054977793,0.07143073,0.0684096,0.06658223,0.041944582,0.07398323,0.006695064,0.051246356,0.0027754249,0.06988613
0.00904937,0.070921585,0.0005595673,0.0055458676,0.0014954353,0.07317913,0.06961804,0.0010676578,0.0022800653,0.07383998,0.0009697315,0.06506305,0.072623104,0.04451644,0.056586474,0.07125843,0.068987176,0.06764254,0.040322654,0.0739203,0.0058329105,0.052064765,0.0022396976,0.070416026
0.009064564,0.07116894,0.0004594481,0.005103554,0.0012799675,0.07333229,0.07027039,0.0008550991,0.001946273,0.073919125,0.0007625966,0.065181784,0.0728639,0.043304168,0.056048915,0.07118982,0.0698602,0.06830494,0.041018844,0.07394191,0.005775039,0.05173943,0.0019107404,0.070698105
0.008820335,0.07139055,0.0003713461,0.00484962,0.0010802062,0.07281194,0.07002987,0.0006615775,0.0017975387,0.07336053,0.00063123484,0.065435514,0.07227995,0.045351937,0.056556,0.07111313,0.06958355,0.068085924,0.041816927,0.073383085,0.0054813297,0.052940108,0.0014442278,0.070723556
0.008208689,0.07159949,0.00032563033,0.0042767515,0.00080673076,0.07292651,0.07009156,0.0005804823,0.0016352272,0.07329194,0.0005538432,0.06606166,0.07238515,0.04818878,0.056737244,0.071416855,0.069410875,0.067819335,0.040971395,0.07326151,0.0039987396,0.053199906,0.0011920452,0.07105968
0.0055952766,0.07203305,0.00015633453,0.0029073728,0.00038941574,0.07293655,0.07076813,0.00032219698,0.0009930601,0.07315835,0.00029492003,0.06726761,0.072606094,0.048007715,0.058139615,0.07195312,0.07027823,0.06909909,0.041336108,0.07315291,0.0022761081,0.05385501,0.00078239746,0.07169131
0.0049735894,0.07204353,9.415618e-05,0.002434173,0.00029650875,0.072708935,0.07119726,0.00023865486,0.0007150183,0.07292794,0.00018621735,0.0674123,0.07247207,0.04834807,0.05773465,0.07197821,0.07062435,0.06983519,0.04043985,0.07292471,0.0020842017,0.05588485,0.0005546079,0.071890995
0.004847685,0.0719059,0.00010574387,0.002590209,0.00031455327,0.072559714,0.070964955,0.0002584627,0.0007506082,0.07278956,0.00021587605,0.06806103,0.07230249,0.047500376,0.05866542,0.071742885,0.07036542,0.06984483,0.042244077,0.07278068,0.0022569618,0.05476235,0.00053254486,0.071637735
0.0047910702,0.07202243,0.00012812721,0.0025585408,0.0003895978,0.07277417,0.07071767,0.00030349157,0.00084250886,0.07304929,0.00025396116,0.06830907,0.07252932,0.04670989,0.058814876,0.07175892,0.070323825,0.06970278,0.04374522,0.073028855,0.0025439088,0.052273583,0.0006734571,0.0717554
0.0065725953,0.0721038,0.00022308089,0.0037155496,0.0007521254,0.07302256,0.07021707,0.0005203708,0.0013511963,0.07349033,0.00042549113,0.06672955,0.07267181,0.04608082,0.057605036,0.0716859,0.06993253,0.06830136,0.043284707,0.07348779,0.0036652056,0.05124941,0.0012002167,0.07171152
0.0065710894,0.072074495,0.00019773464,0.0038884843,0.00068914,0.07280599,0.0703479,0.00042330023,0.0011129277,0.07317235,0.00042599978,0.0666972,0.07236186,0.045562506,0.058874104,0.07173951,0.06972433,0.06881955,0.04149159,0.07320896,0.003287206,0.054238264,0.00090634864,0.07137921
0.005000296,0.07194975,9.5356656e-05,0.0025880288,0.00040923283,0.0725889,0.07086834,0.00023138679,0.0006038332,0.07283241,0.00021524366,0.06760515,0.07237512,0.04495372,0.0598654,0.07197868,0.07029859,0.06980586,0.041528016,0.07285199,0.0024359862,0.056840282,0.0005620389,0.071516395
0.0044574314,0.07169428,6.099011e-05,0.0021836993,0.0002695881,0.07231594,0.07100331,0.00016869353,0.00047177542,0.07250569,0.00014489838,0.06799701,0.072144955,0.045873504,0.059269838,0.07187787,0.07061082,0.06994826,0.042926744,0.072513506,0.0021402305,0.057462405,0.0004572837,0.0715013
0.01023316,0.070970275,0.00044371633,0.0055271257,0.0016407323,0.072822876,0.06977083,0.0009665036,0.0023593802,0.07372052,0.0008223979,0.064146444,0.07201085,0.04454832,0.058138046,0.070360005,0.06875457,0.06619325,0.044502728,0.07362859,0.0065873275,0.048840117,0.0026087477,0.07040353
0.013045129,0.07090123,0.001025046,0.008525328,0.0027114674,0.07298908,0.06730414,0.0015954429,0.0049887476,0.07433254,0.0014432551,0.061158374,0.07181587,0.044830088,0.05799021,0.06807218,0.067664616,0.065301344,0.043011695,0.07406222,0.008641579,0.04470622,0.0046026227,0.06928157
0.009348114,0.07202567,0.00043740706,0.00552994,0.001093573,0.07336503,0.06866332,0.0007026024,0.0026328426,0.07385729,0.00063370867,0.06316236,0.07268303,0.044744033,0.058837574,0.07094634,0.06875957,0.06795891,0.043453828,0.073855564,0.0047710175,0.04982604,0.0019077096,0.07080455
0.008429266,0.07235564,0.00026409974,0.0051483633,0.000874676,0.07315806,0.06905464,0.00055637583,0.0019634648,0.07357433,0.00054072926,0.063106075,0.07251449,0.044637166,0.061172094,0.07108885,0.06956513,0.068510145,0.044320986,0.07364492,0.0037590037,0.049345035,0.0015262682,0.070890136
0.005305489,0.071991295,6.763922e-05,0.002817131,0.00030336637,0.07248382,0.07030677,0.00018980193,0.00075306924,0.07268704,0.00016579452,0.066136844,0.0722976,0.04820654,0.06140592,0.07160356,0.07043188,0.06991964,0.042241994,0.072694845,0.0019714534,0.054105174,0.0005575958,0.071355715
0.0050708917,0.07176054,6.73188e-05,0.0027466698,0.00027897052,0.072291315,0.070486076,0.0001888404,0.000634253,0.07248249,0.00016133096,0.067611486,0.07219284,0.04852716,0.060910616,0.07144042,0.070408545,0.06990103,0.042514797,0.07247494,0.0021310772,0.053998884,0.00050504523,0.071214475
0.00578713,0.0718632,8.0552934e-05,0.0030907993,0.0003200613,0.07245552,0.0704642,0.0001859883,0.0006599262,0.072642125,0.00017498284,0.06731738,0.07225194,0.0477077,0.061452314,0.07154695,0.0705875,0.069761015,0.041224077,0.07263576,0.0022767386,0.05358202,0.00054013403,0.07139198
0.005368696,0.07190491,7.47728e-05,0.0027912608,0.00031540802,0.072526604,0.0701316,0.00019315197,0.0005888918,0.07271678,0.00015594492,0.06722414,0.072320364,0.050597783,0.060391743,0.07171902,0.070453405,0.06996595,0.03847222,0.072705425,0.002001419,0.055400982,0.0005033828,0.07147615
0.004588277,0.07198948,5.9081223e-05,0.0024147471,0.0002914743,0.07251696,0.07036729,0.00020436027,0.00050829735,0.07270128,0.0001250215,0.06808999,0.0724016,0.04995633,0.05910525,0.07184204,0.0704599,0.0700445,0.040332384,0.072717644,0.0019160003,0.055353753,0.00048179756,0.07153256
0.0043147802,0.071881704,5.222813e-05,0.0024920614,0.0002778899,0.07234834,0.070594355,0.00017317329,0.00052773545,0.07250371,0.00013623982,0.0681952,0.07218336,0.048906107,0.060119815,0.07174007,0.07037068,0.06995111,0.042228147,0.07252333,0.001995691,0.054537825,0.0003758671,0.07157051
0.005459388,0.07186207,8.454412e-05,0.003036909,0.0004176818,0.07254781,0.07061765,0.00024032788,0.0008201381,0.07274823,0.00019292695,0.06738053,0.072421744,0.04994001,0.060322445,0.07156595,0.069997944,0.06955544,0.041812282,0.072730474,0.0022998927,0.05174915,0.0005509638,0.07164547
0.0061903633,0.0718208,0.00010929569,0.0031633438,0.000514063,0.072449,0.07037863,0.00025423337,0.0009512255,0.07265389,0.00022774756,0.067130655,0.072280265,0.05003424,0.06062843,0.071177304,0.06954849,0.06933026,0.041638024,0.07263586,0.0027211006,0.05205856,0.0006881483,0.0714161
0.005554611,0.07198713,8.8073204e-05,0.0027541611,0.00031182214,0.07256274,0.0704309,0.00018467358,0.0008711804,0.072683975,0.00018705714,0.067969315,0.07233333,0.04772275,0.060971055,0.071660034,0.070204265,0.06983197,0.04025576,0.072675556,0.0021576528,0.05451956,0.0004493421,0.07163307
0.0041195275,0.07186419,3.977105e-05,0.0022181896,0.00017338493,0.072256945,0.07056532,0.00010553725,0.0005121747,0.072333105,9.934457e-05,0.06859895,0.07209163,0.049862813,0.062665716,0.07172274,0.07070459,0.07002234,0.040160883,0.07232087,0.0012918094,0.054436192,0.00027102476,0.07156295
0.004023905,0.07182922,4.6916382e-05,0.0025231885,0.000219177,0.072226696,0.070265666,0.00015013645,0.0006078855,0.072317444,0.0001391538,0.06866006,0.07207596,0.051588625,0.06130591,0.07148512,0.070453435,0.06996076,0.042651705,0.07230413,0.0012957028,0.052170657,0.00031747512,0.071381085
0.004456303,0.07189728,5.9602415e-05,0.0026608952,0.0002445364,0.07222993,0.07022225,0.00017325739,0.0008179863,0.07234537,0.00018242704,0.06841211,0.07209851,0.051699497,0.060949393,0.07115932,0.070301,0.06967464,0.045879386,0.0723271,0.0015032935,0.048983023,0.00041866276,0.07130431
0.016357481,0.07095505,0.0015415272,0.012797534,0.0038462272,0.073656194,0.0646082,0.0028709983,0.007811212,0.07437781,0.002256866,0.059876896,0.071743436,0.050508376,0.058549754,0.06630558,0.06504397,0.062578484,0.03985397,0.07369556,0.008581124,0.039022252,0.005222061,0.06793942
0.017748358,0.06925049,0.0021264756,0.012680137,0.005023733,0.073737845,0.061847083,0.0037349057,0.010527149,0.074482284,0.0025992452,0.057668734,0.070518814,0.049342852,0.059264064,0.06348671,0.06377936,0.06305737,0.04086281,0.074165516,0.010967579,0.039817423,0.007013813,0.06629723
0.011030298,0.07111037,0.00056578417,0.007467448,0.0018318513,0.07373118,0.067256585,0.00125836,0.005129016,0.07431311,0.00096958724,0.060466032,0.07246638,0.049783204,0.05945529,0.06846091,0.06817522,0.06686783,0.041934296,0.07422795,0.006239808,0.04526,0.0030511364,0.068948306
0.01083869,0.07160799,0.0006628669,0.008429143,0.002154868,0.074124224,0.067388155,0.0015712042,0.005085245,0.07467579,0.001170427,0.05979855,0.07277541,0.050275,0.05911335,0.06909461,0.067698844,0.067026705,0.038029067,0.07444316,0.0058734077,0.0462784,0.0035107632,0.068374135
0.012099112,0.0715939,0.0006978715,0.00880323,0.0025966656,0.07384942,0.06561135,0.001661974,0.0052577546,0.07455837,0.001198519,0.06013875,0.07163812,0.05086846,0.060890034,0.06733069,0.065609895,0.06760263,0.040511776,0.07419266,0.0061838273,0.04501831,0.0039601848,0.068126515
0.0115615325,0.07115254,0.0005115885,0.008139565,0.002173071,0.07336392,0.06595566,0.0012400133,0.004147229,0.073878966,0.0010693066,0.061384242,0.0715368,0.051877297,0.061912466,0.067452416,0.0662241,0.0672829,0.042402063,0.07373186,0.0057149734,0.045302488,0.0031891433,0.068795845
0.009290462,0.07165623,0.00021817321,0.0052438835,0.00099996,0.07291444,0.06824308,0.00056293514,0.0020668707,0.073299564,0.00043526894,0.063331,0.07216136,0.0519621,0.06265381,0.0700575,0.06882021,0.06834697,0.040128827,0.073240675,0.003419059,0.048972882,0.0016657514,0.070308976
0.009264819,0.071862765,0.0002005965,0.004778779,0.00070605875,0.07259849,0.06858057,0.0003978206,0.001661255,0.072911784,0.00033045077,0.06283286,0.071743496,0.05088696,0.062072106,0.070489645,0.06921344,0.06889566,0.04009483,0.07286259,0.002856943,0.053429343,0.0011940484,0.070134684
0.0076679997,0.07192603,0.00022273813,0.004499601,0.0005793577,0.07265263,0.068736404,0.0004250167,0.001623271,0.07291498,0.00034905763,0.063443676,0.07183245,0.049219407,0.0621069,0.07049697,0.06909435,0.06937572,0.042627122,0.07286419,0.0027305395,0.053206842,0.0013473822,0.07005736
0.0078560095,0.07203729,0.00026761668,0.0054986947,0.0007565376,0.07286985,0.068268485,0.0005955332,0.002062112,0.073170796,0.00048202646,0.063998446,0.07192482,0.050320152,0.062021345,0.07038437,0.068697475,0.06934186,0.04126057,0.07316131,0.0032119022,0.050000962,0.0018667236,0.06994512
0.009236056,0.07186723,0.00028140578,0.005701079,0.0009462358,0.07281634,0.067441344,0.0005747631,0.0020032565,0.07308119,0.00047512923,0.06384332,0.0715733,0.05124132,0.06261276,0.07037793,0.068106145,0.06922845,0.04099368,0.07303444,0.0031578073,0.050036773,0.001826813,0.06954318
0.009619169,0.071497135,0.00024294805,0.005162159,0.00091508916,0.07249509,0.06746974,0.00047846136,0.0020393333,0.07279064,0.000393435,0.06392032,0.07153979,0.05158857,0.06294499,0.070027284,0.067826286,0.068515815,0.043827206,0.07268292,0.0025711185,0.05003503,0.0017307316,0.06968671
0.008912061,0.071849816,0.00022984612,0.0043837084,0.0007134752,0.0728286,0.0683924,0.00046688848,0.001957463,0.073097624,0.0003676974,0.064856164,0.07210361,0.05156672,0.061424874,0.07055636,0.06858006,0.06849781,0.041861653,0.07307318,0.0026402504,0.049598794,0.0013730627,0.07066787
0.0088190725,0.072107695,0.00017615971,0.0036283524,0.0006296777,0.07284618,0.0692637,0.00035459624,0.0016088622,0.07308451,0.00025518678,0.06459128,0.07232919,0.049683556,0.062090863,0.07057151,0.069621444,0.069002055,0.041407835,0.07306946,0.0025498895,0.050242778,0.0011383793,0.07092778
0.007018339,0.07167737,9.061585e-05,0.0031382733,0.00043022548,0.072157234,0.06948831,0.00020720062,0.0010502852,0.07235348,0.00015883367,0.065789334,0.07191523,0.04929928,0.062428437,0.07064445,0.069880925,0.0692933,0.044891305,0.0723569,0.0020395245,0.052193657,0.0007808567,0.07071665
0.005585589,0.07155542,6.7090776e-05,0.00275618,0.00034033673,0.07209505,0.06993924,0.0001856891,0.000819202,0.072211884,0.00014316784,0.06676308,0.07188631,0.049972124,0.06218695,0.070999734,0.06991554,0.069355555,0.043649577,0.07222531,0.0016844503,0.0539351,0.0005902337,0.07113726
0.004260348,0.07155691,3.587958e-05,0.0016869386,0.000175555,0.071936175,0.07055544,9.114325e-05,0.0004617934,0.072008185,7.480812e-05,0.06744752,0.07179711,0.048845842,0.063067555,0.07132466,0.070518486,0.06995944,0.0436627,0.072017096,0.0011678849,0.055735808,0.00036332087,0.07124939
0.0045179273,0.07160716,3.03649e-05,0.001479333,0.0001322771,0.07191579,0.07075783,6.49595e-05,0.00035214104,0.07197941,5.4073298e-05,0.06722364,0.07180122,0.047124755,0.06294984,0.07151112,0.07072399,0.07008561,0.042083923,0.07198496,0.001188713,0.059025522,0.00027083152,0.07113458
0.0042570606,0.07138352,2.1406651e-05,0.0013885199,0.00011833122,0.071679585,0.07078775,6.482602e-05,0.00029525367,0.07174152,4.6926063e-05,0.06810649,0.071597435,0.04648746,0.06248061,0.07134847,0.070571415,0.06995142,0.043002162,0.071744,0.0010808195,0.060587794,0.00023055247,0.07102665
0.0039355117,0.071165755,1.6325352e-05,0.0011068474,0.00010005336,0.07147003,0.07070001,6.486849e-05,0.0002419167,0.071520925,3.7420494e-05,0.06855041,0.07139849,0.04845875,0.061885286,0.07113914,0.070279196,0.07001079,0.042598132,0.07152696,0.0010075646,0.061689556,0.00019424364,0.07090181
0.004034803,0.071096145,1.7979433e-05,0.0010113398,0.00010142164,0.07136509,0.0703627,7.13833e-05,0.00022541177,0.07141302,3.6071e-05,0.068406485,0.07127734,0.049494468,0.06320786,0.0709812,0.070179775,0.07014879,0.04122682,0.07141628,0.0010098431,0.06195811,0.00018338833,0.0707743
0.004244943,0.07094202,1.8499839e-05,0.0010825152,0.00010077769,0.071251705,0.07032432,6.548842e-05,0.00018719409,0.07129551,3.21951e-05,0.06868501,0.07113747,0.049392156,0.06325028,0.07092067,0.07017805,0.070368476,0.04092829,0.071297444,0.0010097452,0.062380213,0.0001691626,0.07073788
0.0037631278,0.07116142,1.7155377e-05,0.001059453,8.922201e-05,0.0714778,0.07072816,5.7352085e-05,0.00018964447,0.07152247,3.2706517e-05,0.06870485,0.0713736,0.04681483,0.06228805,0.071223915,0.07049012,0.07056235,0.04218346,0.07152475,0.0010242758,0.06251457,0.00014346656,0.07105324
0.004365099,0.07131945,2.334951e-05,0.0011817577,0.00010660436,0.071595944,0.070885904,5.7533016e-05,0.0002553183,0.07166112,3.6664816e-05,0.06819782,0.07150226,0.04714422,0.061857097,0.07131355,0.07069623,0.07037943,0.040948953,0.07166119,0.0012446443,0.062280606,0.0001900216,0.071095236
0.005159658,0.07098444,2.740975e-05,0.001340485,0.00015880141,0.07132376,0.07049902,8.407681e-05,0.00036144973,0.07142591,4.7919126e-05,0.06764976,0.07120472,0.049358796,0.06170608,0.07099897,0.070177004,0.06961047,0.042318963,0.071432024,0.0015436829,0.061641987,0.0002864823,0.07065819
0.0045484994,0.07096183,3.155582e-05,0.0014973416,0.00019522331,0.071529165,0.07042953,0.0001169299,0.0003479235,0.0716715,6.0539052e-05,0.06772973,0.071420535,0.047717378,0.06253767,0.07125711,0.07040138,0.06974096,0.041880596,0.071682945,0.0015925113,0.06145162,0.00034355366,0.07085397
0.0044353493,0.07110487,3.2240438e-05,0.0013292746,0.0001701134,0.07164873,0.07063562,8.3012645e-05,0.00026868432,0.071778774,4.8216865e-05,0.06785286,0.07156771,0.04602034,0.06358512,0.07133468,0.07079908,0.07003651,0.040742323,0.07178665,0.0013656996,0.062041257,0.00030867138,0.07102427
0.0044434825,0.07111019,2.7823522e-05,0.0011909046,0.00014404212,0.07154088,0.07055015,6.799041e-05,0.00024189094,0.07165361,4.2077874e-05,0.06813795,0.071484,0.04732236,0.06244692,0.07127453,0.07066822,0.06999059,0.04088207,0.071661375,0.0012666765,0.06263617,0.00024321361,0.07097287
0.0048591862,0.07113219,4.516506e-05,0.0015910324,0.00021992433,0.07169278,0.07048146,0.00013020691,0.0004101473,0.07188522,7.700401e-05,0.06740748,0.07169195,0.049530268,0.06014582,0.07139708,0.07051058,0.06974719,0.040766556,0.07190513,0.00168422,0.061342817,0.00035346346,0.07099317
0.0052160835,0.07130405,5.1001207e-05,0.0020306106,0.00025036832,0.07187208,0.070588894,0.00016953061,0.00057511707,0.07207176,0.000100461766,0.06735586,0.07184475,0.048225343,0.06082643,0.07145684,0.070459135,0.06936728,0.040353138,0.07209421,0.0018501249,0.0604481,0.00036616196,0.0711227
0.005286702,0.071310654,4.6792025e-05,0.0015930092,0.00023748663,0.07189159,0.07050027,0.00014365684,0.0005225591,0.07204143,8.826775e-05,0.06781722,0.0718117,0.048531786,0.062247973,0.07143236,0.07029113,0.06925149,0.039602153,0.07205938,0.0017893827,0.060070585,0.00032907882,0.07110334
0.0046641463,0.071337335,4.2656324e-05,0.0014389758,0.00020413549,0.07182933,0.07047579,0.00011961627,0.00045846365,0.07194222,7.16035e-05,0.06805268,0.0716751,0.046983235,0.06312309,0.07144182,0.07040617,0.0697598,0.039982736,0.07196315,0.0017031813,0.060962204,0.00031817277,0.07104445
0.0060465904,0.07143876,9.5713986e-05,0.0022011173,0.000345788,0.07242353,0.0701498,0.00020379189,0.0007009572,0.07258703,0.0001456061,0.06758707,0.07205889,0.045392305,0.06359248,0.071717076,0.0706049,0.069833584,0.03579643,0.072612,0.0027335947,0.06008376,0.00056588906,0.07108337
0.0063777766,0.07147716,9.3394665e-05,0.0021369183,0.0003890444,0.07249489,0.070108645,0.00020403914,0.0006445522,0.072712086,0.00015136256,0.06728665,0.0721051,0.046319388,0.06435521,0.07157512,0.07076681,0.06940335,0.03610535,0.07272163,0.002990222,0.05768553,0.0006640326,0.071231805
0.0036373674,0.07132176,1.930757e-05,0.0009859264,0.000101776386,0.07163709,0.07067434,4.689123e-05,0.00023294841,0.07169544,3.8024442e-05,0.06861224,0.07152843,0.047608595,0.06496106,0.07135136,0.07074803,0.07009913,0.039892502,0.071701854,0.0012017817,0.060474277,0.00016958978,0.07126029
0.003012297,0.07095614,1.346507e-05,0.0008005118,7.184319e-05,0.071214974,0.0704651,3.2554803e-05,0.00016089532,0.07126037,3.2081065e-05,0.06879375,0.071130045,0.04974298,0.064740635,0.07099961,0.07053788,0.07022818,0.042759005,0.07126604,0.00097102986,0.05977558,0.00012682655,0.070908174
0.002918529,0.070992224,1.2229872e-05,0.0008060608,6.8195906e-05,0.07122296,0.070552,3.9785846e-05,0.00012947767,0.07127202,2.8980165e-05,0.069001615,0.071142375,0.05055732,0.06443031,0.07098489,0.07054391,0.07032989,0.04004135,0.07127459,0.0009356142,0.061640535,0.000117654316,0.070957474
0.0027630741,0.07096203,1.10227265e-05,0.0008075481,7.6489836e-05,0.071208745,0.07050807,4.189839e-05,0.0001502362,0.071270935,2.6797296e-05,0.069060296,0.07117722,0.052587282,0.0636066,0.07099838,0.070456885,0.070043966,0.039140582,0.07127343,0.0010089952,0.061729755,0.00011365833,0.070976116
0.0027604746,0.07100786,9.34803e-06,0.0008090632,7.8378784e-05,0.07122919,0.07053403,3.610231e-05,0.00013895467,0.07128295,2.5188961e-05,0.06921632,0.07120933,0.052577298,0.06417947,0.071057744,0.07050625,0.07002861,0.039571967,0.07128743,0.0008824372,0.06050522,0.00010878785,0.07095752
0.0028708803,0.07119502,9.921522e-06,0.0009459966,7.669963e-05,0.071373224,0.070543826,3.5517634e-05,0.00016177162,0.07142096,2.8473009e-05,0.06928105,0.071349256,0.05245521,0.06473687,0.071180426,0.07061579,0.07014818,0.038911656,0.071422875,0.000736642,0.059309237,9.867869e-05,0.07109179
0.004985759,0.07165247,4.8806723e-05,0.0020152617,0.0003448354,0.072211266,0.07018603,0.00015107071,0.00056880683,0.0723588,0.00013690966,0.06848725,0.072142325,0.0525131,0.06240119,0.07149418,0.070288785,0.06942482,0.037570264,0.07236652,0.0017003292,0.054997005,0.00032783134,0.07162633
0.0052419514,0.07146568,4.8853268e-05,0.0020827882,0.00040035156,0.07202472,0.06984135,0.00016807958,0.00062040886,0.07219652,0.00015032834,0.06821588,0.07195123,0.053785615,0.06225249,0.07111305,0.07003053,0.06934737,0.039297692,0.07221612,0.0018817424,0.053912148,0.0003745304,0.07138061
0.003457606,0.07120106,1.3335528e-05,0.001274089,8.852657e-05,0.07142786,0.07032714,5.508939e-05,0.00027453847,0.07148079,3.941491e-05,0.06888367,0.07135691,0.05345609,0.064829044,0.0709903,0.0704738,0.070182115,0.03987229,0.071481474,0.0008034797,0.05680225,0.00015628737,0.071072854
0.0025404787,0.071447395,1.0310991e-05,0.0010273263,5.7786554e-05,0.07167195,0.070652865,4.6653426e-05,0.00026986317,0.07170113,3.425075e-05,0.069268435,0.07160193,0.054831643,0.065694116,0.071275055,0.07068421,0.07051334,0.035746854,0.07170218,0.00062792934,0.057121083,0.00014349604,0.07132976
0.0031889605,0.071699984,1.2199378e-05,0.0009807437,9.431283e-05,0.07194926,0.070600234,6.649457e-05,0.00035703895,0.0719946,4.2174514e-05,0.06933509,0.07189807,0.05569074,0.066106655,0.071446344,0.07079334,0.07042503,0.03545327,0.0719945,0.00076849473,0.053358965,0.0001769478,0.071566544
0.0030650515,0.07166907,1.2080827e-05,0.00094058475,9.500931e-05,0.071914375,0.07080001,5.2016825e-05,0.00031838834,0.071954824,3.3236032e-05,0.06939901,0.07186637,0.055949826,0.06538809,0.071458064,0.07099701,0.07055878,0.03866145,0.071952656,0.0007124633,0.050514758,0.00018023499,0.071506605
0.0030218463,0.0715791,1.7821356e-05,0.0010231605,0.00011486604,0.07192231,0.070243195,6.3043495e-05,0.00035072496,0.07197845,4.4817312e-05,0.069477454,0.07185357,0.056275915,0.065382384,0.07130606,0.07089094,0.070648484,0.040304065,0.07197518,0.000884975,0.04900076,0.00022835162,0.071412586
0.0029532528,0.07136111,1.4987362e-05,0.000996898,9.384948e-05,0.07166622,0.0699882,5.054404e-05,0.00032976462,0.071705565,4.2947042e-05,0.06931707,0.07158582,0.056381617,0.06629633,0.07107766,0.07061625,0.07032938,0.041582238,0.07170337,0.0008952299,0.04965601,0.00018914325,0.0711665
0.003728934,0.07156254,3.2787382e-05,0.0016214174,0.00017959709,0.07218357,0.0701144,0.00012891994,0.00054238085,0.07222737,8.499831e-05,0.06790672,0.07198603,0.056462865,0.06473129,0.07133907,0.070621975,0.069924,0.03776744,0.0722261,0.0015457689,0.051481687,0.0003754209,0.071224764
0.004624961,0.07189365,8.233878e-05,0.0022804798,0.00033676496,0.072982974,0.06928909,0.00032954497,0.0010765546,0.07309976,0.00020375384,0.06711956,0.072716184,0.054899096,0.0634151,0.07144157,0.07038314,0.06960252,0.03689017,0.07309206,0.0022446394,0.049703043,0.00088931713,0.07140367
0.004770263,0.071902946,0.00010953999,0.0025987949,0.00038040118,0.07272442,0.06842779,0.00031638556,0.0014490166,0.07286401,0.00026377157,0.06756679,0.07243687,0.056073282,0.06338334,0.07064644,0.06946104,0.068823665,0.04107426,0.07284691,0.002248451,0.04760654,0.0011121073,0.07091301
0.0048350412,0.071693674,6.382512e-05,0.0025110182,0.00036893564,0.07249952,0.068738356,0.0002052534,0.00091734855,0.0726364,0.00018137561,0.06733816,0.07209889,0.057070464,0.06429782,0.07069092,0.06990032,0.06916489,0.04002585,0.072610736,0.0020053138,0.048550725,0.0007224023,0.07087273
0.003170896,0.0714831,1.7715938e-05,0.0015146947,0.00014713306,0.07182869,0.069960155,6.971045e-05,0.00033883855,0.07189698,6.6085515e-05,0.06853432,0.07166769,0.0574421,0.06499949,0.071091495,0.07046835,0.070064,0.03916181,0.07188971,0.0011285462,0.051684555,0.00029868347,0.07107522
0.002398015,0.07146527,1.0293045e-05,0.0010818385,7.6571276e-05,0.07164895,0.070202075,4.535663e-05,0.00021767405,0.07169172,4.4630015e-05,0.069127955,0.07156554,0.05706305,0.065917745,0.07119037,0.07072017,0.07043997,0.03975258,0.07168978,0.00074062735,0.051520064,0.000199094,0.07119066
0.002349101,0.07129133,7.4041695e-06,0.0008066066,5.1270974e-05,0.07144973,0.07023159,3.3125583e-05,0.0001772277,0.07147548,3.0385772e-05,0.069095634,0.07139547,0.057017665,0.06599678,0.07109699,0.07065363,0.070373975,0.040584728,0.07147466,0.00052375626,0.05268769,0.00014431163,0.07105149
0.0022123582,0.07136139,7.797126e-06,0.0009214998,5.0743492e-05,0.0715186,0.07010054,3.1130916e-05,0.00023202071,0.07154592,2.7906579e-05,0.06916709,0.07147,0.056974925,0.06551203,0.07121774,0.070858985,0.07016396,0.040970348,0.07154158,0.000507872,0.052377805,0.00013604552,0.07109168
0.0026398483,0.07132253,1.1036031e-05,0.0011414312,7.9490834e-05,0.07154729,0.06979967,5.0061906e-05,0.00031573104,0.071591,4.6653782e-05,0.06895637,0.07147789,0.056390554,0.065208286,0.07112185,0.07076168,0.06955686,0.04300781,0.07158718,0.0007682686,0.05150419,0.0001940545,0.07092025
0.0029443502,0.071140006,1.6841688e-05,0.0012801365,0.00010767156,0.07149468,0.06950591,7.7591234e-05,0.00037400983,0.07156014,6.344294e-05,0.06826217,0.07142301,0.055580523,0.06455893,0.07095701,0.0704562,0.0690248,0.043707557,0.071560726,0.0010015275,0.053898785,0.00031289543,0.07069106
0.0022010081,0.07097119,8.1417365e-06,0.00094987964,6.22701e-05,0.07121495,0.06981259,3.920634e-05,0.00021074768,0.07125197,3.411103e-05,0.06817333,0.07116237,0.056061905,0.065680884,0.07092181,0.07050368,0.069293596,0.042344812,0.07125057,0.00074525597,0.05629056,0.00018025866,0.07063488
0.0022309013,0.07088421,5.0601816e-06,0.0007292298,4.8849608e-05,0.07105808,0.07007861,2.4416684e-05,0.00015096278,0.07108242,2.0247071e-05,0.068422444,0.071015686,0.055283323,0.066443436,0.07084263,0.07048114,0.06957104,0.040644962,0.07108126,0.00057010225,0.058553778,0.00012829686,0.070648916
0.002448735,0.07135781,8.341847e-06,0.00086095696,6.362798e-05,0.07154285,0.07068442,3.150289e-05,0.00018107367,0.071568355,2.4492923e-05,0.06872267,0.0714948,0.052568913,0.06618981,0.07123899,0.07090252,0.06996263,0.0396055,0.07156634,0.00065450225,0.057029847,0.0001593526,0.07113191
0.002847246,0.07119282,9.191967e-06,0.0010204278,6.233223e-05,0.07138475,0.07039312,3.6199523e-05,0.00019928148,0.07140812,2.720623e-05,0.06886884,0.07132875,0.05268842,0.06458784,0.07102932,0.070624396,0.06981581,0.043202527,0.07140766,0.0007286577,0.056024253,0.00017797216,0.0709349
0.0026877096,0.07109864,8.164007e-06,0.00091783045,5.700988e-05,0.071276344,0.07001169,3.357202e-05,0.00019580076,0.0712974,2.5627634e-05,0.068831906,0.07120457,0.05291306,0.065022595,0.070973024,0.07055164,0.06960921,0.044636264,0.0712977,0.0006625325,0.055682838,0.00018542503,0.07081939
0.0020111483,0.07126187,5.9182707e-06,0.00078223785,4.710489e-05,0.07139527,0.070377745,2.5235477e-05,0.0001861547,0.071412995,2.4217998e-05,0.068779096,0.071339734,0.05512161,0.06603994,0.071131386,0.07076946,0.06972403,0.042602014,0.07141314,0.0005554187,0.05382374,0.00013473582,0.07103584
0.0029477475,0.07133237,1.016985e-05,0.0011461521,7.378457e-05,0.071576454,0.07055694,4.10444e-05,0.00021778539,0.07160631,3.3895696e-05,0.068385355,0.07151185,0.054351322,0.0656817,0.071200274,0.070837304,0.069676876,0.0403087,0.07160298,0.0007533427,0.054854885,0.00021734567,0.07107538
0.004226446,0.07142651,2.255239e-05,0.0013669463,0.00012871825,0.07185636,0.07045336,7.343997e-05,0.00030686552,0.07189695,5.576353e-05,0.0679426,0.071758576,0.05279324,0.06496909,0.07128591,0.070782565,0.0693847,0.03884626,0.07189541,0.0011213477,0.05599432,0.00041610573,0.07099591
0.0034003006,0.07117956,1.0381016e-05,0.0010458155,7.936708e-05,0.071447805,0.07041967,4.2926276e-05,0.00020721037,0.07148446,3.46003e-05,0.06848726,0.07138642,0.05239181,0.06531357,0.071121305,0.07064509,0.06957322,0.041160807,0.0714844,0.0007800811,0.057231143,0.00024995906,0.07082284
0.003371437,0.071205646,1.2551336e-05,0.0011793068,0.000102116646,0.071515515,0.07053875,5.4004868e-05,0.00021935391,0.07155746,3.6643494e-05,0.06806664,0.07143523,0.05258767,0.06448259,0.07114475,0.07062246,0.06939009,0.04180086,0.071554415,0.0008462812,0.057156153,0.00025745164,0.07086263
0.0038967673,0.07156785,2.6484193e-05,0.0013801985,0.00020587425,0.07206613,0.07067512,0.000109674,0.00036647695,0.07213853,7.947265e-05,0.06724674,0.0718985,0.052910578,0.06371237,0.07140359,0.07073999,0.069043346,0.03956956,0.072133966,0.0012589176,0.05606402,0.00046991932,0.07103598
