0,1,2,3,4,5,6,7,8,9,10,11,12,13,14,15,16,17,18,19,20,21,22,23
0.039041463,0.043138303,0.040674686,0.043562233,0.04045272,0.0434449,0.0404213,0.041696653,0.042274125,0.040678814,0.044464342,0.04193041,0.04232449,0.04152281,0.042573914,0.04186283,0.041271444,0.042632226,0.03974146,0.04158429,0.041052554,0.03914455,0.040396385,0.044113133
0.03926879,0.043029536,0.040709816,0.043561865,0.04057183,0.04380862,0.0404975,0.041448418,0.042324703,0.040763825,0.044184145,0.0418991,0.04224989,0.041644666,0.04250767,0.041799538,0.041316357,0.042637568,0.03969073,0.041356493,0.04102734,0.039297972,0.040306736,0.044096883
0.039335504,0.043054998,0.04071329,0.043953422,0.040580645,0.043978404,0.040470656,0.0414174,0.042416975,0.040794153,0.044006735,0.042029638,0.04215298,0.041664954,0.042607162,0.04160368,0.04122258,0.042547636,0.039520703,0.04136964,0.040778283,0.039435033,0.040385745,0.04395981
0.03923826,0.042765226,0.0406712,0.044008214,0.040762823,0.043803763,0.040513165,0.041522313,0.04233513,0.040767267,0.044323582,0.04177408,0.04225488,0.0416235,0.04265884,0.041735366,0.04103378,0.04236021,0.039742704,0.041482586,0.04073506,0.03937144,0.040516034,0.044000577
0.039572965,0.042966027,0.0406022,0.04389926,0.040357433,0.043639027,0.04037518,0.041554898,0.042180095,0.040953446,0.04459566,0.041645184,0.042305958,0.04139568,0.042299353,0.042272087,0.04069368,0.042420316,0.039373413,0.041417204,0.040904857,0.03958082,0.040556177,0.044439107
0.03959915,0.042877853,0.040460125,0.044438872,0.040281024,0.04369728,0.04029199,0.041916598,0.04211791,0.040922947,0.044872385,0.041630443,0.042280607,0.04153518,0.042630453,0.041957,0.040452562,0.042568143,0.039361827,0.041331943,0.040694002,0.039232586,0.040638465,0.04421067
0.039594878,0.042997357,0.040263925,0.044519287,0.04048402,0.043911178,0.04045137,0.041716907,0.04246441,0.04078048,0.044867504,0.041816827,0.04223137,0.041421607,0.042631526,0.041883755,0.04067201,0.0422587,0.039563168,0.041244235,0.040264994,0.039448347,0.040504735,0.044007383
0.03938157,0.043074213,0.040480103,0.044352032,0.040601958,0.043746702,0.040320594,0.041463617,0.042463172,0.041120183,0.044322513,0.041683827,0.042227447,0.041501272,0.042752493,0.041873895,0.04073414,0.042155925,0.039682996,0.041135196,0.04006375,0.039934874,0.040904112,0.044023413
0.039638247,0.042911742,0.040444475,0.044635374,0.040532466,0.043748375,0.04021973,0.041519195,0.04269177,0.041359995,0.04450666,0.04127377,0.042052068,0.041596636,0.04263175,0.04208625,0.04026867,0.042361718,0.03962012,0.04087416,0.04008283,0.03982531,0.040973596,0.0441451
0.039452404,0.043078303,0.040122803,0.044851355,0.040510595,0.043709155,0.039892353,0.041309137,0.042474195,0.041263755,0.044674054,0.0416784,0.04202701,0.04182556,0.04239869,0.041906603,0.040144075,0.042777363,0.03953073,0.04115914,0.040293247,0.039849266,0.040808596,0.044263214
0.039046865,0.04278276,0.040062614,0.04512397,0.040757068,0.043984488,0.04001754,0.04119095,0.042157885,0.041231696,0.044615705,0.041444536,0.042349253,0.041938733,0.042717263,0.041892704,0.040516622,0.04279455,0.03966462,0.041248433,0.039955925,0.03986282,0.04055001,0.044092957
0.039688338,0.042261936,0.03972746,0.045128472,0.040677443,0.044838484,0.040761314,0.04146345,0.041835368,0.04112709,0.044985533,0.041392405,0.042362247,0.042387042,0.04219682,0.04218773,0.039891824,0.04247161,0.03896969,0.041021336,0.039464917,0.04025292,0.040623944,0.044282626
0.040577747,0.042951547,0.039087195,0.044214126,0.040200975,0.044517178,0.040063404,0.041535642,0.040226534,0.04270862,0.045575358,0.042302694,0.041723352,0.042026665,0.041589513,0.043087244,0.038758054,0.042638816,0.038726818,0.041717637,0.04033639,0.040822774,0.039985396,0.044626303
0.04053354,0.04337535,0.039866924,0.044726443,0.040071845,0.04418953,0.039725676,0.04149393,0.040364716,0.041733526,0.045565404,0.041858036,0.042577855,0.04171108,0.04264949,0.041552313,0.040040605,0.04268625,0.039600108,0.040800653,0.041172832,0.040153347,0.039705448,0.043845106
0.039753355,0.04252585,0.04048228,0.0452631,0.040206272,0.043922096,0.040664706,0.041318666,0.04168754,0.04029644,0.04527554,0.04187341,0.04314901,0.041455403,0.04283638,0.041092657,0.04091747,0.042310353,0.04029463,0.04133095,0.039995726,0.040321294,0.039453827,0.043572985
0.03963565,0.042876136,0.04022663,0.04498078,0.040135562,0.044060946,0.041188803,0.041360952,0.041510493,0.04030349,0.045218132,0.04146103,0.042809043,0.041013945,0.042903606,0.04164471,0.041286003,0.043229595,0.03913111,0.041883923,0.039568022,0.040118326,0.038975894,0.0444772
0.039582007,0.0429726,0.040131763,0.044675183,0.040367864,0.043710843,0.041055996,0.04191328,0.041582752,0.041506846,0.044872615,0.041551862,0.043124516,0.041010763,0.041570712,0.041743904,0.04038251,0.04340981,0.039303213,0.041484155,0.040281456,0.040007006,0.039683804,0.044074565
0.040236156,0.04264902,0.040228106,0.044598624,0.04078792,0.044435706,0.040405005,0.041931685,0.042373486,0.04112786,0.044607874,0.041319456,0.04255771,0.04177941,0.041544672,0.041932046,0.040241618,0.04302703,0.038991522,0.04143741,0.040257785,0.03982357,0.039448958,0.04425735
0.039771665,0.042718466,0.039809708,0.04490936,0.041085996,0.04422655,0.04012249,0.041882344,0.042298112,0.0404043,0.044595655,0.041437846,0.042626947,0.041517954,0.042179134,0.041689232,0.041050944,0.04288192,0.03861285,0.042185873,0.040217493,0.03974638,0.03949776,0.044531085
0.038790632,0.04294787,0.03957796,0.044493772,0.040964656,0.043844618,0.03988423,0.041892555,0.042081196,0.041464884,0.045398213,0.042373396,0.042836394,0.041042738,0.042892467,0.04119799,0.040068105,0.043512404,0.039064586,0.0414641,0.03970287,0.040104974,0.040222842,0.04417654
0.03902048,0.042725522,0.038580786,0.04453048,0.040677927,0.043689422,0.040424008,0.041659042,0.042389836,0.041636765,0.045664646,0.04279692,0.042534668,0.040764593,0.04323831,0.041957665,0.039457034,0.043651488,0.038500305,0.041733652,0.039234914,0.0407052,0.04041001,0.04401629
0.0395081,0.04309207,0.038816504,0.044521663,0.0407319,0.04367862,0.040463176,0.041634675,0.041473143,0.041621502,0.045160014,0.042330254,0.041547284,0.041251212,0.043032788,0.042243548,0.03982683,0.043589897,0.038062803,0.0422061,0.040197063,0.04079275,0.04005624,0.044161886
0.03822329,0.042981733,0.039193537,0.04452092,0.040228482,0.04377346,0.040281136,0.041609198,0.041536618,0.041659687,0.045907404,0.041727167,0.041864727,0.041907758,0.04312956,0.04216717,0.03992022,0.043252986,0.038273845,0.042650703,0.040645912,0.040574376,0.039726637,0.04424349
0.038187478,0.04298428,0.038937062,0.04519045,0.040243942,0.043017354,0.04010843,0.041710474,0.041336026,0.04149607,0.045443557,0.04225718,0.04262728,0.04132814,0.042930443,0.042537425,0.040466312,0.04332499,0.03831615,0.042981993,0.039436452,0.040624697,0.040007737,0.04450606
0.040025216,0.042473007,0.038981006,0.045153074,0.040180724,0.043148562,0.040187117,0.041663524,0.04202114,0.04105625,0.044638198,0.042909857,0.041778147,0.041645415,0.042570394,0.042580426,0.041104645,0.04336611,0.038121585,0.042727508,0.038790666,0.039982673,0.04045013,0.044444576
0.040007245,0.041623678,0.038932614,0.044850193,0.04056719,0.043496277,0.040304378,0.041685645,0.042303067,0.041333746,0.044808626,0.04194453,0.04215405,0.041689135,0.042958904,0.043019563,0.040341523,0.043196235,0.039209068,0.042049367,0.038490567,0.04006759,0.04016659,0.04480022
0.038002137,0.041786827,0.03926162,0.044857215,0.041301925,0.04384348,0.041096456,0.041750193,0.043051448,0.041653622,0.04464471,0.0422794,0.042649224,0.04107089,0.04316321,0.042943943,0.039176885,0.043672178,0.03874799,0.041413393,0.037922222,0.040970743,0.040320728,0.044419516
0.038648896,0.04350647,0.039174177,0.044831187,0.040767115,0.04371228,0.0409987,0.041367996,0.04248647,0.04257601,0.04460351,0.0425433,0.041956663,0.041968606,0.043183498,0.041510083,0.039319262,0.043685887,0.038110904,0.04127072,0.038203605,0.040137343,0.041218795,0.044218536
0.03920407,0.043124933,0.0392047,0.045191165,0.039989915,0.04386392,0.04064479,0.041336562,0.041463237,0.042672805,0.04436578,0.0418556,0.042856783,0.04248265,0.043286327,0.042206295,0.039194606,0.04363581,0.03874047,0.041174747,0.038163528,0.03969924,0.04121494,0.04442714
0.039439112,0.042903617,0.03895421,0.04591434,0.03999562,0.0433161,0.040573575,0.041271444,0.04197669,0.041825328,0.045256954,0.042561445,0.042716783,0.041699357,0.04241035,0.04201895,0.039447594,0.044265,0.03841699,0.041267365,0.038482722,0.04007633,0.04092452,0.044285566
0.040357757,0.042780664,0.038971167,0.045566402,0.0402804,0.04330221,0.0399226,0.04151235,0.042365808,0.04191764,0.046064742,0.042759094,0.042305876,0.041483022,0.042296275,0.042107258,0.03900543,0.04376806,0.03913257,0.04037878,0.038734794,0.040951468,0.040228285,0.043807324
0.039326686,0.04238911,0.039046124,0.045185067,0.041097358,0.044004217,0.040146638,0.04142029,0.04350934,0.041636553,0.045285463,0.042631816,0.04212568,0.041378673,0.042031314,0.042895515,0.038961187,0.043718502,0.039179705,0.040178284,0.03793188,0.041012898,0.04031114,0.04459664
0.039099313,0.0429031,0.03917994,0.045494802,0.040817168,0.04333549,0.039590172,0.041665446,0.043036245,0.042281535,0.04561159,0.04295336,0.041774224,0.04177464,0.04278206,0.043235317,0.039164763,0.043033186,0.0386669,0.04056687,0.03700071,0.040780727,0.040417887,0.04483454
0.03889342,0.04345536,0.03826604,0.046002056,0.04050817,0.042953074,0.039401367,0.041398227,0.041656934,0.042308733,0.04631998,0.04343839,0.041933194,0.042096034,0.043288246,0.043397628,0.039279897,0.04270954,0.03872993,0.041331436,0.037149005,0.04067747,0.040641464,0.04416443
0.039640106,0.043757375,0.038103484,0.046764012,0.04034269,0.043855764,0.039339695,0.04110532,0.04151104,0.041969385,0.045920115,0.043317586,0.04246207,0.04190265,0.04275966,0.042466007,0.039473947,0.04281835,0.038940854,0.04107256,0.03645025,0.04059396,0.040905464,0.044527736
0.040048808,0.04331398,0.038676824,0.04604491,0.040608563,0.043892447,0.040012643,0.041680034,0.042228173,0.042313688,0.04552598,0.043236673,0.042370077,0.041892372,0.042624038,0.04303632,0.039453194,0.042228438,0.038915098,0.041377436,0.035062592,0.040651325,0.04043638,0.04436995
0.040399708,0.0433997,0.039122254,0.046068866,0.04055782,0.04382268,0.040302314,0.04182927,0.04184864,0.042343546,0.044910412,0.04366492,0.04172503,0.041791633,0.043044135,0.042922456,0.03929394,0.04273163,0.038884137,0.04130807,0.03518764,0.040247556,0.040209748,0.044383965
0.040126648,0.0436235,0.039265737,0.045971137,0.03992587,0.0437913,0.04030712,0.041202884,0.041960213,0.042583533,0.04382577,0.04355364,0.04202181,0.042208128,0.04309132,0.04280244,0.038876634,0.043090764,0.03940284,0.04137044,0.03589678,0.04031778,0.04043152,0.044352215
0.038978666,0.04327778,0.038907304,0.04621263,0.039774485,0.04382521,0.040653314,0.041572012,0.042695057,0.041966613,0.04431308,0.04316663,0.042761967,0.041890744,0.042781103,0.043302726,0.039487377,0.04261918,0.03874108,0.041239865,0.035907026,0.039479163,0.041101146,0.045345794
0.0391282,0.043083973,0.040307395,0.046315383,0.03974473,0.04409402,0.040447503,0.0420652,0.042076297,0.042075597,0.044921383,0.043102905,0.04253556,0.041312672,0.042552065,0.042474728,0.039874524,0.04252368,0.039133005,0.041176632,0.036277305,0.03926561,0.040662378,0.044849288
0.03960794,0.043216575,0.04049669,0.045706265,0.039062075,0.043178134,0.039389282,0.041491754,0.042114016,0.04294268,0.044868506,0.042994887,0.041943476,0.041985083,0.04246828,0.042783912,0.039454125,0.043148223,0.039658375,0.040877126,0.036723007,0.040358532,0.04075712,0.044773936
0.038844075,0.042767305,0.040054217,0.046451073,0.040085025,0.04385918,0.040350642,0.041182194,0.042615775,0.043175634,0.044499863,0.042194508,0.041912805,0.04123874,0.043655988,0.042305257,0.039356824,0.043063927,0.03844814,0.040708873,0.035494115,0.03986189,0.04166904,0.046204884
0.0389494,0.04293407,0.039733745,0.04701866,0.040869296,0.044032354,0.039922904,0.042265423,0.043004096,0.04243183,0.044255707,0.042361055,0.04181737,0.041398633,0.043834902,0.04157024,0.038564056,0.042577505,0.0380837,0.040692467,0.035929214,0.03934657,0.042314343,0.046092443
0.03916206,0.042710423,0.03872128,0.04828138,0.041490126,0.043185815,0.039749987,0.04201072,0.04260382,0.04169495,0.04529432,0.04264252,0.043365233,0.040744,0.04277672,0.042965755,0.03801395,0.042229556,0.038425844,0.04148224,0.035578497,0.03936812,0.04157508,0.045927618
0.040086,0.042904034,0.038537204,0.048374746,0.040793505,0.04226125,0.039881144,0.04175065,0.04256815,0.04180782,0.0460361,0.041705597,0.043253947,0.04060299,0.04354245,0.044266738,0.038105585,0.042298064,0.0386743,0.041246854,0.034719072,0.040330883,0.04105418,0.045198683
0.04039331,0.042249747,0.038508967,0.04822618,0.040644795,0.042629033,0.04007798,0.041855823,0.04309644,0.041765656,0.045763746,0.041283064,0.042784162,0.041486893,0.042808287,0.044167735,0.039369322,0.04245208,0.038322724,0.040415477,0.03540515,0.040255915,0.04104303,0.044994514
0.039740875,0.041662484,0.038026866,0.048424236,0.04128164,0.042702276,0.03998189,0.04130216,0.043092195,0.041622613,0.045563225,0.04214656,0.043222267,0.0423237,0.04235056,0.04397253,0.03978922,0.0427406,0.037799,0.040429063,0.03548019,0.040124096,0.041333493,0.04488834
0.039986867,0.0420327,0.038220584,0.048504137,0.040363025,0.043189336,0.040456563,0.041257937,0.042961884,0.042161934,0.045932043,0.042888045,0.043274846,0.042461775,0.043155234,0.043231208,0.03890687,0.042860195,0.03743526,0.04009497,0.034761712,0.04046896,0.040486664,0.044907242
0.039302424,0.041790403,0.038683884,0.048712082,0.040342975,0.043788724,0.041060086,0.04120508,0.043005586,0.043157015,0.044612426,0.04278071,0.042483866,0.041620225,0.043505497,0.04354009,0.038240563,0.043754987,0.03756331,0.038782004,0.034590017,0.041619662,0.04100061,0.044857796
0.03928387,0.042088956,0.038097788,0.049021345,0.040581077,0.0433058,0.040332563,0.041603353,0.04284757,0.043331232,0.046266623,0.043370325,0.042303324,0.041251495,0.0428536,0.043703943,0.038500372,0.043663196,0.037836064,0.038362883,0.03538206,0.041018184,0.040970158,0.044024166
0.04064989,0.041802797,0.037833124,0.047927584,0.04055935,0.042884085,0.04069264,0.041606247,0.04238507,0.04341514,0.045909543,0.04298528,0.042691607,0.041313834,0.042860333,0.04358603,0.038015395,0.0434574,0.038319834,0.039272767,0.035062604,0.040576026,0.04091136,0.04528204
0.040665608,0.04218575,0.03729076,0.04831765,0.039565664,0.04259268,0.040795688,0.04180559,0.04229027,0.043223057,0.04537331,0.04334344,0.043143027,0.040493082,0.043236203,0.043690406,0.037825193,0.04316908,0.038547896,0.039213117,0.034142926,0.041591942,0.041091368,0.046406288
0.040334467,0.042763617,0.03686029,0.049439754,0.040169626,0.04189547,0.04025239,0.042504918,0.042335045,0.043181825,0.046025865,0.043689523,0.04266764,0.040442538,0.04347363,0.0441718,0.038285926,0.041914254,0.037024405,0.039875925,0.03469451,0.040468287,0.041489482,0.046038818
0.040106565,0.041995976,0.038184732,0.05007532,0.040592704,0.04190861,0.040385738,0.04312865,0.04240779,0.042941134,0.04534915,0.043030143,0.04290448,0.040309764,0.04352109,0.04457029,0.038712703,0.041135427,0.037178297,0.039826334,0.034192234,0.039857343,0.04152732,0.046158236
0.040042717,0.041785073,0.03732742,0.050015513,0.040450856,0.0421521,0.041168686,0.042072557,0.041799035,0.042495467,0.046199303,0.043096986,0.04306357,0.040596776,0.04296633,0.044432174,0.038795784,0.041978054,0.037742272,0.040254187,0.033689674,0.040710315,0.041810177,0.045354962
0.040365264,0.04150737,0.03680287,0.049806584,0.0399443,0.04246265,0.040823948,0.041253597,0.042251028,0.042461365,0.045815114,0.042749677,0.04276044,0.040994555,0.043185767,0.045320116,0.03815654,0.042452298,0.037413053,0.040695533,0.033823017,0.041232947,0.042374857,0.045347106
0.038874157,0.04170361,0.03777507,0.04990828,0.03966701,0.042433154,0.040113967,0.04117769,0.043437906,0.04329732,0.045041617,0.043900207,0.04375095,0.04032503,0.042881697,0.043428306,0.037972987,0.042796098,0.038293883,0.039765596,0.034316666,0.041542463,0.04252083,0.045075435
0.04002726,0.04197364,0.037440203,0.049520005,0.03945045,0.04294843,0.039747376,0.041901257,0.043333862,0.043104302,0.045891713,0.044673733,0.04317634,0.03995113,0.042922337,0.043061756,0.037984125,0.042938594,0.03921944,0.03931159,0.03464467,0.041638292,0.04132922,0.043810252
0.040366832,0.042020094,0.038087122,0.048893347,0.038774103,0.04252326,0.0403535,0.04243534,0.042747956,0.043485202,0.0452639,0.04500805,0.0423883,0.03984417,0.044171635,0.043825563,0.038007334,0.043589074,0.03759284,0.039530523,0.034309704,0.041981857,0.040404286,0.044395946
0.039945457,0.04195253,0.0374781,0.049791593,0.039413273,0.04162495,0.041665856,0.042215254,0.042873144,0.043109927,0.045495212,0.045714717,0.04268379,0.039798953,0.043325514,0.043216858,0.03690324,0.044126656,0.036193088,0.0399378,0.03358237,0.042521805,0.041129906,0.045300018
0.041394304,0.04197199,0.03763243,0.050692618,0.040412273,0.042179745,0.041731082,0.041315816,0.04258819,0.042909816,0.04606724,0.045469154,0.04236134,0.03959632,0.042939544,0.042968616,0.0365538,0.043270048,0.0361227,0.04000373,0.032986976,0.040869765,0.041462626,0.046499886
0.04013711,0.04232358,0.037340682,0.050240535,0.041331615,0.04296564,0.041181665,0.040386792,0.04223583,0.043536037,0.04596513,0.044651337,0.043073952,0.039423987,0.042757515,0.044307534,0.0369692,0.04193575,0.03756098,0.039980017,0.032780588,0.03995752,0.041971527,0.046985496
0.039036352,0.04121052,0.03634303,0.051410243,0.04156534,0.043293066,0.040931188,0.041213345,0.04379219,0.043250248,0.045423236,0.044126354,0.044233594,0.03858699,0.043394297,0.04488725,0.036742948,0.042692076,0.037469488,0.038864817,0.032538228,0.04047042,0.04247026,0.046054468
0.038994074,0.04021837,0.036775604,0.05269267,0.040015683,0.04248412,0.040982973,0.04319829,0.043928348,0.041211516,0.046563856,0.04408604,0.044688847,0.038182486,0.043423045,0.0438207,0.03705746,0.043647587,0.038060375,0.038723163,0.03388639,0.04078416,0.042099234,0.044475015
0.038775403,0.040521417,0.037089743,0.05188004,0.03929461,0.043769773,0.040717795,0.042529803,0.04321346,0.041243937,0.04598394,0.04495438,0.04351725,0.038883343,0.043761272,0.043902002,0.036581606,0.043359254,0.03956812,0.03950092,0.031865813,0.042530913,0.041546118,0.045009088
0.038647067,0.04155873,0.03713855,0.0512212,0.039164525,0.04356041,0.04038191,0.042020172,0.043863676,0.042881425,0.044174407,0.044694528,0.044091225,0.039314736,0.04339953,0.043364357,0.03667753,0.042461436,0.039591536,0.039674036,0.032190453,0.043045163,0.04138186,0.045501497
0.03899997,0.04124331,0.037175413,0.051652927,0.04001399,0.042932864,0.041103933,0.042506523,0.043728873,0.043109395,0.04460992,0.044148427,0.04463835,0.039219778,0.043738388,0.043422464,0.036019575,0.04157818,0.038327556,0.038802505,0.03257395,0.04254154,0.04165842,0.04625371
0.038894366,0.04157544,0.038001444,0.051853713,0.040431082,0.04406646,0.03994902,0.042201895,0.043354526,0.042482134,0.044234175,0.044624563,0.04405664,0.038855,0.044998605,0.042940836,0.03566727,0.042607594,0.038832814,0.039613586,0.030885527,0.04192799,0.04173988,0.046205424
0.037579373,0.041509386,0.03814892,0.051636048,0.040286407,0.043170527,0.040248428,0.041578155,0.043814674,0.042785928,0.04320925,0.044370823,0.044513892,0.039310906,0.044380773,0.043509975,0.03717133,0.04290822,0.039153714,0.039390836,0.03153934,0.042575713,0.04084807,0.046359293
0.038026765,0.041004233,0.038433414,0.051808294,0.040704843,0.042574577,0.04078924,0.04070692,0.04296012,0.042977855,0.043785155,0.044254877,0.04548894,0.04112109,0.043661397,0.043038003,0.037100833,0.041919567,0.038134605,0.040144157,0.032568507,0.042641986,0.040212397,0.045942254
0.038553447,0.04091184,0.03825372,0.051170673,0.041314695,0.042864937,0.041098997,0.040562436,0.042264972,0.04334939,0.044293623,0.044471677,0.04505103,0.04024841,0.04434278,0.042630605,0.03618609,0.041783646,0.037636884,0.041992083,0.032315258,0.04108251,0.041102976,0.0465173
0.039219704,0.04094798,0.037265766,0.0511968,0.040492173,0.04222179,0.041364685,0.04058853,0.042045992,0.043547884,0.045723703,0.04455836,0.045227066,0.039319362,0.043880645,0.043523908,0.035753604,0.042096768,0.03783599,0.04195886,0.032108735,0.040926103,0.041192222,0.047003314
0.03964591,0.041039716,0.036163066,0.05154218,0.03968619,0.04259904,0.041079182,0.040512852,0.041641526,0.04363433,0.04536465,0.04359545,0.044903524,0.039142482,0.044402555,0.04488953,0.03643146,0.04260404,0.039107066,0.041913178,0.030998824,0.042196944,0.040575154,0.046331085
0.03961358,0.041191775,0.035981648,0.052465834,0.039816283,0.043371554,0.042053945,0.041931752,0.041727632,0.04310939,0.045425937,0.043313563,0.043974288,0.038815506,0.04582752,0.044774372,0.036353204,0.04307034,0.037375286,0.04056111,0.030068351,0.041983675,0.041034106,0.046159342
0.039526332,0.04104423,0.036697283,0.052742552,0.041143287,0.044186063,0.04242361,0.04119172,0.04404188,0.042038262,0.04610109,0.043850493,0.043961473,0.03880846,0.044557262,0.044534445,0.03610415,0.042329393,0.035866294,0.03940379,0.030234994,0.041893877,0.040672604,0.046646453
0.03956017,0.04052191,0.036698107,0.051692404,0.0402935,0.043398086,0.042252775,0.039617807,0.044580717,0.043379515,0.04630393,0.044947535,0.044383768,0.03911609,0.043976326,0.044414777,0.03576951,0.04210439,0.03601144,0.040199004,0.030547692,0.04272438,0.040650405,0.046855725
0.040607553,0.04098486,0.03658541,0.05204684,0.040491126,0.042735167,0.04180756,0.0406878,0.043408554,0.043023426,0.046298843,0.044544738,0.045147516,0.038975637,0.043672223,0.04261834,0.03589539,0.041483782,0.036853485,0.039941497,0.030872304,0.04347716,0.04144856,0.046392232
0.040675852,0.04102084,0.0365111,0.05256367,0.041018106,0.044222128,0.04154927,0.04161283,0.042927973,0.042186927,0.04597724,0.0434815,0.04492259,0.038634762,0.044101637,0.04319484,0.035426397,0.042873792,0.038107228,0.03989888,0.030694857,0.042395826,0.040378354,0.04562338
0.039736632,0.04091171,0.03597987,0.053200066,0.040405426,0.044217013,0.04088468,0.041116495,0.042597596,0.043672383,0.044480115,0.0445816,0.044633303,0.038638625,0.044209845,0.044361338,0.034573458,0.043749265,0.038383238,0.03855001,0.030241027,0.043361742,0.040279955,0.04723465
0.039990474,0.04092231,0.036784127,0.052968495,0.040940974,0.043771632,0.04068871,0.041138858,0.043335382,0.04282324,0.044658232,0.04411932,0.04417194,0.03831042,0.043919835,0.045275364,0.03544457,0.04297308,0.037980746,0.038844574,0.03006116,0.043505255,0.040043876,0.04732748
0.041034725,0.040302973,0.03689363,0.052439347,0.042411197,0.044348605,0.042264264,0.041278567,0.044201486,0.04222374,0.044981938,0.042845324,0.044522617,0.038659226,0.0444667,0.044926964,0.035035025,0.041028447,0.035927773,0.03901071,0.03061051,0.042851888,0.04028081,0.047453485
0.04096643,0.041323245,0.036931988,0.05185043,0.04221612,0.043089174,0.0427725,0.04105453,0.044273365,0.042998277,0.044959877,0.044023897,0.044289805,0.03900927,0.045318417,0.043583978,0.03485828,0.040546495,0.035355795,0.038231008,0.030532153,0.042882882,0.041973464,0.046958618
0.040564716,0.041331545,0.03654407,0.05196684,0.04099721,0.043180082,0.04259491,0.042008225,0.044092353,0.043590996,0.045676664,0.043863356,0.043121867,0.039490875,0.044959825,0.045248818,0.03559021,0.04155315,0.035071712,0.038403846,0.030835133,0.04227647,0.04178196,0.045255166
0.03945861,0.041790646,0.036844835,0.053943556,0.040225755,0.043518703,0.042078216,0.042363796,0.04360242,0.043153074,0.044474497,0.04467127,0.042332795,0.038924027,0.04519821,0.045210004,0.03621978,0.041092794,0.03538472,0.037911545,0.031928025,0.042887114,0.04204725,0.044738375
0.03925033,0.042293165,0.036399107,0.054319467,0.040480997,0.043636296,0.040784683,0.04244791,0.043566562,0.043062847,0.04479374,0.044947214,0.04204698,0.038084406,0.04667411,0.045096237,0.03572985,0.04039142,0.035922177,0.038533155,0.031405672,0.043214113,0.042025305,0.04489426
0.038217004,0.04161516,0.036124706,0.053122927,0.040222224,0.043838818,0.041165415,0.042903285,0.0450384,0.043840952,0.044645753,0.044732578,0.041743018,0.0380445,0.046911504,0.045347065,0.036248676,0.041297626,0.036407184,0.03927512,0.03006236,0.04153919,0.042018447,0.045638137
0.03970125,0.042043414,0.035202336,0.05212313,0.041041933,0.043980394,0.04275994,0.04258808,0.043902256,0.043912858,0.04492817,0.044143785,0.042183567,0.03927661,0.046115533,0.045815445,0.036039345,0.04128432,0.035869893,0.039242283,0.029503293,0.041455653,0.04201294,0.044873577
0.04077533,0.04280919,0.03669525,0.05210124,0.042013813,0.04464625,0.042594142,0.041884664,0.042828158,0.043088093,0.044001926,0.0446953,0.0432763,0.03915134,0.045613144,0.045324627,0.03436142,0.04134473,0.035741244,0.039372176,0.029266378,0.041165408,0.041095965,0.046153974
0.039914314,0.04099531,0.036151104,0.05274121,0.04207395,0.044356138,0.04356545,0.041054074,0.0432337,0.043718606,0.04440084,0.046451446,0.043430828,0.037840012,0.04634283,0.045085955,0.0336434,0.0418299,0.035233323,0.03942258,0.027536789,0.04147959,0.041939404,0.047559254
0.040252082,0.040686682,0.034672506,0.05289821,0.04146603,0.044399045,0.04237322,0.040984556,0.043309093,0.044891406,0.045731075,0.04764846,0.043900687,0.03809725,0.04589759,0.044956338,0.0335776,0.04207578,0.034713145,0.03979247,0.026743513,0.04267251,0.040919922,0.047340855
0.04080126,0.04120276,0.035856683,0.05396151,0.040085886,0.043415457,0.041373465,0.041669622,0.04435018,0.044614147,0.046576463,0.04717988,0.044367924,0.0373683,0.045445148,0.044627722,0.034007847,0.041446786,0.035232514,0.039081845,0.028796444,0.041773878,0.040968426,0.045795843
0.039882917,0.041214846,0.036436018,0.05488476,0.041158184,0.043457475,0.042338967,0.041883446,0.043537468,0.04292242,0.04828517,0.04570148,0.0433203,0.03739888,0.046925854,0.045817263,0.03445762,0.040395975,0.03570138,0.03921637,0.029463666,0.04098931,0.04040526,0.044204988
0.040249787,0.04121844,0.03717462,0.054077607,0.042570416,0.044122595,0.042089455,0.040626254,0.043108635,0.043747436,0.047368236,0.045688335,0.04228604,0.037838228,0.046396565,0.04688886,0.033814322,0.039675143,0.035998125,0.038954984,0.029829852,0.041892733,0.039421044,0.04496232
0.040004317,0.042267874,0.037098788,0.053042788,0.040763993,0.043801934,0.042061545,0.042042077,0.043235704,0.044882584,0.046766836,0.045579087,0.041734926,0.03896328,0.045540005,0.046241872,0.03556505,0.041521892,0.034347806,0.03972278,0.028957775,0.041315828,0.0402909,0.044250436
0.03971664,0.041786484,0.03600871,0.053415246,0.039256226,0.042726062,0.041053865,0.042929858,0.042962767,0.044281807,0.046971593,0.04484544,0.04238957,0.03992711,0.04650269,0.045441974,0.036212515,0.042290587,0.035154477,0.040671524,0.028128652,0.041948806,0.040552445,0.044824958
0.04031116,0.04024,0.035758898,0.053573143,0.039241165,0.042181265,0.041643713,0.04129203,0.04319485,0.043505438,0.047554754,0.045389004,0.042647257,0.039976094,0.046086952,0.046953194,0.035841707,0.043409634,0.035866242,0.04055184,0.027672263,0.042372737,0.039066132,0.04567057
0.039988518,0.041062254,0.036346264,0.05345651,0.040001526,0.04295456,0.043604217,0.041946035,0.044911224,0.044073265,0.046846908,0.04390764,0.04273456,0.03935357,0.0454589,0.046773057,0.036759507,0.043942507,0.034251783,0.039663896,0.026902845,0.041370127,0.03863338,0.045056943
0.039190352,0.040133167,0.034664854,0.053841177,0.040115364,0.042389102,0.0437054,0.04299795,0.0432547,0.045021366,0.04711083,0.044958074,0.043526694,0.03875708,0.045687806,0.046678912,0.035656217,0.042982154,0.03519844,0.0387724,0.027986474,0.0422201,0.039116506,0.046034876
0.03961078,0.04053474,0.034462538,0.053802412,0.03912151,0.04276791,0.041836414,0.043171227,0.041129254,0.044315077,0.048030328,0.04674237,0.043954995,0.038304936,0.046366293,0.04662594,0.03411746,0.041936852,0.035717394,0.03908225,0.028406689,0.04353189,0.04000522,0.046425533
0.041105706,0.040912267,0.03400315,0.054798912,0.03931125,0.042703155,0.04191104,0.043192826,0.041073352,0.04484962,0.047764316,0.045918614,0.04348179,0.038323734,0.046316933,0.045852195,0.03396735,0.042216986,0.033602923,0.03930763,0.02787132,0.04371846,0.04146495,0.046331514
0.040390585,0.040181704,0.03397403,0.0557431,0.040515408,0.043926634,0.042801417,0.04308419,0.042509906,0.044442885,0.047805805,0.04475101,0.04345709,0.038785707,0.046233583,0.046486888,0.03326725,0.042474136,0.033615526,0.0391499,0.027129356,0.042502906,0.04084767,0.045923285
0.040273093,0.041660793,0.035270955,0.05541342,0.04105859,0.0454219,0.042246256,0.0427818,0.042865258,0.043338224,0.048025686,0.04568196,0.04393491,0.038939167,0.046396323,0.045681536,0.033067614,0.041306134,0.034170043,0.039247084,0.02676045,0.041946307,0.03957686,0.044935606
0.041344956,0.04124432,0.0341761,0.055444174,0.04094888,0.044876765,0.04205917,0.0418399,0.041765254,0.04393233,0.047238387,0.04610839,0.04419935,0.03966293,0.045791525,0.046294488,0.033606976,0.041957512,0.03397164,0.03964445,0.027215192,0.041821413,0.03997774,0.044878177
0.041229386,0.040108986,0.03325744,0.055512834,0.040802184,0.043074325,0.041834254,0.042335764,0.04229912,0.044245284,0.04750844,0.046370465,0.042436022,0.040068306,0.045415603,0.046412993,0.034406997,0.042519115,0.03291903,0.039514143,0.028316047,0.04264958,0.040656008,0.046107717
0.0413919,0.03939523,0.03329168,0.054756347,0.04094317,0.0420904,0.042088386,0.042142663,0.044810437,0.043922577,0.047209997,0.046728063,0.041852586,0.040341068,0.044244066,0.045689847,0.03429758,0.042684942,0.031561863,0.03960248,0.029104006,0.043367375,0.041464712,0.047018595
0.040845603,0.040197484,0.03348761,0.055783246,0.04088321,0.04295628,0.042700022,0.040877555,0.04559316,0.043579213,0.04830484,0.045651317,0.042327125,0.040318392,0.044166505,0.045502145,0.034203835,0.04247673,0.03332664,0.038503025,0.02818104,0.042860303,0.040840235,0.046434443
0.039735176,0.03935077,0.03415343,0.055651505,0.04098396,0.04412359,0.043659948,0.04193847,0.044796467,0.040842857,0.048661504,0.044657834,0.04193257,0.040127475,0.04609554,0.04753758,0.034261122,0.041040644,0.034634095,0.039417606,0.027482688,0.042198617,0.040069237,0.046647325
0.039692834,0.038779702,0.03426476,0.055828933,0.040095486,0.044351052,0.04396102,0.04217733,0.044549663,0.042127818,0.04638513,0.045892756,0.043306984,0.03936617,0.04585076,0.047050163,0.033595275,0.04185608,0.032817587,0.03928957,0.027809223,0.042391684,0.04036108,0.04819893
0.042176504,0.03998033,0.034115557,0.056034297,0.04009678,0.04373963,0.04348368,0.042294327,0.042713184,0.044243388,0.04875758,0.04639278,0.04302594,0.0396967,0.04536476,0.04607085,0.03227371,0.04175218,0.03226355,0.037703548,0.027710749,0.042810116,0.041304857,0.045994923
0.042961486,0.039904904,0.033667468,0.055701848,0.040911827,0.042468067,0.04177821,0.041498117,0.042599615,0.04550292,0.048787188,0.04685954,0.044216916,0.041643437,0.045217346,0.045216758,0.03250934,0.04159943,0.032061093,0.03822702,0.027261637,0.04340239,0.039079636,0.046923857
0.0412065,0.038780168,0.033869732,0.057478268,0.040249906,0.041920606,0.042136017,0.041020036,0.042866684,0.045784146,0.047365893,0.04643797,0.0446501,0.04000648,0.04427028,0.04624329,0.03360427,0.04173442,0.033371262,0.03887125,0.02753994,0.043435857,0.039344944,0.04781197
0.04161998,0.039136298,0.034768194,0.058272466,0.039509576,0.04109723,0.042170435,0.042128295,0.043116424,0.04460918,0.04804681,0.045236077,0.044665787,0.038220946,0.043711357,0.046474997,0.03381876,0.04150759,0.033240926,0.038572285,0.029379848,0.04257634,0.04088136,0.047238793
0.043203186,0.04077531,0.034952633,0.056050997,0.03868425,0.041145887,0.04062651,0.04331853,0.043415476,0.045553923,0.048220724,0.045560345,0.044820573,0.03830218,0.044677462,0.045905825,0.032123495,0.042179417,0.0335148,0.038667485,0.028285801,0.043277565,0.03879304,0.047944523
0.043050084,0.041668463,0.03442324,0.056200907,0.03971879,0.042407475,0.041348893,0.042922504,0.043943293,0.043993227,0.04714218,0.045213465,0.04382881,0.0387845,0.0439163,0.046028785,0.032496765,0.040201347,0.034027677,0.039576862,0.028751424,0.042884182,0.039986786,0.04748404
0.04050779,0.04113549,0.035128415,0.056889344,0.04034111,0.04196108,0.042549584,0.043235492,0.044012792,0.043608688,0.04757224,0.04503817,0.04386664,0.037902158,0.04428399,0.046716284,0.034335934,0.04096183,0.033138357,0.038699433,0.028150098,0.0421339,0.040452823,0.047378413
0.04168929,0.041469183,0.035317816,0.05683258,0.039299723,0.041681685,0.04166599,0.0422014,0.043434035,0.045455158,0.048131358,0.046503138,0.043552857,0.038237493,0.04438201,0.04711784,0.034373675,0.043494035,0.032147575,0.03924301,0.027099198,0.04195196,0.038695406,0.04602364
0.042864185,0.040243678,0.034324143,0.057928722,0.038862944,0.041429598,0.04167233,0.04185233,0.04336474,0.042866044,0.04875819,0.04750517,0.042755,0.04038338,0.042967282,0.04812193,0.035737645,0.0427243,0.031336106,0.040240932,0.027994975,0.04204151,0.038844336,0.04518054
0.042640116,0.039171796,0.033863723,0.05757305,0.039270896,0.04154181,0.04241064,0.043695867,0.042262577,0.042827625,0.04978092,0.04608362,0.042465035,0.040750444,0.04389899,0.048534345,0.03505708,0.04111538,0.03167886,0.039940383,0.028293995,0.041931875,0.038889397,0.046321563
0.043244515,0.0399182,0.03468451,0.056580406,0.040520445,0.044465348,0.043031525,0.042938497,0.04188448,0.044099387,0.049079802,0.045731388,0.041630294,0.03977481,0.04513903,0.045934517,0.033768296,0.042996448,0.031558264,0.038824756,0.027094068,0.04200649,0.039765187,0.04532937
0.0426696,0.040179625,0.033403512,0.057395972,0.03907154,0.044532645,0.04363389,0.042387687,0.041999817,0.044075914,0.049306273,0.045243807,0.04193134,0.03792842,0.044998795,0.04693811,0.03407541,0.04450301,0.03329181,0.039071366,0.026866786,0.04207539,0.039278854,0.04514043
0.04162028,0.039436854,0.034350947,0.057379182,0.03867125,0.043014586,0.04267566,0.043149393,0.042504653,0.04485002,0.047331247,0.046093795,0.04244293,0.03834038,0.044686772,0.048003126,0.034096416,0.043526396,0.033636775,0.039329164,0.02618908,0.042577382,0.039317425,0.04677625
0.04196167,0.038817406,0.0336191,0.056855664,0.039682966,0.044022854,0.042768184,0.043301303,0.043343313,0.043925405,0.048902888,0.04441972,0.04141378,0.03978728,0.04458588,0.046607707,0.034945823,0.044262335,0.033813395,0.038886134,0.02629985,0.041218743,0.041051723,0.045506854
0.04337881,0.037416752,0.03324165,0.055603877,0.03969009,0.044854708,0.04350657,0.043000787,0.04239324,0.043307256,0.050642554,0.043492083,0.041817844,0.039442882,0.04422168,0.047543723,0.033780936,0.044295225,0.03459531,0.040246844,0.027653184,0.04025197,0.041892186,0.043729912
0.042637523,0.038516488,0.032927103,0.056249913,0.04060257,0.045799036,0.04373911,0.042155817,0.0409982,0.044774387,0.04972998,0.04441142,0.04118321,0.039972104,0.045775697,0.047994316,0.033082377,0.043264337,0.03391722,0.038988635,0.026614355,0.041178327,0.04117901,0.044308867
0.04241418,0.039623003,0.032908257,0.057497937,0.03974005,0.04522336,0.042625524,0.043253437,0.040459055,0.0460565,0.049979515,0.045707405,0.040497374,0.04042514,0.04735513,0.047716588,0.03358936,0.042898424,0.032152772,0.03716656,0.026283197,0.041088406,0.039955795,0.045382954
0.042650137,0.039730936,0.032810833,0.057638437,0.040051837,0.043898404,0.04174145,0.043511685,0.041976042,0.046196368,0.048617773,0.045923974,0.041309126,0.039510578,0.046827026,0.047634408,0.03448932,0.04336806,0.031139385,0.0372825,0.027019655,0.041172605,0.039855227,0.045644183
0.04310072,0.04117938,0.032162827,0.057290163,0.04227064,0.043491773,0.041550558,0.04251861,0.04224855,0.04686989,0.048881777,0.045837853,0.04314409,0.03894385,0.04675612,0.047212146,0.034228306,0.040414724,0.03250509,0.037000775,0.025730388,0.041565645,0.039457314,0.045638856
0.04412486,0.041392427,0.032148667,0.05643902,0.042452473,0.044476263,0.042430285,0.04232762,0.04048428,0.045905154,0.047199287,0.04644462,0.043501746,0.0400607,0.04651881,0.047928944,0.03314799,0.03901124,0.03279555,0.03866894,0.024771234,0.041277207,0.041410387,0.045082327
0.043821663,0.041342374,0.032349866,0.0558123,0.041129034,0.04443279,0.043773796,0.04238892,0.04214403,0.045761324,0.046903163,0.046338044,0.04295536,0.04081645,0.04641894,0.04784704,0.033144187,0.039181903,0.030974114,0.038956728,0.02478372,0.04116407,0.041518923,0.046041213
0.043796565,0.04060748,0.032530963,0.056542244,0.04022424,0.044345398,0.043954123,0.041316647,0.04159539,0.044957068,0.048211057,0.046367645,0.04317836,0.03949811,0.047196288,0.0483938,0.033129547,0.03988795,0.031525593,0.03908357,0.024691405,0.0418322,0.04061514,0.046519212
0.042431317,0.039390203,0.032006294,0.05682557,0.04084,0.043720752,0.04333661,0.040439054,0.041318864,0.04453371,0.048269745,0.047514617,0.042743094,0.038525354,0.046063296,0.04827564,0.03301284,0.03966389,0.031492554,0.04098196,0.026033344,0.042203914,0.042448454,0.04792896
0.042846575,0.0402025,0.032608,0.057002705,0.041995093,0.042989057,0.042504225,0.040902995,0.0440583,0.045011908,0.049607042,0.046733778,0.04285192,0.039913796,0.044544462,0.047769297,0.034158364,0.0396207,0.030202826,0.03953883,0.025755644,0.041138407,0.040903438,0.04714013
0.041596655,0.041588534,0.0333408,0.05720652,0.041310817,0.043391075,0.04281308,0.041325074,0.045037378,0.04465764,0.04933179,0.046064887,0.04239133,0.039890066,0.04567,0.048279285,0.03315996,0.040074117,0.031951748,0.03903242,0.02523227,0.041163545,0.039798923,0.04569207
0.04083827,0.03902623,0.033060476,0.05739115,0.04088338,0.044198755,0.042266663,0.04102113,0.042909622,0.0447195,0.048736278,0.04697252,0.043010324,0.03908807,0.046030395,0.048458457,0.03342028,0.042728968,0.032777652,0.0401673,0.02640829,0.0403782,0.039060164,0.04644794
0.040142518,0.03788198,0.035139382,0.056987733,0.042081553,0.045755133,0.04219349,0.04068493,0.042241365,0.043248717,0.04796527,0.044666745,0.044917148,0.039273717,0.045855567,0.047125544,0.0341941,0.043109868,0.033437293,0.040179264,0.027882202,0.039457954,0.039243814,0.04633469
0.039514896,0.0382836,0.034097496,0.05638152,0.040956784,0.043213863,0.04279108,0.041068405,0.043807358,0.043489326,0.048001368,0.045837745,0.046656806,0.037837625,0.045970257,0.047833916,0.033285122,0.040916134,0.035126805,0.040444657,0.026672726,0.040439893,0.04084655,0.046526093
0.04017916,0.040660094,0.03408354,0.056890085,0.041169357,0.042367004,0.043323956,0.043147545,0.04514081,0.044516135,0.04810735,0.044088237,0.04501254,0.037228145,0.04634672,0.04721412,0.03186283,0.041223384,0.034508392,0.039390594,0.02533764,0.04058444,0.041339193,0.04627872
0.04052778,0.040591523,0.034081798,0.05834962,0.041236367,0.04259804,0.04304277,0.044363223,0.043135118,0.04463861,0.047651056,0.042162556,0.044438712,0.03757987,0.048273023,0.048097283,0.031966653,0.040452234,0.03609399,0.038773,0.023633596,0.041063577,0.04210783,0.045141716
0.0393776,0.040264588,0.033974852,0.058223125,0.041892525,0.042305697,0.04319617,0.043386847,0.04274982,0.04372748,0.048065405,0.043748025,0.04482671,0.038187616,0.046730533,0.04884562,0.032282837,0.03997305,0.035258226,0.03957929,0.024793308,0.041409522,0.042224128,0.04497703
0.03922058,0.039949935,0.03452831,0.057037733,0.04252118,0.042494968,0.04388944,0.04344059,0.04501831,0.04412581,0.049501177,0.04536227,0.0449161,0.040012278,0.043939847,0.047572933,0.03329492,0.040544316,0.030960983,0.039531276,0.026166325,0.04031343,0.040408812,0.045248482
0.042572614,0.037952255,0.033317655,0.05817499,0.040389802,0.042958666,0.04317808,0.042767167,0.042429544,0.044256084,0.050365787,0.04463866,0.044674072,0.040605333,0.046579782,0.04834165,0.033827625,0.04035993,0.031988595,0.03921651,0.025951276,0.04051833,0.040000953,0.044934656
0.043012243,0.036989827,0.031525478,0.05764531,0.04092754,0.043493047,0.042239156,0.042395297,0.042063214,0.0451125,0.049965333,0.04498078,0.042252775,0.040386748,0.047361657,0.049393598,0.03330141,0.04013829,0.032454215,0.0394306,0.02623292,0.041497566,0.041216012,0.04598448
0.04150436,0.03767023,0.032555792,0.05466826,0.041991442,0.044182636,0.042647384,0.042058785,0.042889208,0.046059962,0.048326667,0.04513304,0.042027276,0.039926164,0.047029573,0.04762625,0.033302605,0.041487116,0.03238102,0.039023347,0.025885155,0.042182077,0.041728582,0.04771304
