0,1,2,3,4,5,6,7,8,9,10,11,12,13,14,15,16,17,18,19,20,21,22,23
0.09944859,0.099430256,0.00063745974,0.00050284376,0.00036059428,0.09938092,0.0993936,0.09947985,0.00035716424,0.0004223229,0.00040683273,0.00051011733,0.00040403334,0.09939911,0.00047161058,0.099236324,0.09934784,0.00050116295,0.00044671088,0.099342816,0.00037111642,0.0003997049,0.09934235,0.0004066899
0.09996972,0.09996544,3.3009263e-05,2.8006025e-05,2.1658852e-05,0.0999676,0.099959634,0.0999704,2.5398618e-05,2.784511e-05,2.5768126e-05,2.5482055e-05,2.4304996e-05,0.09996115,2.4194742e-05,0.09995879,0.099963464,2.3977209e-05,2.6221069e-05,0.09996564,1.5889782e-05,2.1083733e-05,0.09996351,3.174877e-05
0.09996002,0.09995527,4.098179e-05,3.3288023e-05,2.8284987e-05,0.099956505,0.099946015,0.09995798,3.7572932e-05,3.4339882e-05,3.3669436e-05,2.890776e-05,2.877367e-05,0.09995198,3.0478099e-05,0.09995573,0.09995823,2.8866043e-05,3.0805873e-05,0.09995321,2.26264e-05,2.9840428e-05,0.09995407,4.2575968e-05
0.0999525,0.09994778,4.7655256e-05,3.8689355e-05,3.35613e-05,0.099948004,0.09993635,0.09994875,4.5208926e-05,3.9869316e-05,3.9571347e-05,3.2530326e-05,3.2461794e-05,0.09994457,3.5366997e-05,0.09995067,0.099952444,3.3945682e-05,3.495878e-05,0.09994481,2.7476764e-05,3.6171514e-05,0.09994626,5.036976e-05
0.099951096,0.09994718,4.7780148e-05,3.9302962e-05,3.4544417e-05,0.09994656,0.09993381,0.099946514,4.7410667e-05,4.082856e-05,4.0733208e-05,3.2759588e-05,3.301286e-05,0.09994374,3.546216e-05,0.099950865,0.09995151,3.5202924e-05,3.507182e-05,0.09994309,2.8287091e-05,3.747046e-05,0.09994489,5.279793e-05
0.09993939,0.09993596,5.843602e-05,4.7834765e-05,4.247157e-05,0.0999342,0.09991922,0.099933475,5.808741e-05,4.8514103e-05,4.9714865e-05,3.91583e-05,3.937283e-05,0.09993176,4.338927e-05,0.09994141,0.099941395,4.4253342e-05,4.1264848e-05,0.099928945,3.511207e-05,4.7411668e-05,0.09993345,6.572997e-05
0.099942386,0.099938855,5.4086446e-05,4.527879e-05,4.0139006e-05,0.09993698,0.099923275,0.099935725,5.462575e-05,4.63574e-05,4.7608828e-05,3.6053993e-05,3.6623092e-05,0.099935785,4.161092e-05,0.099946074,0.0999448,4.255545e-05,3.8056274e-05,0.099931896,3.304759e-05,4.6056462e-05,0.099937364,6.4807e-05
0.09996168,0.099959634,3.279362e-05,3.02459e-05,2.6574795e-05,0.099958405,0.09994825,0.099956974,3.628892e-05,3.224534e-05,3.2048672e-05,2.2105103e-05,2.3845303e-05,0.09995715,2.7614742e-05,0.09996534,0.099962756,2.85057e-05,2.4122422e-05,0.09995403,2.0656924e-05,3.152125e-05,0.09995908,4.8145514e-05
0.09996978,0.099968664,2.4215526e-05,2.3971175e-05,2.0931695e-05,0.09996752,0.09995933,0.099966206,2.7663253e-05,2.6027297e-05,2.5437279e-05,1.6292019e-05,1.852991e-05,0.09996613,2.158429e-05,0.09997299,0.099970534,2.2630229e-05,1.7480992e-05,0.0999635,1.5326536e-05,2.5607133e-05,0.09996837,4.1293235e-05
0.099965535,0.09996374,2.7910113e-05,2.7534656e-05,2.4191282e-05,0.09996249,0.099953674,0.09996063,3.154551e-05,2.959074e-05,2.9090128e-05,1.9080868e-05,2.1279984e-05,0.099961735,2.4706795e-05,0.09996881,0.09996636,2.6286105e-05,2.0579724e-05,0.09995857,1.8189898e-05,2.8938157e-05,0.09996357,4.6048357e-05
0.09997679,0.0999748,1.9156125e-05,1.8947527e-05,1.6101674e-05,0.09997442,0.099967554,0.099973276,2.238341e-05,2.0783176e-05,2.0202087e-05,1.3071064e-05,1.50676315e-05,0.09997353,1.6557608e-05,0.09997835,0.09997662,1.7400933e-05,1.4644478e-05,0.099971876,1.19982815e-05,1.9165063e-05,0.09997509,3.221725e-05
0.09998642,0.09998497,1.0952707e-05,1.106297e-05,9.230235e-06,0.09998477,0.09998023,0.09998423,1.3655619e-05,1.3274172e-05,1.2570878e-05,7.686565e-06,9.355397e-06,0.09998389,9.581881e-06,0.099987075,0.09998568,9.772605e-06,8.42562e-06,0.099983186,6.589905e-06,1.12000525e-05,0.099985264,2.0888216e-05
0.09999104,0.09998987,7.3082338e-06,7.2992934e-06,5.9880444e-06,0.0999899,0.099986546,0.09998952,9.2184855e-06,9.227426e-06,8.79829e-06,5.1178517e-06,6.300956e-06,0.09998917,6.4171804e-06,0.09999133,0.099990256,6.223473e-06,5.514207e-06,0.09998874,4.2357387e-06,7.239691e-06,0.09999016,1.4615468e-05
0.09999671,0.09999612,2.6921068e-06,2.7606511e-06,2.146733e-06,0.0999962,0.0999947,0.09999619,3.6159643e-06,3.8007356e-06,3.4788757e-06,1.9083184e-06,2.4447515e-06,0.099995784,2.3642865e-06,0.099996656,0.09999623,2.1377925e-06,2.1199114e-06,0.099995784,1.4344688e-06,2.549058e-06,0.09999625,5.904746e-06
0.09999915,0.09999896,6.775096e-07,7.251931e-07,5.284987e-07,0.09999899,0.09999856,0.09999902,1.0053336e-06,1.1394435e-06,9.665908e-07,4.659141e-07,6.7452936e-07,0.09999883,5.910833e-07,0.09999909,0.09999898,4.808152e-07,5.3743935e-07,0.09999888,3.1690317e-07,6.268459e-07,0.099999,1.7921114e-06
0.099998385,0.099998124,1.1871227e-06,1.321232e-06,1.0083102e-06,0.09999811,0.09999743,0.09999817,1.750382e-06,1.9917788e-06,1.7265404e-06,8.0267586e-07,1.1692414e-06,0.09999789,1.1096373e-06,0.099998355,0.09999815,9.814884e-07,9.18904e-07,0.099997915,6.0896235e-07,1.2675883e-06,0.09999818,3.4729421e-06
0.099972636,0.09997199,1.782979e-05,2.0604086e-05,1.8118842e-05,0.0999701,0.09996245,0.09997002,2.2558905e-05,2.470444e-05,2.4325991e-05,1.3535743e-05,1.6771923e-05,0.09996939,1.982335e-05,0.09997564,0.09997178,2.1638114e-05,1.4843923e-05,0.09996857,1.3398667e-05,2.3616773e-05,0.099971935,4.3799693e-05
0.09936724,0.09941099,0.0003985605,0.00040970964,0.00041654843,0.099355966,0.099299714,0.09933094,0.0004085495,0.00041837487,0.00044143756,0.00033219543,0.00034597414,0.099417396,0.00044253524,0.0995195,0.099443235,0.00053116283,0.00034819028,0.099379666,0.00041465354,0.000538549,0.099408835,0.0006201028
0.096157275,0.096578635,0.0023641936,0.0022582263,0.0024297049,0.09624719,0.09628014,0.09613754,0.0022507992,0.0022198686,0.0023472323,0.0021228069,0.0021457172,0.09683546,0.0024967566,0.09726433,0.09679753,0.0029566966,0.0022235925,0.09655376,0.002858127,0.0030693563,0.09654148,0.0028636039
0.09218916,0.09297338,0.004878791,0.004540169,0.00486594,0.09236229,0.09265876,0.092258185,0.0045086183,0.004439906,0.0046812454,0.0045271344,0.004507803,0.09362366,0.0050793546,0.094389826,0.09342702,0.005869005,0.0046675913,0.09301524,0.0059455885,0.0062785884,0.092898145,0.005414669
0.085859634,0.087020226,0.008994971,0.008190819,0.00887793,0.08611128,0.08698229,0.08611353,0.008167602,0.008054731,0.008371123,0.008661613,0.008440386,0.08836557,0.009285018,0.08958788,0.08782999,0.0105239535,0.008725315,0.08745288,0.0107645085,0.011167244,0.087068506,0.009383036
0.075140506,0.07663667,0.016209686,0.014707504,0.015931739,0.07546273,0.077353254,0.07571236,0.014942227,0.014635171,0.014905555,0.016046999,0.015969506,0.079112105,0.016375925,0.08053465,0.0774612,0.017855072,0.016273871,0.07764976,0.019101355,0.01895133,0.076841645,0.016189182
0.065397404,0.06677237,0.022957113,0.021297425,0.022701552,0.065926105,0.06820371,0.065989114,0.021597762,0.021319281,0.021580031,0.023175241,0.023485674,0.06998611,0.02282054,0.071389355,0.06766592,0.024423378,0.02318171,0.068264835,0.026489671,0.025941936,0.066795126,0.02263869
0.0530875,0.05426448,0.031898897,0.030222038,0.031397544,0.05395634,0.055622492,0.053155612,0.030933885,0.030873455,0.030940711,0.03236783,0.033249214,0.057523567,0.031219501,0.058604617,0.054545455,0.032707904,0.031961262,0.055938564,0.03560976,0.034595106,0.05368512,0.031639192
0.047338374,0.04790402,0.036297552,0.03467162,0.035647847,0.048327584,0.049043827,0.047528997,0.035390772,0.035622276,0.035562135,0.03683761,0.03816155,0.050985545,0.035846297,0.051747426,0.047631152,0.03707539,0.036574468,0.049737193,0.03953413,0.03865077,0.0476605,0.03622293
0.048078004,0.048414577,0.034419056,0.0334401,0.035315588,0.050342858,0.05106963,0.050402217,0.033044063,0.033951174,0.0334826,0.035809554,0.03720831,0.05310518,0.034426276,0.05265507,0.048883263,0.037226867,0.03589069,0.052601866,0.037379235,0.037660353,0.050170302,0.035023168
0.04807825,0.048885185,0.033317827,0.03296937,0.03502489,0.051527258,0.05224876,0.05201891,0.031935982,0.03311517,0.03268458,0.034935977,0.037025474,0.054134868,0.03341883,0.052728236,0.050004005,0.037364837,0.035035666,0.054063756,0.03571691,0.037196092,0.052026827,0.034542374
0.046225786,0.047033273,0.03437537,0.034431297,0.036229342,0.050061576,0.050468106,0.05044896,0.03322021,0.034384128,0.03422337,0.03611759,0.03870215,0.052382175,0.034395095,0.050534073,0.04855098,0.03855502,0.036319155,0.05230764,0.036555752,0.03850307,0.05041267,0.03556326
0.043967504,0.044578906,0.036500596,0.036601722,0.038110387,0.047374394,0.047448438,0.047080085,0.035557535,0.036904674,0.03666394,0.038365204,0.040510178,0.049599677,0.03602359,0.047920574,0.04535853,0.039854296,0.038372528,0.049318973,0.039067052,0.0403734,0.046932,0.037515868
0.04183212,0.04223264,0.039151665,0.038703658,0.03978625,0.04432159,0.044241793,0.043337062,0.038542803,0.0397568,0.039404333,0.040540237,0.042270884,0.046049546,0.038349293,0.04504292,0.042172566,0.041260704,0.0403308,0.04591259,0.04148862,0.04211411,0.043144535,0.040012516
0.042505052,0.042975176,0.03912891,0.038324792,0.039389387,0.044556536,0.044524588,0.04350372,0.038400203,0.039297044,0.038878936,0.04021051,0.04173968,0.046413668,0.03853174,0.045711387,0.04263981,0.040708877,0.039952103,0.045977484,0.041139502,0.04208169,0.04359039,0.039818794
0.04639121,0.04709438,0.035652865,0.03495677,0.036520127,0.04869467,0.049159024,0.048332147,0.034325894,0.035313517,0.03472549,0.037255343,0.038372785,0.051485166,0.0356039,0.05062523,0.047085915,0.038281932,0.036997993,0.050720714,0.03797251,0.039346695,0.04874493,0.036340736
0.051009238,0.051981915,0.03134843,0.031023256,0.032941047,0.053917166,0.05477234,0.05436988,0.029825097,0.031093732,0.030705132,0.033358954,0.034790162,0.05710176,0.03171328,0.0562117,0.052883763,0.03520029,0.03277002,0.05646957,0.033789683,0.035589796,0.05475054,0.032383233
0.050882336,0.05159738,0.031177498,0.031173628,0.03285992,0.054055586,0.054780822,0.054630246,0.029687306,0.03127019,0.030587608,0.033157825,0.03512328,0.057157233,0.031529814,0.055916656,0.052758016,0.035546247,0.03262072,0.056825496,0.03354743,0.03558836,0.054990407,0.032536075
0.04833152,0.04897784,0.03321545,0.033200894,0.034483857,0.05156972,0.05222945,0.052121695,0.031601865,0.03326281,0.032533426,0.034719743,0.03690098,0.0546949,0.033406917,0.052626792,0.050002024,0.03740438,0.034648232,0.05434362,0.03535372,0.037512045,0.05245276,0.034405343
0.05032028,0.05118397,0.031442344,0.031556387,0.032904293,0.0537642,0.05434138,0.054550935,0.029643768,0.031343814,0.030953526,0.03309003,0.03527185,0.057037894,0.03177864,0.05500489,0.05277372,0.036274143,0.03286221,0.056652665,0.03376215,0.036032416,0.054967042,0.032487504
0.050080225,0.051097497,0.031881206,0.03180459,0.03296307,0.05341607,0.053823683,0.054041546,0.030139573,0.031559102,0.03127579,0.03349881,0.035390172,0.056586564,0.032012504,0.054787647,0.052341856,0.03623927,0.033044938,0.056109823,0.034071587,0.036502127,0.054511063,0.032821376
0.048124943,0.04908551,0.033741392,0.033295352,0.034449216,0.05132246,0.051600054,0.051638678,0.032035705,0.033376317,0.033170354,0.035221197,0.03674036,0.054168444,0.033588614,0.05234416,0.050149545,0.037401196,0.034900427,0.053728875,0.03577121,0.038046505,0.051950905,0.03414861
0.050430153,0.051654067,0.031740885,0.031419307,0.032960594,0.05376839,0.05434325,0.05426317,0.029973023,0.03157979,0.030987522,0.033350598,0.034707364,0.05683295,0.031718228,0.054948557,0.053165957,0.035833202,0.032924984,0.05637102,0.033796556,0.036382172,0.05448621,0.032362092
0.046454236,0.04747326,0.035084937,0.034496527,0.035677277,0.04951281,0.050066385,0.049673792,0.033692848,0.034993086,0.03435397,0.03641567,0.037808295,0.052143138,0.03497928,0.05011709,0.048947692,0.03846855,0.03609653,0.052138552,0.036477517,0.039117686,0.050007954,0.035802897
0.043298356,0.04400085,0.038468752,0.037317444,0.038226362,0.045478307,0.045528017,0.04496206,0.037517793,0.03836187,0.03786799,0.039312076,0.040623795,0.04752512,0.03811759,0.045861356,0.044875607,0.040571682,0.03912171,0.047602482,0.03961589,0.041561928,0.045355976,0.038827013
0.041031823,0.04138697,0.041489113,0.040144425,0.040603023,0.041980978,0.04135212,0.040612474,0.041341648,0.0419769,0.041278213,0.041710004,0.04293712,0.042885818,0.040809277,0.042248815,0.041175954,0.042062145,0.041239217,0.04303722,0.04238732,0.043418594,0.041075803,0.04181502
0.040317748,0.04092347,0.042386524,0.040795095,0.041063644,0.04109513,0.04035892,0.03975734,0.042244077,0.04276071,0.042251088,0.042117227,0.04348901,0.04182131,0.04159718,0.041504726,0.040327907,0.04234531,0.04144975,0.04154851,0.043034118,0.04396907,0.040266227,0.042575847
0.042684518,0.043903764,0.03998708,0.038177494,0.038885914,0.044153497,0.044136733,0.043557122,0.039131265,0.039524965,0.039364114,0.040119335,0.041333914,0.045745697,0.039065577,0.045440994,0.043777842,0.040183205,0.039307598,0.04492643,0.041105937,0.04223071,0.04354742,0.039708912
0.047794078,0.049305413,0.035163704,0.03358287,0.035201147,0.04988308,0.05125796,0.050135154,0.033872325,0.03442708,0.03367419,0.035893984,0.036519498,0.052515402,0.034417037,0.052071728,0.049822662,0.03692782,0.035307717,0.052077077,0.036465514,0.038285714,0.0502709,0.035127986
0.046924386,0.048683457,0.03515715,0.03371693,0.035676286,0.049560253,0.050903976,0.049820814,0.03391217,0.03475653,0.033918228,0.035978135,0.03702749,0.05229092,0.034702003,0.051346432,0.049488522,0.03729333,0.035766006,0.05218363,0.03633801,0.038422786,0.050445378,0.035687212
0.044358943,0.045732208,0.037023433,0.035607446,0.037401475,0.04736831,0.048085555,0.047635157,0.03584272,0.03653159,0.036217697,0.0378377,0.039507322,0.049546458,0.03676004,0.048031036,0.04702672,0.039058246,0.037750773,0.049347475,0.038071077,0.040102847,0.047685344,0.037470404
0.04280126,0.0440988,0.037864555,0.036723293,0.038725935,0.04639526,0.04712916,0.046603125,0.036755394,0.03775677,0.036969468,0.03877393,0.040479094,0.048323933,0.03738075,0.04647391,0.04516462,0.03993715,0.038578194,0.04843191,0.038582895,0.041042402,0.04644013,0.03856808
0.04039231,0.041479085,0.039784856,0.038923312,0.040944103,0.043889433,0.044154104,0.043727275,0.038968675,0.040433336,0.039143465,0.040969923,0.04255792,0.045101948,0.03914151,0.043558113,0.04189737,0.04159244,0.0407255,0.045347698,0.04094549,0.04256676,0.043011375,0.04074397
0.04037933,0.041191358,0.04021837,0.039501674,0.040953923,0.043415062,0.043298345,0.04336267,0.039326396,0.040690392,0.039472308,0.041501537,0.0427156,0.04434073,0.039974142,0.043211352,0.04130338,0.04187184,0.04099362,0.044854477,0.041433312,0.04254654,0.042254917,0.04118867
0.040012714,0.04085195,0.04073575,0.040011853,0.04092926,0.042790662,0.042470485,0.042383317,0.040056467,0.041383512,0.04013904,0.04192407,0.043133248,0.043691315,0.040268183,0.0428633,0.040694397,0.042196088,0.041143406,0.0442983,0.041592132,0.043009568,0.04169619,0.041724782
0.039916985,0.040620107,0.039597034,0.03979373,0.041004486,0.043687403,0.043480203,0.0435277,0.038837682,0.04087805,0.03933123,0.041455727,0.04325139,0.044642963,0.03918897,0.043004587,0.040844776,0.04259213,0.04122663,0.045554556,0.040760595,0.042782784,0.042939074,0.04108127
0.040929202,0.041355874,0.03778718,0.03836555,0.04017916,0.04576429,0.04579624,0.04669376,0.03634236,0.038918525,0.037664764,0.03987987,0.04258253,0.04703225,0.037744746,0.044242986,0.04301985,0.042402502,0.040150598,0.047706172,0.03852818,0.041574027,0.04601056,0.03932884
0.038699098,0.0387406,0.04070032,0.040109243,0.04257348,0.04269617,0.042523507,0.04331688,0.039372344,0.041508716,0.04030647,0.042175625,0.044289753,0.04364063,0.039986078,0.040663816,0.039886218,0.044083927,0.042408675,0.04402602,0.040631283,0.043366555,0.042375565,0.041919
0.036869884,0.03700779,0.041981027,0.041977815,0.044142626,0.041116666,0.0403034,0.041021667,0.0413847,0.04313563,0.04164677,0.04359397,0.045147713,0.041146714,0.041409664,0.038362578,0.038012464,0.04505713,0.04395248,0.04249926,0.04183542,0.044414986,0.040405326,0.043574333
0.037338737,0.038450576,0.040658828,0.040996674,0.04272409,0.042922854,0.041954044,0.04386139,0.039406512,0.04135879,0.040308487,0.04194604,0.044072058,0.043180365,0.0408168,0.03925192,0.0404095,0.04440381,0.042614225,0.044524193,0.039665863,0.043542992,0.04325888,0.042332344
0.03771953,0.038514864,0.04045257,0.040623806,0.042232983,0.0433736,0.042636566,0.044304326,0.03899012,0.041047677,0.03986147,0.041404672,0.04378162,0.043730937,0.040641908,0.039503746,0.040748913,0.044233713,0.04233159,0.045144357,0.039030075,0.043269347,0.04405804,0.042363644
0.038552325,0.03869424,0.03972189,0.04006578,0.04191482,0.043907855,0.0433176,0.04399484,0.038959134,0.040596947,0.039313886,0.041048966,0.04353379,0.044432454,0.039943848,0.040586762,0.04167857,0.043617763,0.04205933,0.045784045,0.038910612,0.042807993,0.04480385,0.0417527
0.038186897,0.03893069,0.040263318,0.04052026,0.042461164,0.04323479,0.042586554,0.043117516,0.039482385,0.040960472,0.039792474,0.041404523,0.043753535,0.043980572,0.040293355,0.04021268,0.041106068,0.043482713,0.042257383,0.045070037,0.0399245,0.04312247,0.04379544,0.042060193
0.03712168,0.038341183,0.041589957,0.041240413,0.04310081,0.0419892,0.041327838,0.041725714,0.04045646,0.041767728,0.04116464,0.0420961,0.044288125,0.042753503,0.041257136,0.038888697,0.0397645,0.044003256,0.043134138,0.043475054,0.041446492,0.044042796,0.04197424,0.043050345
0.039255675,0.040050734,0.040023964,0.03925412,0.04165617,0.043804415,0.043493368,0.04411159,0.03850859,0.03994353,0.03932848,0.04086671,0.042928662,0.045260917,0.039787125,0.041141853,0.04203533,0.043160886,0.04153649,0.045449294,0.039734054,0.042776503,0.04461729,0.041274276
0.037583496,0.03804106,0.041038394,0.04085898,0.04276241,0.04259763,0.041858498,0.043315295,0.039542522,0.041456074,0.04055028,0.041845985,0.04421509,0.04343763,0.04084422,0.038782805,0.040121358,0.04489982,0.042992827,0.04402789,0.04012111,0.043660082,0.043023273,0.0424233
0.03287148,0.03262515,0.04583668,0.045909908,0.046352476,0.037324317,0.035922714,0.036234234,0.04530497,0.047657374,0.0458647,0.044950757,0.046968777,0.036382753,0.044734973,0.03173759,0.033946037,0.048370067,0.047358714,0.038416754,0.043950435,0.04717301,0.036591098,0.04751498
0.03209986,0.030983148,0.047128733,0.047424633,0.04720952,0.036088824,0.034377318,0.033846136,0.04706063,0.049739506,0.04737326,0.045425028,0.047419477,0.034032978,0.045919135,0.02934343,0.032724235,0.04920448,0.048461586,0.037170183,0.044731114,0.04806464,0.03531615,0.048856005
0.032482598,0.032546777,0.045848142,0.045741536,0.04659115,0.037841007,0.03632005,0.036701325,0.044518467,0.046937786,0.04531908,0.04429786,0.046611432,0.036951277,0.045070283,0.030647574,0.035296507,0.048561722,0.047349736,0.039031845,0.042600013,0.047275957,0.038412318,0.047045514
0.03487801,0.0360472,0.043738727,0.042626366,0.044656433,0.04016211,0.039500173,0.040386282,0.04176871,0.043295678,0.042376414,0.04242247,0.044830352,0.040983383,0.043322902,0.034381103,0.038774125,0.046439607,0.04474854,0.041984163,0.040303383,0.04537083,0.04206101,0.044942055
0.035548933,0.03656971,0.04381677,0.042905863,0.044461988,0.03956056,0.039230727,0.03953459,0.042691533,0.043905124,0.042656556,0.04288473,0.044965148,0.039989974,0.043437988,0.035131726,0.038084634,0.04599279,0.044527777,0.041474435,0.041267682,0.04523247,0.040781148,0.045347102
0.035156112,0.036301043,0.044610154,0.043954153,0.044500366,0.038456127,0.037859738,0.03765384,0.044128675,0.045393933,0.04398416,0.04382237,0.04579744,0.038305078,0.044265006,0.034539383,0.03674688,0.046058875,0.04483967,0.03985983,0.042609904,0.04607287,0.038830467,0.046253927
0.03581421,0.03691165,0.044777267,0.043683182,0.044418585,0.038080793,0.037574552,0.037391398,0.0439611,0.04552284,0.044090886,0.044019096,0.045495544,0.03807491,0.04433948,0.035050064,0.03659608,0.04561364,0.045020796,0.039435964,0.043298934,0.046366367,0.03825942,0.046203207
0.036724776,0.037504874,0.044296995,0.04300355,0.043819416,0.03829784,0.038119335,0.038015563,0.043873712,0.04477438,0.043448173,0.04355541,0.044860795,0.038609933,0.044220775,0.035724998,0.03764679,0.045126297,0.044758454,0.040071342,0.042850237,0.04567033,0.038960576,0.04606546
0.036185376,0.03754162,0.044291884,0.043299366,0.043559637,0.037878484,0.037673037,0.03748693,0.04457344,0.04516994,0.043916807,0.043476302,0.044949155,0.038340952,0.044575196,0.035280403,0.03791317,0.04529863,0.04474282,0.040032394,0.042617667,0.046029765,0.038822185,0.046344873
0.03629536,0.03792481,0.043777063,0.04257119,0.04328004,0.03838205,0.038202304,0.038081132,0.043912377,0.044314567,0.043473598,0.043014944,0.04475043,0.039377123,0.044142395,0.035641577,0.038849525,0.045128673,0.04462183,0.040984362,0.041960288,0.046202965,0.039557952,0.045553476
0.03838325,0.040104177,0.041008502,0.03996487,0.041129872,0.041691456,0.042040292,0.04204009,0.04101464,0.04098884,0.04115742,0.041106652,0.043360017,0.043221503,0.041373778,0.039116394,0.04250285,0.043236777,0.04234023,0.044365045,0.040078998,0.04455425,0.042805497,0.04241455
0.039861474,0.04167192,0.039820928,0.038676325,0.039942183,0.04298069,0.043720867,0.04390699,0.039589815,0.039958417,0.039901227,0.040170748,0.042011008,0.044830758,0.040174663,0.0413102,0.043940462,0.0423446,0.041111633,0.04608317,0.039139695,0.0433049,0.0441346,0.0414128
0.0413118,0.04300885,0.038471065,0.03717142,0.03862096,0.045025,0.045653857,0.045809153,0.037980586,0.038161937,0.03828446,0.03878149,0.040726446,0.046914853,0.03884988,0.0436462,0.04585919,0.041176356,0.04006427,0.048094638,0.038230795,0.04189928,0.046201844,0.040055636
0.045300055,0.047439784,0.035076886,0.033649072,0.035386503,0.049655624,0.050814457,0.051292993,0.033582825,0.03395193,0.034406155,0.03557858,0.037894942,0.052010987,0.03550666,0.04868104,0.050817218,0.03850908,0.036245394,0.05241068,0.03518054,0.039115045,0.051254317,0.036239225
0.048239674,0.05006601,0.03362682,0.031685237,0.034031816,0.051608283,0.05369367,0.052832,0.03153599,0.032514744,0.032468177,0.03390986,0.035957925,0.054560453,0.033928066,0.051905435,0.05304472,0.036409255,0.034241095,0.0547883,0.034268007,0.037194844,0.053335402,0.034154225
0.043016613,0.043848727,0.039824605,0.03738208,0.03901767,0.044156477,0.04528112,0.043200225,0.038989242,0.039531413,0.038994167,0.039409637,0.04093713,0.045739215,0.03910002,0.044856157,0.0448118,0.03994653,0.03953808,0.046164252,0.040916912,0.041642874,0.043985195,0.039709862
0.039799176,0.040080693,0.043419484,0.041360147,0.04176739,0.04007039,0.03905117,0.037989207,0.043432184,0.043669395,0.043544725,0.042028267,0.044202637,0.039917264,0.042686976,0.04004147,0.040330954,0.042760756,0.04217455,0.040288854,0.043972805,0.044328514,0.03928552,0.0437975
0.04061044,0.041495223,0.041796915,0.04003845,0.04031559,0.042035036,0.0417333,0.04030677,0.04132931,0.041631218,0.041824844,0.041052457,0.043294676,0.042493463,0.041390717,0.04227192,0.041960053,0.04151539,0.04093815,0.042940874,0.043220595,0.04301447,0.04083121,0.041958906
0.040792942,0.042147167,0.041405067,0.039827514,0.039716758,0.04248031,0.042232983,0.041260928,0.040659226,0.04096972,0.04145598,0.040794566,0.042902656,0.043375216,0.040998477,0.043188345,0.042002734,0.04121351,0.040530406,0.043239314,0.04313207,0.04289406,0.04129195,0.04148807
0.041546114,0.042863462,0.040530443,0.039024077,0.039119866,0.04335945,0.043250363,0.042525917,0.03957204,0.039612573,0.04046726,0.040091585,0.04218639,0.044777006,0.040147074,0.044497572,0.042746987,0.04068828,0.040527787,0.04410007,0.04249426,0.04258014,0.042554773,0.04073646
0.04174858,0.043114576,0.039642487,0.038347747,0.038974915,0.044067997,0.044253886,0.043572757,0.03900177,0.039036036,0.03985517,0.039975334,0.041996572,0.045529176,0.03919544,0.045073655,0.043195505,0.04068477,0.040325098,0.045255113,0.041703794,0.042097125,0.04317074,0.040181767
0.040039107,0.041298736,0.040949848,0.039806757,0.040465657,0.04242808,0.04217455,0.04151763,0.040483996,0.040827457,0.040798873,0.041322675,0.04308205,0.043534733,0.04042808,0.043191317,0.040965088,0.041932233,0.041693855,0.043714244,0.042585075,0.043258734,0.04166878,0.041832447
0.041334458,0.042546667,0.03972807,0.038525786,0.039899286,0.043991,0.044043202,0.04320106,0.03903513,0.039373517,0.039282132,0.040281482,0.041831885,0.045528155,0.03922442,0.04447847,0.042170223,0.04131572,0.040774345,0.045564827,0.041528814,0.042145573,0.04351234,0.040683474
0.04253395,0.043933086,0.038678408,0.03741473,0.039171293,0.045078196,0.045491874,0.04433686,0.038124852,0.038614314,0.037933383,0.03964506,0.04074009,0.046990734,0.03818675,0.046142086,0.043742076,0.04054226,0.039473075,0.04706978,0.040355578,0.04134199,0.04468177,0.03977782
0.044042114,0.045386165,0.03814086,0.036364738,0.037888143,0.045964804,0.046489988,0.04500019,0.03756248,0.037528247,0.037026316,0.038700674,0.039746672,0.04815476,0.03772883,0.048258826,0.045415744,0.039325807,0.038451467,0.04788974,0.040126394,0.040531203,0.045518655,0.03875719
0.051185433,0.052633584,0.03290577,0.030849779,0.032759223,0.052789874,0.05431319,0.052359197,0.03177895,0.031351775,0.031390738,0.03333965,0.0343561,0.056196906,0.032598443,0.056277927,0.053396713,0.03444152,0.032943036,0.05495525,0.035441305,0.035852697,0.05316673,0.032716192
0.051689107,0.05311574,0.033213843,0.03096571,0.032465916,0.05263993,0.05416472,0.05193087,0.031924143,0.03149631,0.031330563,0.033125855,0.03422749,0.056340046,0.03262122,0.0566248,0.053220995,0.033959057,0.03292131,0.054457776,0.035965957,0.035939995,0.053088393,0.032570213
0.04885266,0.049883112,0.036284275,0.034064338,0.03456536,0.048980683,0.049832962,0.04763818,0.035265367,0.034582023,0.034862842,0.035379574,0.036947772,0.052195624,0.035514176,0.052718792,0.049241718,0.035724036,0.03532807,0.04988473,0.03903964,0.03842149,0.049195953,0.035596605
0.04967332,0.050719544,0.035142317,0.033084553,0.03400907,0.05014542,0.05109591,0.049104247,0.034149252,0.033671483,0.03377536,0.03478792,0.036317345,0.053638536,0.03454367,0.053749684,0.05038999,0.035152864,0.034580655,0.051292684,0.03792644,0.03773122,0.050547756,0.03477075
0.050191518,0.051486265,0.034292903,0.032155596,0.033616107,0.050881553,0.052112907,0.050452437,0.03353229,0.03275132,0.03292415,0.03412199,0.035749946,0.0544139,0.033741605,0.05445309,0.051473517,0.03482405,0.03434585,0.05251104,0.03698823,0.037110034,0.05158328,0.034286436
0.04874901,0.050280266,0.035012256,0.032982517,0.034368534,0.04982199,0.051052384,0.049408134,0.034517154,0.03373302,0.033876818,0.034934394,0.036762062,0.0529007,0.034665346,0.052988812,0.05050035,0.035541546,0.035227604,0.05156422,0.03767262,0.037844688,0.050317284,0.03527835
0.04769685,0.049139827,0.035504095,0.0335045,0.035004374,0.04929083,0.05044311,0.0488997,0.034707263,0.034248434,0.034407232,0.035547853,0.037542477,0.052184004,0.035273153,0.05219343,0.049647868,0.036255397,0.035787538,0.0509936,0.03809084,0.038301293,0.04962749,0.035708833
0.04592652,0.04715362,0.036731433,0.035218846,0.03635545,0.047595475,0.04822834,0.047011502,0.036098745,0.03576376,0.036122035,0.037078135,0.038990118,0.0502677,0.036573425,0.050116617,0.047411706,0.03754725,0.037200075,0.04908964,0.039514184,0.03944227,0.047528766,0.0370344
0.04336609,0.044419836,0.039198715,0.038043275,0.038479544,0.044637643,0.044578195,0.04354148,0.03875163,0.038777843,0.038681757,0.039321106,0.040988907,0.046571333,0.03888982,0.046586923,0.043670624,0.039560292,0.03927849,0.04567167,0.041742563,0.041465387,0.043995153,0.039781746
0.044373676,0.045731567,0.0383904,0.036727063,0.037473366,0.045823958,0.046242513,0.04493009,0.037554257,0.037487786,0.03738936,0.03824687,0.039980594,0.04800222,0.038094528,0.048151538,0.045461573,0.03877379,0.038425863,0.047093123,0.0407489,0.04065833,0.04558702,0.038651593
0.04580508,0.047252614,0.036156837,0.0347158,0.0362444,0.048406944,0.048952088,0.04794089,0.035240307,0.035142783,0.0351269,0.03674849,0.038989875,0.05106907,0.03596039,0.050203785,0.04770798,0.03790407,0.037065133,0.04997012,0.038551275,0.039383676,0.048793484,0.036667984
0.043842312,0.045171253,0.03739718,0.036342878,0.03764503,0.0467285,0.046742965,0.04605689,0.036728088,0.036898684,0.036620077,0.038174976,0.040477123,0.049014498,0.037166547,0.047787335,0.045523364,0.039404474,0.0385262,0.048458453,0.039426386,0.04061086,0.047015376,0.03824056
0.042030085,0.04305522,0.03970617,0.038802013,0.03916424,0.043858893,0.043472786,0.042461243,0.039610077,0.03960462,0.039257586,0.040020656,0.042250615,0.04543204,0.039343994,0.04477873,0.042817514,0.04085272,0.040259328,0.04533967,0.041644983,0.042176474,0.043595187,0.04046512
0.039780866,0.040452793,0.042235684,0.04140442,0.041220773,0.040863458,0.039849505,0.039251726,0.0423983,0.042482592,0.04203914,0.04209644,0.044381417,0.041734815,0.04171382,0.041254178,0.03939425,0.04273586,0.04219147,0.04131763,0.043750126,0.04417452,0.040258467,0.043017853
0.03986322,0.041118097,0.042031735,0.040724467,0.04085497,0.041337855,0.040684536,0.03986197,0.041725673,0.041804735,0.041411668,0.04153629,0.043880682,0.042378966,0.04142874,0.04202828,0.040218614,0.042355113,0.041965183,0.041854512,0.04337871,0.043949105,0.040991493,0.042615388
0.04240541,0.04391034,0.039962,0.038435534,0.039202724,0.043672882,0.043661192,0.04257431,0.039631583,0.039325807,0.038912248,0.039712563,0.0416786,0.0454593,0.039614934,0.04483185,0.043088906,0.040650025,0.04017957,0.044998564,0.04141278,0.04210935,0.043921296,0.04064827
0.045188863,0.04661391,0.037470806,0.03567101,0.03686024,0.04682436,0.047442358,0.046277832,0.036709875,0.03635688,0.0364015,0.03751037,0.0393962,0.04916528,0.037287693,0.048417374,0.046622075,0.038768608,0.037956566,0.048536576,0.039260592,0.04010237,0.04724389,0.037914786
0.047694612,0.048954956,0.03544641,0.033175137,0.03490096,0.049535885,0.050870426,0.04926541,0.033932503,0.033784408,0.03391039,0.035301596,0.037278518,0.05250494,0.035182893,0.051530715,0.049906973,0.03710814,0.03608986,0.05181137,0.037389107,0.038432922,0.050544478,0.03544741
0.045273382,0.04604767,0.037881378,0.03583612,0.037056804,0.046328764,0.047232732,0.045438062,0.0372446,0.03672515,0.036230084,0.03754131,0.039102506,0.048803438,0.03751188,0.04797072,0.04670594,0.038706098,0.038576346,0.048504762,0.039527476,0.040372297,0.047349125,0.038033348
0.048014898,0.048976585,0.035048377,0.032677464,0.034666803,0.049539972,0.051138286,0.049320687,0.034629,0.033463012,0.033264834,0.034767624,0.036378704,0.052798778,0.03490276,0.05153351,0.051192887,0.03668057,0.036325708,0.052749358,0.036498223,0.038242407,0.05178181,0.035407767
0.051615056,0.05287829,0.03093015,0.0286502,0.031278506,0.055034485,0.05620093,0.05592994,0.030174395,0.028691698,0.029442865,0.03072687,0.033295523,0.05807235,0.03136201,0.055899702,0.0575289,0.03433549,0.032178022,0.058537308,0.03156971,0.03557286,0.058199465,0.031895246
0.04420375,0.046168827,0.036677584,0.03485955,0.037020836,0.04740681,0.048202757,0.047301117,0.037089135,0.035480566,0.035488527,0.036707316,0.03899952,0.049454834,0.037003495,0.047069002,0.04897887,0.038868453,0.037936926,0.050519157,0.036945213,0.04025912,0.049336866,0.038021754
0.03802697,0.039821472,0.04331747,0.04208936,0.042559296,0.038891107,0.0386749,0.03745352,0.044612203,0.04384075,0.042958952,0.042554542,0.04451502,0.039259117,0.043393847,0.03809079,0.03993423,0.04367975,0.04340092,0.040470913,0.042863198,0.04472866,0.039799638,0.045063373
0.03352246,0.035141036,0.047260076,0.04771204,0.046340585,0.03376448,0.031229157,0.031222012,0.049267523,0.04909317,0.04892291,0.045327608,0.048154727,0.03159131,0.04779882,0.031838022,0.03455487,0.048264854,0.04741491,0.032390825,0.047074903,0.04782411,0.034205418,0.0500842
0.03362577,0.034568794,0.0475269,0.047812846,0.04681963,0.033399574,0.030904392,0.030809449,0.049409185,0.049329698,0.049339794,0.044940323,0.047866657,0.03147248,0.048099075,0.031633183,0.034460396,0.048987497,0.047530785,0.03132373,0.047998987,0.04791201,0.0337071,0.050521795
0.03327655,0.033840634,0.0478854,0.048130933,0.047167502,0.033218715,0.030563917,0.030672796,0.049648516,0.04995791,0.049658,0.045257207,0.048317656,0.030917613,0.04860813,0.030582773,0.03381819,0.049281728,0.047723383,0.031146998,0.04802208,0.04824107,0.033025477,0.05103683
0.032259278,0.03302502,0.048003074,0.048909277,0.04768665,0.033020653,0.029867109,0.02987665,0.05037622,0.050480302,0.05051338,0.046089467,0.04874454,0.030062454,0.048852388,0.02948232,0.03314282,0.049894255,0.048397157,0.03072551,0.048426796,0.04846082,0.032188002,0.051515847
0.033716753,0.034601595,0.046191,0.04667047,0.04610804,0.03525253,0.03295172,0.03233768,0.048610143,0.049053684,0.047779795,0.046261508,0.048388176,0.032775655,0.046489842,0.032190166,0.03386417,0.04751445,0.047267605,0.035169907,0.046123326,0.047610123,0.03381338,0.04925826
0.036450468,0.03781082,0.04281924,0.042253725,0.043526154,0.039287303,0.03911517,0.038580056,0.043599416,0.04401645,0.04288597,0.043498375,0.04578983,0.039487,0.043047506,0.03732711,0.038301244,0.045177594,0.04467814,0.041051432,0.042576898,0.045316555,0.038811333,0.04459226
0.03560248,0.036831856,0.044074487,0.043789446,0.043907624,0.037970286,0.037170272,0.03679241,0.045132104,0.04543981,0.044518553,0.044413056,0.04647619,0.037447732,0.04439323,0.035898145,0.036628943,0.045706816,0.045488086,0.039083455,0.04426406,0.046023883,0.036842924,0.046104077
0.036384117,0.037626803,0.043136984,0.04288162,0.04325239,0.039136957,0.0383648,0.037801817,0.04396893,0.04428497,0.04360673,0.043561745,0.045854278,0.0389225,0.04339336,0.037251264,0.037903074,0.045028374,0.04485326,0.040454555,0.043785427,0.04557337,0.0379156,0.04505705
0.03795019,0.039093405,0.041702278,0.041233957,0.04238709,0.040861655,0.040775936,0.039832197,0.042150065,0.042565852,0.041878436,0.042320855,0.04478005,0.041171063,0.041752376,0.039479688,0.039862823,0.043911494,0.043501344,0.042686597,0.042646028,0.044445638,0.03973275,0.043278225
0.03972068,0.040600523,0.04089019,0.03989769,0.04135695,0.04194888,0.04211765,0.040866535,0.041067924,0.041514557,0.040629406,0.04161665,0.043736957,0.04259485,0.04079096,0.041910827,0.041076533,0.04278142,0.042242236,0.04377804,0.04222708,0.04348593,0.040944565,0.042202927
0.04128499,0.04230835,0.04028616,0.038871642,0.03991103,0.0431082,0.043438256,0.041861985,0.039969858,0.040484857,0.03953359,0.040469084,0.042900324,0.044310663,0.03988484,0.043953735,0.042273205,0.04171127,0.040747568,0.044592604,0.041816503,0.042539265,0.042611938,0.041130092
0.04121961,0.042386804,0.04027645,0.03922912,0.03982252,0.04318132,0.043383967,0.041249964,0.040203292,0.04052612,0.03956019,0.040685315,0.042909212,0.044316415,0.039803874,0.044197235,0.042262927,0.04143755,0.040710017,0.044489413,0.042210296,0.042524096,0.042424,0.040990375
0.041910104,0.04278556,0.040339947,0.03916767,0.039563894,0.043252543,0.042957738,0.04109935,0.040259115,0.04065593,0.03990333,0.040499013,0.042377237,0.044350468,0.039874688,0.0445889,0.04255376,0.040852103,0.04048311,0.044360295,0.042467188,0.042616326,0.042205244,0.04087643
0.040810145,0.041275937,0.041963056,0.04054373,0.040487614,0.041592155,0.040705245,0.039272595,0.041866183,0.042099144,0.042077478,0.041183874,0.043442458,0.042241,0.041432817,0.042718817,0.04076875,0.04176189,0.04151585,0.041785717,0.043960307,0.04368646,0.040436063,0.04237271
0.040986307,0.041920397,0.041048687,0.039955407,0.03995717,0.04222234,0.041692622,0.04027948,0.04121936,0.04110641,0.04121518,0.04112189,0.04317327,0.043255642,0.040776085,0.043458402,0.041457377,0.041542374,0.04138669,0.042850696,0.04330734,0.043204613,0.041219655,0.041642632
0.04137676,0.043056343,0.040119134,0.039058633,0.039222077,0.043187123,0.042922165,0.041909803,0.040219273,0.03975407,0.0399254,0.040315233,0.042458717,0.04451937,0.040112842,0.044319436,0.04281605,0.041010354,0.040837336,0.04431433,0.042007077,0.04263309,0.043012913,0.040892497
0.043044813,0.04478198,0.03908435,0.037338104,0.0380323,0.044935312,0.045471165,0.043904312,0.038742002,0.03814245,0.038360562,0.038751077,0.04101174,0.046568096,0.038769335,0.046451163,0.04495414,0.039448593,0.039238635,0.046410784,0.040687356,0.041339196,0.04505673,0.0394758
0.041410174,0.042660024,0.041146632,0.039320324,0.03984829,0.042481277,0.042369064,0.040918805,0.041198894,0.04078363,0.040568925,0.04047827,0.04236207,0.04341195,0.040571112,0.043644328,0.042564485,0.040892303,0.040868513,0.043484576,0.042471725,0.042888716,0.042079,0.041576855
0.038154792,0.0390166,0.044560928,0.043237492,0.042878002,0.038381588,0.03680858,0.035991345,0.045212563,0.044748593,0.044738453,0.042838506,0.04521396,0.03774009,0.04406671,0.038431086,0.03854353,0.044045288,0.043606978,0.037601985,0.04544764,0.04539956,0.037910312,0.04542551
0.038619682,0.039999872,0.044437416,0.043160602,0.04342491,0.038020756,0.03765214,0.035957914,0.044762988,0.044342384,0.04490675,0.04123097,0.043852028,0.038592074,0.043415986,0.038533736,0.040030725,0.04466189,0.04349101,0.03616316,0.04544171,0.044776753,0.039107732,0.045416806
0.037975356,0.03946008,0.04490962,0.043803945,0.043831956,0.037317302,0.036880787,0.03546935,0.04513606,0.044886254,0.04530427,0.041566294,0.044131692,0.037986267,0.04410516,0.037689693,0.039191473,0.04526393,0.04396177,0.035302546,0.04581841,0.04520177,0.038671248,0.046134777
0.036413774,0.037197527,0.045932263,0.045179397,0.044268224,0.03647365,0.03431071,0.034161832,0.046697393,0.04665558,0.046378165,0.043941956,0.04676923,0.03536402,0.045738768,0.035937615,0.03608784,0.045791507,0.044928443,0.034970608,0.046284396,0.04673935,0.036228713,0.047548972
0.034756586,0.035704862,0.046843834,0.046944175,0.04597695,0.034704987,0.032188084,0.031992674,0.048225865,0.048254438,0.048102602,0.044788912,0.04767447,0.033212867,0.04676718,0.033736028,0.034677308,0.047362812,0.04640608,0.032733165,0.047386214,0.04774488,0.034646977,0.049168035
0.034668848,0.0361329,0.046917915,0.046777233,0.046129223,0.034310695,0.032822482,0.03230237,0.04787226,0.04784463,0.048339628,0.043719646,0.046446264,0.033730973,0.0469396,0.033298377,0.03590655,0.0481336,0.046560835,0.031988006,0.047682676,0.047291648,0.03504162,0.049141947
0.03471384,0.036240216,0.046863895,0.046554532,0.04591702,0.03436046,0.033284474,0.0325009,0.047881715,0.0476502,0.04834068,0.043556333,0.046042863,0.034065355,0.04709007,0.033171754,0.03630646,0.048216335,0.046346385,0.03199147,0.04766316,0.047012504,0.0352363,0.048993073
0.034286167,0.035256445,0.04721555,0.047271937,0.046598665,0.033918653,0.03194594,0.031469468,0.048659887,0.048410982,0.048811562,0.044569716,0.0469684,0.03301916,0.047581542,0.032558188,0.034979578,0.04847541,0.046766903,0.031448565,0.048168715,0.04759768,0.034309268,0.049711615
0.034450013,0.034918748,0.0471463,0.047227208,0.046127174,0.034515213,0.031579226,0.03168837,0.048709273,0.04871483,0.048554704,0.04561572,0.048142646,0.032548454,0.04751283,0.03276789,0.033911813,0.047596615,0.04651805,0.03281339,0.047670595,0.047945496,0.03378293,0.049542498
0.03579478,0.03636777,0.045773994,0.045531806,0.044895105,0.03616179,0.034031056,0.03368638,0.047189284,0.047272258,0.04678292,0.044942223,0.047225155,0.03484146,0.045754407,0.03465615,0.03542488,0.046197925,0.04556132,0.03565706,0.04623344,0.046926197,0.035385072,0.04770757
0.038791083,0.039703652,0.042716913,0.041831776,0.042132273,0.0398242,0.039160516,0.038107038,0.04349425,0.043277957,0.04272386,0.042662386,0.04469877,0.040212892,0.042522676,0.03931662,0.039550725,0.043603774,0.043156154,0.04078895,0.043696463,0.044616956,0.039426405,0.043983743
0.039321948,0.04020881,0.04250517,0.041622363,0.041709635,0.040011797,0.03952922,0.03845704,0.043378968,0.04324536,0.042571057,0.042362303,0.044556547,0.040409457,0.042311225,0.039928857,0.04016775,0.043323267,0.042476784,0.040952656,0.043383613,0.044279013,0.03959521,0.043691948
0.035070073,0.03546299,0.046764724,0.046880476,0.04602641,0.03461373,0.032034226,0.03180032,0.04850888,0.048471663,0.048449427,0.044807274,0.047952034,0.033107493,0.04662822,0.03354514,0.034938972,0.04755161,0.04616568,0.032965448,0.047328513,0.047724906,0.03432126,0.048880592
