0,1,2,3,4,5,6,7,8,9,10,11,12,13,14,15,16,17,18,19,20,21,22,23
0.041744262,0.041516215,0.042703267,0.041445706,0.04185925,0.041450515,0.04112993,0.041349486,0.04197488,0.041804343,0.042163674,0.04140826,0.041514967,0.04180438,0.041287232,0.04214626,0.04200246,0.041658953,0.04123766,0.041404434,0.041565146,0.041838598,0.04149202,0.04149812
0.041744262,0.041516215,0.042703267,0.041445706,0.04185925,0.041450515,0.04112993,0.041349486,0.04197488,0.041804343,0.042163674,0.04140826,0.041514967,0.04180438,0.041287232,0.04214626,0.04200246,0.041658953,0.04123766,0.041404434,0.041565146,0.041838598,0.04149202,0.04149812
0.041764274,0.041686367,0.042655658,0.041257724,0.04203999,0.041546345,0.041414883,0.04156933,0.041821856,0.041712344,0.042065416,0.04138069,0.041257158,0.041886486,0.041445263,0.041961,0.04182774,0.041573975,0.04150531,0.041377164,0.041565433,0.0417287,0.041432064,0.041524775
0.041981973,0.04138195,0.04243095,0.041422505,0.0418006,0.041462343,0.041167386,0.04137448,0.041904908,0.041824706,0.04219454,0.041596085,0.041410886,0.041865326,0.04143831,0.04169526,0.042131756,0.04156051,0.04130645,0.041469034,0.04183079,0.04167655,0.041659206,0.041413534
0.041965973,0.04159808,0.04239273,0.041477177,0.04169936,0.041292187,0.041382533,0.04127163,0.041912686,0.041735113,0.042232238,0.041596375,0.041454732,0.041675847,0.041529488,0.041908342,0.042092204,0.041952286,0.041620012,0.04139051,0.041496146,0.041470088,0.04124673,0.041607555
0.041373108,0.041746814,0.042351875,0.041333076,0.04140653,0.04127572,0.041612208,0.041070342,0.042324092,0.042118393,0.042395357,0.041283123,0.04177414,0.0418364,0.04143423,0.042022616,0.04210429,0.041554064,0.041018434,0.041383255,0.041781463,0.041813474,0.041484162,0.041502897
0.041487295,0.04174566,0.042965133,0.04168276,0.041819073,0.041283455,0.04121339,0.040961515,0.041956093,0.041748215,0.042012755,0.041433796,0.042000297,0.04178198,0.041841146,0.04248095,0.04183531,0.041585755,0.041117974,0.041444294,0.04144188,0.041771755,0.041157622,0.041231863
0.041740056,0.041238036,0.04260019,0.041727927,0.04186785,0.041610602,0.04102502,0.04141944,0.041993164,0.041789044,0.04210289,0.041543394,0.04174595,0.041488875,0.041289996,0.041981503,0.042147133,0.041271478,0.0411952,0.04161617,0.041422665,0.041832846,0.041488145,0.041862436
0.041500635,0.04151498,0.042538702,0.041312948,0.041296665,0.041277993,0.04135399,0.04092512,0.04242804,0.041931204,0.04211102,0.04158901,0.041581564,0.041645803,0.04140422,0.04224854,0.042314086,0.041670047,0.041550674,0.041589443,0.04148862,0.04183818,0.04145909,0.041429445
0.041515097,0.041544452,0.04248252,0.041574545,0.041457515,0.04137186,0.041277625,0.04113654,0.0425401,0.04194781,0.042457633,0.041368645,0.04204282,0.041760385,0.04148687,0.04190417,0.04208399,0.04157094,0.04079521,0.041475147,0.041679166,0.04213357,0.04117967,0.04121369
0.041531168,0.041518945,0.043154664,0.04204359,0.041454807,0.040959295,0.040572118,0.040409427,0.0418578,0.041868176,0.04218688,0.041180007,0.042577174,0.0420967,0.04201404,0.041965183,0.042160287,0.041364066,0.040668577,0.041811734,0.041498963,0.042010263,0.041446973,0.041649163
0.042279996,0.04104738,0.042440742,0.04195462,0.04199365,0.041710913,0.04099424,0.04126381,0.04181958,0.041638713,0.042409845,0.041536182,0.041786633,0.041472707,0.04114886,0.042336274,0.042149093,0.04132939,0.04139324,0.04149203,0.04127004,0.04154051,0.04136408,0.041627456
0.04169466,0.041452028,0.04197597,0.04117573,0.041556798,0.041548457,0.041598693,0.041348495,0.04276202,0.04194708,0.042032484,0.04187118,0.04188337,0.041742273,0.041280176,0.042060953,0.04220815,0.041355018,0.040884208,0.041439347,0.04132804,0.04187752,0.041287534,0.041689843
0.041849952,0.041741353,0.042657733,0.041201845,0.041166555,0.041183356,0.041647814,0.04082454,0.04183777,0.042192806,0.0424196,0.04102631,0.041901797,0.04197223,0.04140827,0.042073406,0.042439952,0.042176787,0.041393563,0.041291103,0.04137854,0.041405827,0.041392356,0.041416537
0.04187345,0.04160346,0.042491082,0.041699678,0.041619677,0.04142224,0.041452166,0.04167747,0.04185652,0.041834723,0.042140707,0.041639533,0.041902326,0.041852973,0.041602183,0.041791607,0.04203235,0.04176943,0.040916797,0.041218925,0.04173675,0.04102787,0.04139578,0.04144232
0.041708905,0.0416319,0.042687424,0.041105468,0.041459896,0.041887276,0.041627984,0.041193414,0.042212304,0.04165536,0.04236776,0.041177604,0.042232532,0.041526254,0.04066242,0.042791758,0.042226497,0.041262515,0.04181871,0.041427534,0.040837552,0.041935038,0.041306227,0.041257717
0.041985326,0.04154091,0.041390594,0.041630425,0.041998304,0.041630264,0.04231767,0.0416792,0.04268981,0.041903798,0.042349946,0.04168998,0.041419998,0.04113061,0.040813595,0.04255619,0.041890137,0.041348148,0.041399974,0.04078755,0.041504297,0.04130628,0.040772967,0.04226401
0.041739043,0.041472718,0.04255438,0.041160684,0.041658968,0.041412335,0.04149092,0.04115861,0.04285202,0.04153626,0.042475987,0.041520312,0.04187703,0.041910004,0.04139589,0.04119981,0.041936483,0.04126687,0.041099995,0.041315116,0.041698005,0.04269643,0.041149992,0.041422136
0.0418126,0.041439597,0.042876303,0.04163754,0.041539777,0.041186243,0.041365094,0.041015554,0.04179661,0.04156464,0.042375308,0.04115236,0.041616,0.04178931,0.042071987,0.041729517,0.042113706,0.041454036,0.041051377,0.041389775,0.041687906,0.041870777,0.041437168,0.04202687
0.04194603,0.04141892,0.04240455,0.041556254,0.041796934,0.04117066,0.040764097,0.040527243,0.04185238,0.042286478,0.041903663,0.04191041,0.041306492,0.041918278,0.041359693,0.042601045,0.042179585,0.04190116,0.04135729,0.041703038,0.041671176,0.04159304,0.041246135,0.04162554
0.042108174,0.0415905,0.042149156,0.04201679,0.042009193,0.04118096,0.040965736,0.0410542,0.04117472,0.04235387,0.042013437,0.041364856,0.041555364,0.04177867,0.04121792,0.04303761,0.042044714,0.041567113,0.04140606,0.041682277,0.04165313,0.041391216,0.041167244,0.04151712
0.042238355,0.041426275,0.042613093,0.041339826,0.041717265,0.04117228,0.041690066,0.04105941,0.04219752,0.04137447,0.042634625,0.041453958,0.04191687,0.042052142,0.040969007,0.041474804,0.04177515,0.04233291,0.04193539,0.04121299,0.041337393,0.041613247,0.04092279,0.04154022
0.041543506,0.041401945,0.042730156,0.041217726,0.041867856,0.041413583,0.041127756,0.041207556,0.04238211,0.04202422,0.042177677,0.04154613,0.041361313,0.042151503,0.041488897,0.041333534,0.04216311,0.0422936,0.040841237,0.04118465,0.04151528,0.04157349,0.0414104,0.04204277
0.041836515,0.041013647,0.042148605,0.041246947,0.042171143,0.042350344,0.04185716,0.041491117,0.042583022,0.041880425,0.04158677,0.04231197,0.040873718,0.041148636,0.040705312,0.04267862,0.042177726,0.041636836,0.041972607,0.040844336,0.04110014,0.041710474,0.0410933,0.04158071
0.04157912,0.04174841,0.04210339,0.0415465,0.04211373,0.041154563,0.041929517,0.0420085,0.04178883,0.042046893,0.042201098,0.04148566,0.040735926,0.041977905,0.041336097,0.041631594,0.041614205,0.041641727,0.04201095,0.041228086,0.04215601,0.041160233,0.041138664,0.041662306
0.041542813,0.0411037,0.042765457,0.04257411,0.04230953,0.042120326,0.0416556,0.040585354,0.04280071,0.04154534,0.041899066,0.041077454,0.042172123,0.041974694,0.041690193,0.041763537,0.041203935,0.04170248,0.04007934,0.041065667,0.04134658,0.04304414,0.04046424,0.041513618
0.04210144,0.041181646,0.042887513,0.04127819,0.04209978,0.04133377,0.0412972,0.040819667,0.042143244,0.04167207,0.042098846,0.04127843,0.04075202,0.041947365,0.041331824,0.042248897,0.04195452,0.042545106,0.041131992,0.041211963,0.041328575,0.041981354,0.041058086,0.042316463
0.041959494,0.041444212,0.041704293,0.04168999,0.040929645,0.041103616,0.042236302,0.04088409,0.04206205,0.04158793,0.04244267,0.04141419,0.041511416,0.04212174,0.04138849,0.04213574,0.042493932,0.04145529,0.041867305,0.04121811,0.041591823,0.041789584,0.041296758,0.04167135
0.041787483,0.041441496,0.04305967,0.04131835,0.04122361,0.040732343,0.041468564,0.04152426,0.041528877,0.041616272,0.04239482,0.041249715,0.04152601,0.0421763,0.04155014,0.042233493,0.042195912,0.041819613,0.041500397,0.041597296,0.04171274,0.041670788,0.041744363,0.040927492
0.041190453,0.041329715,0.042668466,0.042637847,0.042299278,0.0410981,0.041500077,0.04122835,0.042331945,0.04195434,0.041902132,0.04208877,0.042535257,0.041477676,0.042192988,0.041136816,0.041483667,0.040844083,0.04076119,0.04171062,0.04188742,0.04201186,0.040465336,0.041263595
0.041148253,0.04160188,0.04239893,0.041529663,0.041220833,0.041566946,0.040562667,0.04085052,0.042387415,0.04288173,0.04216886,0.04148134,0.04185496,0.041578595,0.04085917,0.04287091,0.042593613,0.04223776,0.040992178,0.041322075,0.041507278,0.041087735,0.04135364,0.041943125
0.041964952,0.040595092,0.042370863,0.04203363,0.042537037,0.041017834,0.04174204,0.04174117,0.042127814,0.042136922,0.042231113,0.04187808,0.041264318,0.04161394,0.041070376,0.042536564,0.041781746,0.041425534,0.041736163,0.041578136,0.04181881,0.041170135,0.04092249,0.040705234
0.041330513,0.041554954,0.041662395,0.04170123,0.041540638,0.04173795,0.042144287,0.041469444,0.04222449,0.041986287,0.041611556,0.041390333,0.04083018,0.042190082,0.040942762,0.042110283,0.04201383,0.04072835,0.04175954,0.041584693,0.0418878,0.042594142,0.041172765,0.04183154
0.04171201,0.04115546,0.042474363,0.040786333,0.042300116,0.04111289,0.042091604,0.0413642,0.042501602,0.04201734,0.042183187,0.041425534,0.040643606,0.041647546,0.040909715,0.04214333,0.041727144,0.04233144,0.041829668,0.04094161,0.04130088,0.04168693,0.041473184,0.042240314
0.041979704,0.042306375,0.041946806,0.042214245,0.041976158,0.041319635,0.041089766,0.041058205,0.04269641,0.041280426,0.04242988,0.042213153,0.04325717,0.041894287,0.041897472,0.04102464,0.041361056,0.04178046,0.04091454,0.041457254,0.041467424,0.042034667,0.039861996,0.04053829
0.041926797,0.041521873,0.043230515,0.041200273,0.041182235,0.04043472,0.041375093,0.04091847,0.0412212,0.041790895,0.042226285,0.04078628,0.041643955,0.042463377,0.041661277,0.042559188,0.042337116,0.042189468,0.04213209,0.041475687,0.041084196,0.041488495,0.041608974,0.041541602
0.04173143,0.04166008,0.042486794,0.041559037,0.04184152,0.041398138,0.041704398,0.04096023,0.04210663,0.041995935,0.04165435,0.041786596,0.04160495,0.042102173,0.041216005,0.042959347,0.041875195,0.041944966,0.041128304,0.04111702,0.041343786,0.0415485,0.04104547,0.04122911
0.041474953,0.041085977,0.04236086,0.04152962,0.041141827,0.041343518,0.041559167,0.040648174,0.04208853,0.041810017,0.0423923,0.041232,0.041392002,0.04203866,0.041388053,0.041797273,0.042613715,0.041377604,0.041662395,0.041801505,0.041399095,0.0420718,0.0418266,0.04196435
0.042295158,0.041624457,0.042547297,0.042094316,0.04104,0.041352637,0.04006601,0.040495574,0.041693002,0.04210277,0.04206677,0.041512996,0.042093556,0.0414936,0.0416626,0.0428161,0.042396545,0.042245228,0.04095843,0.04182874,0.04159248,0.04130183,0.041284334,0.04143561
0.042430192,0.04127479,0.042075094,0.0420301,0.042521667,0.041950207,0.041671976,0.04152764,0.04258974,0.04142479,0.042421505,0.041786756,0.042503443,0.04135662,0.041105818,0.04109966,0.041575782,0.04108808,0.041261233,0.04112847,0.041348662,0.042322446,0.04033691,0.041168388
0.041627444,0.041744716,0.042438757,0.041743234,0.042294174,0.041127604,0.041265197,0.041042402,0.041528575,0.042422067,0.04205171,0.04098298,0.04098652,0.041773014,0.041231267,0.042522144,0.04200757,0.04160608,0.041132107,0.04106595,0.041680537,0.041659832,0.041332934,0.04273325
0.042422965,0.041313734,0.04190431,0.04168596,0.042588625,0.041609276,0.041831996,0.041085117,0.042079665,0.041556202,0.042611632,0.041816827,0.041633695,0.041286297,0.041156337,0.0421862,0.041854076,0.04138867,0.041241713,0.04098498,0.041402113,0.04164948,0.04102809,0.04168202
0.042270053,0.041532077,0.04147387,0.041565794,0.040831316,0.04129675,0.042427476,0.04104,0.042086795,0.042043336,0.04212946,0.04092626,0.04130031,0.041857116,0.04087864,0.041777615,0.04245579,0.041298598,0.041368082,0.041123867,0.04154494,0.042447668,0.041384336,0.042939823
0.041784227,0.041959837,0.043304794,0.041746,0.041922502,0.041410036,0.041342728,0.041414417,0.042374462,0.04186076,0.041985482,0.041241445,0.042607095,0.04190028,0.0415972,0.04209475,0.04130521,0.04192558,0.0408474,0.040873017,0.041366883,0.04174613,0.04041422,0.04097562
0.042307574,0.04161842,0.042245734,0.04185051,0.04195743,0.041289777,0.04120817,0.041243453,0.04182784,0.04169099,0.042011105,0.041760165,0.04174429,0.042065345,0.04127036,0.041424837,0.04183811,0.041515604,0.041108504,0.04139112,0.04171453,0.042265125,0.04126583,0.041385237
0.041792758,0.041479602,0.043018408,0.04158767,0.04152122,0.04078852,0.041167878,0.04094694,0.04123359,0.042498298,0.0418493,0.040890332,0.04114786,0.041972544,0.041484587,0.04314387,0.042116977,0.042001266,0.041950736,0.041749492,0.041497737,0.041122504,0.04117975,0.041858166
0.04183249,0.041492462,0.042378925,0.04131274,0.042012557,0.041323926,0.041869592,0.041588947,0.04205387,0.0421814,0.041166447,0.041129246,0.040628694,0.041936357,0.041769564,0.042162377,0.04175437,0.04146099,0.04112849,0.041412983,0.041574623,0.04184188,0.041437164,0.04254991
0.041113976,0.04185599,0.04285157,0.041219406,0.04176878,0.041576896,0.0415228,0.041099463,0.043418977,0.041865613,0.042385325,0.04165092,0.043219678,0.041701302,0.041559692,0.041517768,0.041676622,0.04210153,0.039468594,0.041481555,0.041194458,0.04185921,0.040761273,0.04112861
0.042052485,0.04132079,0.042253014,0.041922934,0.041107617,0.040747307,0.0414159,0.04101924,0.04176819,0.04160599,0.042622987,0.041530788,0.042015847,0.04167517,0.04134882,0.042016007,0.042597044,0.042182513,0.041536532,0.041361593,0.04175203,0.04144411,0.04125871,0.041444328
0.041186552,0.04144051,0.04296932,0.041880768,0.042064734,0.04016915,0.040109195,0.039892215,0.04208028,0.042720992,0.04192911,0.041696887,0.041817334,0.04201608,0.042192664,0.042999476,0.04240742,0.04213662,0.04118344,0.042277366,0.042022202,0.041359995,0.040934093,0.040513575
0.041954916,0.040813114,0.043069303,0.041306477,0.04141116,0.04212411,0.040775068,0.04076087,0.041912742,0.0418279,0.041472778,0.04121515,0.04118507,0.041640073,0.04133702,0.043161213,0.042342886,0.041190885,0.042040568,0.041542843,0.04086129,0.042725395,0.041442867,0.04188628
0.04206167,0.041387286,0.042049017,0.042118885,0.042445205,0.041461505,0.04182235,0.04086764,0.042936098,0.041595086,0.04203745,0.04218704,0.042195972,0.041288037,0.041631673,0.04135232,0.041412324,0.041590102,0.040438052,0.04126644,0.04169244,0.042217523,0.040278297,0.04166762
0.042137325,0.041432474,0.042536885,0.041337896,0.041744523,0.041959237,0.04000548,0.040996358,0.04229283,0.042196978,0.042291634,0.041432057,0.041460495,0.041786384,0.04073656,0.041640036,0.042400118,0.04244082,0.040667262,0.041387755,0.041452155,0.04214416,0.041691117,0.04182949
0.041647907,0.04121904,0.042478472,0.041553527,0.041670617,0.041366205,0.041502893,0.04159399,0.043677542,0.041630384,0.041598987,0.04156345,0.041278634,0.041697662,0.041434705,0.042214736,0.041514214,0.041941028,0.04121963,0.041817103,0.041519467,0.04204058,0.040631834,0.04118744
0.04142192,0.04162354,0.042966336,0.041431956,0.041403566,0.041401844,0.04109639,0.041519985,0.0414224,0.041901313,0.042146586,0.04095966,0.042013906,0.04226448,0.041166257,0.042177256,0.04214289,0.0413178,0.041333508,0.04163447,0.041368857,0.041773774,0.042011797,0.04149954
0.04180836,0.041440494,0.042906456,0.041431278,0.04193279,0.041690525,0.041491196,0.040591463,0.04351483,0.04139087,0.042715695,0.0416671,0.042367224,0.041919846,0.04139302,0.04106664,0.0412778,0.042202126,0.040355794,0.041291352,0.041632567,0.042444125,0.04032111,0.04114741
0.04195572,0.040886622,0.042051386,0.042200275,0.041801307,0.04071318,0.041087866,0.04141474,0.04080145,0.042199615,0.04194639,0.041649498,0.040836588,0.041708443,0.041779052,0.04258885,0.04297739,0.041460425,0.04177892,0.041686315,0.041944448,0.041170474,0.041895796,0.04146527
0.042949133,0.04153408,0.04190449,0.042461175,0.041525807,0.041847054,0.04141656,0.041866295,0.042818855,0.041366525,0.041952506,0.040987663,0.042579524,0.04166802,0.041115027,0.041803792,0.041087873,0.041431475,0.0413022,0.041112084,0.04086778,0.042160764,0.04003264,0.04220867
0.041270413,0.041992858,0.042213526,0.041473474,0.04140502,0.040956426,0.041796822,0.041371167,0.042092282,0.04186866,0.04227994,0.041122936,0.041618798,0.042311687,0.04126294,0.041458927,0.04199664,0.041156877,0.04127508,0.04127854,0.04207532,0.041975394,0.041670475,0.04207581
0.041663475,0.041835524,0.042987853,0.0409525,0.042676397,0.041741908,0.041902132,0.041993655,0.043033984,0.041311473,0.042331576,0.04104774,0.04198484,0.041181725,0.041477576,0.04213062,0.041060664,0.041281622,0.040531542,0.041306555,0.04096428,0.042122543,0.040463477,0.042016383
0.041792974,0.04143381,0.042963326,0.041302014,0.042182326,0.040501527,0.041297328,0.041442107,0.041755732,0.04148768,0.042451367,0.041270208,0.041487183,0.04219577,0.042055607,0.041222773,0.041697476,0.041701157,0.0414868,0.04159621,0.0413744,0.041902058,0.041440185,0.041960035
0.042556457,0.041380078,0.04171684,0.04166315,0.04117678,0.040701237,0.041835725,0.040247105,0.041547883,0.042264175,0.04192484,0.041690733,0.041225735,0.04218453,0.04187977,0.042136073,0.042572945,0.04220488,0.041757766,0.041328996,0.041717235,0.04125441,0.041146647,0.041885994
0.041364986,0.04200182,0.04331754,0.04127953,0.04208864,0.041486282,0.040324192,0.04086332,0.042532858,0.042151,0.04267366,0.041524395,0.042775135,0.04144646,0.041668423,0.04112166,0.041998964,0.043069538,0.04006091,0.041083038,0.04138374,0.041488957,0.041115977,0.04117898
0.04186394,0.04158971,0.042623736,0.041650917,0.04155835,0.041010633,0.041404877,0.041252233,0.04185787,0.041726578,0.04260867,0.041721098,0.042497918,0.04200535,0.041260798,0.042068202,0.041987553,0.041191168,0.041789386,0.041690562,0.04196975,0.04138512,0.041264586,0.040020946
0.041636687,0.041158043,0.04179944,0.04166199,0.041896816,0.042237163,0.04187694,0.042085767,0.041901365,0.042079892,0.041872017,0.041476186,0.040627763,0.04110651,0.040272247,0.043071475,0.042347837,0.041175812,0.042079188,0.04092175,0.041349806,0.04150066,0.04154007,0.042324588
0.041262403,0.041060332,0.042107496,0.040858276,0.04199079,0.042002603,0.04230762,0.041817658,0.044813126,0.04185814,0.042439196,0.041613765,0.0426544,0.041090272,0.041503157,0.040761024,0.04129243,0.040969666,0.040593963,0.041252147,0.04113129,0.042694148,0.039887123,0.042038985
0.04121845,0.041687574,0.042767264,0.04237362,0.041797325,0.04124001,0.04132858,0.040922202,0.041908234,0.042114932,0.041629247,0.040736575,0.041633405,0.04138506,0.04161989,0.042557035,0.04223524,0.041612014,0.04047444,0.041395936,0.041393153,0.041990615,0.04128674,0.042692453
0.041630343,0.04108761,0.04264742,0.041543964,0.04226209,0.041465107,0.040485132,0.041752473,0.042394064,0.042028453,0.042300846,0.042188473,0.04096156,0.041842435,0.040736057,0.041542314,0.04202046,0.042086504,0.04137265,0.041579332,0.04180072,0.04165549,0.041610293,0.04100619
0.041712366,0.042257287,0.042719934,0.041414734,0.04162472,0.040201865,0.041044414,0.040594485,0.04165464,0.04194977,0.042032972,0.04169452,0.04196863,0.04264585,0.042175766,0.041712094,0.041677855,0.04153485,0.04156784,0.042280715,0.042209778,0.0416935,0.041310064,0.04032134
0.041938208,0.04100679,0.043046024,0.041348968,0.042056244,0.040137295,0.04020509,0.040492285,0.04093035,0.042700466,0.0419032,0.04151197,0.040870365,0.042747203,0.041530438,0.042640075,0.042664077,0.042809278,0.041616865,0.04195732,0.041511353,0.041185733,0.04179457,0.04139584
0.04262731,0.04186118,0.041600123,0.04137499,0.04167399,0.041980084,0.040792678,0.041886013,0.042285386,0.042110234,0.04168728,0.041931737,0.04157209,0.041943014,0.041264925,0.041732807,0.04187318,0.041839078,0.040897828,0.041275054,0.042018134,0.041181594,0.04143089,0.041160397
0.042669717,0.0405069,0.041699108,0.042058107,0.04155211,0.041738693,0.04126097,0.0405941,0.04145246,0.041562196,0.042675644,0.041923493,0.041652266,0.041385334,0.041257285,0.041183505,0.04267878,0.041188374,0.042522635,0.04157047,0.04102337,0.041884772,0.04150633,0.042453345
0.04113151,0.04207342,0.041683525,0.04138344,0.042025037,0.042288013,0.04213625,0.041903988,0.043468412,0.042110402,0.041954793,0.04138942,0.04185212,0.040808823,0.04087289,0.042844635,0.04142616,0.04091389,0.0403319,0.041170165,0.04162135,0.04171251,0.040691257,0.04220614
0.041028626,0.04126181,0.042424187,0.042083394,0.042065166,0.041729227,0.041481137,0.041865807,0.041640803,0.041396298,0.042891186,0.04117098,0.042041592,0.04126494,0.041274384,0.04151589,0.04238471,0.040801786,0.041376613,0.04131918,0.041259386,0.042247757,0.041930012,0.041545097
0.04272876,0.04169344,0.04235057,0.041950617,0.042498577,0.04104201,0.041858952,0.041476615,0.042292498,0.041842893,0.041705202,0.041026644,0.04150985,0.041900728,0.041553557,0.04213742,0.04098817,0.041429725,0.04087107,0.04108092,0.04187325,0.042340364,0.04002015,0.04182804
0.04199908,0.04138035,0.043170672,0.04250142,0.041768335,0.041375894,0.04038993,0.040651035,0.040989157,0.041694604,0.04166369,0.040426098,0.04217566,0.041798748,0.04221993,0.04270681,0.04228763,0.040871985,0.04068905,0.04157637,0.040959667,0.042918548,0.041543122,0.042242214
0.042743992,0.041703038,0.041936435,0.04138858,0.04168601,0.040891666,0.041489974,0.040569402,0.042590294,0.04206511,0.04197219,0.041324694,0.041208453,0.041662686,0.041284252,0.042249348,0.041809574,0.04209067,0.04120749,0.041203275,0.041493192,0.04236565,0.04062547,0.042438574
0.04155649,0.041363362,0.043154072,0.041403223,0.04167035,0.04103148,0.04086793,0.041219465,0.04140018,0.04207871,0.042072754,0.041856866,0.042095363,0.04213124,0.04132695,0.041814458,0.04219892,0.04123241,0.041616492,0.042112388,0.041585013,0.04160142,0.041855402,0.040755123
0.041418307,0.042082164,0.04281233,0.04114862,0.040624987,0.041188106,0.042533997,0.040293414,0.043571185,0.04150305,0.04262057,0.041491285,0.043515075,0.041898962,0.04144605,0.041291695,0.041648928,0.042261254,0.040245987,0.041686088,0.04122685,0.04201774,0.04085564,0.04061772
0.041271824,0.040998254,0.043099135,0.04085755,0.041106787,0.041276906,0.040618706,0.041644793,0.041352462,0.04277033,0.0423481,0.04138662,0.04124107,0.04184558,0.04079969,0.042745292,0.043217514,0.042449526,0.041663438,0.041673042,0.041208785,0.04068816,0.0421553,0.04158116
0.041531164,0.042086724,0.04176986,0.041522957,0.041403763,0.041319814,0.04153499,0.040691424,0.04380314,0.042116668,0.041916963,0.041610923,0.042158548,0.041254647,0.041346155,0.04257574,0.041877568,0.041812547,0.04058741,0.04130613,0.041601747,0.041617848,0.040419973,0.042133324
0.041555014,0.040994953,0.042912144,0.04098232,0.041865747,0.04169589,0.04113888,0.04212516,0.041381497,0.041760925,0.042484704,0.041154925,0.041086134,0.041785516,0.041219123,0.041603718,0.04265372,0.041186936,0.04212096,0.041573785,0.041103445,0.041494556,0.042684402,0.04143555
0.041957434,0.040943984,0.04166316,0.042451426,0.042174086,0.04086877,0.042144082,0.041391686,0.04253555,0.041853923,0.0415522,0.042134088,0.040923756,0.041308176,0.0416116,0.04256446,0.041739687,0.040861126,0.04224203,0.0416512,0.04210041,0.04192874,0.040263526,0.041134853
0.041396517,0.04173691,0.04242933,0.041728273,0.0417121,0.04189498,0.04125317,0.041160025,0.041970376,0.04228638,0.04182538,0.040855378,0.041075587,0.041693956,0.04166794,0.042209696,0.04199185,0.040857967,0.040945426,0.0411277,0.04183829,0.04262276,0.041212488,0.042507563
0.04216271,0.041454565,0.04269502,0.042310566,0.04094569,0.04076176,0.040498815,0.039905593,0.042431243,0.04175647,0.042521175,0.04122448,0.04227039,0.041453574,0.04168509,0.04305607,0.042282384,0.042313445,0.041276034,0.041500643,0.041774035,0.04208104,0.04056561,0.041073617
0.04218575,0.041219413,0.042832814,0.042587746,0.041939404,0.04122324,0.041301418,0.040375803,0.042299144,0.04151498,0.04238855,0.041474156,0.04268633,0.041233253,0.042156614,0.0418089,0.041511457,0.041329097,0.040690664,0.04157003,0.0414678,0.042436093,0.040132504,0.041634817
0.04192304,0.040909972,0.04213361,0.041756272,0.040122963,0.039840188,0.0406214,0.039769813,0.04188513,0.043559354,0.04258459,0.041542847,0.04135921,0.04141021,0.041416425,0.043043025,0.043399364,0.04223578,0.04195865,0.04202116,0.04178886,0.040243283,0.041539006,0.042935867
0.042700615,0.041721117,0.042243652,0.041795637,0.04260934,0.04186288,0.04109579,0.04134203,0.041733332,0.04124242,0.041959792,0.042279385,0.0420449,0.042108476,0.04180793,0.04084818,0.041502696,0.04153704,0.041947052,0.041236695,0.04110023,0.041817196,0.040598806,0.04086475
0.041695517,0.04154633,0.042084713,0.041525222,0.041665256,0.041200325,0.04151506,0.041847307,0.04234156,0.041862812,0.0420536,0.041460596,0.041940276,0.041533858,0.040443983,0.041686524,0.042141553,0.042494852,0.041291483,0.04145875,0.040632125,0.041529134,0.04126551,0.04278363
0.04109049,0.04235665,0.043133005,0.040949404,0.041832116,0.042130608,0.041301955,0.04164006,0.042051602,0.04242932,0.041773014,0.041141596,0.04198078,0.04182998,0.041886825,0.04182704,0.041667994,0.04141132,0.041387305,0.041262932,0.04132557,0.041132998,0.041179538,0.041277975
0.041139465,0.040922105,0.042149983,0.04208836,0.042512596,0.040951032,0.041664254,0.040403314,0.043077316,0.04206546,0.041417375,0.042320814,0.041054413,0.042436734,0.04162982,0.042274807,0.041497834,0.041405186,0.04098054,0.041731663,0.041889243,0.043038722,0.04049747,0.040851455
0.042148642,0.04170322,0.043219965,0.042125557,0.041087978,0.04165135,0.04022826,0.041504327,0.041280404,0.041703112,0.04202816,0.04073315,0.04231079,0.041641388,0.04208772,0.042751215,0.042172298,0.042209238,0.040887292,0.04144126,0.041389875,0.040994316,0.041188847,0.041511647
0.042229086,0.04175782,0.04169316,0.041679487,0.04100863,0.040991995,0.041303392,0.04053804,0.042068016,0.041679695,0.042396873,0.041681442,0.041258413,0.041727483,0.04199431,0.041426327,0.0423003,0.041910127,0.042416193,0.041441176,0.041740555,0.04179242,0.041153915,0.041811224
0.04157775,0.041326825,0.042671043,0.04139361,0.04107081,0.041192666,0.04122734,0.040230427,0.04219394,0.04251447,0.041878328,0.04181677,0.041868366,0.04190242,0.04225423,0.042685814,0.042705536,0.041984256,0.040558785,0.04141437,0.041602228,0.04117671,0.041565154,0.041188147
0.042188082,0.041725695,0.042354967,0.042097427,0.041914977,0.041180525,0.041235216,0.040705606,0.04163549,0.042122025,0.042025603,0.041390948,0.042648975,0.040760037,0.04146956,0.04268843,0.042377137,0.04191739,0.041990645,0.04162632,0.040621478,0.041146692,0.04019016,0.041986678
0.042366896,0.040692557,0.042199545,0.042379003,0.041758765,0.041960772,0.038993645,0.040952295,0.042320598,0.041458186,0.042330343,0.042376287,0.042798284,0.041052964,0.04143777,0.042146824,0.042919505,0.040941916,0.0407686,0.042924054,0.041739605,0.041832406,0.041528564,0.04012065
0.04160386,0.041121073,0.041443508,0.041962657,0.040885977,0.041894447,0.041208144,0.040075164,0.043264277,0.04284665,0.04188463,0.041929323,0.041727226,0.04139272,0.041028168,0.043330092,0.04258922,0.04144767,0.04081101,0.041814774,0.041462842,0.042021323,0.040858615,0.041396637
0.041795675,0.040905043,0.043070797,0.042041965,0.042162165,0.042235855,0.03956768,0.040811695,0.042015325,0.041999727,0.041764595,0.041844126,0.042020693,0.041605376,0.04156704,0.041819092,0.042371593,0.041358348,0.040467124,0.041635063,0.04132746,0.042529922,0.041178547,0.041905068
0.042617634,0.041568443,0.042028528,0.041261606,0.04121554,0.040587816,0.040899396,0.039833445,0.0424261,0.04180688,0.041495923,0.041835867,0.041886013,0.042568777,0.04211317,0.04170619,0.04201345,0.04099975,0.04215426,0.042258825,0.04118988,0.043139208,0.041327305,0.04106596
0.0424735,0.040911846,0.04200053,0.04208961,0.041906565,0.04169453,0.040852107,0.041997757,0.041091293,0.042138264,0.04190975,0.041538034,0.040996596,0.041613948,0.04095888,0.04242535,0.042472206,0.041296728,0.041369114,0.041537557,0.04165407,0.041243788,0.042034864,0.04179313
0.041955143,0.041893788,0.042098228,0.04145244,0.04284372,0.040839836,0.04142805,0.041213468,0.042525157,0.041864794,0.042212136,0.04143218,0.041685056,0.042063512,0.041750785,0.040803734,0.041170526,0.041522466,0.040269542,0.041375533,0.0419713,0.04236948,0.041121624,0.042137474
0.042055313,0.041793488,0.04246467,0.041736223,0.04168374,0.041592773,0.04189058,0.041380107,0.04184247,0.041484557,0.04196644,0.04123384,0.041932918,0.041689526,0.04110124,0.042236794,0.041792676,0.041983016,0.041011628,0.040945366,0.0410408,0.04180446,0.040965516,0.042371836
0.041816458,0.041910406,0.04237138,0.041158218,0.040944647,0.040414836,0.04159379,0.041620225,0.042137034,0.041981313,0.042396635,0.041318048,0.041776024,0.042012885,0.0414513,0.042397387,0.0424915,0.042517316,0.04180894,0.041240267,0.041276608,0.040823676,0.041326888,0.041214164
0.04185811,0.04181934,0.043031674,0.043008015,0.041172303,0.04153164,0.03930885,0.040437207,0.040791783,0.042556494,0.04200867,0.040434975,0.042600587,0.0410657,0.041925307,0.04338529,0.042731848,0.04074304,0.041147303,0.041904494,0.041741997,0.04203456,0.041180786,0.04158003
0.04219224,0.04117563,0.04238032,0.041935265,0.041220315,0.04107337,0.04161552,0.040138315,0.042647447,0.041934367,0.041567907,0.040979035,0.041182972,0.041330796,0.041711185,0.042966083,0.04190581,0.04139424,0.041983258,0.041295636,0.04106946,0.042310167,0.040634904,0.043355774
0.042266443,0.041074466,0.04198449,0.041881215,0.042459305,0.041750308,0.04091397,0.04118053,0.042393096,0.04171657,0.042328715,0.041925184,0.042065635,0.0413163,0.041295543,0.04145583,0.042269718,0.041517396,0.040026173,0.041406736,0.041916676,0.042475827,0.041273545,0.041106276
0.042390555,0.04159875,0.042832285,0.04245263,0.041136492,0.0410595,0.040538736,0.03915529,0.042962957,0.041970015,0.042176172,0.041823365,0.043754008,0.041277792,0.04250034,0.042275213,0.041963246,0.04217476,0.039494574,0.041774362,0.041510914,0.041892253,0.03958882,0.041697003
0.042068638,0.040161654,0.042344958,0.04268929,0.041283324,0.04089991,0.038426556,0.040280838,0.040012818,0.043752674,0.0421531,0.042171974,0.04069689,0.0406751,0.040898696,0.04475185,0.0448189,0.041716803,0.042400815,0.042217802,0.042037,0.04048082,0.041509654,0.04154994
0.041826658,0.041129995,0.042201273,0.041447606,0.041815385,0.04149307,0.040909983,0.040544063,0.043429326,0.041236494,0.04224979,0.041916057,0.04300244,0.04174892,0.041676894,0.042122856,0.04176193,0.04046025,0.041228753,0.042302042,0.041110672,0.04331056,0.04068266,0.04039231
0.041603606,0.040872537,0.043419234,0.04108233,0.041487157,0.04143403,0.04029413,0.040744778,0.04181884,0.042375658,0.041625604,0.041856553,0.041049104,0.041883234,0.041515548,0.04244868,0.04274954,0.04205816,0.041149415,0.041516952,0.04118201,0.04176959,0.042026043,0.042037223
0.04203563,0.041515496,0.042109717,0.04140232,0.041739475,0.041314606,0.040942606,0.040972766,0.042806096,0.04206947,0.04184315,0.04241108,0.04131944,0.04163678,0.041550398,0.041981835,0.04187391,0.042070497,0.041232575,0.04145029,0.041969523,0.04180496,0.04114098,0.040806383
0.041158956,0.04150473,0.04263276,0.041360367,0.041825898,0.041040655,0.04083892,0.041591775,0.041721478,0.042748548,0.041612968,0.04192047,0.040946435,0.042398594,0.04190326,0.041353542,0.042266425,0.04240146,0.04130541,0.041723344,0.042059038,0.04081338,0.041490566,0.041381005
0.042435538,0.041299354,0.042623617,0.041758403,0.041579835,0.042134956,0.040767588,0.040521085,0.042372547,0.04188512,0.041898064,0.040955637,0.04124692,0.04175908,0.040787995,0.0429039,0.04203246,0.042474676,0.041024886,0.040876687,0.04116099,0.04203646,0.04072305,0.042741172
0.04199952,0.041369498,0.04153453,0.04123467,0.041960042,0.04279805,0.04186629,0.04108653,0.04426152,0.04023393,0.043039706,0.042199075,0.04274396,0.0411961,0.04072251,0.04086295,0.04185993,0.040698383,0.040536076,0.04140975,0.041413013,0.04324627,0.040834557,0.040893212
0.041824553,0.04058417,0.042376913,0.041430224,0.041892007,0.04055774,0.042030763,0.041671805,0.041497916,0.04202536,0.0417369,0.041413054,0.03984095,0.041879214,0.041731585,0.04281457,0.042378455,0.041411027,0.042546663,0.041411202,0.041726526,0.041334182,0.041544672,0.042339537
0.04199137,0.041278467,0.042579412,0.0423911,0.042035986,0.041762516,0.04026052,0.041681062,0.041817486,0.041896,0.041869923,0.04109728,0.04161893,0.04140072,0.04188581,0.04182663,0.04202244,0.04150626,0.040722836,0.041165285,0.041514393,0.042720348,0.04110504,0.041850235
0.041713566,0.04142025,0.043818954,0.042558573,0.04116525,0.040879503,0.038899187,0.039570257,0.04194953,0.042243537,0.042319123,0.041025262,0.043269973,0.042082287,0.042210713,0.042000055,0.042286295,0.042170927,0.03998544,0.041888352,0.041696835,0.042833235,0.04094627,0.041066665
0.041323975,0.041186564,0.04291494,0.041375045,0.041765086,0.04101104,0.04057778,0.040758215,0.040837023,0.042709783,0.04156918,0.041616965,0.040144384,0.04183424,0.041550137,0.043405972,0.042805403,0.04188279,0.04227231,0.041949265,0.041570388,0.041110903,0.04205438,0.04177427
0.042230096,0.041433208,0.04183132,0.04177518,0.042436004,0.041957922,0.041821763,0.040763427,0.043943126,0.04128599,0.0422396,0.041987993,0.04284695,0.0418542,0.040962756,0.041584358,0.04109894,0.041461974,0.039473064,0.04122141,0.041402824,0.04347725,0.04014903,0.040761642
0.04162201,0.041664183,0.04282416,0.041611407,0.041148312,0.040847838,0.040934954,0.041390143,0.04175325,0.042191867,0.04207534,0.04120781,0.041126102,0.04171933,0.041591533,0.042316172,0.042301185,0.04234713,0.041988466,0.04154303,0.041569218,0.041310165,0.041264664,0.04165173
0.04194412,0.041062586,0.04237342,0.04126234,0.041374788,0.04170171,0.041001793,0.04142356,0.041850515,0.041934222,0.04237059,0.0409654,0.040807925,0.04255181,0.041216426,0.04123179,0.04242524,0.041077282,0.041873235,0.041352145,0.042119812,0.04206851,0.041933298,0.04207741
0.041010763,0.04146755,0.043656204,0.041576974,0.04253462,0.041677102,0.040598966,0.040853806,0.043324694,0.04138678,0.042254936,0.042158116,0.042932037,0.04125893,0.042145416,0.041728094,0.041355856,0.041919746,0.039779812,0.041711323,0.04125167,0.042702757,0.040633503,0.04008035
0.041880462,0.04092087,0.04211071,0.041626316,0.04223249,0.040238757,0.04158411,0.04191763,0.04090273,0.04245953,0.041862354,0.040655747,0.0397624,0.04199375,0.041804716,0.04261166,0.042465195,0.041466262,0.042075362,0.04171147,0.041539703,0.04108477,0.04191266,0.043180406
0.041236084,0.041660354,0.04242121,0.041828487,0.042035554,0.042137723,0.04174168,0.041083977,0.04372621,0.04136231,0.0422887,0.04189229,0.04249069,0.04183076,0.041107077,0.042298965,0.04120722,0.041431986,0.040228523,0.041447178,0.041600425,0.043145947,0.04025976,0.03953685
0.04180635,0.04121124,0.043054093,0.04164387,0.041574802,0.041196544,0.040423777,0.041489057,0.041651793,0.041818667,0.04273705,0.040571358,0.040991984,0.042155437,0.04206785,0.041382942,0.04234817,0.041924495,0.041001514,0.0410132,0.042114075,0.041994225,0.041637484,0.042190056
0.041744363,0.041718636,0.042276815,0.04107562,0.041164774,0.041283954,0.041560724,0.040602062,0.04223134,0.041992914,0.04141248,0.042378362,0.041761372,0.041858464,0.041378736,0.043050397,0.042162586,0.041532293,0.042229842,0.041824497,0.041064925,0.041770987,0.04139299,0.040530816
0.041575868,0.041228514,0.042655043,0.041888278,0.04176024,0.041418638,0.042198107,0.04120021,0.042373836,0.04161999,0.04290438,0.0409032,0.041690785,0.04112367,0.04186922,0.042026445,0.042149596,0.04081869,0.041736063,0.04091514,0.04175523,0.04218036,0.041004468,0.041004073
0.041785304,0.041613676,0.04230045,0.042186826,0.04200556,0.0418823,0.04141942,0.041755956,0.041915935,0.042166185,0.041441835,0.041185834,0.041245922,0.04163615,0.040700864,0.04276423,0.041650992,0.041377135,0.04103103,0.041400664,0.04171475,0.04217974,0.040959634,0.041679654
0.041867018,0.041151974,0.04287482,0.04217035,0.041388962,0.042113267,0.04102084,0.039824165,0.043864314,0.04108492,0.043494236,0.041388582,0.044136588,0.04084693,0.041578285,0.04087474,0.041772857,0.04168137,0.03919738,0.041592035,0.041088402,0.043134067,0.039829142,0.042024773
0.04148956,0.040935177,0.042319864,0.041164536,0.04167912,0.040482268,0.04074138,0.04103027,0.04210187,0.04246456,0.041940376,0.041561343,0.040590197,0.041893303,0.041522212,0.04281659,0.042728867,0.042096753,0.041726816,0.04164638,0.04128535,0.041529894,0.04160422,0.04264911
0.042014252,0.041507997,0.041998193,0.04144089,0.04199738,0.041654,0.041581046,0.04206635,0.04220129,0.041421562,0.04202822,0.042012867,0.042048197,0.041606016,0.040940296,0.04223094,0.0417457,0.040772498,0.04175254,0.041727394,0.041626755,0.042033277,0.04139974,0.0401926
0.041542016,0.041533403,0.043622177,0.0418252,0.041954577,0.04022682,0.04086949,0.04029345,0.042005036,0.042062696,0.041749224,0.041364834,0.042178724,0.042263474,0.04207448,0.041771542,0.041772753,0.04219565,0.040938754,0.04180341,0.041279722,0.042344313,0.041088186,0.041240066
0.041344672,0.04177829,0.04265599,0.04085929,0.04195141,0.041372295,0.040027257,0.041632492,0.042108636,0.04240162,0.04234092,0.04187324,0.0412897,0.04211164,0.04137011,0.042060778,0.04237861,0.042091776,0.040530365,0.041458387,0.042196337,0.041130938,0.042140163,0.0408951
0.04214597,0.04123481,0.042822998,0.041275408,0.041685272,0.042022247,0.041613728,0.04089883,0.04236783,0.041441347,0.041695982,0.04165234,0.04199602,0.04145639,0.040920008,0.04289267,0.04205211,0.042091005,0.0418652,0.041184798,0.040048502,0.042184018,0.04078764,0.0416649
0.041594364,0.04235004,0.04134415,0.04099509,0.041563425,0.0417307,0.042233072,0.042087458,0.042000826,0.0422393,0.042149927,0.04112715,0.04063544,0.04191899,0.04121724,0.042259563,0.041905906,0.041283533,0.041769363,0.04080873,0.042278472,0.041098867,0.04165439,0.041754026
0.04250321,0.041236315,0.04233369,0.04170615,0.041878752,0.041764468,0.041059878,0.041306347,0.04240931,0.041669283,0.04247987,0.040996805,0.041807007,0.041360218,0.041846637,0.04139011,0.041803814,0.04233788,0.04088349,0.040725432,0.041074693,0.041676,0.041106965,0.042643685
0.041818395,0.04167393,0.041686926,0.041573342,0.041862015,0.041991565,0.042053845,0.04123762,0.042412274,0.041772015,0.04190242,0.04145215,0.041284293,0.041652568,0.04114187,0.042208068,0.041709986,0.040862553,0.04117521,0.041356526,0.0418866,0.042778708,0.040725365,0.041781742
0.04220932,0.04172581,0.04219388,0.041917868,0.0412944,0.042022664,0.040982563,0.040918376,0.042232037,0.041775964,0.04232189,0.04152197,0.04246817,0.041036673,0.041257314,0.042702243,0.04218622,0.04159073,0.04095797,0.041210707,0.041138504,0.04153749,0.04108838,0.04170893
0.041803677,0.041571595,0.042302538,0.041997697,0.041670147,0.040348113,0.041619524,0.040982444,0.041449167,0.042258315,0.042417623,0.041575935,0.04137018,0.04189496,0.041657336,0.04250382,0.042279355,0.041653655,0.041861445,0.042000398,0.042164586,0.04137132,0.040921792,0.040324375
0.04172093,0.040997457,0.043751124,0.04298111,0.04147852,0.04105587,0.04044315,0.04007021,0.04185317,0.0417563,0.042061277,0.040759034,0.042911157,0.04131551,0.042001676,0.042999987,0.042262916,0.04153661,0.040325623,0.041955765,0.041177493,0.04234158,0.040661305,0.04158217
0.04126224,0.04179758,0.04340058,0.041758314,0.041285336,0.041324593,0.039237835,0.040017415,0.04180197,0.043072175,0.042326603,0.04057983,0.04199182,0.04141035,0.04182005,0.04285571,0.042751785,0.04203999,0.040421683,0.041686382,0.041499972,0.04185206,0.041788805,0.042016942
0.042390373,0.04132445,0.04160449,0.04200616,0.042333763,0.040986635,0.04151206,0.04091719,0.042517025,0.04184748,0.041635897,0.042724214,0.04139048,0.04193601,0.0410376,0.04130707,0.04149737,0.0409744,0.04190582,0.041891553,0.041860677,0.042515513,0.040762454,0.041121278
0.04093772,0.04174748,0.043185536,0.041490685,0.041974727,0.041051514,0.04079084,0.041382827,0.04197743,0.042435538,0.04219671,0.040940516,0.0417712,0.041558377,0.04132607,0.042595513,0.042145114,0.042097315,0.040060762,0.0414232,0.041447338,0.041460034,0.041971732,0.0420318
