0,1,2,3,4,5,6,7,8,9,10,11,12,13,14,15,16,17,18,19,20,21,22,23
0.040508088,0.04375036,0.038805336,0.04422369,0.0437561,0.04386097,0.04287059,0.043133333,0.038988553,0.042300772,0.03980001,0.04233444,0.043197952,0.042922232,0.039679557,0.03933939,0.04442947,0.039882876,0.03862761,0.044153076,0.042563993,0.040897585,0.03961918,0.04035482
0.040514242,0.043166175,0.039252914,0.044783928,0.043824434,0.043720923,0.042829566,0.043300107,0.03873882,0.04245009,0.03992766,0.04199753,0.043188695,0.043383483,0.03937297,0.03920052,0.043775365,0.039399005,0.03838585,0.043742575,0.043498397,0.041160714,0.04005352,0.040332504
0.04044661,0.04328555,0.03922339,0.045275606,0.043640334,0.043247413,0.04254822,0.043337557,0.03822347,0.042430095,0.039717358,0.042041488,0.04318207,0.0431664,0.039658748,0.038880132,0.04402889,0.03955987,0.0385304,0.043665238,0.04399425,0.04108762,0.040266626,0.040562652
0.040373657,0.043415148,0.03865234,0.044323675,0.043920726,0.043276496,0.04243018,0.04279156,0.038330153,0.042133655,0.039594803,0.042950224,0.043065876,0.043425187,0.04057137,0.039045237,0.04365226,0.03936687,0.03945938,0.04406521,0.04368911,0.04074234,0.03972373,0.041000776
0.03976142,0.04355937,0.03920566,0.043749787,0.044100985,0.042779796,0.04273968,0.042510055,0.038273007,0.04295726,0.039440706,0.043111157,0.042595487,0.044067953,0.040406916,0.03885129,0.042550746,0.040268894,0.03895566,0.044481657,0.0432177,0.041416973,0.040095326,0.04090248
0.040223945,0.043851014,0.039044037,0.04435151,0.044038076,0.042533223,0.04257404,0.043608602,0.03784016,0.042611286,0.0399729,0.042940933,0.04324403,0.04346038,0.03949926,0.038980514,0.042371545,0.039698623,0.03837426,0.044533122,0.04380813,0.04148239,0.0401078,0.040850203
0.0404677,0.043437134,0.038494408,0.043893073,0.04352723,0.043310903,0.041869696,0.04382041,0.038354196,0.042558443,0.040551443,0.04240463,0.043474227,0.04355995,0.040094465,0.039108034,0.042798784,0.03939128,0.039176606,0.044835314,0.04339052,0.040980354,0.039532755,0.04096847
0.04038513,0.043225642,0.038630284,0.04342608,0.044494793,0.04242746,0.041948315,0.043876667,0.03848981,0.04321943,0.04014009,0.042812213,0.042756096,0.04448635,0.04024118,0.0395454,0.04291748,0.039653797,0.039266217,0.045344293,0.042606067,0.04056985,0.038930334,0.040607013
0.040354613,0.043456033,0.03878467,0.043974735,0.044284582,0.042968437,0.04303135,0.04429084,0.03774455,0.042382505,0.039670423,0.042944208,0.043323465,0.043919932,0.040665552,0.039223794,0.04270205,0.039048906,0.038371224,0.045986593,0.04212006,0.04045287,0.039570834,0.04072783
0.040355675,0.04344656,0.039090764,0.044640467,0.044276357,0.042988744,0.04336914,0.04372344,0.036755506,0.042704966,0.039374035,0.04323389,0.043316018,0.04389825,0.040229384,0.039267708,0.041868348,0.039148074,0.038370945,0.045190185,0.043126818,0.040912434,0.03999711,0.040715225
0.039625395,0.043396883,0.03897776,0.04490309,0.04498959,0.04270291,0.042314425,0.043891784,0.03776838,0.043238465,0.039415244,0.042993642,0.04340497,0.04399994,0.039748125,0.039563607,0.042133126,0.039301623,0.038451873,0.045464575,0.04329568,0.040473096,0.039815206,0.04013058
0.040914398,0.043195724,0.037951324,0.045071002,0.043514818,0.043051653,0.042104572,0.041425865,0.037337244,0.04212791,0.038204208,0.04386989,0.044109233,0.04462617,0.039987024,0.039125357,0.04205908,0.04109524,0.03971012,0.046450976,0.04210724,0.0410495,0.039949708,0.040961735
0.040571623,0.042980976,0.03763171,0.04611203,0.04312084,0.0435955,0.041682325,0.04267402,0.0367927,0.043126356,0.03679285,0.04439902,0.044656277,0.044792794,0.03887091,0.03792213,0.042352617,0.04230525,0.038627703,0.046368428,0.042164095,0.041817892,0.041022297,0.039619673
0.040638056,0.043279335,0.039086193,0.04621108,0.043182183,0.043129407,0.042156637,0.04406466,0.037933394,0.043714516,0.039248828,0.042780958,0.044071794,0.045574147,0.039976444,0.038485643,0.040336203,0.039817836,0.03807754,0.044334985,0.043664392,0.04188074,0.0393821,0.03897293
0.039453626,0.042190783,0.038939252,0.046925254,0.04187364,0.04331384,0.043828376,0.043043237,0.03791999,0.04341079,0.039397106,0.04279095,0.04280131,0.045485374,0.039777413,0.039117493,0.042548005,0.04051865,0.039412703,0.044127963,0.04441431,0.04167983,0.03793173,0.03909837
0.039277002,0.043204244,0.037640948,0.046209566,0.04137947,0.0425898,0.04468364,0.044703197,0.03779995,0.043617707,0.039685197,0.04363027,0.044115584,0.045613926,0.03888535,0.039213855,0.04276568,0.039934542,0.04036869,0.04411601,0.043070994,0.04152633,0.039053578,0.036914498
0.03982029,0.04305012,0.038538557,0.0459525,0.04420782,0.04237521,0.04509994,0.04308217,0.036961768,0.042877402,0.039186254,0.04340835,0.04587384,0.043653145,0.041496426,0.0400742,0.0409628,0.038361777,0.03767945,0.04465397,0.04328252,0.03977424,0.041180458,0.038446788
0.04116951,0.041859936,0.03899436,0.04507271,0.044671748,0.043128252,0.042922027,0.042155992,0.0369599,0.044672195,0.037850317,0.043128222,0.046409428,0.042956945,0.040072627,0.040628094,0.04225714,0.039531637,0.037232686,0.04290249,0.04173059,0.04243642,0.041281283,0.039975524
0.041370127,0.041863203,0.036550105,0.04659097,0.04354002,0.043925434,0.044586837,0.04342192,0.037770584,0.044921592,0.038766876,0.04393032,0.044436492,0.042859964,0.03913259,0.039090693,0.042098694,0.04119738,0.036581527,0.04211564,0.0435894,0.04310896,0.03957407,0.038976587
0.041757807,0.041805953,0.038548965,0.047670294,0.04268364,0.04497098,0.04605137,0.042991143,0.037694663,0.044246044,0.038814347,0.045901828,0.04633038,0.043158837,0.039274994,0.03889357,0.041338947,0.038917825,0.039122093,0.042827282,0.042133346,0.039556812,0.0381608,0.03714805
0.04341042,0.04220359,0.038542718,0.04552612,0.04257614,0.04545523,0.043863524,0.044537693,0.03683795,0.04421607,0.037042484,0.045960456,0.0460211,0.043238413,0.03965302,0.039042987,0.03952429,0.039406184,0.040273882,0.04310705,0.041712973,0.04099869,0.0391907,0.037658326
0.04067974,0.044155803,0.037305508,0.04432839,0.042661842,0.043329585,0.043992266,0.045977615,0.03621594,0.04464951,0.03758011,0.044716924,0.045478333,0.043401703,0.043566324,0.03884179,0.03950961,0.038761772,0.03776855,0.044586543,0.043211106,0.041040555,0.040005915,0.038234565
0.037717905,0.046383165,0.03916346,0.04527831,0.043976944,0.04338973,0.041847304,0.04552111,0.034439173,0.044336725,0.037442476,0.044100307,0.04707809,0.044489004,0.042641513,0.03767691,0.039963473,0.040080264,0.03682325,0.045857076,0.041599467,0.041202318,0.039725553,0.03926648
0.03882418,0.043216333,0.039471127,0.045224335,0.045329973,0.04344234,0.040686745,0.04527957,0.0351826,0.04571138,0.037402492,0.041728605,0.045110486,0.042853817,0.041874375,0.03988823,0.042519137,0.03968945,0.037960824,0.045000907,0.041622214,0.042851362,0.04043953,0.038690016
0.04042995,0.040843878,0.04078117,0.044703312,0.04379542,0.044394407,0.041445438,0.04355305,0.037948493,0.04633069,0.038986262,0.04227006,0.04439527,0.043978494,0.041122504,0.038684722,0.040216517,0.04094223,0.03913049,0.04489345,0.039693717,0.0428003,0.040959068,0.037701067
0.041624565,0.043288838,0.039446026,0.04430053,0.041054696,0.043657564,0.04332713,0.04414488,0.037607003,0.045236897,0.038568918,0.042491913,0.046271484,0.04401059,0.040805105,0.039482545,0.040195946,0.040773124,0.038045544,0.042559784,0.040018532,0.043472346,0.039308526,0.04030755
0.04173009,0.042521335,0.0378342,0.04451551,0.042633835,0.043110646,0.042926744,0.04251508,0.036082156,0.045690935,0.03643771,0.046060372,0.045388322,0.04364622,0.04114247,0.038146235,0.04189772,0.03980095,0.037016373,0.0449755,0.040869575,0.04342882,0.04170299,0.03992624
0.042533375,0.042907536,0.036362495,0.044998266,0.043752067,0.045131233,0.042103898,0.043079313,0.035180036,0.04431128,0.037330702,0.046510346,0.04430939,0.045096498,0.0407579,0.03819782,0.040569555,0.03827106,0.036825266,0.044935226,0.043155987,0.044990946,0.041727506,0.036962308
0.04152046,0.04046693,0.035378322,0.045735165,0.043853935,0.04426951,0.042663652,0.04433913,0.036092285,0.044521034,0.03876023,0.043889772,0.04551107,0.04446139,0.0410063,0.039756622,0.042315982,0.037976716,0.03876778,0.043354608,0.045098837,0.044734832,0.038264327,0.03726105
0.040123574,0.04305258,0.038672514,0.044788443,0.043068122,0.041666325,0.04230655,0.043407492,0.034988888,0.04404046,0.03672011,0.045904253,0.047764253,0.045065448,0.03990077,0.039076842,0.041481577,0.040458348,0.037183873,0.041077632,0.045285683,0.04382773,0.040184915,0.03995359
0.040083688,0.043177485,0.037644275,0.046378747,0.04473869,0.044374164,0.042244334,0.043825254,0.034727972,0.044039655,0.03606019,0.044915613,0.04427226,0.04379106,0.04113211,0.038718734,0.043466628,0.04102008,0.036933854,0.042226397,0.044078574,0.042075973,0.042252403,0.037821855
0.03977072,0.04049098,0.037638832,0.046861634,0.043749083,0.04356419,0.040282823,0.04369014,0.03633395,0.04489773,0.03745068,0.043171994,0.04221423,0.041528493,0.040814225,0.04181297,0.04629038,0.0401143,0.039082903,0.04301661,0.04290099,0.04330658,0.0417449,0.039270695
0.038737282,0.04299788,0.037723254,0.045481548,0.04418682,0.04188993,0.041634616,0.04459738,0.03732603,0.04342077,0.03886996,0.04329559,0.042376794,0.040170632,0.04170662,0.038888507,0.043949388,0.04044463,0.039013036,0.04480839,0.043751452,0.04367308,0.042167976,0.03888847
0.038649,0.043463923,0.03725189,0.047718134,0.042814057,0.042367987,0.042404618,0.044628642,0.03622524,0.04335367,0.041896597,0.044366244,0.044828624,0.04097123,0.041313093,0.036558542,0.042300448,0.040516973,0.037670135,0.042972628,0.0466137,0.041833915,0.04067335,0.03860732
0.036994867,0.04094775,0.03674027,0.046482418,0.044915196,0.044107318,0.043663524,0.044600144,0.035073567,0.043161105,0.039258152,0.044197742,0.044354767,0.043445405,0.039985515,0.037071344,0.045348298,0.0405567,0.03699358,0.043081608,0.045512144,0.042020645,0.040588725,0.04089926
0.038126487,0.04132501,0.03845257,0.04844086,0.044141814,0.044130057,0.04209932,0.044487596,0.03496368,0.043913756,0.03741721,0.04315388,0.044287827,0.045567077,0.038844403,0.03919292,0.04483227,0.040783938,0.038280606,0.041063894,0.0431948,0.0424921,0.041216694,0.03959124
0.039927594,0.044275958,0.03776998,0.047927383,0.04241197,0.045741383,0.040055867,0.044462968,0.035829443,0.04481629,0.03794299,0.045824397,0.043944467,0.04561798,0.038127955,0.040387444,0.04221872,0.042565428,0.038039412,0.041159615,0.04302688,0.04171628,0.039832015,0.036377594
0.03981474,0.041192338,0.03626397,0.04522387,0.045018405,0.04470429,0.045103237,0.041210424,0.038133077,0.042155117,0.0416404,0.04517036,0.04439558,0.044149708,0.039912388,0.040561058,0.041076783,0.040543847,0.037938714,0.043046094,0.0425153,0.040993124,0.040414255,0.03882295
0.039938807,0.040433045,0.03706368,0.045185875,0.045595717,0.042902786,0.04438812,0.043933216,0.037893284,0.043427963,0.04051886,0.045395344,0.043655384,0.041869085,0.03867457,0.041364245,0.04274208,0.03980447,0.038691495,0.044434123,0.04229845,0.041940227,0.038365535,0.039483696
0.039458405,0.04107407,0.03752063,0.046170317,0.04532259,0.041656956,0.042803064,0.04447834,0.035958778,0.04372243,0.039057292,0.045847297,0.043720134,0.043862082,0.03885005,0.038892526,0.042592883,0.039770145,0.037302867,0.044161994,0.043338258,0.04288356,0.041383363,0.04017192
0.03907097,0.043020893,0.03526086,0.04682035,0.047007333,0.041524302,0.041431546,0.041795354,0.035514306,0.04325178,0.039568458,0.04689149,0.041965142,0.04461692,0.038658515,0.038334318,0.042054035,0.03999418,0.037784033,0.04465032,0.04480669,0.04581075,0.041406408,0.038761053
0.04015734,0.04206524,0.036855206,0.046031203,0.046962384,0.041466765,0.041247193,0.042994943,0.035861228,0.04506799,0.03979129,0.044182688,0.043105237,0.04439023,0.038825028,0.038176194,0.042678054,0.039685868,0.038373824,0.043712057,0.04453491,0.044693798,0.03987158,0.03926977
0.036922522,0.04230197,0.038394313,0.044361345,0.04600251,0.04250454,0.04247417,0.04315215,0.035169993,0.04416001,0.040225536,0.04339027,0.04446364,0.04533167,0.039988827,0.038157035,0.042227894,0.041630585,0.03847161,0.04344444,0.04422558,0.042677786,0.041528907,0.038792692
0.037304252,0.042716037,0.03794115,0.045055263,0.04619032,0.0432402,0.041676823,0.04168537,0.036036775,0.0430698,0.04041298,0.043908305,0.04451087,0.046186317,0.040117957,0.037960637,0.042762697,0.0411687,0.038686506,0.043625522,0.044279855,0.04066159,0.040762335,0.040039714
0.038411286,0.041771997,0.038486615,0.04487678,0.04446142,0.043400835,0.04201878,0.04229161,0.036160763,0.043647483,0.041001745,0.043510128,0.04404393,0.045314737,0.040250726,0.03860931,0.04251167,0.04072224,0.03881347,0.043069355,0.044315398,0.041690808,0.040675446,0.039943427
0.038513638,0.041762203,0.03797744,0.04393316,0.045398228,0.042462964,0.04181102,0.041953098,0.036363244,0.0451303,0.040349614,0.044055417,0.04267256,0.04419361,0.03966969,0.038816266,0.04322112,0.04114685,0.039318215,0.044495963,0.044933174,0.041636907,0.04041451,0.039770823
0.037632927,0.042076796,0.038271714,0.04502783,0.04562411,0.04177623,0.041661594,0.042630717,0.036145877,0.045402475,0.040532317,0.043782264,0.041894484,0.0444013,0.03963445,0.038879905,0.042638905,0.040934354,0.03921728,0.044926263,0.044568993,0.041854687,0.040527787,0.03995672
0.037521206,0.043060165,0.0384146,0.0460208,0.046535328,0.04189977,0.041232053,0.04309842,0.03691431,0.045768205,0.039786216,0.043411404,0.042450707,0.045930345,0.038989283,0.038072377,0.04262631,0.04055704,0.039362203,0.04373392,0.043556985,0.042351756,0.040004663,0.038701944
0.038408626,0.041547686,0.037862733,0.04542845,0.04658969,0.041446786,0.041769873,0.042880204,0.03683484,0.04560967,0.03953771,0.043458737,0.04269509,0.045937955,0.038629625,0.03799352,0.04374829,0.04123383,0.038386036,0.04448241,0.04417927,0.043650527,0.03907973,0.03860872
0.03989921,0.040684067,0.038054686,0.046052765,0.047033064,0.042114653,0.04103263,0.04303006,0.037458908,0.04466904,0.03874343,0.044479243,0.0423837,0.04497211,0.03770214,0.03758399,0.04345709,0.041142147,0.03809654,0.04475598,0.044408903,0.04456614,0.03985016,0.03782934
0.040575344,0.04148163,0.037668157,0.04684151,0.04587625,0.042540003,0.041215815,0.04284655,0.036928907,0.044386696,0.038391247,0.04462852,0.042565543,0.0438675,0.038458858,0.037740078,0.04308633,0.040912505,0.038781688,0.04428747,0.045436073,0.04394353,0.03918442,0.03835534
0.039404158,0.041299276,0.03769674,0.04506415,0.04618255,0.04185366,0.040912382,0.04323631,0.036842752,0.044405308,0.040149055,0.044241153,0.04194185,0.04356954,0.04058545,0.037070658,0.043843865,0.04082767,0.038950063,0.04368546,0.045007177,0.04297894,0.03959652,0.040655296
0.037299182,0.041842666,0.03871739,0.04483988,0.045131963,0.041465532,0.040896274,0.043701913,0.037655383,0.045184404,0.04053373,0.04416954,0.04298854,0.044208433,0.04088327,0.03815832,0.042349167,0.039851364,0.038943756,0.044653915,0.04398283,0.04373368,0.039554026,0.039254826
0.03667722,0.042402346,0.038202688,0.045023642,0.042972017,0.041053277,0.041354276,0.04389545,0.03863793,0.04464936,0.041116487,0.043456882,0.043898612,0.044963755,0.04044225,0.038571615,0.043108437,0.039865624,0.039447013,0.04470788,0.04321677,0.043751966,0.039325945,0.039258573
0.03547551,0.043581683,0.03798876,0.045679625,0.04363112,0.0414497,0.040174175,0.04263112,0.039493505,0.04475274,0.03993762,0.044755902,0.043636333,0.04640746,0.039043378,0.038745094,0.042346373,0.042402755,0.03936682,0.04525685,0.043059472,0.04299971,0.039589368,0.037594892
0.03568683,0.041895367,0.038416047,0.046822928,0.04548065,0.040947605,0.041973528,0.043483324,0.037566073,0.045028154,0.041613948,0.04237753,0.04296028,0.046675347,0.038865358,0.038299665,0.03949333,0.04145801,0.039718676,0.044535574,0.045298733,0.04463369,0.03971382,0.037055507
0.036744095,0.039735705,0.03790809,0.044804458,0.047849435,0.04158521,0.04260925,0.043863002,0.036602896,0.045986805,0.04222683,0.041207608,0.042496677,0.044687815,0.039927028,0.04035625,0.04063959,0.04077924,0.03967345,0.04475175,0.044184465,0.043670084,0.040425822,0.03728441
0.03684184,0.040121965,0.037200082,0.045503374,0.047306187,0.041025188,0.04162705,0.041046195,0.036891226,0.046323057,0.040395435,0.043141797,0.0442989,0.04577791,0.03906992,0.03990509,0.041862022,0.039541576,0.041311968,0.045163974,0.04566809,0.042967398,0.038716946,0.038292825
0.037450597,0.040955428,0.036790945,0.0454901,0.04799916,0.04115855,0.04147645,0.040651076,0.03892949,0.04581986,0.04017846,0.04279328,0.042693112,0.04581531,0.03869419,0.03978939,0.042484544,0.038321536,0.03874,0.04470907,0.04549263,0.045542274,0.0389795,0.039045025
0.037065767,0.040108457,0.03785959,0.044784103,0.04847871,0.04203129,0.042127814,0.04201796,0.03908481,0.046963654,0.042085677,0.04222403,0.040792696,0.045610413,0.03917976,0.038466714,0.0430577,0.039111577,0.037442237,0.044627722,0.043777417,0.04596953,0.039697923,0.037434485
0.036871538,0.04340403,0.03647526,0.046051662,0.046895187,0.041557457,0.040585507,0.041670956,0.039043434,0.047071166,0.0407832,0.04480492,0.04133099,0.044087905,0.037901856,0.038450014,0.043570448,0.03828086,0.03748109,0.04679891,0.04457819,0.045774985,0.039295115,0.037235238
0.036964364,0.045321893,0.035702817,0.04587537,0.04725908,0.04042041,0.041043736,0.04172852,0.03938433,0.04566081,0.042178787,0.045162503,0.041462317,0.044983774,0.038455393,0.036966126,0.042792823,0.03842289,0.037647728,0.045867544,0.04482077,0.04421244,0.03977117,0.037894383
0.037648167,0.044720627,0.03624406,0.044357926,0.046835855,0.040581852,0.040990308,0.04391315,0.038287304,0.04686449,0.041244168,0.044768397,0.0431368,0.044897705,0.039029595,0.03720386,0.043211136,0.03887729,0.03806127,0.045272052,0.043406337,0.043020237,0.0389901,0.038437314
0.038944125,0.043935258,0.03590655,0.045613956,0.044195652,0.0406227,0.04147826,0.045212016,0.037779696,0.046652094,0.039661236,0.04420524,0.04374071,0.04396237,0.038355794,0.03711455,0.0439992,0.041227773,0.037957553,0.04506416,0.044000477,0.043849733,0.038758222,0.037762657
0.039024632,0.0434076,0.036916755,0.04658964,0.044189252,0.04126237,0.042163663,0.046027537,0.037741087,0.045180835,0.04014081,0.0432743,0.04501603,0.04689472,0.03742911,0.037205122,0.042557716,0.04093012,0.03902173,0.044238932,0.043789897,0.04203411,0.03831244,0.03665155
0.040035993,0.04326297,0.037006672,0.043681227,0.04454228,0.042086147,0.04087541,0.044419423,0.038495466,0.04597378,0.04089617,0.04498034,0.041861095,0.045972664,0.03766294,0.03653902,0.042360764,0.04136177,0.039227054,0.045517754,0.043165673,0.043882642,0.039849833,0.036342915
0.03855748,0.04363616,0.035511892,0.04675835,0.04489301,0.041918002,0.042757273,0.04252424,0.039558165,0.045041863,0.0408286,0.045561574,0.041511476,0.042445365,0.037263516,0.038869657,0.04140758,0.041691035,0.03871254,0.048553187,0.042699262,0.043489363,0.039906204,0.0359042
0.038588453,0.043394808,0.03601655,0.04597608,0.044631317,0.042366594,0.042085387,0.044039372,0.038240794,0.044312086,0.04010877,0.04473346,0.041714057,0.042686354,0.03848592,0.04224474,0.04158536,0.041565385,0.037941944,0.047563635,0.042636946,0.042373758,0.040854182,0.0358541
0.037537996,0.042967983,0.03778624,0.04556035,0.046319965,0.04155203,0.04048522,0.04437863,0.03744015,0.04420427,0.038067553,0.044414904,0.042760704,0.043765534,0.03895746,0.041617893,0.04261367,0.04119089,0.037803244,0.04616553,0.044507418,0.043089274,0.0412139,0.035599142
0.03816396,0.043007944,0.037763786,0.047001757,0.043645978,0.041498818,0.041386273,0.042225793,0.039445475,0.04481718,0.037789825,0.04412732,0.04555365,0.04659175,0.038066156,0.040875696,0.041872192,0.039887935,0.038153455,0.045411676,0.043597233,0.04208719,0.04123462,0.03579434
0.038481675,0.043131184,0.039120663,0.045237064,0.04588049,0.04138349,0.041332297,0.042649154,0.038970154,0.045009647,0.03898945,0.04394922,0.04296202,0.04471473,0.03929483,0.039593272,0.042247586,0.03881255,0.03902774,0.046498034,0.04238204,0.042602163,0.04016008,0.037570514
0.037388396,0.04235809,0.03862093,0.045909062,0.045869738,0.04004477,0.041169938,0.0433861,0.038545694,0.044179928,0.03846987,0.042618662,0.042662475,0.04664054,0.03908241,0.038962167,0.044016663,0.03877916,0.039035164,0.047286615,0.042600553,0.043786205,0.039335754,0.03925111
0.038163826,0.041660886,0.038705,0.046083003,0.045849152,0.040383387,0.041666247,0.041266058,0.03959755,0.045238074,0.038562503,0.04324805,0.041587166,0.04771648,0.040147085,0.039428905,0.04315746,0.03912753,0.03899038,0.045448985,0.042727366,0.044137035,0.03944609,0.037661795
0.03634303,0.040670592,0.03961989,0.045288805,0.046911553,0.04040043,0.04085553,0.043502674,0.039976392,0.04618505,0.038960513,0.044919454,0.042052116,0.04958295,0.03949999,0.039263364,0.0417912,0.040291734,0.03640017,0.04545274,0.042772274,0.04251888,0.039335314,0.03740533
0.036887895,0.041523844,0.03715714,0.045678455,0.04754049,0.040707204,0.040084846,0.042681426,0.04250063,0.04474106,0.03821076,0.045327008,0.043112177,0.048448984,0.03939482,0.041462272,0.04183003,0.038534757,0.036187574,0.045914132,0.043170244,0.04267993,0.04017403,0.03605029
0.038167696,0.042536315,0.036443412,0.04515299,0.04596591,0.041770793,0.04166125,0.042032674,0.04308191,0.045521468,0.039587248,0.04541822,0.043836944,0.047135785,0.03979952,0.04061995,0.04262672,0.037645306,0.037456714,0.044750873,0.039942455,0.043114923,0.04020012,0.035530783
0.037195485,0.042544402,0.038021058,0.043292146,0.04627848,0.04227621,0.04109789,0.042851605,0.040863495,0.045399938,0.038347084,0.04553424,0.04631393,0.04650192,0.039585635,0.037848804,0.043839917,0.03978227,0.03605639,0.045769468,0.040021297,0.044868276,0.040182993,0.035527032
0.037040234,0.04246877,0.03896342,0.045264628,0.044962145,0.039560612,0.04021872,0.04251598,0.039776605,0.044659805,0.03778446,0.04559984,0.046217315,0.04530006,0.039153274,0.03840966,0.04462464,0.039638624,0.036872555,0.047895424,0.040951878,0.0458255,0.03973605,0.036559824
0.037651952,0.042809103,0.038919248,0.045862366,0.04590878,0.04137155,0.042107444,0.04262476,0.039115384,0.04372563,0.038730096,0.044117425,0.044324145,0.04691707,0.039693426,0.03855738,0.042439338,0.039927725,0.037387762,0.04575469,0.041351087,0.043297347,0.04010068,0.03730562
0.038242426,0.041346595,0.039467733,0.046124376,0.046436872,0.041795116,0.040978283,0.043228045,0.038884882,0.042880833,0.03768297,0.04503765,0.04381194,0.046125088,0.03968305,0.039807376,0.0412524,0.040937465,0.037962906,0.045125492,0.041626625,0.04415299,0.039018314,0.03839054
0.038470034,0.0428398,0.03806649,0.046015803,0.04628029,0.04086923,0.040551603,0.04060249,0.040393177,0.046361078,0.03790589,0.045094367,0.042558044,0.04501569,0.038535543,0.040108703,0.042080283,0.041450564,0.039344694,0.047121964,0.03941599,0.043011323,0.039199177,0.038707748
0.03753955,0.04086773,0.036969036,0.044298414,0.045861706,0.041388903,0.04071215,0.042720024,0.038512208,0.046766885,0.038835876,0.045229223,0.042144857,0.04565448,0.037666995,0.03928103,0.04182192,0.042007696,0.037717063,0.04513532,0.043509245,0.046518184,0.040416893,0.038424615
0.040536676,0.038455106,0.037526272,0.04412366,0.045497548,0.042952698,0.039657407,0.044033702,0.038521267,0.046609793,0.038898017,0.046725225,0.041638557,0.04500648,0.037754353,0.03735174,0.04255013,0.039949704,0.040419124,0.04216012,0.045259055,0.046396315,0.039912794,0.03806425
0.04189807,0.039835885,0.037773136,0.04561945,0.044247475,0.042513695,0.040398147,0.045295432,0.03870371,0.046399318,0.038286936,0.045171566,0.042375423,0.04484414,0.038199093,0.037511885,0.042442758,0.041569654,0.04111571,0.042167727,0.043254886,0.04418093,0.038231265,0.037963703
0.041337218,0.039378278,0.03730855,0.045563832,0.045659374,0.0425348,0.040719785,0.04504261,0.038947195,0.04511997,0.03870127,0.043802336,0.042754594,0.045844477,0.038296197,0.038551744,0.04320257,0.04082853,0.038915716,0.043136597,0.041893803,0.044088792,0.03898294,0.039388787
0.04060993,0.039973713,0.037848584,0.04473314,0.045571785,0.04157737,0.041057926,0.044247653,0.03804905,0.044266623,0.038157262,0.044733748,0.04228751,0.047220405,0.039063938,0.038447168,0.043399215,0.040527478,0.03975568,0.04358497,0.042947985,0.043581206,0.03938635,0.038971324
0.03905309,0.041140813,0.03929644,0.0452993,0.046036918,0.04165621,0.040899705,0.04289436,0.0379307,0.044341795,0.039114695,0.044218615,0.043409336,0.045928925,0.03986691,0.037817396,0.04440668,0.03983155,0.038939852,0.043588974,0.044094797,0.042878926,0.038734157,0.038619913
0.039084315,0.040886734,0.038424157,0.045428395,0.04693288,0.042308133,0.042290587,0.043561652,0.03749774,0.042450458,0.04080002,0.04383142,0.043098487,0.04321588,0.039885513,0.03821782,0.04308913,0.040274024,0.03745245,0.043569356,0.044334326,0.044526897,0.039375864,0.039463736
0.039306305,0.039205898,0.037947956,0.045523368,0.04902159,0.041546546,0.040726386,0.04457147,0.037778568,0.042830147,0.04139102,0.044411078,0.042833664,0.04489976,0.037893187,0.03979401,0.041204732,0.040335596,0.03817018,0.042705238,0.04563555,0.043131445,0.0403674,0.038768906
0.0396204,0.04080038,0.038623516,0.046505846,0.045697186,0.041617673,0.042453494,0.0444288,0.03650397,0.044364385,0.038576417,0.04406806,0.043258335,0.043600924,0.03870412,0.039609656,0.0437717,0.040511016,0.03942025,0.043223407,0.04496873,0.042880986,0.038521484,0.03826931
0.04021011,0.04078433,0.03852505,0.045644335,0.0443969,0.04214731,0.042348944,0.04370115,0.0376589,0.045049015,0.039065745,0.043978572,0.041766834,0.044571113,0.038305495,0.03691804,0.046051316,0.040412646,0.039378792,0.043041915,0.043991964,0.043230847,0.039943926,0.03887679
0.03862795,0.04076397,0.036113318,0.046330187,0.044410426,0.043110255,0.044229403,0.0442545,0.03834032,0.04304999,0.04072482,0.043363623,0.042717528,0.045205407,0.04015387,0.03979634,0.043628097,0.039364487,0.038338523,0.044117842,0.042558387,0.043157455,0.038629226,0.039014082
0.039695755,0.041723743,0.037019443,0.04694565,0.044832606,0.04411446,0.042830627,0.043106794,0.03781222,0.042853057,0.040087044,0.04506371,0.042720594,0.0450844,0.03967999,0.03791771,0.040742557,0.04019285,0.038970236,0.044635944,0.043859534,0.043107662,0.038430866,0.038572565
0.039701138,0.04097395,0.038766768,0.045676433,0.044923503,0.042396657,0.041445315,0.041983545,0.037881285,0.044871096,0.040096167,0.045141753,0.042590793,0.042910382,0.03958865,0.037742432,0.043395147,0.039793845,0.038167994,0.04447682,0.046315137,0.044650238,0.038127877,0.03838306
0.03923761,0.04187038,0.03864294,0.043893337,0.04584817,0.041325074,0.04087204,0.042691495,0.038834974,0.04598511,0.040109713,0.044584364,0.041801613,0.04239514,0.038627002,0.038610194,0.04358672,0.04021215,0.038799968,0.043837123,0.044933356,0.044966567,0.04052335,0.03781156
0.039180946,0.04273799,0.038642026,0.04278092,0.047033038,0.04271141,0.03977688,0.042453628,0.0366569,0.045133803,0.040008288,0.04408117,0.043404296,0.046207845,0.039547265,0.038747396,0.043358814,0.039969385,0.038034767,0.043301046,0.044664994,0.04392811,0.041020803,0.03661825
0.038233843,0.043304358,0.037372697,0.04447026,0.046247374,0.042704895,0.040251274,0.0417748,0.037226062,0.043572247,0.038554303,0.044307023,0.044913247,0.04538417,0.04004375,0.03903663,0.044576168,0.03912581,0.03771495,0.04303357,0.04564436,0.044206068,0.039561756,0.0387404
0.038326204,0.040930327,0.03839487,0.04580154,0.045107465,0.042569738,0.043053154,0.041664824,0.03833,0.044440653,0.038827784,0.042268045,0.04446694,0.04498765,0.039818715,0.038505252,0.04421157,0.039791636,0.038812917,0.042020626,0.04540893,0.045206998,0.039081838,0.037972335
0.039126918,0.04091972,0.039329138,0.04597517,0.045242257,0.04190965,0.043149438,0.041921377,0.03847532,0.04457422,0.039113853,0.043187335,0.043373466,0.044892114,0.040927697,0.03941262,0.042204984,0.03975631,0.03878538,0.04235854,0.046097025,0.043064125,0.038056284,0.038147006
0.03844461,0.042956598,0.038839046,0.04668633,0.045512997,0.042170275,0.04246212,0.041980676,0.03807045,0.044802982,0.038537946,0.04332938,0.042437892,0.043679427,0.040859196,0.03862829,0.043665983,0.03969363,0.037675373,0.04328633,0.045810357,0.04266242,0.039743923,0.03806371
0.03887346,0.04248854,0.038564853,0.046317607,0.046036173,0.041735634,0.042334758,0.042418364,0.038742136,0.046658523,0.04023077,0.042581625,0.041787907,0.04571945,0.03957119,0.039055087,0.042003334,0.03825803,0.03915151,0.041096274,0.045619175,0.04433621,0.039549027,0.036870316
0.03899147,0.03990745,0.038647648,0.04727949,0.044686094,0.041797195,0.041177098,0.044091288,0.03785335,0.04649223,0.038534522,0.044545166,0.044647668,0.047112696,0.038033165,0.039440032,0.041724615,0.041637663,0.0394236,0.0393008,0.044589903,0.043771416,0.039610088,0.03670541
0.039699875,0.04169671,0.03978603,0.044758387,0.04377808,0.043736443,0.040865485,0.04315944,0.03946068,0.046225414,0.040127393,0.04436762,0.043172102,0.04516252,0.039300106,0.037710678,0.040772945,0.04214745,0.039188795,0.0403921,0.044545036,0.042419698,0.03939855,0.03812844
0.038297016,0.04376436,0.038738202,0.043104067,0.04554596,0.04181636,0.042823173,0.039917268,0.0383652,0.04524468,0.03964111,0.04434284,0.043393977,0.04374971,0.040660407,0.03751799,0.041717634,0.04131776,0.03950843,0.04546777,0.04283489,0.04172594,0.03997963,0.040525623
0.03645551,0.042072874,0.03774083,0.046273876,0.045394827,0.04262659,0.044525217,0.040854793,0.038028546,0.042791504,0.03745564,0.04518212,0.04434582,0.044066567,0.03773937,0.03881304,0.043547414,0.040173907,0.037816226,0.047651216,0.043071646,0.04397625,0.041550636,0.037845533
0.038459267,0.041050024,0.039155636,0.046808023,0.044885326,0.045749635,0.041029576,0.046113826,0.035471674,0.043402314,0.039099704,0.041849505,0.04400933,0.045048278,0.036823306,0.040154014,0.043161973,0.038659528,0.03783573,0.043048505,0.04350179,0.044405982,0.041659366,0.038617622
0.03906178,0.040836643,0.040034384,0.044798784,0.0448891,0.044346012,0.040179774,0.044426825,0.037084427,0.045631014,0.040575873,0.043460585,0.04317361,0.047303688,0.03710551,0.040170673,0.040483788,0.038846232,0.040851723,0.04277126,0.043756004,0.04337335,0.03878588,0.038053095
0.03664757,0.041996438,0.037977252,0.04555452,0.04559894,0.04229222,0.041716773,0.040331047,0.03918533,0.045892425,0.041066736,0.044264693,0.042283528,0.04875956,0.037255883,0.040877923,0.041073605,0.03936763,0.03908263,0.042784043,0.043510746,0.042557467,0.0404958,0.039427195
0.037001073,0.042497303,0.037784413,0.04538872,0.044641294,0.043642856,0.044202186,0.04466569,0.03876212,0.043542225,0.040606372,0.04141994,0.04345333,0.043451913,0.038907662,0.04013606,0.043205097,0.041234672,0.03791923,0.043215334,0.043567903,0.042277385,0.039960843,0.03851642
0.038541485,0.04411321,0.039691154,0.04703255,0.0427618,0.043277096,0.043038063,0.044339985,0.037983857,0.04123952,0.039588593,0.042140253,0.043028127,0.04116533,0.039924543,0.039021906,0.04326593,0.04129099,0.0388743,0.045264892,0.043448795,0.043038633,0.03948187,0.03844714
0.039309353,0.0416763,0.03750294,0.04832203,0.045617774,0.041212216,0.04379284,0.04309052,0.038481902,0.043719295,0.03918329,0.04381761,0.04082711,0.044506356,0.037336532,0.039590333,0.042856198,0.03943968,0.03793496,0.044356853,0.045865003,0.044492804,0.038511872,0.03855614
0.038105767,0.040532466,0.037418075,0.048822872,0.04719277,0.041689403,0.044549763,0.041578602,0.036794547,0.041276254,0.03834517,0.044310216,0.043078445,0.045935772,0.038119715,0.039601646,0.042688377,0.041286096,0.03771053,0.044076588,0.043923926,0.043181874,0.041530576,0.038250554
0.039162565,0.041664876,0.037724648,0.045564298,0.042131864,0.042850282,0.043100394,0.044418294,0.03572763,0.04190507,0.039900318,0.046173353,0.044912092,0.044287033,0.037967093,0.039772812,0.042262293,0.040788785,0.037906993,0.041793443,0.045538995,0.043314926,0.041332006,0.039799962
0.039509404,0.04394715,0.037071638,0.044493314,0.041622493,0.043084733,0.04311376,0.04492907,0.03686057,0.044466715,0.04078948,0.045982502,0.04458734,0.04376797,0.040136244,0.036807038,0.04342235,0.03993901,0.036462303,0.043427113,0.046116646,0.044927172,0.03786722,0.036668774
0.037703086,0.044100747,0.03803538,0.044777665,0.043337904,0.043784413,0.041246854,0.048071124,0.036886368,0.04600038,0.04075414,0.042554908,0.04460792,0.044177357,0.0400192,0.038276028,0.042828117,0.041593105,0.03699807,0.04316776,0.041879065,0.04480244,0.03807721,0.036320746
0.035638243,0.041518234,0.0382879,0.044592794,0.04668783,0.042264916,0.041913424,0.046023477,0.035524204,0.044372454,0.042098366,0.04298691,0.041330263,0.042882886,0.039075222,0.041695863,0.044212937,0.040050045,0.037861176,0.04603023,0.040662747,0.048009094,0.03800708,0.038273778
0.037458945,0.04237566,0.038361292,0.04438945,0.047604594,0.041389048,0.04276093,0.042338178,0.03650373,0.048601147,0.039421294,0.04249769,0.041485984,0.042399935,0.038449794,0.041322812,0.04186889,0.04125401,0.038945176,0.0462801,0.041345738,0.044720605,0.0393336,0.038891386
0.0385089,0.043984417,0.038401358,0.04599631,0.043633897,0.043359306,0.041650146,0.0425298,0.037843835,0.045919314,0.037702493,0.043135975,0.043174822,0.045364283,0.039749004,0.04255814,0.041207146,0.040794946,0.03987733,0.044189855,0.042544156,0.040538643,0.038942836,0.03839316
0.038465515,0.043552708,0.037322044,0.046939258,0.045123067,0.043721393,0.04216261,0.041681387,0.036645807,0.044646867,0.03728811,0.045296986,0.04190869,0.043354068,0.03921332,0.039320186,0.042580757,0.04192152,0.03828671,0.04527018,0.0436592,0.0424282,0.040011168,0.039200205
0.03791259,0.041760538,0.038116015,0.04803464,0.047384035,0.043595124,0.040361755,0.041910503,0.03658523,0.0434876,0.039590612,0.045505792,0.04050359,0.043258157,0.03941413,0.039388373,0.04183216,0.040366992,0.037604876,0.042748768,0.04690687,0.04578655,0.040260386,0.037684683
0.03859075,0.042974558,0.038219705,0.04701477,0.045685936,0.042323384,0.04052968,0.042927463,0.03825482,0.045078967,0.041080162,0.043911096,0.041236788,0.042197637,0.038920227,0.037001558,0.042974047,0.03952999,0.04006938,0.045063566,0.047964983,0.043807585,0.038680654,0.03596229
0.039799146,0.04394902,0.0382393,0.0459883,0.045744985,0.041068263,0.040682163,0.04353243,0.037220642,0.045309965,0.038830373,0.04602235,0.044048842,0.0438114,0.03848867,0.038313854,0.043163057,0.039439604,0.03799731,0.04374392,0.04549549,0.042019665,0.03936547,0.037725765
0.040652923,0.041512184,0.035887998,0.044864867,0.047773257,0.04164799,0.040851537,0.04337935,0.03709821,0.043837678,0.039116547,0.046083484,0.042861324,0.04358118,0.03835827,0.039414294,0.042686533,0.041011862,0.036827736,0.042433582,0.045588546,0.045422148,0.03970287,0.039405648
0.04061358,0.043093532,0.035927575,0.043369416,0.043541923,0.043971628,0.041262403,0.04344453,0.035832386,0.04491873,0.03929812,0.0468989,0.043444328,0.04178694,0.040322337,0.037012678,0.04538344,0.04120466,0.03854955,0.044490296,0.044149976,0.043852575,0.03969687,0.037933644
0.0391098,0.043923173,0.036720894,0.044761848,0.04324119,0.043730557,0.042734504,0.04593672,0.036326677,0.043317556,0.039161358,0.04492128,0.044841416,0.040025752,0.04147124,0.037209325,0.04274663,0.042405486,0.03805625,0.044724926,0.04261373,0.043619096,0.04064086,0.037759766
0.038376573,0.04299545,0.037028022,0.047509134,0.042450912,0.042794827,0.042736735,0.043933894,0.036694024,0.042747647,0.04096982,0.045141056,0.04468867,0.042298302,0.04239986,0.038155735,0.043360766,0.041323803,0.03778138,0.043364123,0.043948203,0.042285606,0.039290894,0.037724566
0.037820328,0.04176228,0.03742746,0.049144823,0.045543995,0.04211877,0.042686,0.044724025,0.0364092,0.043524522,0.039594136,0.043424685,0.043459028,0.045800067,0.039400496,0.039461713,0.042343933,0.038651664,0.038637664,0.04195519,0.045613743,0.042066928,0.03981577,0.038613487
0.03982637,0.041170154,0.037265576,0.049469814,0.044778455,0.041876666,0.04171418,0.043759435,0.03712821,0.04155196,0.037663218,0.043493822,0.04704285,0.044565476,0.039252255,0.041235227,0.04260962,0.038072124,0.041146167,0.042498637,0.04430665,0.04243702,0.039278574,0.037857477
0.040730163,0.042997073,0.036954757,0.04781458,0.044437632,0.042891927,0.0397501,0.042762358,0.03980401,0.045113888,0.038783792,0.04463529,0.043000087,0.043528367,0.035497524,0.040240794,0.041954216,0.04055481,0.04043239,0.04394726,0.04656066,0.042722534,0.037815113,0.03707065
0.038505632,0.040561337,0.037942592,0.04690334,0.04596045,0.04235868,0.04306389,0.043939266,0.03934373,0.04443138,0.040650986,0.044477038,0.04157304,0.04604303,0.038470663,0.038166728,0.04322695,0.0381433,0.038072143,0.044138562,0.04656007,0.041385997,0.038014244,0.03806697
0.03859024,0.041036308,0.03746363,0.04626598,0.043931864,0.043426707,0.045094512,0.042784188,0.038047332,0.04530875,0.040384147,0.044289626,0.04316183,0.044640213,0.038548872,0.03625356,0.044369467,0.03950133,0.0391443,0.043593496,0.04613681,0.04056283,0.039154693,0.038309276
0.036531355,0.043566026,0.036266096,0.04672536,0.041726217,0.041572873,0.04428598,0.04055008,0.03978948,0.04589218,0.041091107,0.047106266,0.041646514,0.043719146,0.036776375,0.037994202,0.044284675,0.040505808,0.039165106,0.044023063,0.044532094,0.044168863,0.04093411,0.03714707
0.03773428,0.04383728,0.034745425,0.046250015,0.04393406,0.04114526,0.043818254,0.039431065,0.037693158,0.043695923,0.040134188,0.048359104,0.03994715,0.041849427,0.039896104,0.037364516,0.044330712,0.039528053,0.03828224,0.044773348,0.045414254,0.0470782,0.0417736,0.038984425
0.039912213,0.04154803,0.037537135,0.045955867,0.044065624,0.04361264,0.043302402,0.042357735,0.037528314,0.043990515,0.0393843,0.046114814,0.042244777,0.042764127,0.04017759,0.03876715,0.041342705,0.039970107,0.03777517,0.04423592,0.043818463,0.043100562,0.04061233,0.039881498
0.039684683,0.041925166,0.0373793,0.045029707,0.044122443,0.04342237,0.04385902,0.042499464,0.038041875,0.04297641,0.040686708,0.044624697,0.042549826,0.0437314,0.039328374,0.039127655,0.043990474,0.040361594,0.038460724,0.044145748,0.04338107,0.04182092,0.03911862,0.03973179
0.039629698,0.042312123,0.038407486,0.04571014,0.043472838,0.04303981,0.042620808,0.042558756,0.037841164,0.043022692,0.040744454,0.044393845,0.044231795,0.042991914,0.039497647,0.04062748,0.04253456,0.040607505,0.038938276,0.04386438,0.04341412,0.041974302,0.03883323,0.038730916
0.040463977,0.042937238,0.038067672,0.044937603,0.04418117,0.043903157,0.041240618,0.044703525,0.03847661,0.0428454,0.040469993,0.043000042,0.043924868,0.042985924,0.039495844,0.040288176,0.04179697,0.041285243,0.038946267,0.042666,0.043662727,0.042087033,0.04004341,0.03759052
0.03963161,0.04243887,0.037321914,0.0450584,0.044243615,0.044026837,0.042109195,0.04503504,0.038744934,0.043145936,0.039781716,0.043843854,0.044447526,0.044023015,0.03923224,0.038529404,0.0413306,0.041507807,0.037808154,0.043458693,0.042772055,0.043808065,0.040856026,0.036844507
0.03840262,0.043372862,0.03707703,0.044935513,0.043305643,0.043110676,0.042559817,0.044679053,0.038418446,0.043590255,0.041094873,0.043055493,0.04312409,0.04335063,0.039057005,0.039421204,0.043821137,0.04141293,0.03802425,0.04389198,0.04267825,0.042965453,0.040491004,0.0381598
0.03836314,0.04285714,0.037886556,0.045806695,0.043996327,0.04203549,0.042455833,0.043677323,0.039352942,0.044171922,0.040963586,0.04285527,0.04227642,0.042813387,0.037821833,0.03971155,0.04511849,0.041471545,0.037640184,0.04547721,0.042634897,0.044103045,0.039270803,0.037238386
0.037956934,0.044253804,0.037654992,0.046151564,0.045355942,0.042531624,0.043744117,0.04335242,0.03900298,0.044852987,0.040483225,0.043393,0.042407777,0.043675195,0.037197754,0.038460195,0.043520022,0.04054902,0.037422445,0.04510806,0.041677497,0.04391516,0.039718933,0.037614394
0.039183937,0.043637674,0.038225412,0.044768896,0.04394684,0.042461496,0.04320485,0.044132948,0.037489295,0.04597807,0.039114557,0.0437331,0.042913295,0.044243567,0.03846478,0.03824961,0.043445453,0.041111056,0.03739157,0.04377479,0.04288839,0.04161702,0.040624537,0.0393988
0.038457196,0.04287417,0.038766235,0.0452145,0.04440287,0.04277322,0.041563563,0.04282397,0.037668694,0.04488714,0.038793862,0.04562035,0.04193762,0.045169573,0.038271073,0.038906857,0.042441495,0.041292176,0.037986115,0.044099696,0.04272096,0.043164875,0.040753227,0.03941055
