0,1,2,3,4,5,6,7,8,9,10,11,12,13,14,15,16,17,18,19,20,21,22,23
0.04176127,0.041091695,0.041632436,0.04123838,0.04113681,0.041707147,0.042144176,0.042029593,0.041047934,0.042695742,0.04117957,0.041380104,0.041573025,0.04096746,0.04290084,0.041917328,0.041905124,0.04225123,0.0418052,0.041788988,0.042142026,0.041161675,0.041101042,0.0414412
0.04116503,0.040251955,0.041009407,0.042219125,0.041212376,0.042756338,0.041965112,0.04065816,0.042044308,0.041232463,0.041355602,0.041185822,0.041073263,0.041266344,0.042586457,0.04192607,0.042690314,0.043053374,0.04119352,0.04174017,0.042633638,0.042751726,0.040659364,0.04137008
0.042301875,0.041531168,0.04145437,0.041483305,0.04011091,0.041634995,0.042166065,0.042579655,0.04005833,0.042502843,0.041260313,0.040367488,0.04232108,0.040730663,0.043122597,0.043039013,0.041621987,0.042855952,0.042064764,0.0424983,0.040786363,0.04181931,0.04005298,0.04163568
0.041934837,0.040403187,0.040437732,0.043650378,0.040196117,0.042480968,0.041087396,0.042578302,0.041827917,0.04119033,0.04178698,0.041476924,0.04134241,0.041101344,0.04193787,0.040663958,0.042691153,0.042000394,0.040751006,0.042851467,0.04219186,0.042028345,0.041006375,0.042382732
0.040885687,0.040590245,0.04234017,0.041055813,0.04229082,0.041215457,0.041974876,0.04159695,0.040861268,0.042713724,0.042025063,0.040672936,0.040852252,0.04261513,0.042358804,0.042178247,0.040890966,0.04227291,0.042739436,0.042276546,0.042559702,0.04109218,0.041043043,0.040897805
0.04213244,0.04027427,0.041994005,0.041695174,0.0420545,0.041909385,0.041818608,0.041281886,0.04181565,0.042158373,0.04167774,0.042252935,0.041342378,0.04135734,0.04241032,0.04068055,0.042332154,0.041916117,0.04191638,0.041279808,0.041532896,0.04131722,0.04218315,0.04066674
0.04182552,0.041727155,0.040897638,0.04151153,0.04229526,0.04244652,0.042166747,0.041661598,0.04212664,0.042210106,0.041372146,0.042041685,0.040850952,0.041926406,0.042940114,0.041785117,0.040910758,0.04164293,0.04126823,0.041556723,0.042470504,0.040367633,0.041146774,0.040851347
0.041645296,0.04068988,0.040694937,0.042114917,0.04092787,0.042543143,0.0422442,0.040958755,0.04141587,0.041887455,0.04074533,0.04057623,0.041666504,0.041342486,0.04322323,0.042640395,0.042150367,0.042972486,0.04148798,0.042232122,0.041899938,0.042191554,0.04029809,0.041451056
0.041662287,0.04193372,0.041353725,0.04236895,0.041205052,0.0426797,0.041789096,0.041238204,0.041609384,0.041403264,0.04096685,0.04167005,0.041237906,0.040869664,0.04213264,0.041395538,0.04266773,0.041944206,0.04170178,0.042222165,0.041795887,0.041876934,0.040757053,0.04151822
0.041440606,0.040287003,0.04080573,0.04230166,0.04064967,0.042378563,0.041859165,0.041478142,0.041549895,0.041660704,0.041067176,0.04119951,0.041279964,0.04116807,0.042673074,0.04197616,0.042672735,0.042952582,0.04140658,0.042061646,0.042649586,0.042159684,0.04055544,0.04176665
0.042099763,0.04026636,0.04232589,0.04089864,0.042296432,0.041578855,0.041858986,0.042236056,0.04172985,0.042284183,0.04180175,0.04278417,0.041275647,0.041155025,0.041446477,0.041033365,0.041700073,0.041969508,0.04212708,0.04125718,0.041796688,0.04076323,0.042357568,0.040957235
0.042327743,0.040379792,0.041763555,0.041791458,0.041527156,0.04227081,0.04148503,0.04234194,0.042560175,0.041339237,0.041702278,0.041896705,0.04141153,0.040196076,0.042008474,0.04063461,0.043053165,0.04233595,0.040977478,0.04084591,0.042502433,0.04191316,0.041401606,0.041333716
0.041488193,0.03985855,0.04118998,0.042009797,0.041975807,0.042375702,0.04205597,0.040716197,0.042140834,0.041613623,0.04111708,0.041571982,0.040837917,0.04193035,0.042394094,0.041837987,0.04200965,0.04277438,0.041748848,0.041664883,0.04245976,0.042030763,0.041151386,0.041046225
0.042502165,0.04072567,0.041313812,0.042080082,0.04042009,0.042103272,0.041471332,0.043094844,0.041313846,0.04182959,0.041717883,0.042301446,0.042053357,0.04031728,0.041331176,0.040932823,0.042578645,0.042224687,0.041290563,0.042338673,0.04129087,0.04132685,0.041427426,0.04201362
0.041273158,0.040605597,0.04115088,0.042390104,0.040729694,0.042212106,0.041815106,0.041712187,0.0416309,0.041345168,0.041938636,0.041170567,0.04130376,0.041292958,0.042050682,0.041476,0.042233672,0.04259566,0.04140908,0.04253805,0.04250134,0.042164907,0.040721614,0.041738126
0.042489085,0.04070049,0.040926963,0.04296138,0.042197946,0.041981064,0.041903388,0.041022092,0.041778017,0.042484302,0.041041896,0.040961128,0.041177124,0.043110356,0.042558562,0.041144602,0.04073252,0.041489672,0.042004805,0.042923152,0.041369602,0.04086341,0.04128995,0.040888477
0.04145231,0.040661767,0.040903434,0.04224877,0.040609885,0.042851437,0.041793454,0.041624967,0.041821636,0.041193776,0.04152391,0.041519303,0.041679278,0.040727854,0.041978706,0.04126545,0.042635012,0.042768434,0.040835716,0.04245259,0.042302605,0.04261459,0.0406233,0.041911747
0.041362666,0.041313402,0.041370578,0.04150541,0.041770723,0.04204193,0.04176295,0.041024946,0.041596808,0.041775156,0.042288758,0.041228376,0.04070261,0.04098729,0.04292196,0.04160367,0.04296718,0.042527776,0.040338267,0.042142674,0.0418577,0.041838575,0.04180085,0.04126968
0.04216219,0.041436907,0.041541547,0.041733112,0.04132082,0.04095288,0.04190993,0.04288706,0.040779505,0.04336112,0.04134609,0.041034844,0.04127531,0.041613586,0.043365985,0.041748114,0.041055314,0.04128368,0.04204825,0.04224849,0.041961104,0.040050976,0.04146254,0.041420642
0.041211568,0.04038234,0.040470265,0.041944742,0.040714543,0.042816304,0.042536784,0.04112948,0.04161677,0.04124438,0.04093439,0.040793937,0.04113954,0.04064607,0.04320344,0.04270481,0.042196907,0.043522555,0.04107627,0.04200163,0.042918716,0.04267342,0.03988751,0.04223358
0.042046968,0.040821236,0.041447464,0.04269839,0.040833272,0.042161845,0.04103542,0.040928774,0.040688194,0.042624082,0.04097359,0.04048282,0.041294485,0.04213555,0.042668905,0.04206449,0.0420883,0.04301132,0.042748097,0.042680018,0.041706603,0.041648347,0.04041581,0.040796045
0.041795652,0.04080018,0.04197894,0.041535147,0.04178199,0.041800823,0.04187088,0.041463785,0.04150601,0.042213764,0.04183653,0.041461185,0.04134779,0.04129646,0.042687915,0.04146811,0.041912958,0.042029474,0.041830253,0.041497,0.041921042,0.0414893,0.04157475,0.04090003
0.041419595,0.04040706,0.041246317,0.042368848,0.04081992,0.042377543,0.04140727,0.041125182,0.041574016,0.0409306,0.042321093,0.04075164,0.04094062,0.041439794,0.042321697,0.04195763,0.04243062,0.042899348,0.04175869,0.042101588,0.042314496,0.042980075,0.040509768,0.041596644
0.042645346,0.040575564,0.04120857,0.04200848,0.040906094,0.04201639,0.042105455,0.04156404,0.040976547,0.042423848,0.04072384,0.0412098,0.042002052,0.041397166,0.042690285,0.042246558,0.041998405,0.04272815,0.04199146,0.042301722,0.040973503,0.041477297,0.04075863,0.041070838
0.041603867,0.04032138,0.04231984,0.041581176,0.04158008,0.042141665,0.041496925,0.041635774,0.041828517,0.04131513,0.042534724,0.042189788,0.041534856,0.040795222,0.041408814,0.04068448,0.042518664,0.04231586,0.041708197,0.041382063,0.041985914,0.042203873,0.041756507,0.04115664
0.041487835,0.040238522,0.041070685,0.042219155,0.04062911,0.04205287,0.04148156,0.041775398,0.041021645,0.042120278,0.041179154,0.04166394,0.041265734,0.041105654,0.042843685,0.04155836,0.04225688,0.04226011,0.04172943,0.042013794,0.042735554,0.041774463,0.04144624,0.042069875
0.04217384,0.04211261,0.04127345,0.041857768,0.040949676,0.042437315,0.042535204,0.04221367,0.041202817,0.0421731,0.041514676,0.04114581,0.042188942,0.040644202,0.042412966,0.041268203,0.04154912,0.041778546,0.040861662,0.042669643,0.041047268,0.041453306,0.040757485,0.04177881
0.041026093,0.040577255,0.041297365,0.042441286,0.042103242,0.0418897,0.041721143,0.04147129,0.041967615,0.041999,0.041891534,0.04117114,0.040464383,0.04256581,0.041938707,0.041053228,0.041200195,0.041886054,0.041790303,0.042613037,0.043062862,0.04138393,0.04121108,0.041273784
0.042177424,0.04074709,0.04248092,0.0413198,0.041651387,0.042126462,0.04174874,0.04169521,0.041694045,0.041770764,0.042267762,0.04239894,0.041944433,0.040373843,0.0418755,0.04070376,0.042539127,0.04194502,0.04160887,0.04106461,0.041216075,0.041692197,0.042096913,0.040861104
0.041544165,0.040613428,0.040931452,0.043002103,0.039831255,0.042009287,0.040705055,0.042796522,0.0408137,0.04192583,0.04200566,0.04084639,0.041499536,0.041236185,0.0415233,0.041557252,0.042370647,0.042609565,0.041826557,0.04293122,0.041534223,0.042855196,0.040816538,0.042214945
0.041501768,0.04031955,0.041722387,0.042119388,0.041731108,0.042038746,0.041556314,0.040733743,0.041648354,0.042024106,0.041595407,0.0412572,0.041426152,0.04173777,0.042289667,0.041690174,0.042192522,0.04255345,0.042066064,0.041835982,0.042445112,0.041739173,0.0410819,0.04069394
0.04165528,0.040752493,0.040463325,0.042541098,0.041011035,0.04250669,0.0422585,0.04133019,0.0418391,0.042115718,0.040553063,0.04113391,0.041126896,0.041494764,0.043329842,0.04210785,0.042166416,0.042193197,0.0409861,0.04216471,0.0424185,0.041562445,0.040751584,0.041537303
0.04219614,0.04067102,0.041303217,0.041923888,0.04072369,0.041792184,0.041820567,0.04209051,0.040804073,0.042263266,0.04122173,0.040984046,0.041862316,0.041338734,0.04247828,0.042096257,0.041834667,0.04277087,0.04213666,0.04243377,0.041519813,0.041633114,0.04056733,0.041533854
0.04275676,0.04039052,0.042318556,0.042369056,0.04085678,0.04087339,0.040506523,0.043311004,0.040833328,0.042621113,0.042453516,0.042362493,0.04206413,0.04023696,0.042409655,0.041684084,0.042673834,0.041555967,0.0424272,0.041245915,0.0406499,0.04032171,0.042390034,0.040687624
0.041573584,0.041075576,0.041474614,0.041969143,0.041717697,0.042587582,0.04168876,0.04202183,0.04228338,0.041779377,0.04177431,0.04182645,0.04121186,0.040659368,0.041769855,0.040748574,0.042605624,0.041878175,0.04108678,0.041585397,0.042190287,0.0413398,0.0415629,0.041589063
0.041973848,0.040191725,0.041528992,0.04225321,0.042556055,0.04243453,0.041958623,0.04020586,0.042252526,0.042189576,0.04099972,0.041599963,0.04122355,0.041978464,0.04308722,0.041307237,0.041978315,0.041995984,0.041475616,0.041234586,0.04194292,0.041608613,0.041862432,0.040160473
0.042063616,0.041305725,0.04178291,0.041549895,0.041672442,0.04217342,0.041478593,0.04147036,0.041637868,0.042237226,0.04160958,0.041738912,0.042151306,0.041232977,0.041887756,0.040979516,0.041889936,0.041977063,0.0413207,0.041707933,0.04173018,0.04160021,0.04171759,0.04108426
0.04089946,0.040978894,0.04125893,0.041415527,0.041103907,0.04228505,0.042367965,0.041603815,0.041523367,0.041833557,0.041481707,0.04129971,0.041027613,0.041304883,0.042311303,0.041597657,0.042011783,0.042484052,0.041407637,0.041987397,0.043432035,0.04188387,0.040548254,0.04195166
0.042365965,0.041049737,0.040930644,0.042220112,0.041259237,0.04213088,0.042401996,0.041496355,0.041430768,0.042065278,0.041164126,0.04137678,0.042049896,0.040832397,0.042981688,0.041798547,0.042079516,0.04253851,0.041193135,0.041941345,0.040900305,0.041410174,0.040717192,0.041665427
0.04094472,0.040488213,0.041333634,0.043166455,0.041721098,0.042031165,0.04230755,0.04046725,0.04146275,0.0417975,0.041053187,0.041129827,0.041838933,0.041213933,0.04353002,0.042509306,0.042067114,0.042651474,0.041349847,0.04209254,0.04245869,0.04200534,0.04039053,0.03998892
0.042708315,0.04061599,0.040897276,0.042404003,0.0401053,0.041358735,0.041331775,0.042540804,0.04054587,0.042139076,0.041232474,0.040069297,0.042096682,0.041635755,0.04342252,0.04291236,0.042030748,0.042900845,0.042223077,0.042438466,0.04082922,0.041446395,0.040713236,0.04140175
0.04156141,0.041046876,0.041251123,0.04238423,0.041271202,0.0425875,0.04160412,0.04206716,0.04135217,0.04189605,0.041548043,0.041380387,0.0412578,0.04119081,0.042924453,0.04144053,0.041778717,0.041744605,0.041481566,0.042272832,0.041534115,0.041834652,0.040936287,0.04165334
0.04176707,0.040333737,0.041695297,0.041315928,0.041220676,0.0419088,0.04217878,0.043011207,0.04156981,0.04173498,0.04146923,0.042823624,0.041391533,0.040697478,0.041087344,0.040853076,0.041950826,0.0423022,0.041834198,0.04187081,0.042310294,0.04101421,0.041530658,0.042128295
0.039462592,0.040264837,0.041503876,0.04164611,0.04189817,0.042859748,0.042256095,0.04078141,0.042512752,0.040730443,0.0418068,0.041120354,0.04048324,0.041878827,0.041205533,0.04121043,0.042022668,0.042919412,0.041120753,0.042166222,0.04469389,0.043142766,0.040308017,0.042005036
0.042139098,0.040306367,0.040984005,0.04204672,0.04225463,0.0426421,0.04210837,0.04153695,0.042116746,0.041544102,0.040895667,0.042215146,0.041336257,0.041879326,0.041580476,0.041208703,0.041505855,0.042403378,0.041602664,0.041945826,0.041786335,0.041315928,0.041353334,0.041292045
0.04156195,0.03997471,0.041407272,0.041452356,0.041418068,0.042248666,0.041627504,0.04204999,0.041998282,0.041643336,0.041654646,0.04250492,0.04138635,0.040507272,0.04176828,0.041236185,0.042497102,0.042644918,0.041565105,0.041708503,0.042053025,0.041867975,0.04130709,0.041916538
0.040775575,0.040178064,0.04147692,0.042062614,0.041342013,0.04272805,0.0417802,0.041802622,0.041765966,0.041185454,0.042164873,0.041848913,0.041461933,0.04127133,0.04177285,0.04090649,0.04193613,0.04158884,0.041377425,0.042148232,0.04308854,0.042278916,0.041413248,0.041644808
0.04186096,0.03986149,0.041873638,0.042428087,0.04144285,0.041650657,0.041038916,0.041116934,0.042164836,0.041463524,0.042287104,0.042325765,0.041297182,0.04161569,0.04199193,0.04081025,0.042931795,0.042320028,0.04189338,0.041495938,0.04183266,0.04166133,0.042105865,0.040529117
0.04159903,0.04021795,0.042099938,0.042323675,0.041648418,0.041455306,0.04121842,0.041333303,0.041875087,0.042161163,0.04170303,0.041385632,0.041377403,0.040966194,0.042572625,0.042112615,0.04254803,0.04204013,0.042193033,0.041162904,0.04239827,0.041269217,0.041546185,0.040792417
0.04185746,0.040769726,0.04082357,0.041923806,0.04075425,0.04238062,0.042457514,0.043126896,0.041822705,0.041660808,0.04104831,0.042446412,0.0414563,0.040412378,0.041670915,0.041381218,0.041969366,0.042136554,0.040838182,0.042255804,0.04191007,0.041177027,0.041194,0.042526156
0.04163259,0.040852066,0.04168195,0.04157986,0.04159037,0.04215176,0.041563313,0.041328005,0.04143635,0.04179832,0.041289613,0.04066106,0.04139211,0.041725002,0.042830374,0.042151295,0.041661818,0.04268609,0.041760147,0.042300407,0.041695643,0.04219698,0.041027803,0.041007075
0.041719504,0.040556986,0.0414364,0.042106062,0.041161392,0.042526655,0.042352214,0.042406566,0.041883744,0.041602917,0.040928666,0.042377803,0.041672092,0.04039281,0.04199959,0.04123091,0.042676367,0.042328347,0.041167267,0.041456014,0.0418485,0.0414426,0.041274544,0.041452035
0.042522006,0.041116927,0.04061407,0.042592872,0.039931756,0.04200585,0.041564018,0.043126877,0.041044682,0.042510774,0.04085603,0.041051466,0.041899197,0.040954888,0.042702924,0.041309077,0.041960433,0.04205926,0.041473944,0.043225538,0.041715786,0.041118074,0.040481687,0.042161785
0.042955235,0.041545138,0.042125817,0.041047145,0.04176877,0.041984998,0.042181827,0.040627394,0.04132648,0.042236354,0.040509768,0.04203232,0.04219388,0.040941536,0.042875264,0.042297293,0.04180693,0.042201564,0.042049572,0.04116599,0.040651925,0.04108027,0.04174972,0.040644757
0.0417727,0.04098853,0.04122923,0.04237966,0.04194488,0.0423828,0.041974474,0.04084111,0.042029716,0.041821193,0.041663446,0.040992517,0.04106862,0.0418163,0.042892545,0.041365337,0.0417489,0.04189658,0.041217756,0.042060267,0.04183621,0.041847948,0.04126376,0.0409655
0.040720932,0.040254936,0.040648296,0.042777095,0.0413445,0.0431395,0.0418632,0.040747013,0.042408057,0.040883474,0.041438296,0.041291937,0.040860787,0.041639123,0.042121615,0.041256085,0.042463027,0.042616826,0.040900856,0.04234944,0.04315168,0.042804856,0.04054487,0.041773584
0.041947518,0.041065954,0.041400008,0.042122312,0.04129192,0.04223029,0.042166866,0.04221143,0.041418694,0.042096347,0.04141985,0.041694243,0.04172832,0.04165625,0.041749276,0.041134667,0.04128772,0.04172341,0.04155851,0.04268385,0.041636366,0.04142483,0.040962607,0.04138874
0.041209433,0.04073729,0.04146937,0.04154555,0.041150853,0.04247346,0.041632313,0.041777812,0.041553933,0.041190397,0.04188093,0.04135161,0.04146862,0.04108728,0.04222887,0.04207714,0.04203114,0.042829126,0.041586,0.04185792,0.04250927,0.042330816,0.040505968,0.041514933
0.04206132,0.04050129,0.04183127,0.041755565,0.041314594,0.042160943,0.0417914,0.04106235,0.041464675,0.04186448,0.041632745,0.04144659,0.04173831,0.04101892,0.042647094,0.041647755,0.042546306,0.042607147,0.04184966,0.041487444,0.041478828,0.041968565,0.04132941,0.040793378
0.042168383,0.041052,0.042233728,0.04132622,0.04116708,0.04201347,0.04211061,0.041998878,0.04086851,0.042688664,0.04101699,0.04068179,0.042357013,0.04078427,0.042920146,0.04226879,0.041826375,0.042746168,0.04187281,0.041601773,0.041000422,0.041531138,0.040780477,0.040984254
0.041452814,0.04064186,0.041681454,0.04211287,0.04079004,0.042088836,0.04148744,0.042093378,0.041338515,0.041669942,0.041844,0.041336562,0.041055895,0.041030284,0.042135365,0.041794524,0.04240396,0.04261749,0.0416939,0.042113844,0.04201463,0.04195246,0.04103536,0.041614596
0.041250456,0.04027134,0.040995825,0.042521957,0.04056279,0.042366844,0.041499384,0.04169898,0.04151903,0.04126863,0.04169611,0.04109401,0.041330237,0.041363522,0.041854102,0.04150162,0.042489856,0.042995445,0.04152986,0.042532217,0.042722885,0.042587414,0.040382173,0.041965302
0.04172025,0.040577725,0.04164558,0.04222138,0.04042834,0.042573903,0.041632906,0.04210159,0.04125431,0.041612316,0.0418157,0.040979497,0.041912846,0.04071904,0.041652974,0.041317258,0.042470995,0.042748906,0.041205667,0.042614233,0.041963883,0.042549904,0.040260613,0.042020176
0.04209583,0.039491847,0.04169914,0.043184027,0.04179797,0.04212357,0.040361702,0.04095446,0.041985285,0.041095488,0.042247355,0.0417633,0.040958893,0.042459417,0.041306626,0.04045709,0.042499773,0.04229769,0.04256051,0.042179715,0.042272076,0.04186535,0.04155637,0.040786557
0.042225953,0.040407006,0.041865643,0.041704837,0.041121855,0.041289102,0.041472938,0.042110637,0.04098401,0.04286814,0.041467313,0.04155555,0.04138873,0.04137479,0.043242037,0.04202624,0.042223897,0.042069376,0.04250743,0.041232638,0.041694656,0.040828496,0.041473795,0.040864922
0.04189642,0.040622678,0.041308567,0.041874073,0.040997755,0.042000804,0.041892577,0.04179852,0.041548725,0.042101003,0.041399576,0.041641273,0.04155585,0.040902458,0.042865533,0.04174403,0.042440657,0.04226728,0.041507572,0.041631512,0.0419549,0.04154026,0.04128547,0.04122254
0.041490495,0.04061086,0.04200604,0.04160718,0.041497547,0.042300083,0.041814644,0.041605834,0.04190107,0.04144732,0.042253215,0.04211331,0.041596405,0.040397637,0.041751225,0.041090284,0.0426704,0.04242908,0.041356973,0.041313328,0.041882664,0.04215606,0.0415859,0.041122418
0.04227745,0.04055534,0.042082958,0.04179006,0.041925948,0.04166111,0.041564383,0.041425522,0.04142199,0.042343304,0.04189989,0.041540556,0.04153932,0.041683916,0.042413533,0.041126277,0.041776955,0.041913945,0.04221821,0.041693017,0.04148577,0.041289747,0.041751362,0.040619418
0.04191086,0.0409229,0.04195051,0.041574206,0.041296158,0.04227123,0.042118374,0.041731585,0.041406665,0.042192496,0.041542985,0.041522037,0.041803133,0.040863905,0.04240257,0.041496314,0.04207382,0.042073872,0.041404296,0.04177573,0.041645736,0.041738544,0.04113452,0.04114759
0.04096337,0.041156657,0.041350108,0.041593138,0.040896125,0.042222567,0.042250615,0.042047456,0.041400228,0.04150982,0.041797724,0.041037362,0.041231465,0.040793203,0.042310707,0.0420149,0.04192965,0.042703953,0.041209582,0.042155128,0.04254873,0.04230919,0.040489446,0.042078946
0.04178226,0.04066996,0.04189341,0.041750684,0.04098157,0.04161961,0.041475043,0.04195524,0.04102201,0.041721374,0.04226618,0.040900882,0.04143296,0.041042786,0.042580023,0.042114403,0.04209271,0.0426993,0.04206068,0.041800782,0.041582122,0.042219017,0.040994518,0.041342404
0.041726742,0.040276457,0.04163746,0.04210795,0.04149971,0.041823547,0.041547943,0.04116809,0.04154882,0.041157223,0.04230849,0.040944137,0.041327957,0.041295752,0.042341944,0.04224154,0.04208223,0.042710815,0.04238583,0.042192634,0.041371714,0.042431723,0.04117389,0.040697396
0.04149492,0.040531073,0.041857157,0.041325636,0.041662633,0.04238471,0.04205357,0.04132298,0.041728318,0.041857235,0.04134082,0.04203532,0.041784026,0.040544353,0.042565756,0.041465547,0.042491022,0.04212582,0.04180464,0.041216068,0.042169556,0.041561708,0.041554965,0.041122165
0.04189528,0.04044455,0.04129517,0.0422019,0.04174731,0.0410544,0.040900856,0.0425973,0.041678354,0.041661378,0.042519473,0.041766845,0.04067322,0.042155053,0.041916613,0.042101722,0.03998688,0.04163715,0.042334452,0.04292585,0.042181987,0.040978253,0.041989364,0.041356653
0.042370263,0.04132037,0.042001255,0.0415226,0.040966917,0.041929487,0.041541684,0.042571712,0.041002195,0.042052437,0.04173841,0.04155053,0.042244766,0.040206697,0.04290133,0.041875806,0.041946683,0.04166352,0.041686546,0.041723523,0.04078353,0.04139242,0.041593205,0.0414141
0.04115244,0.040117614,0.04124388,0.04337415,0.041028,0.042625424,0.040723093,0.041277915,0.04169294,0.04054459,0.042434532,0.041546416,0.041746333,0.041339356,0.04099265,0.04147204,0.04272071,0.04341188,0.041841768,0.042434685,0.04193836,0.04245283,0.04075813,0.04113029
0.04246835,0.040540453,0.04238362,0.041163694,0.041978005,0.04226577,0.041942336,0.04094754,0.041501343,0.04258163,0.0412257,0.042429414,0.042459574,0.040813584,0.042485826,0.040799662,0.042493686,0.041810106,0.042109963,0.04103324,0.041228525,0.041068994,0.04204026,0.040228743
0.041560322,0.04095767,0.041864596,0.041350715,0.04156894,0.041979544,0.042177618,0.041477777,0.041298863,0.041982356,0.041726295,0.04109264,0.041430965,0.041255,0.042509384,0.041961905,0.04170111,0.04253307,0.041807864,0.04184588,0.041846544,0.04192837,0.04095618,0.04118638
0.042058457,0.040734895,0.041490816,0.041880827,0.041180484,0.041971706,0.04147994,0.042281706,0.04159879,0.04217119,0.041942455,0.042238615,0.04193177,0.04009308,0.042351674,0.041354623,0.04271319,0.042165987,0.041355025,0.041641925,0.041178968,0.041363683,0.04152866,0.0412916
0.041157093,0.04062564,0.041381165,0.041667607,0.041790932,0.043041255,0.04249176,0.040650934,0.042171117,0.04129866,0.041369233,0.04174937,0.041473236,0.041288946,0.041600976,0.041093938,0.042122796,0.042747773,0.041133076,0.041984282,0.042524543,0.04249041,0.040775456,0.041369777
0.04217537,0.04057909,0.041634414,0.042271413,0.041527078,0.04253575,0.04161826,0.041477002,0.042068608,0.04172611,0.041827388,0.04224412,0.041653417,0.04085194,0.04219883,0.040512517,0.042645115,0.041656494,0.0411285,0.041562255,0.041494697,0.04163707,0.041935727,0.04103884
0.042344365,0.04091374,0.041858982,0.04138519,0.040864445,0.041788846,0.04168532,0.042036656,0.040906545,0.042302392,0.04154895,0.041017644,0.0419716,0.040806107,0.04280133,0.041909598,0.041956104,0.042643208,0.0421913,0.04200562,0.04124103,0.041835103,0.04083603,0.041149873
0.041211393,0.04038991,0.04156159,0.041505203,0.041711487,0.042290576,0.04225675,0.041207083,0.04181154,0.041434392,0.041507386,0.041377068,0.04095239,0.041352335,0.042224687,0.042078733,0.042055827,0.04285743,0.041617204,0.0416112,0.042334847,0.042293523,0.04096732,0.041390106
0.041283254,0.04102868,0.04152411,0.041843873,0.042457733,0.042746473,0.042383734,0.039706837,0.042148706,0.04193103,0.04132688,0.040892985,0.041092567,0.042209834,0.04287043,0.04148449,0.041603554,0.042241592,0.041345146,0.041911792,0.042397164,0.04206174,0.04090132,0.040605996
0.042089142,0.040698472,0.041619472,0.04186138,0.0414562,0.042353835,0.04182425,0.041359976,0.041747622,0.041703742,0.04186919,0.04127485,0.041457128,0.041063774,0.042813588,0.041635197,0.042164546,0.042324897,0.041338213,0.041661106,0.0413284,0.041888557,0.04154614,0.0409203
0.041895412,0.040248368,0.041528203,0.041402888,0.041326296,0.042082153,0.04196397,0.041603148,0.04160714,0.04238783,0.0415234,0.04164759,0.041656923,0.040812176,0.042389926,0.041974787,0.042516373,0.042145975,0.042231273,0.041374344,0.041475885,0.041576214,0.04136578,0.041263975
0.04165949,0.040857147,0.042573515,0.041639462,0.04077957,0.04360729,0.04197825,0.040909328,0.04129353,0.040796544,0.041610878,0.041034684,0.04208014,0.04120204,0.041974105,0.041826416,0.04129362,0.04285153,0.042765558,0.041396253,0.040679283,0.04263012,0.041425023,0.04113622
0.041536205,0.040933043,0.041558962,0.04108983,0.041269492,0.043108467,0.04291165,0.040702127,0.041681595,0.042133357,0.04050977,0.041878793,0.04199919,0.040243875,0.042829532,0.04191417,0.043114405,0.042708844,0.04091752,0.041230436,0.041939635,0.041963633,0.0410011,0.040824316
0.04170929,0.04094556,0.042022884,0.041662276,0.04224144,0.042016942,0.041957416,0.041392397,0.041838467,0.042288966,0.041616235,0.041720625,0.04146147,0.04123501,0.04226494,0.04095529,0.041752223,0.04164758,0.041601613,0.04156225,0.041961256,0.041613884,0.041849576,0.040682357
0.041162588,0.041369326,0.041312084,0.041413616,0.041790944,0.042166725,0.04229164,0.041024048,0.041454624,0.042097293,0.041398313,0.04046225,0.040810447,0.04196121,0.043128777,0.04224775,0.041135527,0.042298745,0.041745063,0.04221275,0.042766184,0.041857608,0.040573698,0.041318856
0.04179139,0.040588982,0.041901376,0.04197359,0.041314557,0.04205935,0.041798063,0.04146468,0.041398697,0.041726016,0.04186357,0.04085464,0.041250255,0.04146577,0.04256462,0.042063314,0.042182934,0.0424984,0.041659743,0.042104557,0.041272003,0.04209423,0.041113023,0.04099626
0.041110896,0.040462367,0.041845452,0.041705936,0.041205972,0.042673014,0.041768488,0.04143542,0.042039383,0.04090251,0.042343333,0.042067386,0.04140377,0.04057613,0.041359223,0.04081599,0.042792927,0.04258884,0.041192733,0.041578155,0.042578403,0.042699788,0.04122613,0.04162777
0.04187051,0.040930394,0.0417535,0.041380033,0.041129384,0.042098388,0.04207278,0.04205906,0.041540705,0.0419387,0.041834556,0.0420771,0.04191783,0.040229853,0.042248342,0.041369747,0.0425668,0.042065557,0.04116616,0.041457705,0.041822698,0.04151444,0.041576017,0.041379664
0.04211185,0.040560156,0.041493617,0.041057825,0.041662905,0.042627357,0.041484263,0.041603494,0.04171744,0.041928302,0.040985458,0.0420784,0.042083345,0.04033841,0.042868976,0.041726395,0.04233203,0.042361956,0.04186173,0.041641485,0.04101938,0.041725457,0.0414994,0.04123038
0.041616626,0.04086836,0.04134982,0.041721907,0.041572582,0.042627517,0.042362053,0.040825848,0.04189293,0.041927002,0.04112992,0.041536964,0.04167077,0.041184176,0.042503797,0.041311834,0.042256348,0.04236232,0.041216582,0.04178899,0.042272426,0.04187178,0.041020986,0.041108526
0.041296754,0.04068692,0.041619606,0.041587234,0.041432302,0.042308666,0.041921254,0.04167099,0.04164111,0.04136819,0.04185009,0.041425746,0.04133332,0.04096172,0.042125076,0.041793264,0.04212551,0.042568684,0.04140793,0.04180749,0.042141955,0.042341456,0.041023303,0.04156143
0.0410878,0.040937476,0.041602198,0.04175203,0.042078108,0.04277975,0.042377982,0.039987337,0.04238896,0.041757483,0.041231275,0.04139199,0.04136027,0.04093387,0.0431126,0.04202483,0.042215146,0.0422603,0.04108955,0.041251708,0.042580117,0.041630365,0.04131844,0.040850434
0.04149051,0.04073269,0.04167953,0.04182076,0.042079918,0.04224728,0.04161641,0.040948555,0.041946292,0.04186161,0.041917104,0.041052885,0.040985677,0.04161547,0.04263885,0.04147015,0.04200647,0.04229226,0.041771922,0.041524522,0.042119436,0.041916743,0.04137113,0.04089384
0.041196913,0.041142922,0.042273186,0.040927272,0.042254496,0.043016702,0.042366035,0.039954584,0.04159979,0.042301953,0.041055262,0.041933853,0.041291468,0.040788658,0.04254811,0.04177689,0.04257553,0.04276014,0.041938942,0.04085834,0.042106517,0.04195569,0.041362636,0.040014103
0.04194137,0.03997066,0.0411253,0.041971333,0.041131742,0.042826932,0.042103987,0.041303184,0.04219179,0.041821375,0.04066109,0.04273156,0.04178567,0.04064443,0.042000882,0.04088509,0.04315527,0.042441808,0.04108446,0.041404255,0.04236649,0.04155862,0.041537616,0.041355055
0.04120847,0.040830124,0.04140284,0.04136392,0.04033759,0.042316232,0.042140055,0.04247886,0.0411012,0.04170132,0.041275546,0.041723028,0.04136572,0.0406799,0.042369902,0.043365613,0.042317722,0.042708475,0.041260775,0.04172589,0.041948795,0.042547815,0.04057543,0.041254733
0.042328697,0.040607065,0.041541647,0.041503374,0.043203287,0.04230792,0.04281138,0.040917005,0.04253181,0.04252154,0.040763807,0.042512696,0.041037843,0.041957103,0.042500153,0.041007675,0.041078422,0.041320022,0.04145483,0.04136882,0.04149879,0.04040762,0.042338915,0.040479567
0.041470483,0.040040743,0.041891105,0.041876536,0.042467114,0.041766893,0.041840345,0.04250697,0.042105574,0.04129856,0.041960146,0.042327784,0.04072852,0.041050576,0.041180927,0.04199692,0.042120792,0.042720225,0.04157073,0.041061178,0.04235296,0.041576654,0.041431736,0.04065656
0.042391263,0.040616877,0.04161492,0.041614845,0.042157672,0.04228468,0.042380154,0.04134048,0.04185263,0.042247348,0.041105375,0.04209178,0.041612476,0.041576024,0.042072024,0.04111664,0.041513637,0.04192798,0.041674998,0.04191496,0.04130949,0.041032244,0.0416668,0.040884722
0.042488217,0.040688824,0.04232143,0.041543417,0.041984085,0.042199887,0.041792642,0.04118868,0.04190851,0.042136002,0.041914422,0.042424,0.041944712,0.040716734,0.04231486,0.040535945,0.042563427,0.041604456,0.041521415,0.04096759,0.04112938,0.041308302,0.042382095,0.04042096
0.041501086,0.040954415,0.04164952,0.04152881,0.041629497,0.042435024,0.042127278,0.041190326,0.041399274,0.04193818,0.04151568,0.041154332,0.041430105,0.041083682,0.04305698,0.04218076,0.04191624,0.042405326,0.04155641,0.041671026,0.041576527,0.04217451,0.040881973,0.04104304
0.04210206,0.040960502,0.04125907,0.041895278,0.041374475,0.043183126,0.042728122,0.040868573,0.042031854,0.041715182,0.04104314,0.04171166,0.04197047,0.04072732,0.042515222,0.041573204,0.04250927,0.041977886,0.040428847,0.041929193,0.04119894,0.041891426,0.041357145,0.041048054
0.041711945,0.041203752,0.04149068,0.041462217,0.041023508,0.042518392,0.0427066,0.04240146,0.04149524,0.04171837,0.040967654,0.04215495,0.041598253,0.040289316,0.042628825,0.042331193,0.041878384,0.042117104,0.04119914,0.0413838,0.041275427,0.041877534,0.041052002,0.041514255
0.04210412,0.04092835,0.042284198,0.041410275,0.042060256,0.042142913,0.042256683,0.040409934,0.04144373,0.0417422,0.041715123,0.041114464,0.04159239,0.041558433,0.04214791,0.04145647,0.042040132,0.042389315,0.042178977,0.0412363,0.042003494,0.042033747,0.04131991,0.040430702
0.04208009,0.040906247,0.041023213,0.042745467,0.041285463,0.042010788,0.04136679,0.04209947,0.041551616,0.041855033,0.04162326,0.04138306,0.040867127,0.041680157,0.042589035,0.041735526,0.041638598,0.04217885,0.04178151,0.042094596,0.041600287,0.041513145,0.040958583,0.04143211
0.041773085,0.04046221,0.042043153,0.04138692,0.041363534,0.042369656,0.041904934,0.04147799,0.04185199,0.041704826,0.041770454,0.042393256,0.04178009,0.040328342,0.04205899,0.04098807,0.04292406,0.04230176,0.041353576,0.041030735,0.04197364,0.041873656,0.041781552,0.04110351
0.04206416,0.0410049,0.04218115,0.04102923,0.041887864,0.042271066,0.042372387,0.04168729,0.041820448,0.042239953,0.041543823,0.04256405,0.041915853,0.040482305,0.04205575,0.040736124,0.042162392,0.041727338,0.041348744,0.041195925,0.0416069,0.04112093,0.042014897,0.040966574
0.041739956,0.040492944,0.042150065,0.04193023,0.041667074,0.04210344,0.0413592,0.04174277,0.04133801,0.04187382,0.042251445,0.041179266,0.041467167,0.04070042,0.04218428,0.041249268,0.041680984,0.042489674,0.042351365,0.041698027,0.04138527,0.042261362,0.041438654,0.041265264
0.0420435,0.041202307,0.040714256,0.04236966,0.042057972,0.042538483,0.04263151,0.04126094,0.042009726,0.041929614,0.040988706,0.041043527,0.041120343,0.042077895,0.042537987,0.04170846,0.04083048,0.04191223,0.041157432,0.042740107,0.041417956,0.041387387,0.040861532,0.041458048
0.041686736,0.040626723,0.042097263,0.041705284,0.04113094,0.04207548,0.041622873,0.04190912,0.041410558,0.041791353,0.041990515,0.042021576,0.04194546,0.040436264,0.042185504,0.0412526,0.04243537,0.041882988,0.041929137,0.041418202,0.041666277,0.041853476,0.04159987,0.04132641
0.04147587,0.04081773,0.042267382,0.04119412,0.042028874,0.042022735,0.04231573,0.041218307,0.04141642,0.042134214,0.04154067,0.04105871,0.04125717,0.04137559,0.042516135,0.041940566,0.041598544,0.04244214,0.041947726,0.041629802,0.041782796,0.041788206,0.041301645,0.040928993
0.042284794,0.0401811,0.0417498,0.041933,0.040827367,0.042144965,0.041487526,0.04245252,0.041830108,0.041507065,0.041927207,0.042275555,0.04158959,0.040329594,0.041966178,0.041417148,0.042857163,0.042363863,0.041327856,0.04157315,0.041002184,0.04168865,0.041765828,0.041517805
0.041564155,0.041233715,0.04154769,0.040496625,0.04201487,0.04263362,0.043453787,0.040753,0.041556507,0.0422238,0.040478487,0.041557048,0.04158951,0.040835332,0.04296923,0.042643916,0.04157031,0.042859316,0.041408285,0.04129678,0.04156038,0.04186039,0.040797792,0.04109544
0.04217301,0.041401125,0.04096793,0.042216495,0.041569024,0.042644482,0.042225506,0.040883623,0.04208567,0.041617103,0.041018464,0.041020773,0.041816153,0.040819112,0.042040315,0.041536935,0.042593494,0.04220824,0.041137565,0.04216591,0.04179712,0.041605096,0.040985107,0.041471742
0.041610047,0.04091213,0.040907133,0.04162836,0.041219965,0.042639647,0.04277901,0.041762184,0.04186302,0.041822203,0.04075119,0.04180696,0.041423034,0.040716663,0.042505782,0.04195111,0.04202676,0.04248372,0.040887233,0.041880067,0.042050835,0.041633368,0.040900785,0.04183881
0.041141152,0.04031682,0.041515235,0.04156362,0.041498754,0.042978033,0.042500682,0.040880106,0.042303324,0.041192487,0.04126688,0.042036816,0.041281916,0.040610954,0.042102743,0.04175116,0.04291326,0.042862315,0.04081793,0.04130412,0.042271275,0.042452693,0.04119491,0.04124284
0.041803524,0.040299278,0.042438228,0.041277252,0.042167578,0.04256937,0.04202935,0.040764667,0.041856475,0.041947186,0.04178979,0.042184964,0.041718498,0.040581733,0.042166784,0.041548878,0.042705808,0.04189738,0.04183319,0.040810283,0.041377652,0.042061318,0.04188797,0.04028285
0.04141853,0.04100089,0.041468814,0.04169733,0.04130989,0.04246402,0.042129546,0.041974746,0.041477785,0.04193948,0.04162381,0.041904915,0.041453872,0.040586725,0.042176355,0.041290525,0.04248281,0.042105943,0.04139688,0.041692603,0.042216618,0.041738357,0.041240264,0.041209236
0.041354466,0.04064155,0.04172218,0.04152724,0.041354362,0.042086963,0.041963257,0.041363448,0.041481543,0.04175831,0.041740384,0.041253682,0.04131833,0.041094616,0.04251585,0.04187768,0.042191267,0.04269438,0.04169401,0.041621245,0.04230387,0.042173125,0.040982407,0.041285872
0.04119111,0.040688124,0.04172457,0.041520398,0.042464707,0.0429209,0.041894015,0.03987417,0.04237528,0.04199598,0.042542648,0.041948203,0.04234714,0.039921127,0.041752722,0.04133738,0.042014074,0.04245146,0.041037068,0.041645274,0.041533984,0.04263641,0.041708145,0.04047517
0.041657995,0.040086813,0.04206172,0.041353606,0.042215314,0.042386398,0.04204952,0.041492254,0.042298034,0.041382916,0.04181775,0.042565096,0.04132302,0.040958215,0.04129242,0.04085307,0.04210839,0.04236402,0.041546304,0.04128499,0.041947052,0.04194879,0.04187975,0.04112659
0.041271698,0.04097247,0.041119047,0.041928463,0.04207591,0.04291659,0.042358197,0.040861648,0.042760424,0.041635025,0.04124645,0.040585842,0.040925775,0.04206402,0.042207487,0.04174118,0.041104898,0.04164451,0.042092618,0.041259784,0.04323965,0.041923545,0.041287042,0.040777694
0.042102944,0.041012287,0.04203055,0.041034847,0.041319598,0.042233553,0.042314176,0.0410624,0.041649036,0.041797258,0.041589476,0.04179114,0.04188848,0.040295325,0.04301264,0.042043958,0.042651284,0.04256827,0.041368995,0.04094278,0.041008964,0.041942477,0.04154416,0.04079538
0.041880928,0.040293045,0.04205458,0.041707795,0.041888606,0.04227656,0.041659974,0.041300777,0.041836817,0.041330326,0.042231426,0.04200287,0.04147904,0.041014317,0.0416174,0.04092519,0.042282533,0.042272896,0.041803736,0.0413332,0.041675672,0.04227313,0.041804723,0.041054398
0.04200715,0.04094476,0.042310745,0.04154636,0.04178617,0.042454746,0.042231802,0.041175578,0.041457098,0.041736726,0.042037375,0.04171102,0.042044617,0.040218625,0.042635348,0.04168289,0.04224522,0.041797854,0.041531954,0.04119083,0.04066181,0.041994527,0.04194149,0.040655315
0.04183395,0.0407211,0.041732457,0.041901134,0.042437263,0.042661987,0.04145869,0.040380232,0.04239345,0.041741442,0.042146057,0.041809216,0.04108715,0.041547768,0.041949607,0.040631916,0.04245306,0.042015627,0.04110973,0.041610263,0.042049956,0.041937303,0.04197268,0.04041797
0.041937545,0.041253436,0.04222917,0.04086789,0.042186435,0.042147074,0.042409178,0.04108037,0.041559875,0.04230132,0.04172343,0.041655954,0.041790903,0.040855054,0.042670205,0.041489266,0.041739456,0.042062473,0.041636173,0.041308317,0.04128111,0.041570947,0.041545015,0.040699344
0.04182473,0.04095398,0.041791327,0.041705716,0.04191778,0.042020805,0.041850388,0.041189138,0.041542433,0.041973006,0.041965462,0.04108837,0.041309476,0.041323517,0.042766493,0.04164918,0.041829657,0.042183544,0.041561443,0.04163817,0.04169099,0.041931633,0.041412834,0.040879995
0.041842476,0.0405227,0.0417436,0.0415284,0.041250344,0.042539857,0.042009838,0.04131555,0.04168926,0.041778155,0.041424174,0.042024296,0.041761763,0.04041919,0.042647555,0.041607495,0.042822517,0.042427316,0.041331306,0.041134577,0.041630786,0.04204792,0.041442823,0.041058138
0.0412619,0.041267063,0.04185429,0.041909058,0.04190778,0.042295434,0.042136084,0.041359894,0.042048104,0.041406263,0.042317167,0.041256994,0.041145954,0.041016445,0.041945703,0.04105212,0.04186608,0.04183415,0.04096595,0.041964024,0.042081144,0.042231385,0.041271325,0.04160567
0.042371277,0.04061437,0.04145702,0.042507842,0.040791743,0.04171082,0.04118273,0.041813646,0.040828243,0.041920632,0.041950274,0.04053391,0.041781504,0.04160079,0.04267357,0.04194535,0.041942336,0.04256807,0.042284627,0.042495653,0.041037668,0.042046398,0.04072441,0.04121717
0.04185388,0.041169245,0.041723587,0.041495916,0.04225292,0.042560942,0.042436913,0.0405442,0.041911606,0.042090263,0.04141325,0.04157115,0.041723732,0.041222256,0.04253617,0.041140433,0.041834366,0.041954584,0.04134086,0.041644555,0.041723743,0.041657906,0.041505046,0.04069246
0.041834693,0.04109162,0.04126189,0.041877892,0.041594766,0.042509317,0.042046465,0.0412859,0.041593283,0.041385386,0.041963857,0.041092418,0.040913172,0.04092596,0.042529467,0.04183425,0.041978706,0.042704497,0.041367747,0.04163776,0.041714814,0.042686276,0.04118813,0.040981747
0.04186576,0.040219318,0.041466504,0.042232372,0.04149212,0.042313326,0.04198821,0.040991366,0.041496515,0.041942187,0.04144274,0.04117322,0.04147525,0.042168833,0.042746868,0.042165413,0.041620314,0.042026713,0.04178468,0.041936934,0.041806217,0.042192917,0.04111003,0.04034219
0.042472236,0.040213894,0.042172436,0.041824624,0.04148174,0.04200095,0.04156751,0.041779533,0.041723434,0.041714445,0.042005036,0.042129803,0.041596327,0.040782753,0.042243365,0.041358322,0.042623736,0.04208211,0.04168237,0.04124237,0.040772922,0.041646462,0.042115793,0.040767826
0.041767348,0.04085209,0.04164551,0.041574515,0.041384745,0.042303037,0.042138018,0.04109983,0.04158014,0.041744344,0.0416182,0.041235194,0.04151946,0.040789805,0.042963877,0.04208517,0.042357903,0.042600315,0.04139832,0.041378602,0.0415714,0.042207237,0.041132364,0.04105257
0.042041883,0.040945794,0.042086672,0.041071717,0.042667005,0.04261152,0.042776953,0.040167835,0.04239376,0.04248751,0.04085296,0.041940406,0.041665696,0.041044503,0.04320137,0.041271374,0.04234822,0.041594513,0.041008763,0.040599465,0.041722476,0.041230883,0.042140562,0.040128168
0.04196239,0.040840738,0.041541386,0.041874606,0.04074472,0.04267628,0.041957065,0.041657876,0.041555386,0.04130529,0.041804753,0.04171324,0.04210963,0.0402972,0.041889235,0.041316185,0.042732716,0.042690467,0.041129995,0.041878674,0.041334044,0.042462908,0.04095015,0.041575074
