0,1,2,3,4,5,6,7,8,9,10,11,12,13,14,15,16,17,18,19,20,21,22,23
0.041235443,0.041649602,0.040599335,0.04220413,0.04225702,0.04149885,0.04187329,0.043433413,0.0417452,0.04121922,0.0412815,0.042053845,0.040603187,0.04177313,0.04065477,0.041915044,0.041812688,0.040980987,0.04031402,0.0422167,0.042061623,0.041214924,0.04274818,0.042653885
0.04196387,0.04002779,0.04252968,0.042679626,0.042108357,0.04160529,0.04271079,0.04127354,0.041960094,0.041604087,0.04202229,0.041131157,0.041872494,0.041160945,0.042099345,0.041330248,0.04034132,0.041790187,0.042274527,0.040470906,0.04267011,0.040564362,0.041608457,0.04220051
0.042828433,0.041616194,0.042109873,0.041509576,0.04294213,0.04220428,0.042395823,0.042324048,0.04250595,0.041910797,0.041087296,0.04044071,0.03976741,0.04212907,0.04188538,0.04246704,0.04118642,0.040757097,0.041190136,0.040945236,0.041684616,0.039441105,0.042510804,0.04216054
0.041289728,0.04082515,0.041146312,0.042105313,0.041883696,0.04163652,0.04199381,0.042425487,0.041913405,0.041493185,0.042055126,0.042682827,0.041001372,0.04129367,0.041781306,0.041827913,0.041117255,0.04138114,0.041759416,0.041143127,0.042064272,0.04043743,0.042245544,0.04249699
0.04130554,0.0418948,0.041833453,0.04256911,0.042315625,0.04084977,0.041753538,0.041908544,0.04195475,0.04156215,0.041602395,0.04010061,0.041128967,0.04071131,0.040975507,0.04222779,0.04182743,0.04104808,0.04238448,0.042015,0.04349721,0.04173329,0.04108504,0.04171563
0.041765835,0.039819118,0.04248717,0.04283473,0.041071232,0.041706942,0.042173762,0.041366242,0.041661706,0.04205644,0.043138675,0.041824784,0.042032473,0.040770352,0.0422866,0.04124557,0.041173607,0.04171905,0.04201649,0.040418286,0.04273161,0.040936735,0.041348737,0.041413862
0.04216851,0.040867362,0.04213593,0.042483903,0.04296188,0.04272611,0.04225224,0.041559413,0.043375835,0.041543897,0.041855063,0.040689338,0.042447772,0.041805588,0.04155763,0.042034782,0.040454797,0.040841796,0.041182265,0.040358223,0.041602377,0.04020913,0.041675597,0.04121057
0.042083196,0.04149239,0.041224968,0.04211081,0.04174717,0.04132293,0.04277573,0.042244755,0.04081447,0.04127866,0.0416473,0.0412438,0.039275028,0.0407783,0.042422615,0.04197859,0.041094035,0.041674294,0.041828584,0.041647505,0.042976636,0.041186634,0.042864177,0.042287435
0.04204619,0.040373947,0.041820105,0.042606566,0.041815232,0.04152709,0.041698407,0.042205434,0.04169417,0.04205057,0.042095084,0.0413889,0.04133693,0.041106105,0.04161262,0.041039664,0.04183763,0.04121935,0.041225486,0.041583546,0.04300917,0.040854063,0.041656796,0.042196937
0.041161384,0.041774888,0.041984838,0.041754574,0.04128515,0.041730035,0.041801866,0.04113866,0.041564077,0.041725017,0.04221134,0.042103715,0.04138592,0.04181781,0.041531246,0.04307033,0.040472098,0.041759696,0.04194324,0.040777497,0.042134337,0.04229953,0.040623114,0.04194966
0.042901684,0.0403434,0.041804403,0.042155083,0.041899007,0.042132165,0.042379264,0.042234603,0.04193524,0.04261101,0.041714396,0.04075781,0.04058482,0.042373847,0.042344324,0.041764032,0.041522183,0.04106924,0.040584344,0.040629264,0.04205622,0.039948862,0.04234916,0.041905656
0.041117556,0.041421533,0.041574746,0.041768048,0.04179271,0.041605555,0.042166315,0.042048953,0.04191883,0.04192392,0.041899342,0.042522654,0.040793013,0.041893996,0.041594516,0.041685868,0.041025743,0.0418797,0.04093668,0.040959515,0.041736305,0.041412726,0.041816182,0.04250564
0.041993037,0.040980313,0.040908694,0.042389926,0.041221797,0.04176768,0.042077184,0.04256053,0.04147676,0.042483866,0.04172745,0.04177741,0.040880006,0.042418685,0.04165886,0.04215578,0.041641366,0.041347533,0.040372208,0.041323494,0.042054843,0.041117094,0.04174021,0.041925192
0.04188956,0.041513372,0.042099476,0.04191236,0.043009367,0.04198783,0.041420132,0.041709613,0.042642143,0.042133,0.04164866,0.040925168,0.041611332,0.04210299,0.041273095,0.042303406,0.040694818,0.040732708,0.04095688,0.04091867,0.042398676,0.040869076,0.041473243,0.041774396
0.04183607,0.040114973,0.04218548,0.042581413,0.0406496,0.042259168,0.042047013,0.041405145,0.04150631,0.04234245,0.042984538,0.041265942,0.04235191,0.041288685,0.041886464,0.041951004,0.04160289,0.041792624,0.041924328,0.04085723,0.0424231,0.040934302,0.040719654,0.041089684
0.04169756,0.04063351,0.04127789,0.042735625,0.040748067,0.04164539,0.042671446,0.04232953,0.04137657,0.041611597,0.04125735,0.04225922,0.040806238,0.04211924,0.04164098,0.042602487,0.041625496,0.041143592,0.040291242,0.04117465,0.04256907,0.04199994,0.042515036,0.04126823
0.042586435,0.039890323,0.04218927,0.04267985,0.04150088,0.04253254,0.041875925,0.04210418,0.042577486,0.04279765,0.042666446,0.041112106,0.042647764,0.042051833,0.041487314,0.041226715,0.041798156,0.040803373,0.040934127,0.040320754,0.0415676,0.03986146,0.04074785,0.042039935
0.04245248,0.042412564,0.04174268,0.041432686,0.04366072,0.041589756,0.042812843,0.041968595,0.04256136,0.041296754,0.040802833,0.040468454,0.039716065,0.041519165,0.041464753,0.042638466,0.040916976,0.04072161,0.041354775,0.041683104,0.042023085,0.04044185,0.04274697,0.041571442
0.04241685,0.040432457,0.042026307,0.042049594,0.04179154,0.042014204,0.04252884,0.042070683,0.042071994,0.042694464,0.0420734,0.040956933,0.040806085,0.0422138,0.042243488,0.041174088,0.04186717,0.0412221,0.040864956,0.040537726,0.04189712,0.039762188,0.042053442,0.04223063
0.04140126,0.041801743,0.04170479,0.041720018,0.042208605,0.041624773,0.042029567,0.041475233,0.04183983,0.041336298,0.041399915,0.042627715,0.04010179,0.041498378,0.04198862,0.042210758,0.041124012,0.04190922,0.04082076,0.041411772,0.04190333,0.04160045,0.041984428,0.042276785
0.042383607,0.04170184,0.041001827,0.041926876,0.042569753,0.0423883,0.04334944,0.04225811,0.042329427,0.040678512,0.04134491,0.040886533,0.040050104,0.04149684,0.042161517,0.042271763,0.040674902,0.041198302,0.040988483,0.041016966,0.042094868,0.040365927,0.043426298,0.041434873
0.041255377,0.04050955,0.041472573,0.042790115,0.04081204,0.041042395,0.0413235,0.041417513,0.041421812,0.042634223,0.042292148,0.04228851,0.04170491,0.042105813,0.042482153,0.04233582,0.04077666,0.042087954,0.04118154,0.040583067,0.04256717,0.04231838,0.041289024,0.041307807
0.041985944,0.040789258,0.041505028,0.04224181,0.04156376,0.042598907,0.041737497,0.042399324,0.042590223,0.042201668,0.042377323,0.042078864,0.042430867,0.042394396,0.040972374,0.041940704,0.041352306,0.04099856,0.04040488,0.040763944,0.04110657,0.040547404,0.040841755,0.04217659
0.041382097,0.0409417,0.04190114,0.042385705,0.041088056,0.04112049,0.041402288,0.041657735,0.041375134,0.042366736,0.042527575,0.04123645,0.04183827,0.041421782,0.04164375,0.04191722,0.041644957,0.04141759,0.04185899,0.041061237,0.0430316,0.04211193,0.0409295,0.041738093
0.041811574,0.04108387,0.041922264,0.042287525,0.043030526,0.041083384,0.041451737,0.042102065,0.041952595,0.041183498,0.04162078,0.040891323,0.040594507,0.040757716,0.04199647,0.04098876,0.04142289,0.041239213,0.041350387,0.041881964,0.04308542,0.04073257,0.043212257,0.04231677
0.042057488,0.040724486,0.042608697,0.04113162,0.0423541,0.04206383,0.041273646,0.04224415,0.04236539,0.042558286,0.04139584,0.04090672,0.041150864,0.043318275,0.04083995,0.043045323,0.04138936,0.040061448,0.040594846,0.040555574,0.04242279,0.041334067,0.041319814,0.04228337
0.041066375,0.041722212,0.041472614,0.04206658,0.04194393,0.041523382,0.041297365,0.041845184,0.04173668,0.041598294,0.04188131,0.042647507,0.041243304,0.041681927,0.041052897,0.04220465,0.04074082,0.04167139,0.040993206,0.041738566,0.04204761,0.041949164,0.041330498,0.042544458
0.04173391,0.040952023,0.04216798,0.041691635,0.04240953,0.04220427,0.041607533,0.04146209,0.043271247,0.041943714,0.041805252,0.040563703,0.043230657,0.042349968,0.04111961,0.042306058,0.041274548,0.04097681,0.041768774,0.04074995,0.04192552,0.04067886,0.040507253,0.041299067
0.042030968,0.040411666,0.04156727,0.042669725,0.040791005,0.04196004,0.04221872,0.04192426,0.04157765,0.042557135,0.042450134,0.041689202,0.0416413,0.041941263,0.04201099,0.041925114,0.041424282,0.041473385,0.04107799,0.040612437,0.042194337,0.041045688,0.04114661,0.041658882
0.04214622,0.042051483,0.040508922,0.041859988,0.042374745,0.0421427,0.042999737,0.042381447,0.042091712,0.041083843,0.04113261,0.04109053,0.040482923,0.041772578,0.04162513,0.042837054,0.04089769,0.04118749,0.04125565,0.041575056,0.041970484,0.04100961,0.042165898,0.041356485
0.041906763,0.04111668,0.041701667,0.041904252,0.04182754,0.041835118,0.04178318,0.041844014,0.04190611,0.042106092,0.041822776,0.041592505,0.041085448,0.042128276,0.041674014,0.04225228,0.041060973,0.041402537,0.041111015,0.041035414,0.04200987,0.04110951,0.041633658,0.042150345
0.04181079,0.039798625,0.04174055,0.043495197,0.040591896,0.04155338,0.042442165,0.042222958,0.04137871,0.042380065,0.04297427,0.041676477,0.041923467,0.040626336,0.04238011,0.040199704,0.041994598,0.041641735,0.041609593,0.040718637,0.042612556,0.040616196,0.04169686,0.04191507
0.04195342,0.04131532,0.04179703,0.04167837,0.04281364,0.04226506,0.041614316,0.042026892,0.04262247,0.041673373,0.041758765,0.0413426,0.041666757,0.0421058,0.041098405,0.041912448,0.041316908,0.040830124,0.040966727,0.041059695,0.041477095,0.04047123,0.041822847,0.042410713
0.04264792,0.04082565,0.041150246,0.042092726,0.041774128,0.04219268,0.04344233,0.042350855,0.04174528,0.041371565,0.04156362,0.041656274,0.039996684,0.041597255,0.042697713,0.04153394,0.040995695,0.041766178,0.041061215,0.040948004,0.041805126,0.039910365,0.043085985,0.04178858
0.04164563,0.041570954,0.04105268,0.042262763,0.042348318,0.042135976,0.04291186,0.041379645,0.04216055,0.041415732,0.041407794,0.041599117,0.041353766,0.042159654,0.041759323,0.043038767,0.03989957,0.04176872,0.0412149,0.04062142,0.04209983,0.041229118,0.041967046,0.040996924
0.041871984,0.041083172,0.041753747,0.04214121,0.04214068,0.04209266,0.041865904,0.041879337,0.04231739,0.041775633,0.042043686,0.0416083,0.041552726,0.041832138,0.041552242,0.042046897,0.040924773,0.041234687,0.04108965,0.040928025,0.04182605,0.040812336,0.041580748,0.04204603
0.04237239,0.040882017,0.041105974,0.042211525,0.041290857,0.042128436,0.04268465,0.04282005,0.041569818,0.042065747,0.041680012,0.04147815,0.04031177,0.042041883,0.041760802,0.041933123,0.041689977,0.04138144,0.040475376,0.041180603,0.04200007,0.040465023,0.04255785,0.04191248
0.04220225,0.04055874,0.041956514,0.042175148,0.042455684,0.042074468,0.04130271,0.042604223,0.041129794,0.04286857,0.041446522,0.042067554,0.04024347,0.042393424,0.04170624,0.04188244,0.04038837,0.0404587,0.040983487,0.040715687,0.04221402,0.04007019,0.04323137,0.042870402
0.041205134,0.04082067,0.041444376,0.042426683,0.04092134,0.04216024,0.041816935,0.041626956,0.041855536,0.04207489,0.04275647,0.042651013,0.042077452,0.04168335,0.04211423,0.041690446,0.041283682,0.041490242,0.040872917,0.04059811,0.041936733,0.041376762,0.041165855,0.041949987
0.042120174,0.040548082,0.041658133,0.042526346,0.041462906,0.042507216,0.042339113,0.04205668,0.042381436,0.04198376,0.042572808,0.04197077,0.04213495,0.041698243,0.04155443,0.041609135,0.041115776,0.041291706,0.041048966,0.040519677,0.041415982,0.04043281,0.041072987,0.041977927
0.04173287,0.041274365,0.041836224,0.04164099,0.042363223,0.04121101,0.041227903,0.041793272,0.041755036,0.04223939,0.041402724,0.04125502,0.040509257,0.042615894,0.041961167,0.042660743,0.040803622,0.041037392,0.041116048,0.041140974,0.042429954,0.041357584,0.04251409,0.042121243
0.04207216,0.040245064,0.042543244,0.042469807,0.041707072,0.041379303,0.041633997,0.042138513,0.04148908,0.042106908,0.042874865,0.04135412,0.041219667,0.04075571,0.04199605,0.04066072,0.041736063,0.04111566,0.041715946,0.041007638,0.042458724,0.04043783,0.041787244,0.043094624
0.04157361,0.039937444,0.041589897,0.042813815,0.041177657,0.042557362,0.042087648,0.041251395,0.042332783,0.04163266,0.042619515,0.042227082,0.042136654,0.040553503,0.042668458,0.04119865,0.040278308,0.042028107,0.042231403,0.03949096,0.04258118,0.04178293,0.04187908,0.0413699
0.042472407,0.040176727,0.04213839,0.0420467,0.041855443,0.04158039,0.041417655,0.041809563,0.041183364,0.04317939,0.04157895,0.04030549,0.041364376,0.043061286,0.041833557,0.0418526,0.042015627,0.041201822,0.041009557,0.040607266,0.04294991,0.040364493,0.0420625,0.041932497
0.041977383,0.040762678,0.041851126,0.04211874,0.0418899,0.042039525,0.041872054,0.041715756,0.042289834,0.042096578,0.042279597,0.04159857,0.042045128,0.041910265,0.04136612,0.042177796,0.041077,0.041130945,0.041248232,0.04071691,0.041830547,0.04093944,0.041135866,0.041929975
0.041543983,0.042317897,0.041792035,0.041803494,0.04179979,0.041278612,0.04207352,0.041894495,0.04237816,0.041148346,0.04074528,0.041775465,0.041313168,0.0422189,0.041340332,0.04280585,0.04128147,0.04144974,0.041167486,0.041297186,0.04227658,0.041761544,0.041161448,0.041375186
0.04153433,0.041455813,0.04177107,0.04201426,0.041987818,0.041251022,0.04113963,0.04202359,0.041580748,0.042054728,0.041874185,0.041036997,0.04110839,0.041676525,0.041244283,0.04223419,0.041582517,0.04108543,0.041541573,0.041654434,0.042750414,0.0415939,0.041393373,0.042410735
0.041403856,0.0416765,0.04065114,0.04254693,0.04139537,0.041887395,0.042701423,0.042049505,0.041742176,0.0413746,0.04182609,0.041722033,0.041421033,0.041356456,0.0416251,0.042668186,0.04086533,0.041521244,0.0414783,0.04124328,0.042495072,0.041752964,0.041580573,0.041015435
0.042620886,0.040260185,0.041859094,0.04252683,0.041301772,0.042664494,0.042825412,0.04169463,0.042266753,0.04235453,0.042422827,0.041266628,0.04182229,0.041938834,0.04221944,0.042001255,0.040940136,0.041237347,0.04117652,0.04005005,0.041760735,0.04025329,0.04121238,0.041323636
0.040862784,0.04138398,0.041517656,0.042394582,0.041498203,0.041369088,0.041980565,0.0417009,0.041612126,0.04180751,0.04207577,0.0419979,0.04101384,0.041305475,0.041305926,0.042059977,0.040949766,0.04194255,0.04153969,0.041672982,0.042474087,0.041559186,0.041278686,0.04269677
0.041793372,0.041303195,0.041431796,0.04167461,0.04221335,0.041646272,0.041126497,0.042469185,0.041939605,0.042388443,0.041437227,0.04162026,0.04074862,0.04289897,0.04123186,0.042395808,0.04152654,0.041099545,0.040183987,0.041454867,0.041898273,0.041000914,0.042012963,0.042503804
0.041674964,0.041284967,0.04175674,0.04189101,0.041593567,0.041915555,0.042187043,0.041337818,0.042137105,0.041964285,0.0421296,0.04181406,0.041322354,0.041897267,0.042073775,0.042917468,0.04016677,0.0414529,0.041631363,0.040685195,0.041990355,0.041614354,0.040962033,0.041599456
0.042269524,0.042106792,0.042094875,0.041280795,0.04410709,0.04181482,0.04119392,0.042038117,0.042843364,0.041344073,0.04079001,0.04052234,0.04043684,0.042085595,0.04089021,0.042184237,0.040961754,0.04056551,0.04078931,0.04203351,0.042070817,0.040474456,0.042261858,0.042840168
0.041754212,0.040900942,0.0421184,0.04178999,0.041839067,0.041840974,0.04108399,0.041779798,0.04164601,0.042663366,0.04214669,0.040735852,0.041407518,0.042655293,0.041145265,0.042415053,0.041769728,0.04095555,0.04146424,0.04104295,0.042523894,0.041470546,0.04071833,0.04213233
0.041406278,0.041289266,0.040816028,0.042167388,0.04151287,0.041812614,0.041940503,0.042998776,0.04149767,0.041375168,0.042072702,0.04314595,0.040376835,0.04149329,0.04133776,0.041285623,0.041244857,0.041693542,0.040277507,0.041757092,0.041596,0.040870532,0.042800456,0.043231342
0.04244537,0.04218252,0.042263363,0.040724304,0.04374518,0.042076133,0.041012798,0.042539183,0.042841762,0.041594036,0.040936492,0.04068689,0.04039313,0.042350147,0.040329654,0.042580366,0.041280653,0.040660374,0.040929276,0.041436516,0.041626357,0.04043617,0.041567937,0.04336144
0.04155564,0.04105547,0.042579286,0.042055488,0.042435747,0.041356955,0.041099533,0.041327674,0.041926194,0.04190561,0.04200322,0.04098358,0.041402582,0.0413385,0.04165796,0.042053673,0.04093954,0.041246198,0.04182453,0.0411475,0.042878073,0.04142344,0.04166339,0.042140204
0.04104317,0.041577175,0.04124801,0.041141775,0.042561598,0.04158166,0.042686224,0.042855132,0.04189739,0.042049125,0.041201815,0.041971568,0.04005713,0.04199321,0.041702706,0.0407806,0.041918866,0.041331764,0.040737636,0.041635197,0.04163113,0.040294386,0.042723875,0.04337882
0.04156528,0.041104693,0.041888274,0.041736364,0.042052932,0.04110255,0.040937014,0.041869976,0.041229058,0.0424506,0.041839946,0.041689258,0.041076325,0.041753285,0.040868122,0.042463835,0.041748933,0.041091084,0.041462723,0.04140018,0.042642158,0.04198943,0.041416276,0.042621683
0.04082175,0.041762855,0.04118627,0.042303342,0.041462533,0.041690096,0.042041883,0.041658208,0.041689564,0.041043933,0.042236652,0.042865936,0.04132432,0.041248027,0.04161205,0.042535115,0.04026062,0.042002115,0.041443244,0.041228164,0.042063892,0.042108588,0.041563068,0.041847795
0.04142636,0.041416433,0.041332092,0.041649066,0.04111576,0.0417583,0.04180377,0.042250868,0.04176443,0.041911017,0.04190323,0.042451944,0.04162057,0.042226773,0.040847085,0.042298555,0.041515857,0.041753616,0.04139983,0.04153849,0.041635104,0.041345358,0.040692233,0.042343292
0.041499186,0.04108603,0.042150788,0.042327978,0.041590203,0.041654624,0.04184252,0.04147542,0.04209069,0.042359047,0.041785643,0.041522004,0.041339844,0.042082414,0.041499246,0.042712033,0.040861726,0.041621584,0.041395385,0.040788803,0.042283177,0.041504502,0.040898204,0.041628975
0.041578602,0.04140167,0.041181333,0.042027652,0.04205266,0.041556615,0.04175286,0.042394713,0.041330557,0.042236075,0.041788667,0.041348133,0.040897515,0.04224833,0.041405108,0.042829175,0.041236583,0.041205868,0.041011225,0.041767735,0.042305123,0.04171192,0.040960472,0.041771483
0.041418966,0.04152096,0.041271582,0.04183865,0.04175291,0.040961996,0.041580163,0.04250747,0.041296367,0.042367615,0.041388262,0.04138191,0.040125467,0.042197302,0.04156584,0.042028587,0.041902848,0.041451525,0.04079318,0.041737627,0.04275637,0.041703153,0.04206631,0.04238495
0.041581936,0.04111313,0.041463844,0.04187283,0.04172008,0.042269584,0.04165635,0.04202697,0.04253611,0.042056937,0.042006094,0.04199233,0.042388443,0.042603422,0.040958893,0.04246571,0.0411608,0.041226313,0.041005645,0.040968955,0.041488588,0.04091007,0.04073809,0.04178888
0.04201239,0.041467186,0.040716823,0.04219221,0.04185353,0.042627268,0.043433636,0.041815057,0.042256214,0.041125752,0.04168361,0.04235349,0.040801156,0.04200357,0.042356998,0.042848833,0.039910886,0.041812878,0.04069923,0.040497147,0.04136851,0.04094367,0.042187877,0.041032083
0.04168054,0.040546756,0.04153908,0.043118373,0.041435115,0.041597955,0.04237979,0.041866865,0.04180001,0.042045493,0.042183846,0.041298524,0.042308144,0.041365623,0.042046968,0.041626297,0.041221056,0.04144325,0.04147234,0.040392093,0.042773105,0.04133936,0.041834246,0.040685207
0.04224979,0.040954035,0.040478475,0.04263544,0.040468864,0.042513516,0.04352422,0.04276442,0.041317683,0.041470602,0.042232983,0.04253443,0.040857207,0.041495353,0.04215075,0.042145073,0.04101922,0.04170274,0.04063721,0.04088445,0.041760243,0.040801056,0.041928362,0.041473918
0.04172225,0.041346908,0.042156074,0.041664615,0.04254497,0.041630585,0.041105956,0.041772813,0.04233745,0.041924037,0.041718416,0.04101066,0.041579135,0.042064346,0.041189235,0.042126674,0.0413483,0.041026983,0.04143726,0.041368976,0.042212132,0.04098856,0.041401066,0.04232257
0.042108215,0.041043524,0.04155339,0.042224515,0.041467033,0.041381475,0.042052295,0.04173143,0.042433966,0.04245848,0.042369906,0.041287187,0.041386135,0.041363582,0.042335324,0.040841136,0.041060675,0.041379895,0.040988732,0.04071661,0.042089835,0.041091762,0.042020172,0.04261478
0.041583814,0.04144448,0.041775275,0.042067163,0.04220575,0.041689977,0.041416354,0.041852735,0.04214981,0.041820362,0.041811246,0.040919855,0.041548856,0.041843258,0.041321125,0.042354457,0.04128313,0.04099935,0.04134148,0.041327577,0.042491008,0.04133158,0.04161425,0.04180715
0.0414767,0.040909115,0.041668236,0.042316284,0.04082445,0.04169492,0.042323254,0.04165475,0.04191377,0.041907553,0.04197033,0.04237141,0.04170733,0.041647617,0.0423733,0.042039763,0.040938526,0.041820534,0.041382972,0.040520784,0.04219567,0.041451477,0.041124713,0.041766535
0.04116147,0.04119731,0.041573696,0.042400964,0.041336052,0.04124398,0.040780317,0.042110972,0.04158675,0.0424731,0.04224515,0.041513536,0.04204436,0.041981537,0.040940885,0.042186018,0.04186405,0.041116443,0.041254014,0.041549657,0.04256897,0.041913565,0.0407218,0.042235404
0.041807875,0.041341156,0.04104062,0.041466016,0.041568916,0.04277091,0.041966643,0.04204383,0.042523354,0.041620918,0.041868962,0.04167141,0.04069448,0.043392695,0.041571107,0.043344148,0.040761467,0.040887702,0.040451936,0.040842935,0.041943874,0.04160998,0.041577347,0.041231707
0.04109592,0.041312736,0.041477434,0.042147133,0.041163668,0.04142992,0.041156057,0.042069096,0.041968305,0.042061362,0.042430606,0.042529937,0.041981574,0.04180608,0.04121051,0.04174564,0.041292068,0.041457478,0.040980324,0.041205894,0.04185932,0.041756347,0.041201103,0.042661462
0.04062704,0.042501297,0.041517172,0.041947734,0.041707058,0.041933175,0.041358784,0.041642107,0.04222072,0.041091856,0.04213589,0.042514306,0.04231702,0.04218949,0.04031623,0.042816475,0.040616296,0.041226055,0.041330095,0.041358534,0.041927222,0.04229433,0.04041142,0.04199967
0.04245047,0.041672826,0.04172293,0.040983357,0.04353097,0.0420501,0.04272955,0.042165816,0.04222083,0.041984428,0.040169276,0.040707063,0.03926247,0.042758957,0.042180233,0.042305548,0.0407886,0.041175492,0.040415447,0.04089772,0.042002305,0.040380582,0.04364788,0.041797176
0.041179232,0.041662645,0.04172462,0.041622564,0.04148283,0.04202602,0.0416697,0.04112716,0.041686147,0.041818194,0.04224181,0.042146984,0.041643772,0.042208854,0.041588303,0.042683464,0.04073765,0.04152366,0.041650545,0.04086074,0.042114425,0.041844964,0.040838532,0.041917175
0.040785957,0.041491494,0.041894984,0.04279473,0.0420541,0.04089428,0.042204652,0.041969173,0.042294327,0.041255124,0.04161285,0.042337984,0.04007825,0.040943544,0.041756455,0.04115508,0.041282013,0.042399812,0.040833656,0.04149047,0.042439405,0.040993325,0.042777132,0.04226124
0.041245732,0.040774085,0.041531682,0.04261512,0.04132411,0.041461945,0.04206035,0.04172654,0.04156781,0.041951187,0.042195935,0.042368088,0.041157838,0.041624084,0.04244833,0.041607257,0.0408312,0.042007282,0.040953882,0.040787492,0.042326055,0.041446533,0.042311624,0.041675843
0.041895468,0.040113535,0.041979186,0.042738173,0.040636845,0.04185916,0.041709203,0.04164051,0.041610245,0.043002088,0.042691685,0.041630313,0.042167574,0.042144697,0.042027093,0.041943327,0.041436512,0.041418754,0.04113412,0.04034728,0.042305373,0.04118596,0.040784404,0.041598447
0.041661132,0.04172049,0.041642014,0.041541394,0.04225914,0.041680865,0.04113871,0.04189973,0.04189405,0.042093944,0.04166722,0.04183127,0.04116985,0.042285882,0.04107895,0.042608213,0.04109334,0.041430708,0.0410524,0.041303128,0.041799888,0.041764684,0.040922157,0.042460885
0.041302584,0.04077645,0.041482016,0.043216042,0.04129952,0.041522637,0.04200727,0.041214384,0.041804478,0.041976575,0.04233799,0.041070625,0.042430755,0.04131437,0.042422418,0.042237647,0.040855188,0.041444514,0.041727368,0.040725686,0.043075237,0.041844647,0.041519437,0.040392168
0.041597486,0.040646944,0.041447625,0.042622004,0.04031377,0.041792065,0.04203563,0.041407567,0.04135418,0.04217287,0.042590566,0.041954536,0.04178748,0.041952968,0.042497363,0.042404175,0.040972415,0.04179313,0.041412838,0.040459998,0.042528164,0.04189905,0.04105345,0.041303713
0.04180499,0.04136451,0.041523922,0.042165857,0.041540958,0.04147971,0.04182854,0.041543603,0.041598544,0.042188864,0.04182529,0.041157585,0.040979553,0.041914117,0.041913345,0.04274522,0.041133244,0.041462068,0.041364897,0.041227475,0.04252234,0.041673213,0.04166074,0.04138142
0.041438743,0.041360013,0.041318316,0.042089574,0.04206893,0.041337892,0.041066702,0.042419165,0.041775618,0.042099044,0.041629087,0.041633785,0.0410544,0.04228761,0.041292336,0.04206932,0.041621964,0.041209638,0.040538043,0.04168312,0.042226907,0.04135102,0.042057022,0.04237177
0.04132591,0.04105551,0.04137808,0.04233001,0.041589417,0.042021524,0.041395947,0.04172554,0.042406015,0.042381424,0.04200154,0.042260066,0.042594127,0.042692687,0.041253205,0.042710703,0.04076399,0.041304864,0.040277746,0.04095168,0.041688014,0.0417129,0.040729526,0.041449577
0.041427318,0.041463144,0.041104466,0.04227962,0.04124936,0.041820798,0.042118065,0.04159744,0.041666903,0.04185832,0.042079393,0.041889675,0.041574296,0.041829817,0.041636303,0.04292715,0.040788785,0.041549493,0.041437726,0.041049253,0.04234346,0.041914225,0.041147638,0.04124735
0.041995022,0.040819194,0.041305374,0.042404067,0.04139185,0.041462976,0.041914523,0.042220213,0.04150005,0.042472646,0.041874204,0.04120443,0.040958565,0.04209633,0.042152315,0.04182353,0.0416244,0.041192837,0.040940586,0.04109705,0.042496767,0.041055586,0.042172097,0.041825388
0.041182876,0.041313853,0.042125225,0.042021763,0.04150761,0.041760612,0.041771956,0.041249197,0.04175141,0.04151766,0.04239396,0.04213124,0.04168424,0.0413051,0.04154637,0.04254339,0.040442828,0.04158885,0.04208884,0.040822648,0.042403076,0.041960247,0.040878847,0.042008225
0.041086216,0.04112266,0.041485738,0.04228007,0.041549668,0.041007906,0.041189514,0.041655507,0.041279234,0.042292763,0.04202467,0.0420401,0.0413325,0.041998338,0.041686796,0.042706188,0.040728427,0.04162655,0.041021463,0.04153269,0.0426222,0.042087417,0.04206072,0.04158267
0.041032027,0.04149819,0.04188279,0.041798733,0.042131916,0.041516528,0.04118037,0.041803464,0.042031355,0.04188386,0.041755687,0.041899122,0.041142795,0.041871067,0.041119315,0.042654287,0.04099939,0.04139775,0.041525,0.04124667,0.041963443,0.041582774,0.041487396,0.04259608
0.040768277,0.040764168,0.041715406,0.042306267,0.041054957,0.041206226,0.04090742,0.041814048,0.04168326,0.042482086,0.04222678,0.041958515,0.04229243,0.04217603,0.041502584,0.04220384,0.041501176,0.04172451,0.04109512,0.04115803,0.042455606,0.04195704,0.041093633,0.04195256
0.041571863,0.042530227,0.04147265,0.04079244,0.042291448,0.041554533,0.041504454,0.042080287,0.04148072,0.041605674,0.041308567,0.041783113,0.039693125,0.04230283,0.04085512,0.043498855,0.040796172,0.04135245,0.04131522,0.041819345,0.042087365,0.041946147,0.04130779,0.043049615
0.041081652,0.04106976,0.04090584,0.042587902,0.040822152,0.041720305,0.04212806,0.042119157,0.04139142,0.041662477,0.042371184,0.04265863,0.04172817,0.041558713,0.041881435,0.04224587,0.040903464,0.04189312,0.040951885,0.04117239,0.042194154,0.0419305,0.04151511,0.041506607
0.042607397,0.041417744,0.04191841,0.041512262,0.043164544,0.042357113,0.0427042,0.041156713,0.042677317,0.041483946,0.041294497,0.040244307,0.040772215,0.042048085,0.042162515,0.043128625,0.040138442,0.0409306,0.04151885,0.04063619,0.04244521,0.04068815,0.041988,0.041004673
0.04126299,0.04076929,0.0420946,0.042401273,0.041936394,0.041264307,0.040804956,0.041822232,0.041760303,0.042151194,0.042258047,0.04169243,0.041787766,0.04161602,0.041551743,0.041461207,0.04149085,0.041350793,0.04116155,0.041238,0.042450856,0.041346855,0.04188909,0.042437274
0.041500635,0.04200057,0.040827766,0.04213922,0.0422075,0.04197382,0.04274203,0.041575048,0.042058185,0.040992685,0.04146474,0.041577503,0.04087765,0.041685656,0.04210626,0.04318115,0.04006629,0.041562356,0.041317448,0.041118354,0.042273264,0.04171227,0.04218407,0.04085554
0.042009227,0.040799428,0.04160904,0.041767094,0.04264677,0.041288182,0.040639196,0.042088825,0.042315405,0.04212133,0.04157975,0.042125747,0.041211475,0.041581087,0.04174051,0.041308988,0.041478693,0.04173265,0.041096374,0.041356727,0.04210411,0.04160313,0.041608833,0.04218743
0.041106835,0.041528452,0.04166269,0.04188347,0.0421433,0.04116425,0.040705428,0.041932233,0.04212763,0.04203091,0.041931655,0.0418469,0.041625835,0.0419819,0.041255303,0.042054493,0.0410909,0.041266672,0.04078237,0.041551888,0.042203046,0.04182106,0.0416544,0.04264837
0.041709032,0.040912677,0.0419077,0.042049114,0.041885655,0.04121582,0.041107845,0.04205717,0.041555468,0.04242362,0.04186078,0.04138785,0.04096527,0.04206522,0.041794833,0.041858084,0.041478,0.0413418,0.04089366,0.041297913,0.04254982,0.04120876,0.042075362,0.04239852
0.04074852,0.041662008,0.0409438,0.04211518,0.041878726,0.041170456,0.042935714,0.042529713,0.041298654,0.041786246,0.041134134,0.04221759,0.039629642,0.041511662,0.04179102,0.041594326,0.04094972,0.042416815,0.040669713,0.041614555,0.042465217,0.041804228,0.04309123,0.042041123
0.041238457,0.041445002,0.041789148,0.04208497,0.042210653,0.041308485,0.04178662,0.04182081,0.04192692,0.040762845,0.041948542,0.041768074,0.04145089,0.040684383,0.041636825,0.04119683,0.04119128,0.04174019,0.042308297,0.04180285,0.042440265,0.041028973,0.04213522,0.042293467
0.04228181,0.040957607,0.041967526,0.041648336,0.0420771,0.041860245,0.04167816,0.041072838,0.04261138,0.041845758,0.041020624,0.041481946,0.041438397,0.04201672,0.042666428,0.0430039,0.039979324,0.04173466,0.041280843,0.04107314,0.042265255,0.041654743,0.041335255,0.041048005
0.041524705,0.040867213,0.041901864,0.041792408,0.041722797,0.04168371,0.04143426,0.041396733,0.041389532,0.041917454,0.042193167,0.041567452,0.040779684,0.042480934,0.042304512,0.041325044,0.041902617,0.04128471,0.041954607,0.04140117,0.042453494,0.041089922,0.04194834,0.041683678
0.042255227,0.04052498,0.041653622,0.04234531,0.04161813,0.04208046,0.04191154,0.042333197,0.041940857,0.042393107,0.042141262,0.041599948,0.041420564,0.042152327,0.041537374,0.041653816,0.04154262,0.041218072,0.04072183,0.040858187,0.041766375,0.040368572,0.041598897,0.0423637
0.041442394,0.041248262,0.041541293,0.042309623,0.041493878,0.041177414,0.04131544,0.041773375,0.041539136,0.042334873,0.041667804,0.04099219,0.04148497,0.04197538,0.04166457,0.04263774,0.041493814,0.04116508,0.041373137,0.041491188,0.04310326,0.041991338,0.041277066,0.041506737
0.041191638,0.041786198,0.041371267,0.042077035,0.042080186,0.041174103,0.04135589,0.041916575,0.041593257,0.041767806,0.04148316,0.04102986,0.041091908,0.04185787,0.041404143,0.042834908,0.041235488,0.04107586,0.041419115,0.041668955,0.043023523,0.042160325,0.041748386,0.041652504
0.041434266,0.041003726,0.04178088,0.0423425,0.042355753,0.04158155,0.041143816,0.04167729,0.04243222,0.0419142,0.041959405,0.04152,0.041808125,0.041536335,0.04125719,0.04176764,0.041015964,0.0412354,0.041411404,0.041574724,0.042184476,0.0409107,0.041197337,0.04295512
0.04188599,0.040808335,0.04204385,0.042388353,0.04212478,0.041840367,0.041978117,0.04134935,0.0421158,0.041839965,0.042042363,0.041165434,0.041455887,0.04158533,0.042331215,0.042032726,0.040655218,0.04138773,0.04141093,0.04065375,0.042462196,0.040970933,0.042043354,0.041427992
0.04128546,0.040540207,0.04248323,0.042400066,0.041956183,0.042484142,0.041636884,0.04180648,0.042949747,0.042139884,0.0419394,0.040298995,0.04241637,0.04132549,0.041121885,0.042924087,0.041342888,0.040867783,0.04133607,0.041010223,0.04178393,0.040696252,0.04090779,0.04234654
0.041476324,0.040937968,0.041613147,0.042329848,0.04164034,0.04147421,0.04171537,0.041592974,0.04193289,0.04248566,0.04175338,0.041261617,0.041586507,0.042437535,0.042153362,0.042312942,0.041167863,0.041453265,0.040910736,0.04080724,0.042551093,0.041513223,0.041776586,0.041115936
0.041198835,0.0411861,0.0423999,0.04176138,0.041791894,0.041205708,0.039907344,0.041670166,0.041979685,0.042957127,0.042215757,0.04151986,0.042100746,0.04235898,0.04098114,0.042395268,0.04167328,0.041116536,0.04116309,0.041204583,0.042350747,0.04169584,0.040564638,0.042601414
0.0413093,0.041093104,0.04215484,0.042133123,0.042051487,0.041319236,0.040633228,0.04147366,0.042018622,0.042470664,0.041978154,0.04112246,0.041972198,0.042283833,0.04144473,0.042405583,0.041274764,0.04110768,0.04117029,0.04112654,0.0426468,0.041722972,0.04122976,0.041857034
0.04119557,0.041321922,0.04140538,0.042375054,0.04161008,0.0413932,0.041530367,0.042158,0.041556075,0.04137013,0.042056628,0.042305,0.04117783,0.041440737,0.04172299,0.041770734,0.041066747,0.041554704,0.041052468,0.0414916,0.042331785,0.04166223,0.042358235,0.042092524
0.0413064,0.041355856,0.040551376,0.042814333,0.040871233,0.042188693,0.043118455,0.041729763,0.041705634,0.04125639,0.04229683,0.042638067,0.04159927,0.04141497,0.042195503,0.042712346,0.040187377,0.041988887,0.04127494,0.040712416,0.04193659,0.04180122,0.041529622,0.040813833
0.041309673,0.041431803,0.04108883,0.041758306,0.0421141,0.042654283,0.04196413,0.04170628,0.042645533,0.041795626,0.04127236,0.041517366,0.040262002,0.04196662,0.041533194,0.0432898,0.040990304,0.041717537,0.040717594,0.041302163,0.042146593,0.040381443,0.04257499,0.041859422
0.041965295,0.040523287,0.041741602,0.042420965,0.041380484,0.04203731,0.04243134,0.04161596,0.042165108,0.04206019,0.04227343,0.04159437,0.041942794,0.041888595,0.042242058,0.04176151,0.041006573,0.04160663,0.041236,0.04037235,0.04203718,0.04091526,0.04163903,0.04114268
0.041854978,0.040825438,0.041530967,0.042355217,0.041049372,0.041808322,0.042348098,0.042663917,0.041105475,0.04142048,0.042167,0.042103592,0.040033143,0.041110456,0.04208439,0.0409811,0.04166842,0.04182232,0.04104213,0.04131017,0.042240314,0.040588383,0.04328282,0.042603474
0.04159378,0.041264474,0.041350838,0.042191405,0.0417789,0.042119823,0.042069677,0.041525207,0.041999634,0.041781563,0.041943215,0.04198524,0.041747056,0.04232108,0.041625574,0.042681806,0.04054942,0.041544985,0.041092798,0.040686816,0.041906666,0.04125762,0.041465793,0.04151659
0.041548174,0.040389452,0.041793324,0.04281775,0.04108929,0.041342486,0.04167726,0.04176085,0.041272894,0.04228492,0.04241983,0.041891187,0.041324124,0.041496497,0.042429138,0.041475303,0.04125661,0.04175755,0.041173484,0.040867146,0.042678405,0.041314244,0.042105608,0.04183449
0.041360915,0.041081637,0.04166506,0.042231146,0.04138381,0.04181029,0.041597832,0.041352943,0.041832127,0.0421315,0.04213629,0.041937284,0.041825626,0.04230762,0.042064555,0.042647522,0.04065662,0.04154791,0.04099186,0.040648773,0.042290933,0.04177282,0.041470837,0.041254144
0.040949926,0.042248268,0.041802555,0.041434873,0.043076474,0.04131985,0.04062162,0.04149195,0.042396214,0.041619793,0.041255027,0.041356865,0.04133226,0.042518437,0.04109868,0.043159906,0.04062799,0.041124273,0.040922284,0.04160642,0.04226845,0.04207568,0.041839145,0.041853108
0.041924927,0.04065122,0.041402828,0.04244734,0.041129634,0.04187475,0.042220663,0.042106826,0.041503187,0.04220275,0.042186216,0.042125795,0.04097181,0.04196363,0.042154692,0.041882526,0.04113758,0.041675776,0.04077628,0.040783383,0.04200149,0.040969115,0.04194683,0.04196069
0.041423522,0.041540533,0.041657154,0.041838925,0.04188284,0.041784413,0.04138278,0.042019665,0.04200366,0.041994903,0.041796736,0.041478828,0.04162356,0.042242628,0.040874507,0.042859253,0.041228384,0.040901635,0.041212626,0.04124368,0.042253856,0.041782558,0.040900353,0.042072985
0.0408721,0.04112468,0.041334294,0.04265503,0.041211084,0.04190318,0.041751824,0.041425172,0.042062156,0.041838933,0.0424433,0.04260646,0.042456377,0.04193534,0.04164989,0.04267871,0.04039256,0.041750062,0.04110912,0.040690713,0.04203049,0.041971885,0.040993083,0.04111355
0.040691074,0.04133366,0.04189365,0.042278014,0.041221056,0.04121041,0.040825233,0.041820925,0.041355893,0.042408414,0.041941673,0.04208025,0.04144361,0.042338505,0.041077875,0.042735502,0.040968064,0.041716855,0.04109521,0.04116356,0.04246907,0.04252685,0.041176043,0.042228576
0.041359056,0.0416547,0.041223038,0.042203717,0.041188966,0.042039488,0.042163268,0.041264866,0.04121199,0.041317903,0.042112574,0.042973883,0.040859178,0.041591603,0.042389523,0.041889716,0.040396485,0.041791473,0.041355886,0.041080214,0.042385187,0.041472238,0.042333692,0.041741334
0.041877918,0.041575875,0.040540833,0.04201825,0.041339513,0.041779734,0.042345278,0.04246644,0.04145131,0.04212354,0.041468464,0.04171016,0.040414397,0.042495236,0.04169049,0.042988285,0.041224476,0.04145341,0.040473446,0.04142849,0.042073373,0.04159429,0.04187487,0.041591965
0.041019753,0.04125928,0.041871913,0.042092655,0.0418208,0.041670673,0.04188971,0.041511238,0.042252786,0.0419633,0.042133473,0.042191368,0.041680012,0.041844,0.041709904,0.04190543,0.040728103,0.04175165,0.04122159,0.040703867,0.041997287,0.041590076,0.041329656,0.041861434
0.041857388,0.040940996,0.04113394,0.042525824,0.040813394,0.04115741,0.04173906,0.042343102,0.040846992,0.0428631,0.04188439,0.040886324,0.040864926,0.04214226,0.04186259,0.042349584,0.042107318,0.041231267,0.04110196,0.041434474,0.04307149,0.04168799,0.041481923,0.041672256
0.041678593,0.04118967,0.041269306,0.04182144,0.041659463,0.04173552,0.041972965,0.042098336,0.04172334,0.04189382,0.041526426,0.042011347,0.04084624,0.042221826,0.042156175,0.04245566,0.040985942,0.04173915,0.04065485,0.041188028,0.042258833,0.041226167,0.042094313,0.041592617
0.04147708,0.041637417,0.04148688,0.041350078,0.041882668,0.04222956,0.04137378,0.04221939,0.042325124,0.042226177,0.04155651,0.042182393,0.041549377,0.043287225,0.04052353,0.04341857,0.040997732,0.040882546,0.040352896,0.04096766,0.04142208,0.041702826,0.040692553,0.042255916
0.041146934,0.041127104,0.041905455,0.04246315,0.041650992,0.041636005,0.041639686,0.0408861,0.042053383,0.041815657,0.042120747,0.041805476,0.042122133,0.04198066,0.042235963,0.042688992,0.040288355,0.041551705,0.04146847,0.040528946,0.04251281,0.042051733,0.041557632,0.04076185
0.04180713,0.04120247,0.041539557,0.04207313,0.04225007,0.04176482,0.04187814,0.04194673,0.041992582,0.04172761,0.041672666,0.04160485,0.040815618,0.041978326,0.041968007,0.042133607,0.040868923,0.041419968,0.040811293,0.04111852,0.042106297,0.040969923,0.042413812,0.041935902
0.041534282,0.040911417,0.04186911,0.04243295,0.04180441,0.0414307,0.04185965,0.04128688,0.04159749,0.041846648,0.04198323,0.04152114,0.041021015,0.041577455,0.042625643,0.042166736,0.040558845,0.041729864,0.041361976,0.040802874,0.042793162,0.041507337,0.04239995,0.041377287
0.04158648,0.041118972,0.041446164,0.04212332,0.04139295,0.041510873,0.041786984,0.04192149,0.04141033,0.042145245,0.041848972,0.04218701,0.04063661,0.04215615,0.04206444,0.042236514,0.04112789,0.041752305,0.040720876,0.04107084,0.0422038,0.041518845,0.042046916,0.041986026
0.0417248,0.040956944,0.04075174,0.042590585,0.041065667,0.041821994,0.042619478,0.042213924,0.041531835,0.042229634,0.04176416,0.042004723,0.04096492,0.042266533,0.04219399,0.042438637,0.041052412,0.04174335,0.040470377,0.040900867,0.04212909,0.041381214,0.042075273,0.041107915
0.041028623,0.042068124,0.041364767,0.04139439,0.041373387,0.040946387,0.040870532,0.041457515,0.041947715,0.042587597,0.04197894,0.04196003,0.0414556,0.04244209,0.04158094,0.042330503,0.040971525,0.04142144,0.04093019,0.04120996,0.04226985,0.0425803,0.041238356,0.042591285
0.04156341,0.040851437,0.041507453,0.042591132,0.041450758,0.0413989,0.04165076,0.042027045,0.041518975,0.041932143,0.042233445,0.041988544,0.04121603,0.041580748,0.04194946,0.041603025,0.041250173,0.041616373,0.041073743,0.041184813,0.04235861,0.041176613,0.042078927,0.04219746
0.040956803,0.041291755,0.04100943,0.04232928,0.041170284,0.041224588,0.04237445,0.042036295,0.041380975,0.04180937,0.041707873,0.04246454,0.041005734,0.04195836,0.041978996,0.04216217,0.04087998,0.042066906,0.041046444,0.0413136,0.042451784,0.042005673,0.04179921,0.041575536
0.041762676,0.041038387,0.04193261,0.042031165,0.042338423,0.04168966,0.040966697,0.0417156,0.041569855,0.042006016,0.04151906,0.04115266,0.04056457,0.041955546,0.041271772,0.0425503,0.04126209,0.041312944,0.041360814,0.041445084,0.04270842,0.041077744,0.042251058,0.042516768
0.041674633,0.041462142,0.041018877,0.042358242,0.04146027,0.041750807,0.041877355,0.04154477,0.04187004,0.041934602,0.041972768,0.042026374,0.04146579,0.04210014,0.04166348,0.04277422,0.040798582,0.04144245,0.040883016,0.041147154,0.04207472,0.041556515,0.041499,0.041644063
