0,1,2,3,4,5,6,7,8,9,10,11,12,13,14,15,16,17,18,19,20,21,22,23
0.06504471,0.07955889,0.008134472,0.01623806,0.059976805,0.0017489695,0.018864654,0.044450205,0.06833574,0.07697002,0.0013458978,0.045726515,0.07986422,0.07900188,0.028659761,0.07522798,0.017606279,0.07071527,0.026654277,0.03824297,0.04370224,0.01144924,0.017115328,0.025365617
0.029206086,0.06742644,0.008103787,0.049752794,0.061755273,0.027771464,0.066309474,0.057614934,0.028657487,0.014997378,0.025061285,0.081090316,0.029787837,0.060845897,0.019628203,0.055298742,0.013478849,0.074604414,0.011382008,0.026353782,0.033252876,0.08142487,0.0068176393,0.069378145
0.03957493,0.086621106,0.00085763546,0.0027839243,0.035112686,0.060245853,0.045816757,0.006130203,0.022318095,0.076147325,0.009958391,0.04433416,0.00914953,0.07733956,0.0003337482,0.06110852,0.017429883,0.0013694806,0.06894488,0.05393414,0.084201165,0.08710141,0.060273714,0.048912894
0.075598106,0.012699699,0.027608966,0.0008508372,0.0081658205,0.08468616,0.01923607,0.014898712,0.024562933,0.07606769,0.052955568,0.07456651,0.050684486,0.029501088,0.020183008,0.07003113,0.024829285,0.051691998,0.041528054,0.06441721,0.08615807,0.035570983,0.0050094416,0.04849819
0.034198128,0.071314774,0.06522512,0.052290007,0.032864437,0.043159615,0.015177447,0.0047999895,0.07224803,0.023652356,0.009212046,0.06585588,0.070977144,0.025181113,0.06897042,0.0003481121,0.058206867,0.03596481,0.059189133,0.04321791,0.037535656,0.058094174,0.042527907,0.0097888755
0.039231203,0.079578154,0.066971704,0.042373426,0.06513484,0.029876053,0.047737792,0.015111561,0.03599252,0.079423934,0.052543122,0.060353406,0.047244072,0.04927955,0.0064576636,0.051881358,0.022197058,0.0032152322,0.015675675,0.024800938,0.030421762,0.0512699,0.055823434,0.027405603
0.017392203,0.06085353,0.053826287,0.012764953,0.012515346,0.008730122,0.07747741,0.07184825,0.0803712,0.081378944,0.02759809,0.016983852,0.06375804,0.07776648,0.025313936,0.012839601,0.0018450677,0.02493077,0.034273565,0.061529506,0.0446179,0.04462006,0.0064523546,0.08031258
0.02400702,0.037601702,0.026263684,0.00020499899,0.06509218,0.03134357,0.070833944,0.03679951,0.010205806,0.036659252,0.07982667,0.011515108,0.03691165,0.0709859,0.013457294,0.05931341,0.060059242,0.06394586,0.01896501,0.080497466,0.051924553,0.015859563,0.016532738,0.081193894
0.038079847,0.0028842294,0.07232229,0.013467769,0.060475808,0.0312727,0.044313658,0.008878542,0.07186521,0.045172937,0.07370054,0.051515814,0.05181985,0.07094633,0.07307568,0.072756834,0.009462076,0.072343566,0.015043387,0.0059004724,0.003943478,0.045696408,0.013047374,0.052015167
0.08810358,0.014663227,0.013194598,0.023064591,0.04229455,0.01578428,0.03479016,0.045000423,0.047311,0.0536112,0.07181148,0.014074295,0.07382656,0.015995802,0.029780356,0.048824873,0.0029258393,0.045419868,0.017624155,0.08975444,0.086706,0.012110609,0.024760028,0.08856816
0.026568925,0.050954554,0.004651949,0.07163338,0.040904783,0.067746274,0.034918617,0.059504908,0.040512264,0.042768642,0.0026796598,0.051584315,0.034505848,0.06766932,0.05362446,0.049407978,0.001993298,0.03812939,0.028180126,0.06470752,0.0036862863,0.066814184,0.021772383,0.07508094
0.005163477,0.07779453,0.07625321,0.0024195353,0.047924038,0.0037089826,0.011653485,0.051847804,0.011340114,0.055748858,0.070271716,0.07446249,0.0715243,0.04402993,0.0727415,0.017421141,0.035873417,0.025433885,0.05959672,0.06647044,0.023192333,0.051524334,0.042036712,0.0015670912
0.05106314,0.024416247,0.049726024,0.0037303497,0.0303273,0.062396824,0.059512686,0.0042554894,0.059113167,0.066778354,0.024868235,0.07249723,0.045228522,0.03825948,0.06814768,0.07286658,0.053997133,0.014867032,0.005374479,0.046759732,0.0031214927,0.054505207,0.05227972,0.035907894
0.015677396,0.005628496,0.082257494,0.06021399,0.048381846,0.060404684,0.07388322,0.04360471,0.014571098,0.00034518747,0.06349079,0.019711098,0.042578258,0.026960673,0.075614795,0.0060256836,0.06778062,0.045998596,0.028021974,0.051219504,0.056096613,0.004798689,0.024266303,0.082468286
0.0024651212,0.016393725,0.024717528,0.03548424,0.02966608,0.05407975,0.07261742,0.021951627,0.016702,0.062006805,0.057932463,0.032235097,0.030109035,0.03200052,0.057814308,0.07475669,0.07510398,0.057356056,0.0145609295,0.06254193,0.07103293,0.059964273,0.008764926,0.029742531
0.06519493,0.110118784,0.0026645903,0.018010914,0.007596526,0.06822254,0.01385253,0.015884614,0.057319205,0.035158314,0.113419995,0.06639209,0.03497539,0.012351745,0.014811756,0.052455276,0.028842207,0.018916829,0.07552423,0.01674945,0.043077834,0.11115268,0.010810067,0.006497451
0.080248185,0.0038265446,0.034917567,0.082026124,0.0015496792,0.068690725,0.009499719,0.009891739,0.08176109,0.04653135,0.010109957,0.078470506,0.0010291276,0.0020615815,0.025334574,0.059601124,0.08245354,0.025885398,0.02693667,0.055999342,0.03323279,0.0668462,0.031092085,0.082004346
0.017666988,0.00055472145,0.0649001,0.012125714,0.03305819,0.038991563,0.0495147,0.0743077,0.07258634,0.07796713,0.012632179,0.048088465,0.06635713,0.03455983,0.0032939224,0.0022396694,0.01713709,0.0070716334,0.065735504,0.07822042,0.07129373,0.06853582,0.0132666435,0.069894776
0.024571195,0.023872871,0.077122524,0.062689416,0.07142136,0.04392391,0.071362354,0.07396912,0.068450674,0.030222587,0.004552917,0.004317347,0.043347914,0.027090969,0.069933854,0.013983728,0.07616793,0.019387674,0.07301884,0.019547988,0.020264968,0.067948356,0.008724897,0.004106599
0.060826484,0.013247316,0.00705037,0.014076855,0.061005227,0.04669973,0.012254062,0.03875932,0.03044117,0.0037121791,0.029893495,0.047050394,0.0056384536,0.061477363,0.07237578,0.08923746,0.07087633,0.01198057,0.0410153,0.087082155,0.062381722,0.034072228,0.027514407,0.071331635
0.041583337,0.013959856,0.068310216,0.05298046,0.08160749,0.0882414,0.031982657,0.075634524,0.011622397,0.016221728,0.021851113,0.012203276,0.02440998,0.015247918,0.045306988,0.012204007,0.08951175,0.009461637,0.07485364,0.024130162,0.08607248,0.08595929,0.011549141,0.0050945925
0.009662295,0.049939785,0.07462676,0.0024814687,0.04161972,0.061526075,0.06314728,0.029361434,0.05380205,0.005708724,0.019621922,0.016830781,0.04206744,0.018913006,0.033623412,0.06940749,0.027300907,0.017985882,0.040251985,0.045740273,0.07807151,0.077520356,0.04830525,0.07248423
0.023980241,0.08713219,0.005420987,0.047390565,0.027639462,0.065886535,0.053291332,0.020308161,0.053754855,0.016696384,0.04472365,0.07205166,0.007365821,0.035857618,0.088049956,0.087819524,0.0053023472,0.0066911266,0.080170736,0.06465841,0.0063021453,0.008500856,0.09040934,0.00059603987
0.0065697776,0.03761148,0.024094569,0.03164622,0.03463532,0.08053768,0.07512098,0.018243236,0.017256284,0.056944642,0.06502244,0.022666076,0.037311822,0.0024489956,0.04343915,0.060605608,0.031496022,0.003929718,0.04688089,0.045365486,0.050987843,0.084958695,0.04621768,0.076009385
0.065724716,0.0264379,0.06292357,0.029824143,0.008505754,0.07235271,0.067623734,0.058709484,0.04595039,0.07519551,0.0009227797,0.026356958,0.044463612,0.05388144,0.0021757076,0.04965464,0.07612213,0.031354345,0.01574723,0.01825339,0.06609835,0.00581967,0.017044438,0.078857325
0.007992906,0.058830664,0.06391423,0.049753804,0.021200204,0.064576626,0.03525351,0.05369978,0.0645009,0.038929787,0.034972392,0.054369684,0.048942745,0.05855005,0.06293063,0.06415373,0.05914945,0.008098578,0.035987847,0.0074185114,0.017375987,0.03675758,0.0154139465,0.037226446
0.07523765,0.062017802,0.025027897,0.06638716,0.075040095,0.010286392,0.041140217,0.06653166,0.01587901,0.011981248,0.07113699,0.07589213,0.07235502,0.0569237,0.013044153,0.033307023,0.067515135,0.05460402,0.017664127,0.0037713433,0.01666023,0.0052895793,0.029951526,0.03235593
0.0013493679,0.07690944,0.06556923,0.00400374,0.027235178,0.06355279,0.011319774,0.07174782,0.07803687,0.06322045,0.07276353,0.026494404,0.029633623,0.050292745,0.032486357,0.0071480772,0.06981918,0.06930172,0.020995323,0.0582724,0.012826841,0.017139575,0.064013645,0.005867903
0.025054406,0.05170991,0.0008206517,0.056056816,0.05767171,0.06141542,0.025098372,0.06472839,0.05626285,0.04367193,0.07238084,0.028628822,0.014226727,0.04551408,0.0010292443,0.042205375,0.038525503,0.065999955,0.049255535,0.040745717,0.048028026,0.036968075,0.0064298008,0.06757185
0.057414837,0.07623016,0.06719463,0.011921552,0.014502679,0.039994627,0.0415723,0.047161475,0.049942523,0.051555663,0.07537506,0.035677157,0.03009627,0.043457933,0.04795372,0.028960811,0.0637552,0.034030393,0.044473,0.015496132,0.05454288,0.02462263,0.027082141,0.016986214
0.030734457,0.014624108,0.014385724,0.0095879035,0.014700474,0.07567477,0.00981087,0.015431491,0.030843593,0.02656871,0.06813576,0.04908796,0.05838252,0.05826944,0.070382774,0.05502552,0.05855723,0.074467935,0.011297072,0.06931361,0.07544452,0.033713825,0.029375387,0.04618436
0.06890929,0.0010421106,0.013907966,0.002402273,0.034485877,0.07559335,0.01324627,0.018220132,0.07407801,0.010779345,0.06945295,0.060360417,0.0520295,0.040402636,0.0032033368,0.0665407,0.003772611,0.045573678,0.061482698,0.074591905,0.054586526,0.07604076,0.040793847,0.03850384
0.08196289,0.0045762286,0.04146132,0.079920754,0.04036768,0.007908225,0.0037556195,0.0013839349,0.08079348,0.07256929,0.032148726,0.03248,0.023626179,0.08424148,0.00037759836,0.08342749,0.030810226,0.027787667,0.060148805,0.05281735,0.075003065,0.0021503745,0.0009191502,0.07936241
0.013622777,0.039318725,0.068401426,0.002791927,0.0048504556,0.027383903,0.0072303945,0.06703812,0.018785572,0.000129297,0.057130735,0.06083657,0.03885346,0.06236891,0.040060975,0.05216257,0.057447128,0.07399431,0.024183728,0.04759485,0.07977257,0.06676596,0.03461643,0.054659203
0.016840631,0.009125823,0.051976055,0.009912522,0.08297263,0.011480908,0.07689865,0.089580886,0.07441155,0.0018610854,0.08390724,0.015391384,0.08409305,0.0820165,0.029927421,0.006707952,0.0076354127,0.021668555,0.027901724,0.0093821725,0.078485005,0.08887063,0.031089304,0.007862896
0.0044252863,0.06915556,6.087095e-05,0.016557114,0.08808525,0.032322723,0.009182031,0.022292625,0.10194448,0.07286156,0.09544847,0.098771796,0.047942396,0.07332523,0.011277599,0.022761764,0.041476205,0.007025945,0.008238541,0.082810946,0.06909737,0.019535791,0.0003548372,0.005045551
0.02085771,0.022426642,0.03890632,0.011642375,0.041067787,0.079999976,0.08375494,0.07010584,0.061727885,0.041662738,0.033806667,0.047179848,0.06907082,0.001243134,0.054352805,0.0070663113,0.0019605781,0.0878797,0.08613471,0.05593209,0.053026106,0.00990904,0.0020709678,0.018214976
0.06645303,0.049007572,0.06851668,0.046288595,0.02683158,0.0038267921,0.07885208,0.0036509943,0.06340843,0.062259704,0.06090411,0.05782587,0.008570015,0.015513582,0.021789005,0.0013736015,0.035309657,0.083511904,0.062431816,0.08642394,0.017292961,0.048882578,0.027159711,0.0039158044
0.0065789395,0.09542078,0.007239804,0.009538094,0.04239345,0.06101382,0.04897674,0.08663978,0.016681379,0.058665622,0.05190291,0.0026928596,0.000938281,0.026062684,0.028004825,0.080967695,0.08030439,0.08167241,0.06998222,0.038008045,0.041189324,0.044615902,0.012025614,0.008484429
0.07422838,0.011295235,0.04842431,0.042301543,0.018304415,0.04080477,0.008264669,0.073052414,0.00090954406,0.06221643,0.0658611,0.07101972,0.0014422041,0.028978808,0.042963076,0.054724503,0.0490583,0.066846676,0.062549196,0.0416872,0.056112427,0.07406992,0.0018355169,0.0030496328
0.053597763,0.06891341,0.00034051327,0.05997215,0.064316094,0.005092205,0.06811384,0.059453133,0.0665977,0.044423316,0.024168821,0.061904505,0.06587836,0.034438033,0.014191916,0.041765407,0.02938922,0.0057174447,0.012698919,0.052373935,0.051761437,0.041237045,0.022048155,0.051606655
0.039422814,0.08169443,0.0026225338,0.017342366,0.04385333,0.014874583,0.05393616,0.040989287,0.07718614,0.027123934,0.0304996,0.07179863,0.018739143,0.021888632,0.0788024,0.0523392,0.0048669213,0.0034329856,0.07635602,0.080642216,0.0791916,0.010149237,0.012501888,0.059745945
0.056099914,0.02820988,0.008466731,0.013678936,0.05311445,0.048698813,0.022378692,0.03625076,0.06886931,0.026244713,0.063340366,0.048964605,0.020902658,0.027481167,0.068116635,0.005693049,0.068793885,0.03987975,0.041451305,0.039482083,0.05173754,0.044169027,0.04615453,0.07182117
0.06503618,0.04310966,0.061449993,0.06802184,0.0273529,0.032233916,0.0005940064,0.05385913,0.06828695,0.006128326,0.06420993,0.013463211,0.007282572,0.033625852,0.068248376,0.06549506,0.04934922,0.017255144,0.0015346408,0.021887133,0.06596969,0.07172254,0.02695315,0.06693056
0.058294136,0.0041431985,0.052064013,0.043963093,0.0035338935,0.0053645,0.08627471,0.009664378,0.08338767,0.029816745,0.020013943,0.022890594,0.07792851,0.01580777,0.034660745,0.035651024,0.061745334,0.01871615,0.027667245,0.067269936,0.06432909,0.074165985,0.013892997,0.088754304
0.03308436,0.033677455,0.01977504,0.00961722,0.041013654,0.023588968,0.05095555,0.048050754,0.051836953,0.030675737,0.038735133,0.0029145908,0.08266405,0.042468555,0.026850605,0.041711006,0.08724661,0.0108624315,0.07838779,0.05204131,0.005412415,0.06908758,0.05503846,0.06430371
0.011608296,0.02576807,0.075315885,0.058871455,0.035027895,0.024410874,0.039453723,0.07021995,0.06436151,0.034117788,0.08976416,0.04146905,0.027626893,0.03757836,0.01769147,0.0020561705,0.060419086,0.0854282,0.0023647293,0.013245232,0.08608752,0.005773206,0.08597255,0.005367918
0.06664267,0.0012223789,0.008684156,0.057689443,0.030582907,0.079488374,0.042052582,0.07391759,0.036829572,0.011651543,0.039474078,0.029911973,0.065118864,0.07980949,0.08135995,0.060960114,0.0135655,0.07149775,0.025262455,0.00712865,0.012138197,0.0804686,0.0065763076,0.017966859
0.08901033,0.07164927,0.035791617,0.043731686,0.005192062,0.017982138,0.032152247,0.007626099,0.0864484,0.087786645,0.009040384,0.06858047,0.08434351,0.0223345,0.033872068,0.015494332,0.047337834,0.00010788362,0.07927885,0.01301354,0.029121596,0.06106897,0.031748265,0.027287247
0.04435135,0.022811593,0.077095054,0.010855659,0.07045845,0.066632845,0.074323416,0.060311686,0.04002742,0.013184346,0.016695993,0.010290657,0.011843057,0.03749757,0.07934702,0.014274094,0.07580729,0.044266526,0.009387936,0.0031908634,0.08042328,0.01972592,0.03340827,0.083789684
0.00086391985,0.01835908,0.000376581,0.0122135,0.065100454,0.0116055645,0.07411338,0.013244129,0.04899839,0.066002645,0.061687768,0.07336543,0.00522284,0.037234712,0.065156,0.024163911,0.01963126,0.073443055,0.058530603,0.018055467,0.07060789,0.08179741,0.037894346,0.062331684
0.058490776,0.025166634,0.010411041,0.057296455,0.07377476,0.03513419,0.010669105,0.0061023883,0.023390176,0.07429515,0.046232782,0.08329322,0.085088484,0.02800602,0.0112244375,0.081151836,0.012049923,0.068863876,9.941241e-05,0.018178757,0.07466843,0.06555447,0.018382618,0.032475047
0.007118931,0.045558337,0.0674623,0.029268002,0.04418642,0.085854344,0.08260095,0.026767878,0.08336347,0.02344288,0.03106821,0.07354464,0.02517478,0.004909799,0.07196462,0.015046049,0.021435682,0.06864345,0.05024979,0.003133434,0.040660646,0.060391128,0.0069533195,0.031200979
0.029597191,0.069010094,0.021392299,0.0028521698,0.033299122,0.06795636,0.026949205,0.06365998,0.00073942234,0.0070452387,0.06603165,0.012280733,0.03923727,0.05835732,0.021455772,0.050175663,0.051085472,0.026803968,0.059474923,0.047809478,0.06589341,0.059671458,0.0664027,0.052819084
0.07010863,0.05022887,0.020393357,0.058353495,0.043984648,0.06479363,0.05503241,0.020079745,0.009478055,0.010614955,0.061588623,0.004420591,0.0864832,0.08152203,0.016067954,0.006544478,0.059833515,0.08939393,0.057925284,0.0148087265,0.023890216,0.05942032,0.027638502,0.00739481
0.062468536,0.029530993,0.04684107,0.008896837,0.025290245,0.04444271,0.06862786,0.034613013,0.014139659,0.0498411,0.04185184,0.011001696,0.03969173,0.060618196,0.06513109,0.053010933,0.008514387,0.04159723,0.051753994,0.048610166,0.009083979,0.06999962,0.042605136,0.0718379
0.06240469,0.02282879,0.07601566,0.03716083,0.06673479,0.026640642,0.043725595,0.03199434,0.053530663,0.050206065,0.06916718,0.023935053,0.03081406,0.023553453,0.07074816,0.06530466,0.035140853,0.003537139,0.063057035,0.004896115,0.06573058,0.008610391,0.03555768,0.02870559
0.00537878,0.044611614,0.031657387,0.0703276,0.006871225,0.02832993,0.048037533,0.0106957,0.010196718,0.040134996,0.07728963,0.05338127,0.062763155,0.0051223985,0.071300104,0.0469014,0.066859975,0.025390966,0.05433938,0.078964956,0.073226795,0.03108936,0.037158597,0.019970555
0.00020443619,0.07620379,0.06481575,0.033685286,0.039714016,0.07555268,0.005711484,0.07752796,0.012811177,0.075876765,0.037253987,0.07266969,0.030285528,0.0145047745,0.002575792,0.07954109,0.07623329,0.031071506,0.03211087,0.00065442297,0.06198962,0.04555287,0.002314598,0.05113861
0.09261617,0.0036228,0.06290345,0.006519377,0.05870219,0.058493275,0.041392975,0.0051121605,0.01936595,0.0019844708,0.00011005377,0.08045575,0.02955832,0.016787706,0.057993606,0.052885022,0.086982585,0.03763935,0.006704614,0.0009069729,0.07343813,0.068079434,0.050780106,0.08696553
0.044464678,0.058109537,0.029621134,0.051887237,0.0147306025,0.07526427,0.030349981,0.0017693726,0.0777333,0.005942389,0.06917174,0.0236881,0.026806407,0.037347417,0.07207386,0.019810002,0.024061827,0.06634114,0.07304397,0.004266087,0.027259909,0.03779414,0.0757078,0.052755088
0.069227,0.06514774,0.027082318,0.012604269,0.0352915,0.067783765,0.06905643,0.029289376,0.0020439508,0.06871485,0.028039264,0.06339805,0.02249646,0.040696178,0.06986732,0.034662925,0.03680345,0.06912222,0.007878509,0.009725918,0.038657755,0.020948038,0.050308894,0.061153732
0.01182558,0.07661917,0.045880713,0.022417288,0.04616786,0.07317178,0.064059235,0.0012094985,0.003691962,0.070753686,0.07505665,0.066749424,0.08017426,0.057668876,0.0318356,0.0054181237,0.0318912,0.017738841,0.072541684,0.043451644,0.04278001,0.0001741529,0.03677987,0.02194284
0.07540291,0.028451918,0.0141957905,0.013241132,0.047977023,0.073040314,0.012813722,0.024539273,0.06534344,0.06270079,0.022239514,0.05852892,0.009699937,0.052679073,0.033197284,0.07166371,0.014166461,0.07404059,0.05730025,0.02850672,0.060359154,0.027997317,0.033309046,0.038605668
0.09860338,0.007462055,0.039298728,0.052061338,0.06621012,0.04510604,0.09999034,0.02553829,0.0016534955,0.04272089,0.053518314,0.07112845,0.08004155,0.0042491066,0.026867945,0.0053857197,0.0036872386,0.02478881,0.05455622,0.07256195,0.006386274,0.011997019,0.031012814,0.07517382
0.01875219,0.0009739829,0.035888173,0.04976323,0.020903496,0.0048940256,0.052304085,0.08939838,0.07782043,0.011787871,0.060429208,0.0032157847,0.08783716,0.064783074,0.053691447,0.07106898,0.06355153,0.029970704,0.0038400504,0.063498266,0.08751331,0.03973567,0.0053359536,0.0030429468
0.056958858,0.061295297,0.04511603,0.03233356,0.06628082,0.05944968,0.037577186,0.06459529,0.024112748,0.04998655,0.009565948,0.02570086,0.049822297,0.025085142,0.041812588,0.07297775,0.03058332,0.054383405,0.056624915,0.046033654,0.034637712,0.005246861,0.0488798,0.000939743
0.011062211,0.049916532,0.07709092,0.021339726,0.06288376,0.024245173,0.08611877,0.06342896,0.005485249,0.015649503,0.0029924242,0.08166546,0.053753298,0.013655329,0.04903809,0.08019789,0.047461048,0.0012386991,0.025339125,0.067539714,0.05439698,0.004469687,0.05240439,0.048627038
0.0038582103,0.048001207,0.042169802,0.060374394,0.042853184,0.009059766,0.06824675,0.0638797,0.06683753,0.032438584,0.0075305207,0.06909585,0.04658601,0.06472425,0.06921689,0.052724093,0.003916522,0.05472009,0.029226154,0.019873641,0.06745969,0.032306056,0.0069060996,0.03799499
0.05291497,0.005455017,0.0039723427,0.097715326,0.012289054,0.10012193,0.0028802033,0.013102762,0.05123484,0.052069023,0.0024077478,0.09984495,0.089589946,0.03976186,0.09440491,0.036426306,0.08966393,0.022252623,0.016863342,0.008593844,0.0978192,0.003345051,0.0011676566,0.00610309
0.015411869,0.0039321366,0.010025678,0.037235398,0.062882,0.02979165,0.004738423,0.004740804,0.003474446,0.028313935,0.028930532,0.0448004,0.020453554,0.043107614,0.07150375,0.08267104,0.042114932,0.09365941,0.08826384,0.081708446,0.022167077,0.08039684,0.07345484,0.026221422
0.052065592,0.07206009,0.07427701,0.06875739,0.0027894296,0.071502075,0.07049994,0.020839594,0.04486548,0.027737854,0.019276787,0.03520037,0.022061607,0.009007779,0.077075735,0.029742142,0.040054258,0.07613416,0.04254176,0.008553826,0.07516037,0.011079391,0.0094993105,0.03921807
0.03956508,0.07857215,0.017819025,0.069526166,0.04972591,0.052501846,0.0070356713,0.0034872177,0.016493667,0.02295424,0.07225642,0.07322099,0.04340115,0.061969105,0.056803435,0.05984064,0.06441615,0.023207257,0.011565071,0.011339119,0.059488006,0.068786256,0.035565667,0.00045980787
0.06992881,0.059623137,0.026102722,0.004804084,0.020673249,0.07193927,0.069771685,0.012934355,0.033939935,0.037932836,0.025850864,0.07137596,0.016862469,0.05389519,0.019837396,0.04542806,0.0727853,0.04228815,0.0735915,0.038588837,0.041973524,0.00973572,0.026646705,0.05349021
0.012248458,0.04030453,0.076589726,0.001064982,0.060101252,0.015298215,0.014696086,0.022185031,0.07683607,0.07516839,0.07800524,0.06245496,0.028691698,0.009829011,0.0466062,0.037174135,0.044061724,0.042743135,0.06326402,0.00036428258,0.03969905,0.07705735,0.06707827,0.008478157
0.0057677366,0.08166059,0.0017521608,0.0826878,0.013054722,0.026022783,0.083590314,0.02327119,0.0065543656,0.06049117,0.06762113,0.010470831,0.015859881,0.007956813,0.024700109,0.08612404,0.08793365,0.04529355,0.036785796,0.023319142,0.048403475,0.06437931,0.010686145,0.08561326
0.028948456,0.08124014,0.0020559877,0.03943509,0.051442742,0.0055097607,0.039075244,0.071898565,0.07921999,0.07085546,0.04915225,0.0681258,0.008924317,0.057708364,0.015730742,0.016567385,0.074913494,0.054632775,0.06400516,0.0018844994,0.048940256,0.017205957,0.036583655,0.01594392
0.018877912,0.06660268,0.013774296,0.0012460054,0.06536275,0.07531084,0.06968367,0.04186708,0.073505886,0.06130275,0.029461287,0.0022483263,0.011410999,0.015331732,0.070887126,0.014957745,0.07271787,0.048141476,0.043996144,0.042398646,0.06334916,0.03057195,0.06437078,0.002622902
0.00066436664,0.004164164,0.08156643,0.020414207,0.08093833,0.07289909,0.02654334,0.073679194,0.046265233,0.07176609,0.020196857,0.08058827,0.05521155,0.03434181,0.02340342,0.017388673,0.0792677,0.013788443,0.05996998,0.07299789,0.0048081367,0.0015624586,0.055037823,0.0025365185
0.060031682,0.04647343,0.07980261,0.084610306,0.0126344925,0.080177575,0.008366862,0.005752043,0.004091448,0.06812315,0.02423759,0.030786632,0.017750194,0.031025117,0.03961958,0.03682702,0.036487535,0.07789016,0.07380861,0.028609604,0.028883494,0.005516168,0.031116936,0.0873777
0.009213438,0.060848832,0.054758605,0.049475458,0.026107332,0.019485082,0.07066906,0.025495084,0.073541895,0.0009756562,0.06641747,0.04408013,0.008110496,0.02573979,0.039643172,0.067282856,0.058625273,0.059568487,0.058167472,0.015364842,0.06342217,0.027814636,0.04120298,0.03398978
0.018083563,0.05926808,0.03244701,0.02060061,0.036862843,0.054535337,0.00086834317,0.05336695,0.04978472,0.0006226987,0.056580763,0.06720411,0.059566144,0.050242048,0.011319486,0.05432114,0.0018327852,0.06718357,0.0127573535,0.04267273,0.08597367,0.085403144,0.026941454,0.051561438
0.028468926,0.038594965,0.0014999826,0.0033076222,0.02558399,0.021473411,0.01888418,0.074978866,0.039436262,0.07999775,0.068466164,0.009291354,0.07066371,0.00984462,0.022181103,0.0796977,0.02020551,0.03474678,0.026362026,0.06615509,0.07838686,0.07743058,0.030605566,0.073736906
0.061633296,0.0015753562,0.067032546,0.0001824494,0.019877745,0.008252046,0.07889542,0.014493752,0.0637024,0.044197496,0.0030120658,0.08619178,0.006927266,0.09686576,0.08639468,0.012760943,0.032126028,0.006053557,0.025958773,0.10392703,0.0092100715,0.074204035,0.0037049935,0.092820466
0.0652512,0.04795889,0.010158642,0.012047168,0.06891321,0.05261589,0.03783492,0.061277926,0.06821605,0.06743226,0.03518078,0.037667554,0.028392741,0.010098789,0.046920642,0.046814367,0.06494452,0.069855,0.030437248,0.04477149,0.030751765,0.058631778,0.0035340989,0.00029301856
0.016466858,0.04918111,0.036588345,0.0789631,0.035103463,0.07073935,0.07735868,0.066204004,0.012481737,0.06465259,0.01509547,0.07243997,0.00563461,0.0017890629,0.070808195,0.01732619,0.02720229,0.058756735,0.06198402,0.045540992,0.040432744,5.1362782e-05,0.00063840253,0.0745607
0.030564468,0.012835028,0.038692847,0.020417461,0.06418927,0.046674695,0.074252754,0.002801936,0.03492969,0.025340782,0.06846175,0.0769555,0.00084802957,0.078164615,0.0648661,0.047672726,0.017630424,0.0027286264,0.06958635,0.07953318,0.033758614,0.058495287,0.0023300992,0.048269745
0.05908143,0.005740273,0.083940715,0.07496761,0.047915593,0.0027761096,0.0074249785,0.0062684924,0.07810261,0.02598877,0.007728691,0.041955728,0.07548752,0.017842581,0.080676295,0.05305634,0.07990009,0.018116869,0.015876621,0.023893712,0.073893994,0.08230872,0.03071623,0.0063400147
0.06443729,0.07831839,0.00016487562,0.049306113,0.07671846,0.0074685756,0.007736102,0.023500964,0.060046364,0.0048798877,0.041741885,0.09407079,0.01144558,0.027975978,0.036575228,0.05417382,0.044184595,0.027276244,0.091710225,0.044491366,0.06461677,0.060726635,0.012383195,0.016050685
0.05336126,0.029432662,0.021785047,0.06496529,0.05644114,0.061915003,0.06288406,0.030115243,0.0607113,0.026084194,0.004982866,0.0678952,0.015530276,0.06686369,0.0026017628,0.016993515,0.02028729,0.05690754,0.048437376,0.051650215,0.04167952,0.06499999,0.014789799,0.058685787
0.041840196,0.0005604898,0.0065794727,0.033002287,0.032678418,0.06235465,0.053736553,0.055082433,0.041861176,0.018953592,0.033476006,0.05198389,0.008971483,0.05762831,0.05915713,0.019774586,0.061233155,0.007181167,0.06308598,0.07100287,0.07154452,0.02542527,0.056363758,0.06652261
0.05407833,0.024097368,0.025227757,0.06616072,0.055535667,0.0006486975,0.048194293,0.018439408,0.07482334,0.039107393,0.007902342,0.028234921,0.027858304,0.070444584,0.0013453652,0.05544815,0.07719506,0.008881577,0.049891237,0.032401007,0.06765996,0.07229383,0.022955,0.07117567
0.05649844,0.062716044,0.051678028,0.06973435,0.04695747,0.049999535,0.013601257,0.014715212,0.040891517,0.05969798,0.034751095,0.051575318,0.059724394,0.010834075,0.05589616,0.0017612501,0.04450033,0.047887713,0.010794317,0.046820633,0.02047675,0.030604629,0.047722187,0.07016135
0.067214094,0.07374668,0.005054266,0.06233042,0.043813206,0.01113803,0.063261926,0.014465307,0.009225093,0.025877912,0.008931874,0.036873724,0.0025665495,0.061967287,0.06281106,0.08439133,0.049027227,0.0075229667,0.045547403,0.060372062,0.0683712,0.055165764,0.07842137,0.001903179
0.04151869,0.013825609,0.042511847,0.012775241,0.0022341334,0.005471184,0.004759529,0.01800076,0.028689124,0.06418152,0.04166277,0.055322558,0.07447974,0.031137431,0.08205378,0.048742827,0.003618923,0.07544163,0.07190468,0.077011995,0.039586946,0.069030784,0.061582763,0.03445551
0.07088093,0.008637875,0.067135535,0.076184556,0.015849305,0.013317448,0.069295265,0.059848513,0.013303155,0.054472294,0.00022776065,0.07733446,0.013238942,0.04723747,0.029097566,0.058147226,0.012736675,0.06581761,0.03026441,0.0013764212,0.053022802,0.063723214,0.070958905,0.027891625
0.016872743,0.05686205,0.06790335,0.00419552,0.07838171,0.05178864,0.052198,0.026504619,0.039189864,0.0018215898,0.0021487437,0.07722507,0.07394568,0.029858619,0.05768033,0.024634263,0.075063586,0.010769883,0.077253744,0.05414381,0.01610755,0.014149539,0.06205327,0.029247832
0.028166194,0.06869853,0.009743189,0.07039341,0.08066934,0.04939712,0.011598063,0.034133118,0.06315686,0.0061034616,0.01073071,0.015519334,0.033101007,0.08261297,0.053843424,0.08664077,0.053870924,0.018400349,0.082752734,0.058219224,0.010974774,0.008035797,0.0069188876,0.056319796
0.04398673,0.03681379,0.008420686,0.07770757,0.016234104,0.06246856,0.022300351,0.07474343,0.028504902,0.0063166553,0.06992603,0.08890372,0.040833242,0.034334563,0.0429904,0.0071992087,0.01594484,0.091992386,0.052862655,0.033971593,0.08775751,0.019971134,0.0039351834,0.03188074
0.041568205,0.0747918,0.009788264,0.010084644,0.011542518,0.073945574,0.008805085,0.06506246,0.008329467,0.0015438171,0.00597108,0.07364303,0.044623937,0.07342582,0.0685988,0.0685448,0.07684302,0.07467521,0.04413396,0.056264035,0.0012155502,0.017842095,0.01922796,0.069528855
0.010302114,0.0751115,0.00139873,0.04948945,0.001616513,0.07748803,0.020029528,0.06987614,0.025771504,0.057793815,0.0126503445,0.07165933,0.05928024,0.0022599204,0.010294365,0.07367488,0.024794264,0.08811536,0.06439296,0.024574494,0.0038484558,0.066311486,0.02735968,0.08190681
0.0057484945,0.056544162,0.06734663,0.07726486,0.07139582,0.05336362,0.009329984,0.029448709,0.029777473,0.0431406,0.044666972,0.07565262,0.0302304,0.031206299,0.040971544,0.031854566,0.03970351,0.04771068,0.022386363,0.0021452375,0.06744078,0.07522824,0.007721982,0.03972044
0.03287401,0.08256336,0.0020304478,0.083022006,0.0028526254,0.022769757,0.025888925,0.065553404,0.026349872,0.073011614,0.08474133,0.027545368,0.015288332,0.023803502,0.06235304,0.033114605,0.0120919105,0.0024385876,0.071340576,0.0013382507,0.07904332,0.07031119,0.015356173,0.084317744
0.046969835,0.059056282,0.06099221,0.049278468,0.002772361,0.046311665,0.062433213,0.047407396,0.025087452,0.01642954,0.041799933,0.054096363,0.039383624,0.031208653,0.015665391,0.062319387,0.046456397,0.04753076,0.050641384,0.028451042,0.037175953,0.057213318,0.015011381,0.056308016
0.055354226,0.06552368,0.01487853,0.030616883,0.08046203,0.0554069,0.041443817,0.07917398,0.026817126,0.01380186,0.07361353,0.024444152,0.059959073,0.0010414158,0.019615268,0.028581986,0.013829538,0.06035315,0.06590787,0.047266748,0.05658917,0.034609027,0.006456721,0.044253327
0.047430936,0.024596151,0.017533131,0.030279024,0.07675773,0.059670463,0.056173287,0.067712486,0.007742938,0.07646211,0.075810894,0.015136904,0.0040924386,0.06684802,0.0017401606,0.043496273,0.01827753,0.06406068,0.009074371,0.059272893,0.034558292,0.066358104,0.016437287,0.060477857
0.017383305,0.096800834,0.059384987,0.087531544,0.0059953756,0.010451013,0.012026108,0.009647298,0.04499641,0.09397101,0.013650543,0.07653059,0.034131903,0.025929632,0.015677515,0.015026808,0.0680272,0.023573823,0.0069406442,0.060738146,0.09801175,0.03422913,0.08732788,0.0020166072
0.075607404,0.07275362,0.015231936,0.022351384,0.066649094,0.0131449,0.039523784,0.07365368,0.005237955,0.08076655,0.0036502588,0.06791253,0.034666546,0.07824723,0.057664145,0.022934254,0.0051806336,0.07183277,0.07901593,0.05051513,0.02192023,0.0105961,0.016104545,0.014839393
0.01120724,0.04067867,0.009748327,0.091034286,0.07138982,0.009396533,0.02765317,0.066780336,0.04153029,0.073934294,0.041594043,0.036249783,0.08603704,0.0066761384,0.011399746,0.05863389,0.04074641,0.026664045,0.07152373,0.026411438,0.018465959,0.057671946,0.03643345,0.038139414
0.0012828792,0.062284607,0.018238496,0.002287813,0.07525826,0.08055409,0.05505565,0.032696098,0.04912273,0.057588305,0.04604152,0.010530884,0.008109154,0.07022979,0.06957728,0.042562846,0.052172605,0.0757481,0.06483163,0.051300816,0.019583821,0.030867182,0.023435354,0.0006400714
0.012352792,0.08539837,0.0076297782,0.04728939,0.012507358,0.056541752,0.070932776,0.0057696938,0.0064465296,0.030321404,0.074180126,0.047558453,0.0047437088,0.06785577,0.09358957,0.049433753,0.046398863,0.014628725,0.028907634,0.052007396,0.066575095,0.06862615,0.022439377,0.027865564
0.024518944,0.07633818,0.023495551,0.008669242,0.07607265,0.066473186,0.007309431,0.049215134,0.015742712,0.004114083,0.06889575,0.07780229,0.018459909,0.04182325,0.01044219,0.013617701,0.07268615,0.078659445,0.025954982,0.024694674,0.0650912,0.07332987,0.073687896,0.0029055553
0.07557548,0.025316471,0.026618142,0.025176665,0.0023937281,0.082350165,0.03808961,0.003963,0.07461286,0.003567405,0.035862654,0.06620338,0.07306422,0.067117006,0.041605372,0.01875599,0.08189104,0.05601218,0.013571065,0.03483601,0.061518505,0.077728055,0.0035369073,0.010634041
0.013045897,0.037638813,0.012531429,0.049192004,0.027273746,0.040177587,0.06533499,0.071504846,0.06535653,0.03932204,0.042812716,0.0522042,0.06739627,0.02804789,0.00974804,0.0152278505,0.056610465,0.050440386,0.070408665,0.026338676,0.032062568,0.05618313,0.003972988,0.0671683
0.08817816,0.00626511,0.0066206865,0.01223424,0.077020675,0.015111363,0.021635236,0.009101558,0.0752657,0.09117929,0.01651324,0.071397014,0.07100621,0.0014069206,0.049969066,0.043426134,0.028846046,0.03122939,0.0775557,0.027501965,0.04199834,0.0639454,0.052802257,0.019790249
0.052676402,0.02282527,0.04810937,0.060629897,0.007943414,0.043485932,0.0355108,0.05710736,0.056547817,0.07486861,0.022732561,0.05976925,0.058467995,0.008373611,0.048886072,0.06494311,0.0014579797,0.03986645,0.03557742,0.03455557,0.06066343,0.011676163,0.05083586,0.04248965
0.023572078,0.07009586,0.06682217,0.07154891,0.024799822,0.039443534,0.05269792,0.018965106,0.0073496383,0.027999569,0.073349595,0.04564627,0.020363417,0.06783504,0.049367495,0.049867265,0.022977425,0.022824332,0.059739064,0.03411417,0.037687108,0.052492205,0.030211646,0.030230368
0.08013574,0.0043113823,0.02308172,0.0874243,0.059959818,0.051228885,0.08630909,0.08136673,0.010946195,0.042829633,0.039973248,0.081665985,0.040003944,0.016249923,0.026311351,0.017813282,0.07932871,0.008848209,0.0024237966,0.01406635,0.010016989,0.028478865,0.0201604,0.087065466
0.025288578,0.007653476,0.041638263,0.074552834,0.028002713,0.021992262,0.047287658,0.07040475,0.01282799,0.07512142,0.048609383,0.010483388,0.018106291,0.02845762,0.070834935,0.027554829,0.0689548,0.022208838,0.040458668,0.0040891394,0.07116942,0.07440375,0.04988719,0.060011808
0.016514435,0.08295513,0.052117374,0.026325652,0.024393793,0.0627459,0.08479759,0.042504862,0.06563133,0.07138207,0.0018169621,0.027406987,0.046913642,0.09303193,0.0019005989,0.038699668,0.008270553,0.030217025,0.04102576,0.008508913,0.048135053,0.07631395,0.029011954,0.01937884
0.03278869,0.018077098,0.04145182,0.070550136,0.06570581,0.065805174,0.0113010155,0.033919577,0.06877445,0.06803891,0.063844055,0.018635022,0.011222687,0.026395757,0.06938065,0.07052663,0.030797582,0.022168783,0.045218997,0.055559043,0.029240951,0.0033840402,0.041907746,0.03530537
0.004425442,0.059035074,0.023062851,0.07665186,0.05629841,0.054973483,0.0076768342,0.015753912,0.039517082,0.079674855,0.0613382,0.04244034,0.082792304,0.010657603,0.030900037,0.08358515,0.0017871367,0.05080251,0.00096496905,0.06434326,0.0076783844,0.006027936,0.08526113,0.054351244
0.044836573,0.049415458,0.07303125,0.034434464,0.00014077529,0.03342942,0.023434442,0.036390215,0.03953944,0.049539063,0.08885421,0.0588991,0.048415516,0.048974827,0.06160199,0.025045855,0.013787931,0.010916986,0.020673921,0.027977705,0.067854,0.08671501,0.006313982,0.04977785
0.070211746,0.0025325625,0.04757532,0.0015369434,0.069845766,0.0131376935,0.024262652,0.07746386,0.028833853,0.05123725,0.032431312,0.035175994,0.02401772,0.045209218,0.040945664,0.057065085,0.07871425,0.0387182,0.036906414,0.05230786,0.0710358,0.019454153,0.009267461,0.07211327
0.09601718,0.02217994,0.017463665,0.014933586,0.011300947,0.044644106,0.031730924,0.08616111,0.06918183,0.067507096,0.049441885,0.030864036,0.097106546,0.04851514,0.0018118835,0.04704506,0.08723129,0.008265824,0.022425449,0.015282468,0.029784102,0.074992895,0.014222846,0.01189012
0.07203897,0.06262241,0.025888331,0.03132539,0.023326308,0.010193737,0.017358774,0.058630824,0.0075292997,0.05840293,0.044780973,0.06826122,0.013178545,0.07583001,0.07635,0.05933593,0.0057808002,0.039589368,0.045603316,0.050236207,0.037910108,0.0051705213,0.03313081,0.077525176
0.016444292,0.08309091,0.022831637,0.07413707,0.047683362,0.06697953,0.021092702,0.080838256,0.0029588277,0.07400497,0.007916352,0.01584575,0.015056132,0.00538533,0.016557762,0.042963553,0.056171153,0.0655522,0.06564669,0.07239331,0.01299795,0.010800505,0.055529114,0.0671226
0.017562594,0.038424306,0.042601224,0.03919943,0.046340447,0.00092730636,0.039172336,0.0035180557,0.08932426,0.08186934,0.036889013,0.061161898,0.08649911,0.06891402,0.024210723,0.03617086,0.0646227,0.010642939,0.0063646473,0.030176055,0.06738793,0.016059909,0.021377591,0.07058331
0.010428959,0.010087949,0.009930915,0.061546735,0.08531875,0.05919377,0.026318857,0.019029036,0.060261857,0.079477936,0.067380525,0.05296533,0.08541272,0.07616455,0.0055166283,0.031936016,0.0012402269,0.013710477,0.07216865,0.04069081,0.04650018,0.0063706986,0.062724605,0.015623737
0.018078662,0.06770693,0.06384095,0.0050422517,0.027913611,0.04497712,0.0252623,0.07592583,0.05716712,0.042771067,0.07508188,0.019542683,0.07222378,0.04607791,0.065282375,0.008066351,0.064703256,0.009668225,0.072506785,0.076953754,0.046508387,0.009111117,0.0021797116,0.003407935
0.031154938,0.049805496,0.031490684,0.072959006,0.036132943,0.07259939,0.01838224,0.016626533,0.059230644,0.013001825,0.020182392,0.08083551,0.00016849721,0.040487297,0.007733066,0.06690535,0.06467537,0.03901849,0.06056902,0.07402685,0.022543317,0.058889445,0.004665115,0.057916515
0.074190535,0.072832845,0.0025800779,0.039769214,0.029633418,0.062157404,0.07199611,0.046643846,0.00474931,0.07537031,0.0032751544,0.039126337,0.0646403,0.019062895,0.0011626575,0.06774455,0.073957555,0.010206604,0.038851734,0.063652076,0.008146822,0.07275385,0.0024942157,0.055002112
0.033274148,0.044531208,0.0016324883,0.052302998,0.03020481,0.07827424,0.0073412624,0.04644458,0.08728889,0.078590505,0.016754147,0.0015275961,0.027444117,0.027065976,0.01753285,0.015164927,0.092651464,0.03669638,0.087737955,0.004058475,0.059991248,0.091035865,0.011810258,0.050643567
0.0022027085,0.047834672,0.007889385,0.078858025,0.028702125,0.029480342,0.04998129,0.042635486,0.07136782,0.060403086,0.02145621,0.002850833,0.07627426,0.0077010863,0.009951375,0.067900285,0.05230897,0.0790323,0.04741422,0.014216203,0.07606557,0.047212634,0.021726308,0.056534745
0.02620354,0.06891647,0.05865869,0.07537236,0.0034536251,0.06469492,0.026785089,0.004164729,0.002098667,0.047264345,0.060633626,0.005448317,0.046767686,0.051970977,0.0036475023,0.025251755,0.010807753,0.08381634,0.060163658,0.07429385,0.07642813,0.036711246,0.07272143,0.013725298
0.026934424,0.06376765,0.07380113,0.04364721,0.0010419212,0.033960517,0.0059753633,0.05769981,0.044197068,0.031230345,0.023237223,0.07267721,0.014900213,0.025278388,0.042871296,0.055593565,0.07096467,0.06949535,0.036417533,0.057571184,0.05866663,0.069303624,0.0109597705,0.009807904
0.04756554,0.090424195,0.021056334,0.065762095,0.043048143,0.017775353,0.032187853,0.006604748,0.011461594,0.05476956,0.071761206,0.02329578,0.07007056,0.019173913,0.089875974,0.043158647,0.008291801,0.019314155,0.08923466,0.00068203144,0.066760704,0.066128746,0.009683381,0.031913046
0.040270258,0.060120605,0.048170168,0.054951396,0.0636846,0.05650441,0.0069914833,0.012782652,0.050281607,0.006080891,0.05531761,0.048859723,0.06004008,0.038540464,0.055071514,0.054782577,0.005398074,0.06188171,0.04019262,0.058719423,0.0057851416,0.033290926,0.062936746,0.019345284
0.05726321,0.0027614667,0.048927803,0.0062799584,0.065936975,0.018467989,0.04903509,0.03277168,0.071737394,0.016457489,0.018678784,0.06447091,0.07884351,0.029519038,0.07227302,0.07829955,0.016409436,0.079884805,0.054242194,0.041886456,0.005861628,0.005125361,0.01220169,0.07266454
0.0020288797,0.07201197,0.025598485,0.052714318,0.007694404,0.06973692,0.0027889973,0.04185383,0.005109106,0.053615462,0.03936423,0.07586888,0.043655045,0.040066462,0.07935828,0.004831987,0.06574295,0.07547838,0.040258326,0.0011803731,0.019023372,0.07966469,0.06630029,0.036054365
0.0013697648,0.011845934,0.06065178,0.070052534,0.057600476,0.06658845,0.06738287,0.015002819,0.021704875,0.06380764,0.06977532,0.052363202,0.006315486,0.054322608,0.008726829,0.0117912125,0.06858151,0.06324908,0.026812173,0.069526576,0.003985325,0.06073786,0.00917311,0.058632612
0.06723065,0.0011421406,0.09648117,0.008217774,0.028532362,0.020493416,0.004260941,0.024971128,0.0911904,0.022452036,0.03488105,0.09353818,0.052003596,0.04099247,0.0606189,0.0071005984,0.06124975,0.05721014,0.0085336445,0.039153565,0.08534269,0.0008688385,0.0030034229,0.09053117
