0,1,2,3,4,5,6,7,8,9,10,11,12,13,14,15,16,17,18,19,20,21,22,23
0.04178988,0.04301551,0.04111384,0.041903306,0.042586077,0.04311284,0.041304775,0.040148616,0.041896645,0.041094486,0.04157452,0.042116888,0.041399516,0.04168303,0.04068855,0.040688515,0.041338827,0.040536992,0.04247118,0.041656815,0.042622734,0.042084355,0.04103142,0.04214065
0.041499183,0.042101685,0.03992901,0.03995746,0.04155908,0.04188815,0.042425606,0.04130932,0.042374097,0.04059729,0.039934516,0.04285863,0.04192158,0.043287296,0.040468317,0.0407539,0.042792015,0.04179713,0.043419324,0.04356644,0.04170816,0.04119373,0.039495427,0.043162607
0.041409183,0.04335491,0.04073059,0.042054493,0.042370997,0.043201074,0.04092246,0.040147267,0.042167727,0.041445285,0.04051236,0.042433362,0.04215903,0.041440964,0.040306475,0.040529773,0.04193564,0.0407438,0.042177364,0.041658014,0.041976687,0.041748583,0.041453045,0.04312086
0.042020746,0.041699976,0.03903452,0.04050703,0.041347474,0.041660845,0.04223416,0.039790552,0.043052007,0.041862365,0.042294122,0.042314284,0.041366883,0.043230258,0.041243672,0.041888524,0.042477645,0.041021395,0.04231816,0.04207144,0.04152505,0.04254253,0.04052139,0.041974954
0.042344615,0.043631885,0.041171435,0.04128858,0.04282425,0.043508742,0.041731503,0.039817657,0.042045016,0.04090131,0.04110726,0.042387757,0.04081758,0.04161538,0.039750256,0.04041794,0.040936973,0.039520603,0.04181113,0.04288059,0.04281745,0.042549174,0.04137114,0.042751826
0.042320963,0.042317465,0.03946632,0.039902106,0.041573975,0.0421708,0.042643696,0.040540777,0.042354327,0.040935542,0.04107091,0.042918634,0.041928332,0.04282005,0.041070733,0.041125357,0.042537477,0.040700965,0.04261269,0.042986024,0.0417677,0.04167126,0.039956488,0.042607404
0.041448776,0.041380405,0.04028419,0.041023746,0.041591074,0.041738432,0.04187301,0.040408842,0.041964658,0.041731082,0.042475525,0.041904744,0.042557642,0.04256531,0.042059466,0.04120386,0.04267319,0.041085985,0.04242045,0.041530423,0.041902166,0.04156365,0.0412725,0.04134089
0.042112708,0.04213679,0.03887153,0.041180003,0.042556923,0.041178122,0.04226174,0.04020411,0.042054616,0.04198736,0.04274348,0.042572934,0.041403487,0.043227,0.041712996,0.041431967,0.04241558,0.039801266,0.04185166,0.04200788,0.041300155,0.04250851,0.040640783,0.041838333
0.04086321,0.041358065,0.041422542,0.04192161,0.04096028,0.04240539,0.04086594,0.04123639,0.04268375,0.041397426,0.04034573,0.042043,0.043161903,0.040467385,0.042040586,0.04152129,0.042235967,0.04337324,0.04436377,0.040496062,0.041688215,0.040310424,0.041280255,0.04155754
0.041841555,0.043308508,0.04080379,0.04245464,0.042547952,0.042205144,0.04208363,0.039258614,0.041177016,0.041174967,0.041351125,0.042482,0.040762186,0.042183824,0.041341856,0.041159164,0.042807054,0.038685095,0.04171717,0.04284446,0.041432172,0.04177449,0.042260107,0.042343542
0.040621728,0.042436004,0.040586438,0.04188336,0.041844502,0.042511456,0.041550584,0.041140325,0.04110763,0.0404142,0.04016385,0.04263778,0.043231085,0.042216297,0.041525528,0.040529184,0.04238868,0.041743133,0.04362713,0.0417675,0.04275659,0.04081678,0.04018916,0.04231111
0.041717876,0.042626508,0.04120877,0.041032355,0.04193689,0.04188533,0.04149074,0.039551668,0.042713523,0.041226275,0.04128424,0.04190433,0.04182393,0.041858822,0.041170284,0.041562743,0.042805795,0.041121993,0.042316783,0.04194365,0.041577056,0.041609008,0.041780982,0.041850433
0.04184573,0.042019464,0.03909434,0.041375477,0.04179723,0.0407996,0.042578667,0.040490896,0.04125156,0.042139795,0.042602602,0.042161725,0.04171034,0.04353063,0.041958548,0.041746773,0.04220263,0.04052212,0.042000085,0.042461444,0.041362926,0.04202022,0.04089295,0.04143424
0.041081846,0.04276524,0.041151334,0.041613854,0.041619252,0.04227984,0.04148856,0.04024285,0.04155883,0.040842723,0.04085099,0.042227905,0.042876028,0.04163223,0.041694462,0.041508935,0.042617675,0.04140755,0.042378485,0.042014673,0.042094328,0.040617127,0.041351143,0.04208411
0.042179856,0.042185713,0.039842267,0.04053632,0.042379364,0.04196121,0.042624522,0.04073266,0.042239625,0.04111758,0.04139173,0.04165265,0.040437307,0.04374021,0.041074876,0.04122944,0.041637603,0.04039201,0.042538863,0.042963922,0.042440124,0.042678867,0.040365733,0.04165762
0.041245673,0.041545324,0.04037781,0.041085187,0.04172838,0.04195058,0.04186062,0.04061828,0.042088825,0.041149493,0.04078504,0.0423122,0.042479143,0.042758986,0.0413536,0.04061257,0.04293077,0.04131363,0.043645084,0.04180551,0.04197424,0.04171364,0.04072751,0.04193779
0.041976023,0.04224171,0.03963873,0.041687917,0.042628802,0.040942095,0.042658817,0.040674273,0.041370366,0.04142943,0.04171643,0.04143402,0.041056998,0.04401505,0.041574117,0.04131012,0.042493425,0.039837632,0.04228764,0.042372767,0.04172228,0.042219277,0.04106234,0.04164975
0.04243138,0.04269851,0.039996047,0.040975846,0.041805733,0.042056523,0.04236033,0.039910607,0.043011963,0.04129319,0.041776128,0.0422723,0.040651493,0.04263876,0.04070565,0.041388,0.042117484,0.040509935,0.04163638,0.042293247,0.041270323,0.042240504,0.041438505,0.0425212
0.04181648,0.04316488,0.0405575,0.040907387,0.041922584,0.042993765,0.041943368,0.040497545,0.041759636,0.039943863,0.0403194,0.043176536,0.042187307,0.041883912,0.04068829,0.040641315,0.041770272,0.04095658,0.042713776,0.042939622,0.04297198,0.041143864,0.040385403,0.042714745
0.041486073,0.04313451,0.039839454,0.042491857,0.042374697,0.041490916,0.04120603,0.040246025,0.041645948,0.04229379,0.042185634,0.042349737,0.041817922,0.0421463,0.041604742,0.04176745,0.04251666,0.04012553,0.040846787,0.041392352,0.04106268,0.041807503,0.042154405,0.042013004
0.04223106,0.042652838,0.041569337,0.041531857,0.04159888,0.04218264,0.041591812,0.040157683,0.042219277,0.040578328,0.04160533,0.04197526,0.041609466,0.041693088,0.041715983,0.04071661,0.04230847,0.040375847,0.042207554,0.04213807,0.042566173,0.041729666,0.040973,0.042071715
0.042503428,0.041677143,0.040656462,0.04136685,0.041383393,0.0416177,0.041877456,0.039083946,0.04301532,0.04303261,0.042234283,0.042662367,0.039893214,0.042121287,0.04149791,0.041671198,0.043790255,0.038906917,0.04139716,0.04181777,0.03915392,0.043091953,0.04291262,0.042634837
0.04206955,0.04237454,0.039444152,0.041537337,0.042257603,0.041437976,0.04225168,0.040689386,0.04132247,0.04165298,0.042112567,0.042179417,0.04109217,0.043270774,0.040977508,0.04182482,0.042501666,0.03984917,0.04148406,0.04248149,0.04156184,0.042324338,0.04131563,0.041986916
0.041461613,0.042083282,0.040907018,0.04099914,0.041453894,0.042543057,0.042394243,0.041299257,0.04136045,0.04048032,0.04066135,0.04164529,0.042142928,0.042538747,0.04148672,0.04092649,0.04174994,0.041375924,0.043302152,0.042528626,0.042839885,0.041521374,0.040221047,0.042077247
0.04176925,0.043084975,0.04162382,0.041455254,0.041650124,0.042547636,0.04109476,0.03954361,0.04227817,0.040372837,0.039964188,0.041934792,0.042695526,0.041313052,0.040983118,0.041752104,0.042311363,0.04093835,0.042839203,0.042023126,0.042313818,0.04131391,0.042021327,0.042175684
0.04131019,0.043492083,0.039993778,0.04281707,0.04321584,0.041578054,0.041487917,0.04041172,0.041033678,0.041779682,0.0423562,0.041926496,0.041250624,0.042563654,0.041583277,0.041015465,0.04204692,0.0398062,0.041213844,0.0416384,0.041887604,0.042046946,0.041615058,0.0419293
0.040780034,0.04338891,0.040555164,0.04207541,0.041790713,0.04255625,0.041749366,0.040728267,0.040518757,0.040353887,0.041272663,0.042234115,0.042640988,0.041777052,0.042197436,0.040662445,0.042011674,0.041752186,0.04177225,0.04176825,0.04278518,0.040926415,0.041196685,0.04250594
0.042035323,0.042948563,0.040198263,0.041468956,0.04226159,0.041921355,0.041265212,0.039839167,0.042952776,0.0414819,0.04063131,0.04280813,0.041462537,0.04235641,0.04013627,0.04144825,0.042733755,0.04060011,0.04235078,0.041688107,0.040974237,0.042282823,0.041605595,0.042548593
0.04153409,0.041068036,0.039818007,0.041696843,0.04099491,0.042709615,0.042105284,0.04083776,0.04131522,0.041333325,0.041264743,0.040256448,0.042478584,0.0431873,0.04212884,0.04218399,0.041346956,0.040538482,0.04239424,0.042217016,0.04218802,0.04228857,0.041549012,0.042564705
0.04047317,0.04206019,0.041401383,0.041954394,0.04202427,0.0426829,0.04095317,0.04095785,0.041588187,0.041556794,0.041436143,0.041496914,0.04270329,0.041466385,0.04145851,0.040866267,0.042110685,0.041575238,0.042687766,0.04102737,0.041876838,0.041722942,0.041667484,0.042251825
0.042012636,0.042242624,0.041672133,0.041398138,0.041713126,0.043192383,0.04191142,0.039557703,0.041676037,0.0407063,0.04098338,0.0424175,0.041426286,0.041589867,0.04109766,0.040654093,0.042210173,0.039680053,0.043456715,0.04259845,0.042382456,0.0417616,0.041383248,0.042276032
0.041195415,0.042578205,0.040189337,0.040771183,0.04168195,0.041353885,0.042240154,0.040220343,0.042063344,0.041002285,0.041658137,0.042238984,0.042036258,0.042558894,0.042081047,0.041690562,0.04288114,0.041460354,0.041758943,0.042461403,0.041658387,0.04133892,0.040864453,0.042016447
0.042756125,0.04232239,0.039094422,0.040998932,0.041530352,0.04194462,0.042545676,0.041000005,0.041988485,0.041073352,0.040680822,0.041560132,0.04169209,0.04402087,0.0409892,0.04164719,0.04164543,0.03995749,0.0414765,0.043053966,0.041896205,0.042448882,0.04100194,0.04267489
0.041583408,0.04204131,0.041994926,0.041479543,0.041002903,0.04291064,0.041651458,0.04019757,0.0416566,0.041010574,0.041299835,0.041637618,0.04214636,0.04134253,0.041805223,0.041759796,0.042155504,0.04112557,0.042630527,0.04187931,0.04176925,0.04117974,0.04172687,0.04201296
0.041128483,0.042378373,0.04136709,0.042037282,0.042029392,0.043312818,0.040793367,0.04162787,0.041586395,0.04168356,0.03992533,0.04101766,0.04217026,0.04131682,0.04110129,0.040728923,0.041641638,0.041441284,0.043176144,0.04163443,0.04287887,0.041223336,0.04135441,0.042445038
0.04142264,0.042745765,0.039962165,0.042995915,0.041925464,0.04188005,0.040954474,0.040903553,0.041661214,0.04182795,0.041011333,0.04231271,0.0426574,0.042369705,0.041014303,0.0415117,0.042741384,0.040300872,0.042259056,0.04102514,0.041317236,0.04134258,0.04190958,0.04194785
0.042004637,0.042638585,0.040539376,0.041253135,0.04210214,0.042166557,0.04190485,0.04000814,0.042476933,0.041547813,0.040317565,0.042093895,0.04181755,0.04217356,0.04129398,0.041527834,0.042895537,0.0409621,0.042367548,0.04170667,0.04125179,0.04130557,0.041386385,0.04225785
0.04178165,0.04265529,0.040340114,0.041086365,0.041682366,0.042662457,0.042346876,0.040537596,0.04124002,0.040860638,0.042152833,0.041753486,0.041849285,0.04245412,0.0417944,0.041404855,0.041532975,0.040245026,0.04218286,0.042486027,0.043052297,0.041751396,0.04029364,0.04185343
0.04114709,0.043727893,0.040642314,0.04222415,0.042645864,0.04170771,0.041886006,0.039913736,0.041216876,0.041033734,0.041923977,0.04201972,0.041413363,0.04171915,0.04195884,0.04077754,0.042239316,0.040435933,0.041160867,0.04223967,0.042874333,0.041662898,0.041064497,0.04236453
0.04149294,0.0426333,0.040281758,0.04093925,0.041970346,0.04194477,0.042393096,0.040473457,0.04175545,0.040807858,0.04210208,0.04189202,0.041793372,0.042610075,0.041793797,0.041012514,0.042201918,0.04059657,0.041846793,0.04280318,0.042624783,0.041537434,0.040875293,0.04161801
0.040826846,0.04283972,0.040666226,0.04145963,0.041674316,0.04231015,0.040892415,0.040033974,0.042291183,0.04092855,0.04066583,0.04313962,0.04310156,0.0416809,0.041010544,0.041337337,0.042955123,0.04159248,0.04226988,0.041721165,0.041411176,0.040939182,0.04156815,0.042684034
0.04108659,0.042203985,0.03939282,0.04074866,0.041170396,0.04154687,0.042058907,0.04092187,0.04207964,0.04116486,0.041494366,0.0429575,0.04261237,0.04285651,0.042005382,0.04149794,0.043028865,0.040990524,0.042415112,0.042282455,0.04155431,0.041185882,0.040593483,0.042150702
0.04199146,0.043990202,0.040160634,0.041831505,0.04282753,0.04154688,0.041900348,0.04017169,0.04199211,0.0408068,0.03929638,0.04256074,0.041300602,0.042862687,0.040236033,0.040913116,0.04313752,0.03994575,0.04231902,0.042746093,0.04161422,0.04180528,0.0411941,0.042849235
0.041319948,0.041682035,0.040363375,0.04139587,0.040969346,0.0418095,0.042323817,0.040026963,0.04188921,0.04150645,0.042814244,0.041802198,0.041827198,0.042619843,0.042495664,0.041464534,0.041687418,0.041162863,0.041206557,0.04249132,0.041935064,0.042105205,0.041447468,0.04165383
0.0418007,0.042193558,0.041149337,0.04096862,0.04131364,0.042064246,0.042125203,0.039619908,0.04212415,0.041163113,0.04236343,0.041744433,0.041454755,0.042094294,0.042087775,0.042064603,0.04254309,0.040509634,0.041942976,0.042363044,0.041527107,0.041550085,0.041464604,0.041767642
0.04130577,0.0432313,0.039751433,0.041727744,0.042475626,0.041809794,0.04170058,0.04044556,0.041666593,0.04098585,0.040507466,0.043262716,0.04216318,0.04263525,0.04066099,0.040811952,0.04265177,0.04028243,0.04182261,0.04253301,0.041680634,0.041730177,0.041213676,0.04294392
0.042119104,0.041556235,0.041820038,0.04094591,0.040593836,0.042991832,0.041885924,0.041535594,0.040734958,0.04144902,0.04175696,0.041368175,0.04418886,0.04114292,0.04179918,0.040993344,0.041388705,0.040694635,0.043426316,0.04113287,0.04258197,0.041459724,0.040830154,0.041603666
0.041186202,0.041954443,0.040818516,0.041480955,0.041330867,0.04073179,0.041650962,0.041140232,0.041920934,0.042248655,0.042450976,0.040481903,0.04176234,0.042647656,0.042378504,0.04254542,0.042569928,0.04179555,0.041863367,0.041568853,0.040954627,0.04173945,0.04162986,0.04114796
0.041577324,0.042583283,0.040241215,0.041413944,0.041632112,0.04284521,0.042105865,0.041142154,0.041363973,0.04010631,0.04092836,0.042466264,0.042529244,0.04254562,0.040966224,0.040929943,0.041592933,0.040525623,0.04307669,0.04262973,0.043137264,0.041316055,0.040421214,0.041923482
0.04129743,0.042573284,0.04083264,0.042400837,0.042323608,0.041265596,0.041435048,0.0411517,0.04102859,0.041681997,0.041312873,0.041435227,0.042089067,0.04229587,0.043029934,0.041676924,0.042794198,0.041802637,0.041501593,0.040971756,0.04126929,0.04032472,0.04171961,0.04178554
0.04165253,0.04257976,0.0406955,0.041766606,0.042304084,0.04181754,0.042042997,0.040460184,0.041804224,0.041762143,0.042363588,0.040661994,0.040951334,0.04260287,0.04193039,0.041561823,0.04179017,0.040762935,0.041443132,0.041852616,0.041919433,0.042311765,0.04129483,0.04166757
0.04178051,0.041687444,0.04029978,0.040450957,0.041079894,0.042157028,0.04234751,0.040930983,0.04222754,0.04111103,0.041157164,0.04211673,0.042194344,0.04264069,0.041437685,0.04138189,0.04228492,0.0414469,0.04294172,0.042272635,0.042076636,0.04170713,0.04028034,0.041988548
0.04197021,0.043304615,0.039692927,0.04155179,0.042494714,0.041472588,0.041430205,0.039497223,0.042656,0.04158102,0.041548625,0.043038864,0.04136382,0.04250265,0.0406631,0.04180524,0.042868096,0.040189236,0.041241523,0.04188159,0.040761746,0.042114068,0.041908197,0.042461917
0.041617565,0.04248182,0.041037124,0.041412186,0.042235974,0.04145008,0.04185357,0.04020774,0.042277936,0.041399177,0.041938685,0.04100499,0.041684262,0.042160388,0.04147851,0.04161354,0.04257157,0.041379247,0.041945767,0.041943807,0.04167023,0.041904032,0.04118067,0.04155112
0.041324615,0.042148676,0.04110618,0.041884143,0.042210724,0.042564955,0.041501552,0.04027886,0.041147217,0.041497502,0.04163093,0.041726775,0.04273885,0.041962016,0.041399606,0.040802345,0.042090416,0.040416453,0.04269806,0.041714948,0.042436086,0.04140551,0.041648116,0.041665472
0.04109513,0.042362034,0.04175955,0.04230128,0.04162188,0.043104034,0.040665083,0.03997726,0.04166881,0.041592654,0.041433077,0.04206616,0.042461194,0.040687863,0.04181495,0.04161826,0.04270778,0.040875398,0.042532515,0.040777143,0.041345622,0.040915657,0.04234155,0.042275086
0.042256996,0.04246275,0.040457487,0.04099291,0.04243023,0.040971924,0.042448513,0.03983025,0.042519893,0.041317858,0.041960586,0.042030998,0.040014666,0.043090943,0.04141082,0.042057965,0.04286448,0.039678883,0.041713554,0.04233064,0.040667884,0.042630397,0.041656908,0.042202473
0.04213393,0.042230766,0.040681235,0.041395202,0.04191449,0.04188373,0.04236937,0.040419757,0.041960172,0.04132002,0.04211845,0.04119801,0.040978402,0.04273424,0.041184977,0.041450318,0.041670065,0.040720537,0.042392325,0.042253632,0.042126477,0.042234775,0.040967602,0.04166157
0.040928725,0.04251872,0.04122666,0.041454,0.041903947,0.041670803,0.041511115,0.040780302,0.04177423,0.041617222,0.041915163,0.041123636,0.042114414,0.041777276,0.042027883,0.041397627,0.04226552,0.04152235,0.041639,0.04188208,0.042311933,0.041940685,0.04120762,0.041488998
0.04188629,0.04170942,0.040297132,0.041279223,0.040874444,0.041674096,0.04178398,0.04070317,0.041996315,0.041949995,0.041759916,0.041774776,0.042158667,0.042539902,0.04168256,0.042278226,0.04280172,0.04097317,0.042185355,0.041672915,0.041230302,0.04157204,0.041320357,0.04189603
0.040904872,0.04204602,0.04002832,0.04094216,0.041529648,0.042179007,0.041931383,0.042334646,0.041505735,0.04087068,0.041143667,0.042065673,0.041947603,0.043154404,0.041035376,0.041125096,0.04140796,0.041092783,0.042165022,0.042572465,0.042138807,0.042465974,0.041105784,0.042306952
0.04127567,0.042529598,0.04121886,0.04147972,0.040812977,0.042144477,0.042427078,0.041954033,0.041651607,0.04154502,0.041362483,0.040133182,0.041366965,0.041891314,0.04251884,0.041992266,0.04210861,0.040739734,0.043620046,0.042201716,0.042576715,0.041292965,0.0401474,0.041008737
0.04072311,0.04275466,0.04044153,0.041490674,0.042305235,0.041333072,0.041555706,0.040581122,0.042140063,0.04212223,0.041685097,0.04174756,0.041631132,0.042554997,0.041151132,0.041131508,0.042634245,0.04076193,0.041178916,0.04227138,0.04084503,0.042362843,0.042125236,0.042471603
0.04168113,0.042936493,0.03991503,0.040289495,0.041742574,0.041362964,0.04176067,0.039651822,0.04248248,0.040840108,0.040978514,0.0429625,0.042486727,0.042417653,0.041028917,0.04173938,0.04354632,0.04086812,0.0421479,0.042746507,0.041192666,0.041441012,0.04144198,0.04233904
0.040732868,0.042012572,0.04084188,0.04218795,0.04121124,0.04200457,0.04111602,0.040781926,0.04101881,0.042282935,0.041683767,0.04195213,0.043147307,0.04138774,0.042706843,0.041415073,0.043397937,0.041942813,0.042298194,0.04099454,0.040885653,0.04080575,0.041328274,0.041863173
0.0412403,0.043288007,0.040726278,0.041300125,0.041418985,0.042242844,0.04171771,0.041323468,0.042432807,0.04069275,0.039431218,0.042064037,0.041869875,0.042095803,0.04080628,0.04169192,0.042804528,0.040751822,0.04418959,0.04231342,0.041787263,0.041319285,0.04044095,0.042050764
0.041573454,0.042354558,0.04115936,0.041337777,0.041789785,0.041896503,0.04159594,0.039841883,0.04266215,0.04119303,0.04117799,0.041565448,0.041496288,0.042239267,0.041158214,0.0420079,0.042409927,0.041315556,0.042711705,0.041772388,0.04132291,0.041966636,0.04154625,0.04190506
0.041931063,0.042129267,0.039824132,0.041619584,0.042196218,0.041420244,0.042723626,0.04116108,0.041187085,0.041035116,0.04179065,0.041109383,0.041414205,0.043706045,0.04188101,0.041940454,0.041824315,0.040533792,0.042479035,0.042115543,0.041890755,0.041982606,0.040602576,0.04150221
0.0413,0.04237569,0.039926466,0.041258216,0.041981142,0.041655168,0.04215491,0.040510282,0.041607052,0.041208822,0.041265424,0.042729285,0.041746903,0.04295231,0.041604377,0.041190576,0.04277209,0.040787105,0.04235003,0.04233432,0.041501008,0.04171204,0.040759508,0.0423173
0.041561548,0.042712737,0.04135472,0.041217722,0.042159207,0.04214827,0.04201262,0.0403074,0.04208429,0.04058235,0.040703014,0.041438747,0.04144153,0.042320125,0.041133802,0.04117527,0.042100098,0.041250784,0.04317264,0.042361256,0.04239993,0.041792743,0.040699713,0.041869488
0.04153763,0.04185467,0.04047268,0.04088206,0.04157663,0.04134415,0.042451933,0.040352423,0.042078998,0.04107913,0.041786842,0.041960523,0.04165628,0.042895067,0.041984897,0.042260535,0.042683706,0.040870946,0.042375036,0.042146347,0.041181125,0.04166836,0.04107207,0.041827917
0.04137427,0.04272007,0.040051267,0.041625634,0.041531168,0.041004937,0.041759335,0.040505152,0.041962437,0.0420328,0.041798018,0.04189784,0.042311512,0.042578563,0.04170002,0.042342085,0.043175656,0.04086441,0.040970884,0.041768365,0.041094195,0.041101504,0.041760158,0.04206972
0.041046195,0.0422946,0.041067407,0.041753713,0.040730868,0.041877624,0.041536037,0.040269375,0.041916057,0.04134251,0.042040154,0.042059522,0.042440973,0.04151635,0.04287599,0.041262206,0.042549107,0.041646753,0.04194306,0.041276038,0.04138233,0.04131808,0.04149898,0.04235604
0.04124252,0.04356433,0.040189,0.042591535,0.042989977,0.041271996,0.04170681,0.040547278,0.041238435,0.041640174,0.04122677,0.041724317,0.041381437,0.042723674,0.041580647,0.041017108,0.04275525,0.040342625,0.041549794,0.04187566,0.04159781,0.0418061,0.04134649,0.04209032
0.0411626,0.041860826,0.039880935,0.040693466,0.04161891,0.042176228,0.042758472,0.040683713,0.041405804,0.041266654,0.042206835,0.041945633,0.041967336,0.043166775,0.042070433,0.041966267,0.041907825,0.040978692,0.042093486,0.042324115,0.042489562,0.041876227,0.03994398,0.041555207
0.041852534,0.041424647,0.040603466,0.04068835,0.04098457,0.042169664,0.042323284,0.040188465,0.041828375,0.040835354,0.041364376,0.042409208,0.0424403,0.042500492,0.041695297,0.041647293,0.042650536,0.040593583,0.04327337,0.042477347,0.04191667,0.041314792,0.0410299,0.041788094
0.041027553,0.042390954,0.04046938,0.041925933,0.041854598,0.040764146,0.042055346,0.040883377,0.041737203,0.04156735,0.042499356,0.041741036,0.041694958,0.04251329,0.042183135,0.04227137,0.042512704,0.04038199,0.04157023,0.04235399,0.04185881,0.04132671,0.040902194,0.04151435
0.04129933,0.042266797,0.039819226,0.04034768,0.041595865,0.042314675,0.04187661,0.040288977,0.04218858,0.04093711,0.04155328,0.042972345,0.042643566,0.0421441,0.041152462,0.041218255,0.04239559,0.041994587,0.042570185,0.042278968,0.041890014,0.04169996,0.04039896,0.042152923
0.041491058,0.04228001,0.040766373,0.041302495,0.04156769,0.04199833,0.041700114,0.040142044,0.042217664,0.040963124,0.04099349,0.042311873,0.042084645,0.042228766,0.041292485,0.041777518,0.0425844,0.04120641,0.042906288,0.041933503,0.041507617,0.041524474,0.041164886,0.04205472
0.042359646,0.042759616,0.040288802,0.040726446,0.041859813,0.041949954,0.04243078,0.039991442,0.04223195,0.04098082,0.04186292,0.042109463,0.04132844,0.042618137,0.04115291,0.041894622,0.04208031,0.040379226,0.041685466,0.042730484,0.041869584,0.04186845,0.04094798,0.041892648
0.041075397,0.042280637,0.040723294,0.040462676,0.040868457,0.04135803,0.041982662,0.039709363,0.04279766,0.04116661,0.040906105,0.042426124,0.042269215,0.04223913,0.041584983,0.04158899,0.04392829,0.04140546,0.042702306,0.042548195,0.040833183,0.041433763,0.041403737,0.042305738
0.04036673,0.041979,0.040151615,0.041225336,0.041581433,0.0412827,0.042388376,0.041073035,0.041729394,0.040901665,0.041993,0.041982476,0.042295076,0.043205053,0.043297358,0.041377034,0.043233067,0.04193758,0.042613115,0.041584734,0.040908046,0.04060952,0.04076273,0.041521914
0.04093111,0.04243993,0.03964889,0.040466893,0.04175191,0.040935256,0.042169858,0.040256422,0.042591345,0.04114734,0.041195903,0.04279703,0.042081762,0.04289314,0.04180682,0.041292496,0.043509867,0.041840453,0.041964266,0.04237079,0.04116821,0.041643713,0.040733445,0.042363167
0.04099025,0.041950513,0.040864732,0.04079525,0.041165665,0.04117478,0.04167202,0.040142193,0.042852003,0.041354176,0.04129055,0.041839506,0.04232466,0.04221035,0.0419608,0.042256493,0.043274052,0.042427808,0.04252445,0.04165415,0.04085755,0.041338608,0.041312456,0.041766964
0.042209283,0.04237473,0.040120363,0.041341934,0.041376945,0.041187316,0.042653907,0.0411348,0.041711003,0.041869786,0.041395668,0.041294385,0.04170544,0.042977855,0.04213272,0.042096198,0.04301723,0.040371615,0.04155347,0.04218213,0.04092448,0.041339226,0.04132238,0.041707132
0.041511044,0.042427003,0.041088175,0.040831298,0.04095175,0.042800948,0.041568942,0.039584078,0.04183998,0.040582187,0.04189596,0.042554192,0.043457936,0.041588552,0.041734625,0.04168238,0.04224869,0.04088136,0.042029623,0.04241616,0.042348858,0.040064845,0.0419765,0.041934952
0.041128296,0.04188574,0.040345244,0.040583495,0.041668028,0.04159245,0.042248733,0.040404297,0.04281116,0.04115155,0.04013787,0.042232193,0.041659385,0.042565484,0.040919416,0.041859273,0.04329388,0.042191334,0.042172253,0.042448293,0.040877957,0.041929122,0.041686274,0.042208243
0.041522738,0.04194846,0.040258218,0.04129135,0.04123788,0.041342814,0.042231523,0.04090771,0.041672397,0.041194275,0.04089126,0.041794557,0.04259653,0.04293671,0.04190085,0.04200316,0.04295878,0.041211184,0.042766828,0.04207481,0.041559286,0.04111193,0.040883947,0.041702818
0.041600376,0.04200611,0.041368186,0.041254774,0.04090742,0.042328183,0.041797273,0.04070957,0.041810226,0.04079409,0.04046785,0.04168761,0.043051083,0.04191129,0.041905843,0.042386,0.042238973,0.04173367,0.043323647,0.041707605,0.041951388,0.040556855,0.040751982,0.041750006
0.041201927,0.040851444,0.04006734,0.039777983,0.04042723,0.042121254,0.043734454,0.039981924,0.042230863,0.040874947,0.04215764,0.04119683,0.040572636,0.043417163,0.04184335,0.042139687,0.043035716,0.04073661,0.04131551,0.04349408,0.04153228,0.043142065,0.041706707,0.042440355
0.040426563,0.04245081,0.040844798,0.040934123,0.04055987,0.041099012,0.04261545,0.04126572,0.04154184,0.04191002,0.04224013,0.041140918,0.042236075,0.04202202,0.043168984,0.041702725,0.042505424,0.042202365,0.042314388,0.041284073,0.041644603,0.041201036,0.04111772,0.041571315
0.04120176,0.041597497,0.040594213,0.040669635,0.041585777,0.041660834,0.04163294,0.04044693,0.043084998,0.041548554,0.0426014,0.0413048,0.04167904,0.043146063,0.04167685,0.041390255,0.042894527,0.041765593,0.042317126,0.041522764,0.041033085,0.042153884,0.040834896,0.041656565
0.041303806,0.04260261,0.041458346,0.04150005,0.041544527,0.04287097,0.04206926,0.041101024,0.041075952,0.04137943,0.04060271,0.04147625,0.042485382,0.041684225,0.041233517,0.040742744,0.041732345,0.040552314,0.042046428,0.04276906,0.04263918,0.04136137,0.041345857,0.042422604
0.04076229,0.04348819,0.040905062,0.041348416,0.041917656,0.043272153,0.040927146,0.039894383,0.041790605,0.04029679,0.04051738,0.043781936,0.043208238,0.04080749,0.041157436,0.0404032,0.042462986,0.041638248,0.04211368,0.042043976,0.04267963,0.040490407,0.041003715,0.043088913
0.041605763,0.041119985,0.0396462,0.040554836,0.041663542,0.0408248,0.042619713,0.040732637,0.042429823,0.04240326,0.04370466,0.041052476,0.04120846,0.04372714,0.042448,0.041583378,0.042660385,0.040988266,0.04140777,0.041811917,0.041060638,0.042656034,0.040968295,0.04112198
0.041109424,0.04239668,0.041431334,0.04191442,0.04174713,0.04209724,0.04168684,0.040723354,0.041765824,0.041337475,0.041322127,0.041116185,0.04180947,0.042085815,0.04190907,0.041358046,0.042149097,0.04157974,0.042668372,0.0416383,0.042027622,0.041501213,0.040963713,0.04166145
0.041747946,0.041555848,0.040009603,0.04092432,0.041255403,0.041928425,0.04239304,0.04067324,0.041665576,0.041376576,0.04227648,0.041997362,0.042221382,0.042937096,0.041771326,0.041720547,0.041858695,0.040961105,0.042474803,0.04218562,0.042025704,0.041699205,0.04074702,0.041593604
0.040947594,0.041974768,0.04102436,0.04048743,0.040988486,0.041282974,0.041840848,0.04022656,0.042435516,0.041207206,0.041578893,0.04173969,0.04297085,0.04190583,0.042385288,0.041500423,0.043116055,0.04219041,0.042260587,0.04192697,0.041932173,0.04120277,0.041328315,0.041546
0.04131945,0.04297484,0.040431496,0.041389167,0.04193569,0.04180449,0.04176263,0.039950788,0.042158265,0.041266795,0.04190494,0.04218016,0.041685425,0.041921884,0.04168132,0.04127719,0.042463094,0.041049242,0.041772727,0.04207154,0.04205682,0.041670315,0.041061494,0.042210177
0.041357864,0.04215995,0.04047142,0.04118687,0.041260645,0.042827852,0.041618697,0.040204134,0.041781753,0.04082842,0.040853795,0.042437825,0.042766105,0.042002518,0.041043166,0.04165247,0.04225385,0.040967606,0.042828336,0.04250268,0.041706447,0.04151807,0.041306484,0.042463057
0.042090222,0.04208451,0.039686643,0.040987544,0.04205929,0.041094035,0.042660642,0.040583894,0.042028707,0.042005166,0.04257902,0.0415088,0.040868375,0.043208197,0.04184063,0.04208857,0.042540748,0.04054352,0.041104652,0.04204189,0.041239556,0.04251535,0.041240174,0.041399885
0.041555833,0.042046882,0.040944982,0.040865935,0.04103467,0.041553628,0.041941456,0.040814262,0.042257782,0.041771475,0.041234825,0.041602723,0.04282325,0.04188936,0.042089604,0.0417495,0.042908434,0.041485555,0.042277407,0.04132297,0.041662972,0.041753307,0.040982176,0.04143103
0.04146972,0.042253226,0.04095433,0.042113245,0.04119916,0.042553686,0.041960005,0.041137572,0.04171626,0.04161092,0.040910468,0.04112389,0.042433497,0.042639244,0.041513868,0.041079763,0.042692527,0.041051418,0.0416889,0.04116107,0.041715447,0.041256476,0.04142639,0.042338904
0.042111013,0.042767584,0.04098674,0.041298706,0.042130932,0.043242052,0.042033855,0.04033726,0.040861286,0.040009517,0.040196683,0.042418994,0.041903067,0.04225927,0.041271336,0.041241612,0.04174363,0.039858535,0.04296673,0.04337101,0.042976607,0.04132725,0.04061133,0.042075
0.040634915,0.042304527,0.04008312,0.041939586,0.04103628,0.04122433,0.04138665,0.03985862,0.042393643,0.041532252,0.041038632,0.04203217,0.042482488,0.04221354,0.04201795,0.042462118,0.043135773,0.041557513,0.042756762,0.041678533,0.040971104,0.040983047,0.04179244,0.042483993
0.04155346,0.041225687,0.040491685,0.04045643,0.040657844,0.04164848,0.042837597,0.040112842,0.041526392,0.04122029,0.041951545,0.0419904,0.04274645,0.042574506,0.042606197,0.041823458,0.042865667,0.041434668,0.042320047,0.042626563,0.042252436,0.040895376,0.04091721,0.04126479
0.041585356,0.042341266,0.041235674,0.040798802,0.041421104,0.041730423,0.042632498,0.040686257,0.04180205,0.04098958,0.041343167,0.04081986,0.041627467,0.04253863,0.04190029,0.04168346,0.042211246,0.041222136,0.04264296,0.04251127,0.042242628,0.041613452,0.040770583,0.041649897
0.04138,0.042754974,0.04169352,0.04213765,0.04203194,0.04212155,0.041429315,0.03918127,0.041810986,0.04083716,0.040676255,0.04240751,0.041758426,0.041248687,0.040958032,0.042298518,0.04240601,0.041253265,0.04243878,0.041878518,0.041919347,0.041306157,0.041919004,0.04215308
0.041287336,0.042567093,0.040532295,0.041420814,0.04226339,0.040983517,0.042589366,0.041105602,0.041575946,0.041139614,0.04149243,0.0409177,0.04137514,0.04325415,0.041858666,0.04124678,0.042296175,0.04103074,0.04260061,0.04221343,0.04177078,0.042379197,0.04052505,0.041574135
0.041563842,0.04256545,0.040694583,0.040630117,0.040887047,0.04145914,0.04173248,0.040217984,0.042558655,0.04025478,0.040300023,0.042782158,0.043035373,0.041825503,0.041513685,0.041544534,0.043079764,0.04163202,0.04301518,0.042112757,0.041467346,0.040855847,0.0416379,0.042633876
0.0418955,0.041881427,0.04018399,0.041848943,0.04136182,0.04204282,0.042272616,0.041372582,0.04127373,0.04189352,0.041657563,0.041535225,0.04222573,0.04290699,0.04181235,0.041601922,0.042133387,0.04052156,0.042360295,0.041573204,0.042066388,0.041514695,0.040629283,0.041434526
0.04116615,0.0423346,0.040838245,0.041064847,0.04163296,0.041299228,0.041766513,0.039618336,0.042467967,0.041076593,0.04109399,0.042644735,0.041803256,0.042171817,0.04178851,0.04137972,0.043676995,0.041076913,0.04232187,0.042393304,0.040940206,0.041506335,0.0415567,0.042380158
0.042090565,0.042487014,0.040170208,0.04129668,0.0415877,0.040631212,0.042458463,0.039797258,0.042780556,0.04184635,0.04271391,0.040832702,0.040328488,0.04275997,0.0417732,0.042340256,0.042460226,0.040529426,0.041742124,0.04217662,0.041391656,0.04273615,0.04139109,0.04167817
0.041197233,0.0419182,0.04116018,0.04101452,0.041109864,0.042153735,0.04177224,0.040585455,0.04231117,0.040959295,0.040882993,0.04160867,0.042781428,0.042034045,0.041903816,0.041424587,0.042447917,0.042343374,0.04298697,0.041570205,0.04235135,0.04136404,0.040526293,0.04159243
0.040902592,0.042868037,0.040535845,0.042091046,0.04167379,0.041654192,0.04150082,0.04027842,0.04183292,0.04124578,0.041236393,0.041736778,0.042503063,0.0418286,0.04229403,0.04183122,0.042988278,0.041500624,0.04219584,0.041709255,0.042013437,0.040693138,0.041004352,0.041881558
0.04099498,0.040908992,0.039568324,0.04037269,0.040397733,0.040672947,0.042687234,0.04103864,0.042540472,0.041596405,0.04213738,0.041592445,0.04232757,0.043098226,0.042666174,0.041886006,0.04304269,0.042342972,0.043085925,0.041934922,0.041647088,0.041818973,0.040017158,0.041624032
0.0411149,0.042637825,0.041080937,0.041963987,0.042131033,0.041540325,0.04142094,0.040275134,0.041996747,0.041446656,0.041611418,0.041514035,0.041956168,0.042047895,0.041821767,0.04168733,0.042666886,0.041475885,0.042234108,0.041129332,0.04143009,0.041598942,0.041624457,0.04159313
0.040945027,0.042122778,0.041074138,0.041028414,0.041035194,0.04177668,0.04198309,0.040189262,0.042063046,0.040766902,0.041158877,0.04062464,0.04238005,0.042251796,0.04238605,0.04275805,0.042309232,0.042285834,0.0420501,0.042153034,0.041598186,0.04140149,0.041466694,0.04219144
0.041283213,0.04255349,0.04109117,0.042042457,0.041893125,0.04211445,0.041684836,0.040629324,0.04154233,0.04184494,0.04227077,0.04112733,0.04175313,0.041676793,0.04199482,0.041416716,0.042093113,0.041122444,0.04188011,0.041401062,0.04225421,0.041589443,0.040985674,0.041755065
0.04132122,0.04168673,0.040809423,0.04085974,0.040971655,0.04216472,0.04253547,0.040926464,0.041957483,0.040695716,0.04099344,0.04147464,0.042564265,0.042412538,0.042025667,0.042020813,0.042161327,0.04161764,0.042762224,0.042683676,0.042085968,0.04065792,0.040655106,0.041956127
0.040759422,0.04176723,0.040759187,0.041693337,0.041186843,0.041655686,0.042014692,0.04119375,0.04091302,0.0415141,0.04218136,0.04136205,0.042848986,0.042374562,0.043067437,0.041999795,0.042441975,0.041914783,0.04216341,0.041546676,0.04191461,0.040645815,0.04074592,0.041335367
0.0413057,0.04235395,0.04142814,0.0421536,0.04105963,0.042036444,0.04179097,0.040201914,0.041794453,0.04093611,0.04070586,0.040958088,0.042841498,0.042147078,0.042178284,0.04242199,0.04241078,0.04194336,0.042620793,0.04168778,0.04165864,0.040963177,0.040826302,0.041575473
0.041142292,0.04147084,0.040946648,0.040917173,0.040928286,0.042100098,0.04230766,0.04113452,0.04185849,0.04066696,0.041312795,0.041035317,0.042613428,0.04266516,0.042380396,0.041943572,0.041992996,0.04216066,0.043180227,0.042086832,0.042307045,0.041261803,0.040268015,0.041318756
0.041492734,0.041402318,0.041141197,0.041288126,0.040444825,0.042281494,0.04174005,0.03986134,0.04198763,0.04122247,0.041059654,0.042642057,0.04228588,0.04177141,0.041794807,0.041943803,0.043146033,0.040902887,0.043492068,0.04194891,0.04079136,0.041390583,0.04156292,0.04240544
0.040530138,0.043204498,0.04130013,0.04193462,0.042257518,0.04130886,0.04164154,0.04012452,0.0416403,0.041027285,0.041381855,0.041446377,0.0419398,0.04193499,0.04243741,0.041522834,0.0429699,0.04183132,0.04184869,0.04190206,0.041760292,0.040982448,0.041286133,0.041786503
0.041084334,0.04252601,0.03998126,0.041351013,0.041716855,0.040978946,0.041988082,0.040466964,0.04258313,0.041295785,0.042450134,0.041716058,0.04173641,0.042838342,0.04173759,0.04201453,0.042729143,0.041132897,0.041425295,0.04213894,0.041211583,0.041759387,0.04189119,0.041246112
0.04122647,0.04253844,0.03980047,0.041264158,0.04122449,0.042080484,0.04207896,0.040210985,0.041775614,0.041599244,0.041848373,0.041546427,0.04214265,0.04266647,0.041947342,0.04215257,0.042753123,0.04064472,0.042005908,0.041950632,0.042005062,0.04181382,0.040845647,0.041877992
0.04103978,0.04194651,0.04072766,0.04134289,0.0414168,0.041749615,0.042485014,0.04146405,0.04112099,0.04145874,0.04093358,0.04127647,0.04254589,0.042727366,0.04205279,0.04135147,0.04227942,0.04118018,0.042325463,0.04243057,0.041978437,0.041401662,0.040831465,0.04193326
0.041499652,0.042710416,0.041835025,0.0401744,0.04151273,0.042177204,0.042518936,0.04027606,0.042030763,0.040040746,0.041130897,0.042303048,0.042137332,0.041313436,0.04213157,0.041980226,0.042009093,0.041954406,0.042675275,0.042956773,0.042123,0.0404841,0.0400539,0.041971013
0.04145969,0.04204195,0.04083517,0.04067484,0.041055277,0.041430533,0.04284948,0.041073684,0.041951984,0.0411895,0.041768257,0.04065409,0.0419581,0.042713813,0.042249512,0.041986797,0.042215634,0.040994003,0.04191055,0.04301873,0.042095374,0.04149431,0.04109688,0.04128186
0.0410432,0.04259253,0.040826865,0.041325133,0.04178963,0.041648455,0.04199006,0.04049447,0.041731704,0.04134845,0.041368827,0.04185584,0.041816838,0.04233333,0.041450053,0.04155843,0.042504244,0.04104537,0.042899843,0.042358678,0.042068876,0.041370515,0.040735472,0.041843224
0.04071996,0.042643454,0.040707808,0.042015363,0.04207192,0.042276196,0.041569237,0.04065659,0.04067253,0.040873192,0.040618453,0.041628674,0.042394407,0.042380575,0.041861918,0.041683216,0.042058453,0.04122867,0.04252087,0.042458214,0.042537563,0.04079579,0.04132775,0.042299215
0.041389417,0.04216069,0.040447954,0.040872812,0.041157782,0.041096468,0.041975506,0.040255707,0.042548493,0.041075878,0.04113119,0.042059664,0.042123906,0.042626638,0.041854057,0.04210556,0.042829927,0.041895278,0.042582106,0.041962873,0.04113733,0.04154193,0.041250095,0.041918814
0.04176622,0.04181112,0.041222192,0.041399643,0.040680535,0.042456146,0.042037938,0.04121223,0.041450605,0.04132427,0.040839303,0.041355483,0.042753015,0.04199146,0.041958664,0.041871406,0.042286605,0.041317236,0.042933274,0.04188939,0.042151887,0.040828206,0.040761914,0.041701287
0.04105826,0.04157252,0.04150413,0.04119946,0.04090102,0.0417419,0.042308453,0.04107823,0.041516565,0.041369967,0.041882433,0.040538408,0.04232063,0.04223538,0.042630576,0.04198312,0.041941985,0.042001832,0.042613573,0.0419555,0.04211399,0.041297045,0.040977314,0.041257706
0.041627936,0.042552393,0.04076654,0.04131936,0.04217794,0.041778952,0.042170566,0.04029248,0.041550133,0.041209675,0.0420517,0.04107648,0.041333444,0.042509392,0.041598912,0.041771233,0.042068783,0.040578213,0.041475777,0.042637948,0.042173643,0.041954435,0.041543707,0.041780364
0.04049891,0.0423921,0.041095037,0.04140961,0.041484598,0.041615214,0.04158381,0.040730707,0.04161975,0.04108089,0.04138633,0.04166079,0.042600825,0.041950095,0.042251747,0.041466463,0.04267512,0.042270463,0.042518392,0.041895382,0.04184948,0.040987507,0.04114451,0.041832276
0.04163506,0.041022755,0.04094424,0.04015902,0.040505335,0.042131074,0.042633504,0.040640566,0.041771073,0.040784914,0.04214309,0.04145915,0.042289395,0.04261124,0.04235593,0.041935276,0.04210012,0.041410513,0.042953722,0.04263556,0.042204823,0.04143106,0.040782444,0.041460145
0.041302055,0.042526238,0.03988594,0.04155745,0.04227198,0.040680647,0.042149805,0.040163226,0.042144317,0.041766867,0.042238664,0.041688714,0.04141244,0.043176614,0.041971527,0.042160586,0.042956334,0.04091449,0.041347854,0.04197509,0.040746108,0.04186008,0.04141353,0.041689474
0.04103024,0.041590802,0.041158948,0.041319195,0.04111739,0.041474108,0.04223925,0.040611617,0.04163792,0.04109637,0.04167692,0.041213915,0.042091835,0.042590186,0.04257987,0.04215985,0.042715292,0.041804302,0.04243205,0.041880116,0.041213397,0.04132606,0.041446384,0.041593973
0.041782662,0.04221534,0.03929709,0.041122492,0.0419942,0.04111501,0.04194911,0.039798677,0.04306694,0.041794714,0.041994337,0.04219318,0.041232746,0.043345023,0.04165672,0.04219228,0.043109536,0.041322943,0.041408006,0.041788932,0.040689033,0.04233049,0.04102318,0.04157742
0.041927017,0.04188112,0.04081169,0.040882174,0.04118926,0.041663308,0.042697687,0.03995902,0.042003453,0.041206785,0.04147233,0.041221943,0.041507095,0.04273604,0.04186066,0.04235248,0.042284694,0.041244823,0.042240243,0.042631403,0.04183322,0.04177023,0.041118503,0.041504793
0.041199017,0.04334244,0.040305637,0.041551474,0.04237175,0.04085676,0.04123845,0.039683048,0.04246078,0.04176266,0.04108206,0.04259159,0.04146098,0.04273082,0.041115023,0.041521855,0.0433454,0.04062586,0.04181267,0.042033087,0.040510055,0.04205653,0.041850425,0.042491596
